,LP,LD1,LD2,RP,RD1,RD2
0,"[array([[-0.42575583, -0.90474403, -0.01304642, -0.11545453],
       [ 0.90431956, -0.42595568,  0.02771102,  0.07643   ],
       [-0.03062858,  0.        ,  0.99953084,  0.08511908],
       [ 0.        ,  0.        ,  0.        ,  1.        ]])]","[array([[ 3.43334860e-01, -9.39212627e-01, -9.02832283e-04,
        -1.38942505e-01],
       [ 9.39209380e-01,  3.43336047e-01, -2.46974207e-03,
         1.43579154e-01],
       [ 2.62958780e-03, -0.00000000e+00,  9.99996543e-01,
         8.27393791e-02],
       [ 0.00000000e+00,  0.00000000e+00,  0.00000000e+00,
         1.00000000e+00]])]","[array([[ 3.43334860e-01, -9.39212627e-01, -9.02832283e-04,
        -1.38942505e-01],
       [ 9.39209380e-01,  3.43336047e-01, -2.46974207e-03,
         1.43579154e-01],
       [ 2.62958780e-03, -0.00000000e+00,  9.99996543e-01,
         8.27393791e-02],
       [ 0.00000000e+00,  0.00000000e+00,  0.00000000e+00,
         1.00000000e+00]])]","[array([[ 0.33614051, -0.94180956,  0.00207502, -0.05791211],
       [ 0.94179162,  0.33614691,  0.00581376,  0.08460517],
       [-0.00617297,  0.        ,  0.99998095,  0.08486427],
       [ 0.        ,  0.        ,  0.        ,  1.        ]])]","[array([[-0.42248592, -0.90625636,  0.01432004, -0.03908797],
       [ 0.90573623, -0.42272854, -0.03069968,  0.13924107],
       [ 0.03387527, -0.        ,  0.99942607,  0.08243177],
       [ 0.        ,  0.        ,  0.        ,  1.        ]])]","[array([[-0.42248592, -0.90625636,  0.01432004, -0.03908797],
       [ 0.90573623, -0.42272854, -0.03069968,  0.13924107],
       [ 0.03387527, -0.        ,  0.99942607,  0.08243177],
       [ 0.        ,  0.        ,  0.        ,  1.        ]])]"
1,"[array([[-0.4257412 , -0.90475251, -0.0129358 , -0.11545496],
       [ 0.90433516, -0.42593767,  0.02747748,  0.07642485],
       [-0.03037016,  0.        ,  0.99953872,  0.08511129],
       [ 0.        ,  0.        ,  0.        ,  1.        ]])]","[array([[ 3.42908767e-01, -9.39368229e-01, -9.52809299e-04,
        -1.38925656e-01],
       [ 9.39364603e-01,  3.42910090e-01, -2.61012670e-03,
         1.43572301e-01],
       [ 2.77859802e-03, -0.00000000e+00,  9.99996140e-01,
         8.27316406e-02],
       [ 0.00000000e+00,  0.00000000e+00,  0.00000000e+00,
         1.00000000e+00]])]","[array([[ 3.42908767e-01, -9.39368229e-01, -9.52809299e-04,
        -1.38925656e-01],
       [ 9.39364603e-01,  3.42910090e-01, -2.61012670e-03,
         1.43572301e-01],
       [ 2.77859802e-03, -0.00000000e+00,  9.99996140e-01,
         8.27316406e-02],
       [ 0.00000000e+00,  0.00000000e+00,  0.00000000e+00,
         1.00000000e+00]])]","[array([[ 0.34408474, -0.93893637, -0.00204763, -0.05810256],
       [ 0.93891974,  0.34409083, -0.00558747,  0.084697  ],
       [ 0.00595086,  0.        ,  0.99998229,  0.0845477 ],
       [ 0.        ,  0.        ,  0.        ,  1.        ]])]","[array([[-0.42252511, -0.90623838,  0.01430143, -0.03908448],
       [ 0.90571971, -0.42276707, -0.03065636,  0.13924207],
       [ 0.03382815, -0.        ,  0.99942766,  0.08243426],
       [ 0.        ,  0.        ,  0.        ,  1.        ]])]","[array([[-0.42252511, -0.90623838,  0.01430143, -0.03908448],
       [ 0.90571971, -0.42276707, -0.03065636,  0.13924207],
       [ 0.03382815, -0.        ,  0.99942766,  0.08243426],
       [ 0.        ,  0.        ,  0.        ,  1.        ]])]"
2,"[array([[-0.42532488, -0.90494687, -0.01303524, -0.11547449],
       [ 0.90452217, -0.42552458,  0.02772154,  0.07643236],
       [-0.03063333,  0.        ,  0.99953069,  0.08512219],
       [ 0.        ,  0.        ,  0.        ,  1.        ]])]","[array([[ 3.42888527e-01, -9.39375582e-01, -9.86579234e-04,
        -1.38923045e-01],
       [ 9.39371694e-01,  3.42889946e-01, -2.70281603e-03,
         1.43569985e-01],
       [ 2.87724748e-03, -0.00000000e+00,  9.99995861e-01,
         8.27265035e-02],
       [ 0.00000000e+00,  0.00000000e+00,  0.00000000e+00,
         1.00000000e+00]])]","[array([[ 3.42888527e-01, -9.39375582e-01, -9.86579234e-04,
        -1.38923045e-01],
       [ 9.39371694e-01,  3.42889946e-01, -2.70281603e-03,
         1.43569985e-01],
       [ 2.87724748e-03, -0.00000000e+00,  9.99995861e-01,
         8.27265035e-02],
       [ 0.00000000e+00,  0.00000000e+00,  0.00000000e+00,
         1.00000000e+00]])]","[array([[ 0.33673105, -0.9415974 ,  0.00255802, -0.05792345],
       [ 0.94157023,  0.33674076,  0.00715275,  0.0846174 ],
       [-0.0075964 ,  0.        ,  0.99997115,  0.08489316],
       [ 0.        ,  0.        ,  0.        ,  1.        ]])]","[array([[-0.42257857, -0.9062127 ,  0.01434932, -0.03907943],
       [ 0.9056907 , -0.42282212, -0.03075415,  0.13924623],
       [ 0.03393701, -0.        ,  0.99942397,  0.0824298 ],
       [ 0.        ,  0.        ,  0.        ,  1.        ]])]","[array([[-0.42257857, -0.9062127 ,  0.01434932, -0.03907943],
       [ 0.9056907 , -0.42282212, -0.03075415,  0.13924623],
       [ 0.03393701, -0.        ,  0.99942397,  0.0824298 ],
       [ 0.        ,  0.        ,  0.        ,  1.        ]])]"
3,"[array([[-0.42565713, -0.90479053, -0.01304227, -0.11545727],
       [ 0.90436611, -0.4258569 ,  0.02771006,  0.07642808],
       [-0.03062594,  0.        ,  0.99953092,  0.08511902],
       [ 0.        ,  0.        ,  0.        ,  1.        ]])]","[array([[ 3.42924843e-01, -9.39362394e-01, -9.18866298e-04,
        -1.38925141e-01],
       [ 9.39359022e-01,  3.42926074e-01, -2.51701026e-03,
         1.43575550e-01],
       [ 2.67948799e-03, -0.00000000e+00,  9.99996410e-01,
         8.27357923e-02],
       [ 0.00000000e+00,  0.00000000e+00,  0.00000000e+00,
         1.00000000e+00]])]","[array([[ 3.42924843e-01, -9.39362394e-01, -9.18866298e-04,
        -1.38925141e-01],
       [ 9.39359022e-01,  3.42926074e-01, -2.51701026e-03,
         1.43575550e-01],
       [ 2.67948799e-03, -0.00000000e+00,  9.99996410e-01,
         8.27357923e-02],
       [ 0.00000000e+00,  0.00000000e+00,  0.00000000e+00,
         1.00000000e+00]])]","[array([[ 0.34411609, -0.93892492, -0.00202719, -0.05809916],
       [ 0.93890863,  0.34412206, -0.00553111,  0.08469953],
       [ 0.0058909 ,  0.        ,  0.99998265,  0.08455204],
       [ 0.        ,  0.        ,  0.        ,  1.        ]])]","[array([[-0.4222324 , -0.90637324,  0.01439984, -0.03909464],
       [ 0.9058466 , -0.42247787, -0.03089305,  0.13924101],
       [ 0.03408424, -0.        ,  0.99941896,  0.08242312],
       [ 0.        ,  0.        ,  0.        ,  1.        ]])]","[array([[-0.4222324 , -0.90637324,  0.01439984, -0.03909464],
       [ 0.9058466 , -0.42247787, -0.03089305,  0.13924101],
       [ 0.03408424, -0.        ,  0.99941896,  0.08242312],
       [ 0.        ,  0.        ,  0.        ,  1.        ]])]"
4,"[array([[-0.42519984, -0.90500456, -0.01310884, -0.11547895],
       [ 0.90457477, -0.42540187,  0.02788788,  0.07642458],
       [-0.03081518,  0.        ,  0.9995251 ,  0.08512826],
       [ 0.        ,  0.        ,  0.        ,  1.        ]])]","[array([[ 3.43263492e-01, -9.39238776e-01, -8.34587814e-04,
        -1.38944354e-01],
       [ 9.39236000e-01,  3.43264507e-01, -2.28359537e-03,
         1.43574985e-01],
       [ 2.43132569e-03, -0.00000000e+00,  9.99997044e-01,
         8.27486838e-02],
       [ 0.00000000e+00,  0.00000000e+00,  0.00000000e+00,
         1.00000000e+00]])]","[array([[ 3.43263492e-01, -9.39238776e-01, -8.34587814e-04,
        -1.38944354e-01],
       [ 9.39236000e-01,  3.43264507e-01, -2.28359537e-03,
         1.43574985e-01],
       [ 2.43132569e-03, -0.00000000e+00,  9.99997044e-01,
         8.27486838e-02],
       [ 0.00000000e+00,  0.00000000e+00,  0.00000000e+00,
         1.00000000e+00]])]","[array([[ 0.33632245, -0.94174479,  0.00198972, -0.05791261],
       [ 0.94172831,  0.33632834,  0.00557138,  0.0845962 ],
       [-0.00591602,  0.        ,  0.9999825 ,  0.08485452],
       [ 0.        ,  0.        ,  0.        ,  1.        ]])]","[array([[-0.42250653, -0.90624608,  0.01436228, -0.03908118],
       [ 0.90572294, -0.42275057, -0.03078827,  0.13923119],
       [ 0.03397341, -0.        ,  0.99942274,  0.08242765],
       [ 0.        ,  0.        ,  0.        ,  1.        ]])]","[array([[-0.42250653, -0.90624608,  0.01436228, -0.03908118],
       [ 0.90572294, -0.42275057, -0.03078827,  0.13923119],
       [ 0.03397341, -0.        ,  0.99942274,  0.08242765],
       [ 0.        ,  0.        ,  0.        ,  1.        ]])]"
5,"[array([[-0.42544895, -0.90488772, -0.01309198, -0.11546004],
       [ 0.9044596 , -0.42565033,  0.02783217,  0.07643633],
       [-0.03075759,  0.        ,  0.99952687,  0.08511997],
       [ 0.        ,  0.        ,  0.        ,  1.        ]])]","[array([[ 3.42936834e-01, -9.39358081e-01, -8.50738093e-04,
        -1.38917503e-01],
       [ 9.39355190e-01,  3.42937889e-01, -2.33029866e-03,
         1.43578725e-01],
       [ 2.48073520e-03, -0.00000000e+00,  9.99996923e-01,
         8.27391126e-02],
       [ 0.00000000e+00,  0.00000000e+00,  0.00000000e+00,
         1.00000000e+00]])]","[array([[ 3.42936834e-01, -9.39358081e-01, -8.50738093e-04,
        -1.38917503e-01],
       [ 9.39355190e-01,  3.42937889e-01, -2.33029866e-03,
         1.43578725e-01],
       [ 2.48073520e-03, -0.00000000e+00,  9.99996923e-01,
         8.27391126e-02],
       [ 0.00000000e+00,  0.00000000e+00,  0.00000000e+00,
         1.00000000e+00]])]","[array([[ 0.33801613, -0.94113862,  0.00178526, -0.05797617],
       [ 0.9411255 ,  0.33802085,  0.00497063,  0.08459972],
       [-0.0052815 ,  0.        ,  0.99998605,  0.08480431],
       [ 0.        ,  0.        ,  0.        ,  1.        ]])]","[array([[-0.42269168, -0.9061613 ,  0.01426333, -0.03906312],
       [ 0.90564583, -0.42293227, -0.03056017,  0.13924814],
       [ 0.03372487, -0.        ,  0.99943115,  0.08244455],
       [ 0.        ,  0.        ,  0.        ,  1.        ]])]","[array([[-0.42269168, -0.9061613 ,  0.01426333, -0.03906312],
       [ 0.90564583, -0.42293227, -0.03056017,  0.13924814],
       [ 0.03372487, -0.        ,  0.99943115,  0.08244455],
       [ 0.        ,  0.        ,  0.        ,  1.        ]])]"
6,"[array([[-0.42568327, -0.90477785, -0.01306845, -0.11545054],
       [ 0.90435179, -0.42588383,  0.02776354,  0.07643909],
       [-0.03068547,  0.        ,  0.99952909,  0.08511935],
       [ 0.        ,  0.        ,  0.        ,  1.        ]])]","[array([[ 3.43148074e-01, -9.39280919e-01, -8.68445392e-04,
        -1.38925873e-01],
       [ 9.39277911e-01,  3.43149173e-01, -2.37714163e-03,
         1.43585134e-01],
       [ 2.53081009e-03, -0.00000000e+00,  9.99996797e-01,
         8.27365202e-02],
       [ 0.00000000e+00,  0.00000000e+00,  0.00000000e+00,
         1.00000000e+00]])]","[array([[ 3.43148074e-01, -9.39280919e-01, -8.68445392e-04,
        -1.38925873e-01],
       [ 9.39277911e-01,  3.43149173e-01, -2.37714163e-03,
         1.43585134e-01],
       [ 2.53081009e-03, -0.00000000e+00,  9.99996797e-01,
         8.27365202e-02],
       [ 0.00000000e+00,  0.00000000e+00,  0.00000000e+00,
         1.00000000e+00]])]","[array([[ 0.33649562, -0.94168288,  0.00201243, -0.05791294],
       [ 0.94166604,  0.33650164,  0.00563169,  0.08462113],
       [-0.00598045,  0.        ,  0.99998212,  0.08485996],
       [ 0.        ,  0.        ,  0.        ,  1.        ]])]","[array([[-0.42268119, -0.90616643,  0.01424813, -0.03907053],
       [ 0.90565203, -0.42292127, -0.03052856,  0.1392551 ],
       [ 0.03368979, -0.        ,  0.99943234,  0.08244566],
       [ 0.        ,  0.        ,  0.        ,  1.        ]])]","[array([[-0.42268119, -0.90616643,  0.01424813, -0.03907053],
       [ 0.90565203, -0.42292127, -0.03052856,  0.1392551 ],
       [ 0.03368979, -0.        ,  0.99943234,  0.08244566],
       [ 0.        ,  0.        ,  0.        ,  1.        ]])]"
7,"[array([[-0.42522684, -0.90499188, -0.01310859, -0.1154692 ],
       [ 0.90456217, -0.42542884,  0.02788519,  0.07643155],
       [-0.03081264,  0.        ,  0.99952518,  0.0851202 ],
       [ 0.        ,  0.        ,  0.        ,  1.        ]])]","[array([[ 3.42837358e-01, -9.39394360e-01, -8.84638582e-04,
        -1.38917503e-01],
       [ 9.39391233e-01,  3.42838499e-01, -2.42395325e-03,
         1.43577132e-01],
       [ 2.58033617e-03, -0.00000000e+00,  9.99996671e-01,
         8.27309453e-02],
       [ 0.00000000e+00,  0.00000000e+00,  0.00000000e+00,
         1.00000000e+00]])]","[array([[ 3.42837358e-01, -9.39394360e-01, -8.84638582e-04,
        -1.38917503e-01],
       [ 9.39391233e-01,  3.42838499e-01, -2.42395325e-03,
         1.43577132e-01],
       [ 2.58033617e-03, -0.00000000e+00,  9.99996671e-01,
         8.27309453e-02],
       [ 0.00000000e+00,  0.00000000e+00,  0.00000000e+00,
         1.00000000e+00]])]","[array([[ 0.34296183, -0.93934864, -0.00114218, -0.05804106],
       [ 0.93934343,  0.34296374, -0.00312835,  0.08472451],
       [ 0.00333034,  0.        ,  0.99999445,  0.0846444 ],
       [ 0.        ,  0.        ,  0.        ,  1.        ]])]","[array([[-0.42250227, -0.90624737,  0.01440624, -0.03908033],
       [ 0.90572101, -0.4227478 , -0.03088276,  0.13925029],
       [ 0.03407763, -0.        ,  0.99941919,  0.08242733],
       [ 0.        ,  0.        ,  0.        ,  1.        ]])]","[array([[-0.42250227, -0.90624737,  0.01440624, -0.03908033],
       [ 0.90572101, -0.4227478 , -0.03088276,  0.13925029],
       [ 0.03407763, -0.        ,  0.99941919,  0.08242733],
       [ 0.        ,  0.        ,  0.        ,  1.        ]])]"
8,"[array([[-0.4256247 , -0.90480461, -0.01312354, -0.11546016],
       [ 0.90437482, -0.42582697,  0.02788513,  0.07642622],
       [-0.03081896,  0.        ,  0.99952498,  0.08511934],
       [ 0.        ,  0.        ,  0.        ,  1.        ]])]","[array([[ 0.34292044, -0.93936392, -0.00100378, -0.13892401],
       [ 0.93935989,  0.34292191, -0.00274964,  0.1435715 ],
       [ 0.00292713, -0.        ,  0.99999572,  0.08272092],
       [ 0.        ,  0.        ,  0.        ,  1.        ]])]","[array([[ 0.34292044, -0.93936392, -0.00100378, -0.13892401],
       [ 0.93935989,  0.34292191, -0.00274964,  0.1435715 ],
       [ 0.00292713, -0.        ,  0.99999572,  0.08272092],
       [ 0.        ,  0.        ,  0.        ,  1.        ]])]","[array([[ 0.3379353 , -0.94116769,  0.0017629 , -0.05798661],
       [ 0.94115489,  0.33793989,  0.00490972,  0.08459435],
       [-0.00521662,  0.        ,  0.99998639,  0.08479885],
       [ 0.        ,  0.        ,  0.        ,  1.        ]])]","[array([[-0.42256424, -0.90621911,  0.0143662 , -0.03908397],
       [ 0.90569584, -0.42280837, -0.03079155,  0.13924626],
       [ 0.03397804, -0.        ,  0.99942258,  0.0824295 ],
       [ 0.        ,  0.        ,  0.        ,  1.        ]])]","[array([[-0.42256424, -0.90621911,  0.0143662 , -0.03908397],
       [ 0.90569584, -0.42280837, -0.03079155,  0.13924626],
       [ 0.03397804, -0.        ,  0.99942258,  0.0824295 ],
       [ 0.        ,  0.        ,  0.        ,  1.        ]])]"
9,"[array([[-0.42549371, -0.90486661, -0.01309665, -0.1154648 ],
       [ 0.90443828, -0.42569522,  0.02783851,  0.0764303 ],
       [-0.03076532,  0.        ,  0.99952664,  0.08512214],
       [ 0.        ,  0.        ,  0.        ,  1.        ]])]","[array([[ 3.43160070e-01, -9.39276611e-01, -7.83244716e-04,
        -1.38936235e-01],
       [ 9.39274165e-01,  3.43160964e-01, -2.14384362e-03,
         1.43576306e-01],
       [ 2.28244118e-03, -0.00000000e+00,  9.99997395e-01,
         8.27464184e-02],
       [ 0.00000000e+00,  0.00000000e+00,  0.00000000e+00,
         1.00000000e+00]])]","[array([[ 3.43160070e-01, -9.39276611e-01, -7.83244716e-04,
        -1.38936235e-01],
       [ 9.39274165e-01,  3.43160964e-01, -2.14384362e-03,
         1.43576306e-01],
       [ 2.28244118e-03, -0.00000000e+00,  9.99997395e-01,
         8.27464184e-02],
       [ 0.00000000e+00,  0.00000000e+00,  0.00000000e+00,
         1.00000000e+00]])]","[array([[ 0.34426598, -0.93887024, -0.00189737, -0.05811003],
       [ 0.93885598,  0.34427121, -0.00517436,  0.08470003],
       [ 0.00551126,  0.        ,  0.99998481,  0.08456455],
       [ 0.        ,  0.        ,  0.        ,  1.        ]])]","[array([[-0.42262757, -0.90618956,  0.01436709, -0.03907955],
       [ 0.9056664 , -0.4228717 , -0.03078784,  0.13924232],
       [ 0.03397505, -0.        ,  0.99942268,  0.08242559],
       [ 0.        ,  0.        ,  0.        ,  1.        ]])]","[array([[-0.42262757, -0.90618956,  0.01436709, -0.03907955],
       [ 0.9056664 , -0.4228717 , -0.03078784,  0.13924232],
       [ 0.03397505, -0.        ,  0.99942268,  0.08242559],
       [ 0.        ,  0.        ,  0.        ,  1.        ]])]"
10,"[array([[-0.42580449, -0.90472147, -0.0130229 , -0.11546119],
       [ 0.90429863, -0.42600359,  0.02765728,  0.07643192],
       [-0.03056994,  0.        ,  0.99953263,  0.08511777],
       [ 0.        ,  0.        ,  0.        ,  1.        ]])]","[array([[ 3.43056277e-01, -9.39314435e-01, -8.85128154e-04,
        -1.38937105e-01],
       [ 9.39311308e-01,  3.43057419e-01, -2.42354080e-03,
         1.43576659e-01],
       [ 2.58011664e-03, -0.00000000e+00,  9.99996671e-01,
         8.27369523e-02],
       [ 0.00000000e+00,  0.00000000e+00,  0.00000000e+00,
         1.00000000e+00]])]","[array([[ 3.43056277e-01, -9.39314435e-01, -8.85128154e-04,
        -1.38937105e-01],
       [ 9.39311308e-01,  3.43057419e-01, -2.42354080e-03,
         1.43576659e-01],
       [ 2.58011664e-03, -0.00000000e+00,  9.99996671e-01,
         8.27369523e-02],
       [ 0.00000000e+00,  0.00000000e+00,  0.00000000e+00,
         1.00000000e+00]])]","[array([[ 0.33668503, -0.94161518,  0.00201355, -0.05792958],
       [ 0.94159834,  0.33669105,  0.00563126,  0.08461633],
       [-0.00598042,  0.        ,  0.99998212,  0.08485496],
       [ 0.        ,  0.        ,  0.        ,  1.        ]])]","[array([[-0.42250161, -0.90624866,  0.01434409, -0.03908637],
       [ 0.90572683, -0.42274503, -0.03074976,  0.13924314],
       [ 0.03393083, -0.        ,  0.99942418,  0.082431  ],
       [ 0.        ,  0.        ,  0.        ,  1.        ]])]","[array([[-0.42250161, -0.90624866,  0.01434409, -0.03908637],
       [ 0.90572683, -0.42274503, -0.03074976,  0.13924314],
       [ 0.03393083, -0.        ,  0.99942418,  0.082431  ],
       [ 0.        ,  0.        ,  0.        ,  1.        ]])]"
11,"[array([[-0.42550452, -0.90486236, -0.01303863, -0.11547051],
       [ 0.90443784, -0.42570424,  0.02771446,  0.07643321],
       [-0.03062837,  0.        ,  0.99953084,  0.08512108],
       [ 0.        ,  0.        ,  0.        ,  1.        ]])]","[array([[ 3.43247496e-01, -9.39244622e-01, -8.34510029e-04,
        -1.38943871e-01],
       [ 9.39241846e-01,  3.43248510e-01, -2.28350316e-03,
         1.43582728e-01],
       [ 2.43121239e-03, -0.00000000e+00,  9.99997045e-01,
         8.27446874e-02],
       [ 0.00000000e+00,  0.00000000e+00,  0.00000000e+00,
         1.00000000e+00]])]","[array([[ 3.43247496e-01, -9.39244622e-01, -8.34510029e-04,
        -1.38943871e-01],
       [ 9.39241846e-01,  3.43248510e-01, -2.28350316e-03,
         1.43582728e-01],
       [ 2.43121239e-03, -0.00000000e+00,  9.99997045e-01,
         8.27446874e-02],
       [ 0.00000000e+00,  0.00000000e+00,  0.00000000e+00,
         1.00000000e+00]])]","[array([[ 0.34444196, -0.93880542, -0.00202844, -0.0581094 ],
       [ 0.93878914,  0.34444793, -0.00552859,  0.0847061 ],
       [ 0.00588897,  0.        ,  0.99998266,  0.08455109],
       [ 0.        ,  0.        ,  0.        ,  1.        ]])]","[array([[-0.4225891 , -0.90620755,  0.01436447, -0.03907602],
       [ 0.90568447, -0.42283316, -0.03078565,  0.13924028],
       [ 0.03397196, -0.        ,  0.99942279,  0.08242969],
       [ 0.        ,  0.        ,  0.        ,  1.        ]])]","[array([[-0.4225891 , -0.90620755,  0.01436447, -0.03907602],
       [ 0.90568447, -0.42283316, -0.03078565,  0.13924028],
       [ 0.03397196, -0.        ,  0.99942279,  0.08242969],
       [ 0.        ,  0.        ,  0.        ,  1.        ]])]"
12,"[array([[-0.42558493, -0.90482715, -0.01285631, -0.11546631],
       [ 0.90441458, -0.42577908,  0.02732106,  0.07643088],
       [-0.03019479,  0.        ,  0.99954403,  0.08510436],
       [ 0.        ,  0.        ,  0.        ,  1.        ]])]","[array([[ 3.42892831e-01, -9.39374063e-01, -9.35707747e-04,
        -1.38929175e-01],
       [ 9.39370566e-01,  3.42894108e-01, -2.56341409e-03,
         1.43573040e-01],
       [ 2.72885338e-03, -0.00000000e+00,  9.99996277e-01,
         8.27302225e-02],
       [ 0.00000000e+00,  0.00000000e+00,  0.00000000e+00,
         1.00000000e+00]])]","[array([[ 3.42892831e-01, -9.39374063e-01, -9.35707747e-04,
        -1.38929175e-01],
       [ 9.39370566e-01,  3.42894108e-01, -2.56341409e-03,
         1.43573040e-01],
       [ 2.72885338e-03, -0.00000000e+00,  9.99996277e-01,
         8.27302225e-02],
       [ 0.00000000e+00,  0.00000000e+00,  0.00000000e+00,
         1.00000000e+00]])]","[array([[ 0.33725061, -0.94141428,  0.00109097, -0.05796947],
       [ 0.94140935,  0.33725237,  0.00304535,  0.08458455],
       [-0.00323487,  0.        ,  0.99999477,  0.08475646],
       [ 0.        ,  0.        ,  0.        ,  1.        ]])]","[array([[-0.42262483, -0.90619213,  0.0142852 , -0.03908467],
       [ 0.90567491, -0.42286619, -0.03061283,  0.13924413],
       [ 0.03378183, -0.        ,  0.99942923,  0.08244074],
       [ 0.        ,  0.        ,  0.        ,  1.        ]])]","[array([[-0.42262483, -0.90619213,  0.0142852 , -0.03908467],
       [ 0.90567491, -0.42286619, -0.03061283,  0.13924413],
       [ 0.03378183, -0.        ,  0.99942923,  0.08244074],
       [ 0.        ,  0.        ,  0.        ,  1.        ]])]"
13,"[array([[-0.42558253, -0.90482715, -0.01293559, -0.11547136],
       [ 0.90440948, -0.42577908,  0.02748955,  0.07642999],
       [-0.030381  ,  0.        ,  0.99953839,  0.08511553],
       [ 0.        ,  0.        ,  0.        ,  1.        ]])]","[array([[ 3.42856716e-01, -9.39387246e-01, -9.35375299e-04,
        -1.38933086e-01],
       [ 9.39383750e-01,  3.42857992e-01, -2.56280923e-03,
         1.43567458e-01],
       [ 2.72817120e-03, -0.00000000e+00,  9.99996279e-01,
         8.27312442e-02],
       [ 0.00000000e+00,  0.00000000e+00,  0.00000000e+00,
         1.00000000e+00]])]","[array([[ 3.42856716e-01, -9.39387246e-01, -9.35375299e-04,
        -1.38933086e-01],
       [ 9.39383750e-01,  3.42857992e-01, -2.56280923e-03,
         1.43567458e-01],
       [ 2.72817120e-03, -0.00000000e+00,  9.99996279e-01,
         8.27312442e-02],
       [ 0.00000000e+00,  0.00000000e+00,  0.00000000e+00,
         1.00000000e+00]])]","[array([[ 0.3445729 , -0.93875746, -0.00198607, -0.05811591],
       [ 0.93874187,  0.34457862, -0.00541078,  0.08470732],
       [ 0.00576376,  0.        ,  0.99998339,  0.08455489],
       [ 0.        ,  0.        ,  0.        ,  1.        ]])]","[array([[-0.42258765, -0.90620755,  0.01440692, -0.03908407],
       [ 0.90568137, -0.42283316, -0.03087662,  0.13923838],
       [ 0.03407235, -0.        ,  0.99941937,  0.0824235 ],
       [ 0.        ,  0.        ,  0.        ,  1.        ]])]","[array([[-0.42258765, -0.90620755,  0.01440692, -0.03908407],
       [ 0.90568137, -0.42283316, -0.03087662,  0.13923838],
       [ 0.03407235, -0.        ,  0.99941937,  0.0824235 ],
       [ 0.        ,  0.        ,  0.        ,  1.        ]])]"
14,"[array([[-0.42534489, -0.90493703, -0.01306484, -0.11547193],
       [ 0.90451045, -0.42554549,  0.02778283,  0.07642639],
       [-0.0307014 ,  0.        ,  0.9995286 ,  0.08511871],
       [ 0.        ,  0.        ,  0.        ,  1.        ]])]","[array([[ 3.43442639e-01, -9.39173220e-01, -9.03268669e-04,
        -1.38945755e-01],
       [ 9.39169972e-01,  3.43443826e-01, -2.47005676e-03,
         1.43580892e-01],
       [ 2.63003321e-03, -0.00000000e+00,  9.99996541e-01,
         8.27413649e-02],
       [ 0.00000000e+00,  0.00000000e+00,  0.00000000e+00,
         1.00000000e+00]])]","[array([[ 3.43442639e-01, -9.39173220e-01, -9.03268669e-04,
        -1.38945755e-01],
       [ 9.39169972e-01,  3.43443826e-01, -2.47005676e-03,
         1.43580892e-01],
       [ 2.63003321e-03, -0.00000000e+00,  9.99996541e-01,
         8.27413649e-02],
       [ 0.00000000e+00,  0.00000000e+00,  0.00000000e+00,
         1.00000000e+00]])]","[array([[ 0.33622187, -0.94178075,  0.00196715, -0.05790967],
       [ 0.94176463,  0.33622762,  0.00551003,  0.08459649],
       [-0.00585065,  0.        ,  0.99998288,  0.08484905],
       [ 0.        ,  0.        ,  0.        ,  1.        ]])]","[array([[-0.42279348, -0.90611375,  0.01426681, -0.03906923],
       [ 0.90559831, -0.42303413, -0.03055866,  0.13923825],
       [ 0.03372497, -0.        ,  0.99943115,  0.08243655],
       [ 0.        ,  0.        ,  0.        ,  1.        ]])]","[array([[-0.42279348, -0.90611375,  0.01426681, -0.03906923],
       [ 0.90559831, -0.42303413, -0.03055866,  0.13923825],
       [ 0.03372497, -0.        ,  0.99943115,  0.08243655],
       [ 0.        ,  0.        ,  0.        ,  1.        ]])]"
15,"[array([[-0.42498185, -0.90510861, -0.01299349, -0.11546602],
       [ 0.90468587, -0.42518044,  0.02766006,  0.07642961],
       [-0.03055993,  0.        ,  0.99953294,  0.08510954],
       [ 0.        ,  0.        ,  0.        ,  1.        ]])]","[array([[ 3.43410584e-01, -9.39184925e-01, -9.20139812e-04,
        -1.38893789e-01],
       [ 9.39181554e-01,  3.43411817e-01, -2.51645808e-03,
         1.43582380e-01],
       [ 2.67940638e-03, -0.00000000e+00,  9.99996410e-01,
         8.27297949e-02],
       [ 0.00000000e+00,  0.00000000e+00,  0.00000000e+00,
         1.00000000e+00]])]","[array([[ 3.43410584e-01, -9.39184925e-01, -9.20139812e-04,
        -1.38893789e-01],
       [ 9.39181554e-01,  3.43411817e-01, -2.51645808e-03,
         1.43582380e-01],
       [ 2.67940638e-03, -0.00000000e+00,  9.99996410e-01,
         8.27297949e-02],
       [ 0.00000000e+00,  0.00000000e+00,  0.00000000e+00,
         1.00000000e+00]])]","[array([[ 0.33646466, -0.9416928 ,  0.00249147, -0.05790233],
       [ 0.94166698,  0.33647388,  0.0069729 ,  0.08459987],
       [-0.00740465,  0.        ,  0.99997259,  0.08488186],
       [ 0.        ,  0.        ,  0.        ,  1.        ]])]","[array([[-0.42260278, -0.90620242,  0.01428541, -0.03905551],
       [ 0.90568511, -0.42284416, -0.03061522,  0.13923811],
       [ 0.03378409, -0.        ,  0.99942915,  0.08243867],
       [ 0.        ,  0.        ,  0.        ,  1.        ]])]","[array([[-0.42260278, -0.90620242,  0.01428541, -0.03905551],
       [ 0.90568511, -0.42284416, -0.03061522,  0.13923811],
       [ 0.03378409, -0.        ,  0.99942915,  0.08243867],
       [ 0.        ,  0.        ,  0.        ,  1.        ]])]"
16,"[array([[-0.42432229, -0.90541788, -0.01300235, -0.11545831],
       [ 0.9049931 , -0.42452146,  0.02773136,  0.07644422],
       [-0.03062824,  0.        ,  0.99953085,  0.08511107],
       [ 0.        ,  0.        ,  0.        ,  1.        ]])]","[array([[ 0.34413942, -0.93891802, -0.00100772, -0.13882876],
       [ 0.93891399,  0.3441409 , -0.00274935,  0.14361717],
       [ 0.00292821, -0.        ,  0.99999571,  0.08271888],
       [ 0.        ,  0.        ,  0.        ,  1.        ]])]","[array([[ 0.34413942, -0.93891802, -0.00100772, -0.13882876],
       [ 0.93891399,  0.3441409 , -0.00274935,  0.14361717],
       [ 0.00292821, -0.        ,  0.99999571,  0.08271888],
       [ 0.        ,  0.        ,  0.        ,  1.        ]])]","[array([[ 0.34503476, -0.9385878 , -0.00198851, -0.05809275],
       [ 0.93857222,  0.34504049, -0.00540918,  0.08470422],
       [ 0.00576311,  0.        ,  0.99998339,  0.08456091],
       [ 0.        ,  0.        ,  0.        ,  1.        ]])]","[array([[-0.42228726, -0.90634877,  0.01433124, -0.03900756],
       [ 0.90582728, -0.42253037, -0.03074122,  0.1392249 ],
       [ 0.03391765, -0.        ,  0.99942463,  0.08244242],
       [ 0.        ,  0.        ,  0.        ,  1.        ]])]","[array([[-0.42228726, -0.90634877,  0.01433124, -0.03900756],
       [ 0.90582728, -0.42253037, -0.03074122,  0.1392249 ],
       [ 0.03391765, -0.        ,  0.99942463,  0.08244242],
       [ 0.        ,  0.        ,  0.        ,  1.        ]])]"
17,"[array([[-0.42193952, -0.90653368, -0.01279553, -0.11546138],
       [ 0.90611713, -0.42213349,  0.02747846,  0.07647321],
       [-0.03031157,  0.        ,  0.9995405 ,  0.08510498],
       [ 0.        ,  0.        ,  0.        ,  1.        ]])]","[array([[ 3.46745804e-01, -9.37958713e-01, -8.94821635e-04,
        -1.38653331e-01],
       [ 9.37955589e-01,  3.46746959e-01, -2.42051366e-03,
         1.43710374e-01],
       [ 2.58061855e-03, -0.00000000e+00,  9.99996670e-01,
         8.27429363e-02],
       [ 0.00000000e+00,  0.00000000e+00,  0.00000000e+00,
         1.00000000e+00]])]","[array([[ 3.46745804e-01, -9.37958713e-01, -8.94821635e-04,
        -1.38653331e-01],
       [ 9.37955589e-01,  3.46746959e-01, -2.42051366e-03,
         1.43710374e-01],
       [ 2.58061855e-03, -0.00000000e+00,  9.99996670e-01,
         8.27429363e-02],
       [ 0.00000000e+00,  0.00000000e+00,  0.00000000e+00,
         1.00000000e+00]])]","[array([[ 0.34149276, -0.93988255,  0.00186834, -0.0579549 ],
       [ 0.93986848,  0.34149787,  0.00514211,  0.08461974],
       [-0.00547101,  0.        ,  0.99998503,  0.08481155],
       [ 0.        ,  0.        ,  0.        ,  1.        ]])]","[array([[-0.42015374, -0.90734194,  0.0141929 , -0.03883106],
       [ 0.9068247 , -0.42039339, -0.03063278,  0.13918957],
       [ 0.03376101, -0.        ,  0.99942993,  0.0824544 ],
       [ 0.        ,  0.        ,  0.        ,  1.        ]])]","[array([[-0.42015374, -0.90734194,  0.0141929 , -0.03883106],
       [ 0.9068247 , -0.42039339, -0.03063278,  0.13918957],
       [ 0.03376101, -0.        ,  0.99942993,  0.0824544 ],
       [ 0.        ,  0.        ,  0.        ,  1.        ]])]"
18,"[array([[-0.42194584, -0.90652914, -0.0129085 , -0.11547918],
       [ 0.90610522, -0.42214324,  0.02772029,  0.07647436],
       [-0.03057849,  0.        ,  0.99953237,  0.08510996],
       [ 0.        ,  0.        ,  0.        ,  1.        ]])]","[array([[ 0.34643487, -0.9380734 , -0.0010831 , -0.13868196],
       [ 0.93806882,  0.34643657, -0.00293279,  0.14370238],
       [ 0.0031264 , -0.        ,  0.99999511,  0.08270858],
       [ 0.        ,  0.        ,  0.        ,  1.        ]])]","[array([[ 0.34643487, -0.9380734 , -0.0010831 , -0.13868196],
       [ 0.93806882,  0.34643657, -0.00293279,  0.14370238],
       [ 0.0031264 , -0.        ,  0.99999511,  0.08270858],
       [ 0.        ,  0.        ,  0.        ,  1.        ]])]","[array([[ 0.33913265, -0.94073656,  0.0019406 , -0.05789061],
       [ 0.94072116,  0.3391382 ,  0.00538303,  0.0846217 ],
       [-0.00572215,  0.        ,  0.99998363,  0.08484418],
       [ 0.        ,  0.        ,  0.        ,  1.        ]])]","[array([[-0.4205732 , -0.90714402,  0.01441934, -0.038881  ],
       [ 0.90661133, -0.42082031, -0.03108314,  0.13919948],
       [ 0.03426483, -0.        ,  0.99941279,  0.08242538],
       [ 0.        ,  0.        ,  0.        ,  1.        ]])]","[array([[-0.4205732 , -0.90714402,  0.01441934, -0.038881  ],
       [ 0.90661133, -0.42082031, -0.03108314,  0.13919948],
       [ 0.03426483, -0.        ,  0.99941279,  0.08242538],
       [ 0.        ,  0.        ,  0.        ,  1.        ]])]"
19,"[array([[-0.42697205, -0.9041666 , -0.01332777, -0.11548172],
       [ 0.90372643, -0.42718001,  0.02820947,  0.07640836],
       [-0.03119941,  0.        ,  0.99951318,  0.08512887],
       [ 0.        ,  0.        ,  0.        ,  1.        ]])]","[array([[ 3.41754437e-01, -9.39789078e-01, -6.27298998e-04,
        -1.39086842e-01],
       [ 9.39787495e-01,  3.41755013e-01, -1.72500395e-03,
         1.43520655e-01],
       [ 1.83552245e-03, -0.00000000e+00,  9.99998315e-01,
         8.27486304e-02],
       [ 0.00000000e+00,  0.00000000e+00,  0.00000000e+00,
         1.00000000e+00]])]","[array([[ 3.41754437e-01, -9.39789078e-01, -6.27298998e-04,
        -1.39086842e-01],
       [ 9.39787495e-01,  3.41755013e-01, -1.72500395e-03,
         1.43520655e-01],
       [ 1.83552245e-03, -0.00000000e+00,  9.99998315e-01,
         8.27486304e-02],
       [ 0.00000000e+00,  0.00000000e+00,  0.00000000e+00,
         1.00000000e+00]])]","[array([[ 0.33329611, -0.94282163,  0.00103563, -0.05800837],
       [ 0.94281708,  0.33329772,  0.00292955,  0.08454691],
       [-0.00310721,  0.        ,  0.99999517,  0.0847516 ],
       [ 0.        ,  0.        ,  0.        ,  1.        ]])]","[array([[-0.42694718, -0.90416447,  0.01423777, -0.03934534],
       [ 0.90366214, -0.42718452, -0.03013519,  0.13928676],
       [ 0.03332933, -0.        ,  0.99944442,  0.08244213],
       [ 0.        ,  0.        ,  0.        ,  1.        ]])]","[array([[-0.42694718, -0.90416447,  0.01423777, -0.03934534],
       [ 0.90366214, -0.42718452, -0.03013519,  0.13928676],
       [ 0.03332933, -0.        ,  0.99944442,  0.08244213],
       [ 0.        ,  0.        ,  0.        ,  1.        ]])]"
20,"[array([[-0.45718933, -0.88925535, -0.0142423 , -0.11541424],
       [ 0.88882418, -0.45741111,  0.02768853,  0.07603329],
       [-0.03113676,  0.        ,  0.99951513,  0.08513446],
       [ 0.        ,  0.        ,  0.        ,  1.        ]])]","[array([[ 0.31453727, -0.94924278,  0.00210801, -0.14150488],
       [ 0.94922147,  0.31454434,  0.00636162,  0.14236821],
       [-0.00670179, -0.        ,  0.99997754,  0.08302212],
       [ 0.        ,  0.        ,  0.        ,  1.        ]])]","[array([[ 0.31453727, -0.94924278,  0.00210801, -0.14150488],
       [ 0.94922147,  0.31454434,  0.00636162,  0.14236821],
       [-0.00670179, -0.        ,  0.99997754,  0.08302212],
       [ 0.        ,  0.        ,  0.        ,  1.        ]])]","[array([[ 0.29530055, -0.95540003,  0.00289249, -0.05822591],
       [ 0.9553542 ,  0.29531472,  0.00935775,  0.08420398],
       [-0.00979459,  0.        ,  0.99995203,  0.0849204 ],
       [ 0.        ,  0.        ,  0.        ,  1.        ]])]","[array([[-0.45309537, -0.89133864,  0.01483294, -0.04175647],
       [ 0.8908614 , -0.4533381 , -0.02916404,  0.13971821],
       [ 0.03271937, -0.        ,  0.99946458,  0.08243552],
       [ 0.        ,  0.        ,  0.        ,  1.        ]])]","[array([[-0.45309537, -0.89133864,  0.01483294, -0.04175647],
       [ 0.8908614 , -0.4533381 , -0.02916404,  0.13971821],
       [ 0.03271937, -0.        ,  0.99946458,  0.08243552],
       [ 0.        ,  0.        ,  0.        ,  1.        ]])]"
21,"[array([[-0.49318104, -0.8697773 , -0.01612186, -0.11531046],
       [ 0.86931295, -0.49344447,  0.02841743,  0.07565146],
       [-0.03267208,  0.        ,  0.99946613,  0.08522185],
       [ 0.        ,  0.        ,  0.        ,  1.        ]])]","[array([[ 2.79543030e-01, -9.60133132e-01, -2.50462619e-04,
        -1.43889067e-01],
       [ 9.60132747e-01,  2.79543142e-01, -8.60251683e-04,
         1.40834723e-01],
       [ 8.95971250e-04, -0.00000000e+00,  9.99999599e-01,
         8.26385081e-02],
       [ 0.00000000e+00,  0.00000000e+00,  0.00000000e+00,
         1.00000000e+00]])]","[array([[ 2.79543030e-01, -9.60133132e-01, -2.50462619e-04,
        -1.43889067e-01],
       [ 9.60132747e-01,  2.79543142e-01, -8.60251683e-04,
         1.40834723e-01],
       [ 8.95971250e-04, -0.00000000e+00,  9.99999599e-01,
         8.26385081e-02],
       [ 0.00000000e+00,  0.00000000e+00,  0.00000000e+00,
         1.00000000e+00]])]","[array([[ 0.25129698, -0.96790359,  0.00353088, -0.0584612 ],
       [ 0.96780806,  0.25132179,  0.01359831,  0.08376658],
       [-0.01404924,  0.        ,  0.9999013 ,  0.0850247 ],
       [ 0.        ,  0.        ,  0.        ,  1.        ]])]","[array([[-0.4758289 , -0.87940779,  0.01512577, -0.0445205 ],
       [ 0.87896381, -0.47606925, -0.02794072,  0.140207  ],
       [ 0.0317722 , -0.        ,  0.99949514,  0.08247964],
       [ 0.        ,  0.        ,  0.        ,  1.        ]])]","[array([[-0.4758289 , -0.87940779,  0.01512577, -0.0445205 ],
       [ 0.87896381, -0.47606925, -0.02794072,  0.140207  ],
       [ 0.0317722 , -0.        ,  0.99949514,  0.08247964],
       [ 0.        ,  0.        ,  0.        ,  1.        ]])]"
22,"[array([[-0.56207681, -0.82685398, -0.01954888, -0.11502794],
       [ 0.82635434, -0.56241666,  0.02874038,  0.07493617],
       [-0.03475871,  0.        ,  0.99939573,  0.0853106 ],
       [ 0.        ,  0.        ,  0.        ,  1.        ]])]","[array([[ 2.58306055e-01, -9.66062838e-01, -7.58792606e-04,
        -1.48476415e-01],
       [ 9.66058669e-01,  2.58307169e-01, -2.83786679e-03,
         1.37815717e-01],
       [ 2.93755922e-03, -0.00000000e+00,  9.99995685e-01,
         8.25815856e-02],
       [ 0.00000000e+00,  0.00000000e+00,  0.00000000e+00,
         1.00000000e+00]])]","[array([[ 2.58306055e-01, -9.66062838e-01, -7.58792606e-04,
        -1.48476415e-01],
       [ 9.66058669e-01,  2.58307169e-01, -2.83786679e-03,
         1.37815717e-01],
       [ 2.93755922e-03, -0.00000000e+00,  9.99995685e-01,
         8.25815856e-02],
       [ 0.00000000e+00,  0.00000000e+00,  0.00000000e+00,
         1.00000000e+00]])]","[array([[ 0.16875678, -0.98565167,  0.00345434, -0.05874181],
       [ 0.98544525,  0.16879213,  0.02017139,  0.08281906],
       [-0.02046503,  0.        ,  0.99979057,  0.08515142],
       [ 0.        ,  0.        ,  0.        ,  1.        ]])]","[array([[-0.4878641 , -0.87277847,  0.01569579, -0.04968463],
       [ 0.87232713, -0.48811652, -0.02806491,  0.1411064 ],
       [ 0.03215582, -0.        ,  0.99948287,  0.08244344],
       [ 0.        ,  0.        ,  0.        ,  1.        ]])]","[array([[-0.4878641 , -0.87277847,  0.01569579, -0.04968463],
       [ 0.87232713, -0.48811652, -0.02806491,  0.1411064 ],
       [ 0.03215582, -0.        ,  0.99948287,  0.08244344],
       [ 0.        ,  0.        ,  0.        ,  1.        ]])]"
23,"[array([[-0.60402267, -0.79665022, -0.02247318, -0.11482879],
       [ 0.7960994 , -0.60444059,  0.02961956,  0.07447286],
       [-0.03718013,  0.        ,  0.99930858,  0.08542883],
       [ 0.        ,  0.        ,  0.        ,  1.        ]])]","[array([[ 0.24909498, -0.96847564,  0.00257559, -0.15150436],
       [ 0.96842387,  0.2491083 ,  0.01001329,  0.13575211],
       [-0.01033922, -0.        ,  0.99994655,  0.08303779],
       [ 0.        ,  0.        ,  0.        ,  1.        ]])]","[array([[ 0.24909498, -0.96847564,  0.00257559, -0.15150436],
       [ 0.96842387,  0.2491083 ,  0.01001329,  0.13575211],
       [-0.01033922, -0.        ,  0.99994655,  0.08303779],
       [ 0.        ,  0.        ,  0.        ,  1.        ]])]","[array([[ 0.11481551, -0.99338351,  0.0025684 , -0.05889815],
       [ 0.99313506,  0.11484423,  0.0222162 ,  0.08218302],
       [-0.02236418,  0.        ,  0.99974989,  0.08519396],
       [ 0.        ,  0.        ,  0.        ,  1.        ]])]","[array([[-0.49363149, -0.86952428,  0.01598361, -0.05309248],
       [ 0.86906882, -0.49389019, -0.02814014,  0.14146962],
       [ 0.03236269, -0.        ,  0.99947619,  0.08244187],
       [ 0.        ,  0.        ,  0.        ,  1.        ]])]","[array([[-0.49363149, -0.86952428,  0.01598361, -0.05309248],
       [ 0.86906882, -0.49389019, -0.02814014,  0.14146962],
       [ 0.03236269, -0.        ,  0.99947619,  0.08244187],
       [ 0.        ,  0.        ,  0.        ,  1.        ]])]"
24,"[array([[-0.6143553 , -0.78872945, -0.02175793, -0.11477324],
       [ 0.78823527, -0.61474047,  0.02791604,  0.07436186],
       [-0.03539368,  0.        ,  0.99937345,  0.08537082],
       [ 0.        ,  0.        ,  0.        ,  1.        ]])]","[array([[ 0.24769182, -0.96883549,  0.0025611 , -0.15216936],
       [ 0.9687837 ,  0.24770506,  0.01001709,  0.13520435],
