,transforms
0,"[array([[ 0.03803543, -0.99931451, -0.00292622, -0.081929  ],
       [ 0.99927191,  0.03691308, -0.00288373,  0.1509255 ],
       [ 0.00299295, -0.00281779,  0.99999156,  0.104432  ],
       [ 0.        ,  0.        ,  0.        ,  1.        ]])]"
1,"[array([[ 0.03799393, -0.9993176 , -0.00261174, -0.0819295 ],
       [ 0.99927361,  0.03685173, -0.00285421,  0.1509275 ],
       [ 0.00295139, -0.00250479,  0.99999252,  0.104436  ],
       [ 0.        ,  0.        ,  0.        ,  1.        ]])]"
2,"[array([[ 0.03787097, -0.99931757, -0.00267714, -0.081927  ],
       [ 0.99927803,  0.03684827, -0.00293538,  0.1509295 ],
       [ 0.00303467, -0.00256717,  0.99999211,  0.104434  ],
       [ 0.        ,  0.        ,  0.        ,  1.        ]])]"
3,"[array([[ 0.0380386 , -0.99931494, -0.00276827, -0.081926  ],
       [ 0.99927191,  0.0369131 , -0.00284838,  0.1509255 ],
       [ 0.00295163, -0.00266125,  0.99999211,  0.1044345 ],
       [ 0.        ,  0.        ,  0.        ,  1.        ]])]"
4,"[array([[ 0.03807536, -0.99931629, -0.00267745, -0.0819255 ],
       [ 0.99927026,  0.036883  , -0.00293456,  0.150916  ],
       [ 0.00303439, -0.00256741,  0.99999211,  0.104431  ],
       [ 0.        ,  0.        ,  0.        ,  1.        ]])]"
5,"[array([[ 0.03799235, -0.99931489, -0.00273723, -0.0819185 ],
       [ 0.99927367,  0.03691657, -0.00284932,  0.1509315 ],
       [ 0.00295127, -0.00263019,  0.99999219,  0.104437  ],
       [ 0.        ,  0.        ,  0.        ,  1.        ]])]"
6,"[array([[ 0.03811212, -0.99931728, -0.00270727, -0.0819195 ],
       [ 0.99926899,  0.03685403, -0.00289136,  0.1509325 ],
       [ 0.00299245, -0.00259888,  0.99999216,  0.1044365 ],
       [ 0.        ,  0.        ,  0.        ,  1.        ]])]"
7,"[array([[ 0.03799076, -0.99931522, -0.00264626, -0.0819265 ],
       [ 0.99927348,  0.03691427, -0.00293585,  0.1509325 ],
       [ 0.00303427, -0.00253609,  0.99999219,  0.1044355 ],
       [ 0.        ,  0.        ,  0.        ,  1.        ]])]"
8,"[array([[ 0.03819668, -0.99931851, -0.00268354, -0.0819325 ],
       [ 0.99926512,  0.03682277, -0.00310012,  0.150927  ],
       [ 0.00320037, -0.00256757,  0.99999159,  0.104433  ],
       [ 0.        ,  0.        ,  0.        ,  1.        ]])]"
9,"[array([[ 0.0379398 , -0.99931146, -0.00274046, -0.081929  ],
       [ 0.99927542,  0.03700922, -0.00293165,  0.150922  ],
       [ 0.00303352, -0.0026301 ,  0.99999195,  0.104434  ],
       [ 0.        ,  0.        ,  0.        ,  1.        ]])]"
10,"[array([[ 0.03782945, -0.99931972, -0.00273953, -0.081932  ],
       [ 0.9992796 ,  0.03678574, -0.00293312,  0.1509255 ],
       [ 0.00303467, -0.00262979,  0.99999195,  0.104434  ],
       [ 0.        ,  0.        ,  0.        ,  1.        ]])]"
11,"[array([[ 0.03774014, -0.9993122 , -0.00255998, -0.081929  ],
       [ 0.99928233,  0.03700229, -0.00314761,  0.150927  ],
       [ 0.00324199, -0.00244178,  0.99999177,  0.104433  ],
       [ 0.        ,  0.        ,  0.        ,  1.        ]])]"
12,"[array([[ 0.03808011, -0.99932181, -0.00276782, -0.0819305 ],
       [ 0.99927033,  0.03672665, -0.00284828,  0.1509265 ],
       [ 0.00295162, -0.00266135,  0.99999211,  0.1044315 ],
       [ 0.        ,  0.        ,  0.        ,  1.        ]])]"
13,"[array([[ 0.03811844, -0.99931373, -0.00267968, -0.0819335 ],
       [ 0.99926849,  0.03695247, -0.00297609,  0.150923  ],
       [ 0.00307608, -0.00256788,  0.99999198,  0.104432  ],
       [ 0.        ,  0.        ,  0.        ,  1.        ]])]"
14,"[array([[ 0.03799077, -0.99931519, -0.00255135, -0.0819255 ],
       [ 0.99927361,  0.03692121, -0.00289786,  0.1509205 ],
       [ 0.00299271, -0.00244262,  0.99999255,  0.104432  ],
       [ 0.        ,  0.        ,  0.        ,  1.        ]])]"
15,"[array([[ 0.03857824, -0.99929866, -0.00270568, -0.081881  ],
       [ 0.99925135,  0.0373555 , -0.0028077 ,  0.1509135 ],
       [ 0.00291   , -0.00259892,  0.9999924 ,  0.1044295 ],
       [ 0.        ,  0.        ,  0.        ,  1.        ]])]"
16,"[array([[ 0.03808168, -0.99932027, -0.00280439, -0.081817  ],
       [ 0.99926989,  0.03676597, -0.00297182,  0.150912  ],
       [ 0.00307647, -0.00269325,  0.99999165,  0.104432  ],
       [ 0.        ,  0.        ,  0.        ,  1.        ]])]"
17,"[array([[ 0.03941001, -0.99927206, -0.00268391, -0.081592  ],
       [ 0.99921839,  0.03806244, -0.00297283,  0.1509035 ],
       [ 0.00307631, -0.00256882,  0.99999198,  0.104432  ],
       [ 0.        ,  0.        ,  0.        ,  1.        ]])]"
18,"[array([[ 0.04003759, -0.99926395, -0.00262015, -0.081638  ],
       [ 0.99919356,  0.03827901, -0.00293248,  0.150889  ],
       [ 0.00303504, -0.00250599,  0.99999227,  0.104433  ],
       [ 0.        ,  0.        ,  0.        ,  1.        ]])]"
19,"[array([[ 0.04113264, -0.999178  , -0.00287336, -0.0821765 ],
       [ 0.99914922,  0.04044419, -0.0028757 ,  0.150782  ],
       [ 0.00299146, -0.00275471,  0.99999174,  0.104433  ],
       [ 0.        ,  0.        ,  0.        ,  1.        ]])]"
20,"[array([[ 0.03493135, -0.99942309, -0.00288349, -0.085085  ],
       [ 0.99938548,  0.0338485 , -0.00280846,  0.1506005 ],
       [ 0.00290748, -0.00278679,  0.9999919 ,  0.1044165 ],
       [ 0.        ,  0.        ,  0.        ,  1.        ]])]"
21,"[array([[ 0.02105882, -0.99980087, -0.00236845, -0.088235  ],
       [ 0.99977481,  0.01982067, -0.00256746,  0.1503275 ],
       [ 0.00261678, -0.00231711,  0.9999939 ,  0.104404  ],
       [ 0.        ,  0.        ,  0.        ,  1.        ]])]"
22,"[array([[-0.03088304, -0.99948931, -0.00207177, -0.092836  ],
       [ 0.99952141, -0.03188393, -0.00185217,  0.149451  ],
       [ 0.00178731, -0.00212977,  0.99999614,  0.104378  ],
       [ 0.        ,  0.        ,  0.        ,  1.        ]])]"
23,"[array([[-6.41914137e-02, -9.97866402e-01, -1.54844510e-03,
        -9.57400000e-02],
       [ 9.97937583e-01, -6.52701546e-02, -3.07770575e-04,
         1.48740500e-01],
       [ 2.07739203e-04, -1.56523153e-03,  9.99998754e-01,
         1.04380000e-01],
       [ 0.00000000e+00,  0.00000000e+00,  0.00000000e+00,
         1.00000000e+00]])]"
24,"[array([[-7.40355060e-02, -9.97184482e-01, -1.16459139e-03,
        -9.63555000e-02],
       [ 9.97255356e-01, -7.49774537e-02, -7.95086301e-04,
         1.48537500e-01],
       [ 7.06683662e-04, -1.22092722e-03,  9.99999006e-01,
         1.04372500e-01],
       [ 0.00000000e+00,  0.00000000e+00,  0.00000000e+00,
         1.00000000e+00]])]"
25,"[array([[-7.26559670e-02, -9.97257642e-01, -6.61361873e-04,
        -9.48740000e-02],
       [ 9.97356938e-01, -7.40054327e-02,  4.51924801e-04,
         1.48847000e-01],
       [-4.98782382e-04, -6.26103492e-04,  9.99999679e-01,
         1.04405000e-01],
       [ 0.00000000e+00,  0.00000000e+00,  0.00000000e+00,
         1.00000000e+00]])]"
26,"[array([[-6.97319417e-02, -9.97482872e-01, -4.29552476e-04,
        -9.30305000e-02],
       [ 9.97565710e-01, -7.09066537e-02,  3.03237236e-04,
         1.49206500e-01],
       [-3.32452642e-04, -4.06969756e-04,  9.99999862e-01,
         1.04408500e-01],
       [ 0.00000000e+00,  0.00000000e+00,  0.00000000e+00,
         1.00000000e+00]])]"
27,"[array([[-6.24998794e-02, -9.97963994e-01, -5.80171513e-04,
        -8.96560000e-02],
       [ 9.98044950e-01, -6.37770655e-02, -2.44517507e-04,
         1.49795000e-01],
       [ 2.07778855e-04, -5.94585007e-04,  9.99999802e-01,
         1.04420500e-01],
       [ 0.00000000e+00,  0.00000000e+00,  0.00000000e+00,
         1.00000000e+00]])]"
28,"[array([[-0.02023941, -0.99978321, -0.00187132, -0.084586  ],
       [ 0.99979341, -0.02073355, -0.00190843,  0.15121   ],
       [ 0.00187017, -0.00191049,  0.99999643,  0.1044305 ],
       [ 0.        ,  0.        ,  0.        ,  1.        ]])]"
29,"[array([[ 1.59487278e-02, -9.99835716e-01,  2.94415795e-04,
        -7.95175000e-02],
       [ 9.99868939e-01,  1.81223947e-02, -2.78777072e-03,
         1.52231000e-01],
       [ 2.78272073e-03,  3.44889864e-04,  9.99996071e-01,
         1.04500500e-01],
       [ 0.00000000e+00,  0.00000000e+00,  0.00000000e+00,
         1.00000000e+00]])]"
30,"[array([[ 0.05110943, -0.99871365, -0.00137925, -0.0744365 ],
       [ 0.99869233,  0.05068831, -0.00113699,  0.1527805 ],
       [ 0.001206  , -0.00131984,  0.9999984 ,  0.104558  ],
       [ 0.        ,  0.        ,  0.        ,  1.        ]])]"
31,"[array([[ 0.08060466, -0.99670085, -0.00290742, -0.070039  ],
       [ 0.99674439,  0.08111585, -0.00164261,  0.152883  ],
       [ 0.00187163, -0.0027646 ,  0.99999442,  0.104609  ],
       [ 0.        ,  0.        ,  0.        ,  1.        ]])]"
32,"[array([[ 0.12651709, -0.99410297, -0.01227412, -0.0663865 ],
       [ 0.99189066,  0.10757333,  0.01375966,  0.152684  ],
       [-0.01209725, -0.01368424,  0.99982999,  0.104807  ],
       [ 0.        ,  0.        ,  0.        ,  1.        ]])]"
33,"[array([[ 0.15761174, -0.99049359, -0.01504459, -0.062724  ],
       [ 0.98743695,  0.1365304 ,  0.01380325,  0.152283  ],
       [-0.01126098, -0.01678963,  0.99979154,  0.1047765 ],
       [ 0.        ,  0.        ,  0.        ,  1.        ]])]"
34,"[array([[ 0.15313524, -0.989422  , -0.01387523, -0.062473  ],
       [ 0.9882015 ,  0.14434563,  0.00490269,  0.1520705 ],
       [-0.00272036, -0.0144377 ,  0.99989171,  0.104775  ],
       [ 0.        ,  0.        ,  0.        ,  1.        ]])]"
35,"[array([[ 0.15908224, -0.98974882, -0.0162364 , -0.0638195 ],
       [ 0.98721723,  0.14170002,  0.01248622,  0.1524195 ],
       [-0.00974573, -0.017843  ,  0.99979021,  0.104926  ],
       [ 0.        ,  0.        ,  0.        ,  1.        ]])]"
36,"[array([[ 0.14905578, -0.98952282, -0.00661439, -0.0684675 ],
       [ 0.98882543,  0.14420356,  0.00360465,  0.152886  ],
       [-0.00257853, -0.00706509,  0.99997163,  0.104684  ],
       [ 0.        ,  0.        ,  0.        ,  1.        ]])]"
37,"[array([[ 0.12575231, -0.9920071 , -0.00186103, -0.0742495 ],
       [ 0.99205983,  0.12617152, -0.00169039,  0.153067  ],
       [ 0.001911  , -0.00163288,  0.99999684,  0.10456   ],
       [ 0.        ,  0.        ,  0.        ,  1.        ]])]"
38,"[array([[ 0.07466041, -0.99725714, -0.00261275, -0.0824775 ],
       [ 0.99720232,  0.07397762, -0.00346873,  0.152159  ],
       [ 0.00365412, -0.00234899,  0.99999057,  0.1044375 ],
       [ 0.        ,  0.        ,  0.        ,  1.        ]])]"
39,"[array([[-0.01520254, -0.99985697, -0.00282417, -0.092164  ],
       [ 0.99987849, -0.01666533, -0.00349089,  0.150038  ],
       [ 0.00344757, -0.00288197,  0.99998992,  0.10438   ],
       [ 0.        ,  0.        ,  0.        ,  1.        ]])]"
40,"[array([[-0.07396342, -0.99713694, -0.0018721 , -0.0966025 ],
       [ 0.99725957, -0.07559047, -0.00180551,  0.1485365 ],
       [ 0.0016621 , -0.00200323,  0.99999662,  0.104364  ],
       [ 0.        ,  0.        ,  0.        ,  1.        ]])]"
41,"[array([[-0.11335015, -0.99262243, -0.00972598, -0.099358  ],
       [ 0.99354238, -0.12089873,  0.00395127,  0.147579  ],
       [-0.00502847, -0.00917703,  0.99994489,  0.1044745 ],
       [ 0.        ,  0.        ,  0.        ,  1.        ]])]"
42,"[array([[-1.08696396e-01, -9.93493556e-01, -4.16133451e-03,
        -9.90550000e-02],
       [ 9.94074923e-01, -1.13812954e-01, -7.84050315e-05,
         1.47571000e-01],
       [-3.74384831e-04, -4.14321842e-03,  9.99991339e-01,
         1.04418000e-01],
       [ 0.00000000e+00,  0.00000000e+00,  0.00000000e+00,
         1.00000000e+00]])]"
43,"[array([[-1.11029144e-01, -9.93672573e-01, -5.86593863e-04,
        -9.74595000e-02],
       [ 9.93816837e-01, -1.12314590e-01,  7.29178496e-04,
         1.47963500e-01],
       [-7.89799226e-04, -5.00985069e-04,  9.99999562e-01,
         1.04388000e-01],
       [ 0.00000000e+00,  0.00000000e+00,  0.00000000e+00,
         1.00000000e+00]])]"
44,"[array([[-8.94112888e-02, -9.95879202e-01, -1.44411858e-03,
        -9.03130000e-02],
       [ 9.95994370e-01, -9.06766975e-02, -1.04779701e-03,
         1.49481000e-01],
       [ 9.14480871e-04, -1.53318088e-03,  9.99998408e-01,
         1.04404500e-01],
       [ 0.00000000e+00,  0.00000000e+00,  0.00000000e+00,
         1.00000000e+00]])]"
45,"[array([[ 0.00768818, -0.99995167, -0.00217297, -0.078413  ],
       [ 0.99996164,  0.00959743, -0.00418074,  0.152653  ],
       [ 0.00419733, -0.00213276,  0.9999889 ,  0.104556  ],
       [ 0.        ,  0.        ,  0.        ,  1.        ]])]"
46,"[array([[ 0.08238522, -0.99650133, -0.00759435, -0.0702535 ],
       [ 0.99655788,  0.08329576, -0.00862658,  0.1529965 ],
       [ 0.00922316, -0.00684967,  0.99993395,  0.10487   ],
       [ 0.        ,  0.        ,  0.        ,  1.        ]])]"
47,"[array([[ 0.15322434, -0.9894765 , -0.01677622, -0.0614965 ],
       [ 0.98819021,  0.14366761,  0.00416894,  0.1517835 ],
       [-0.00154941, -0.01720119,  0.99985058,  0.104882  ],
       [ 0.        ,  0.        ,  0.        ,  1.        ]])]"
48,"[array([[ 1.70955850e-01, -9.86662480e-01, -1.89268533e-02,
        -5.91485000e-02],
       [ 9.85278618e-01,  1.61634754e-01,  3.66648569e-03,
         1.51280000e-01],
       [-3.76923725e-04, -1.92706290e-02,  9.99814148e-01,
         1.04957000e-01],
       [ 0.00000000e+00,  0.00000000e+00,  0.00000000e+00,
         1.00000000e+00]])]"
49,"[array([[ 1.91716002e-01, -9.83170551e-01, -2.15500245e-02,
        -5.63595000e-02],
       [ 9.81450216e-01,  1.81350885e-01,  4.89226046e-03,
         1.50372000e-01],
       [-6.70189213e-04, -2.20799571e-02,  9.99755801e-01,
         1.05042500e-01],
       [ 0.00000000e+00,  0.00000000e+00,  0.00000000e+00,
         1.00000000e+00]])]"
50,"[array([[ 2.22243705e-01, -9.76959177e-01, -1.97548110e-02,
        -5.35720000e-02],
       [ 9.74991132e-01,  2.12458930e-01,  4.67476838e-03,
         1.49144000e-01],
       [-1.67509859e-04, -2.02970229e-02,  9.99793926e-01,
         1.05006000e-01],
       [ 0.00000000e+00,  0.00000000e+00,  0.00000000e+00,
         1.00000000e+00]])]"
51,"[array([[ 0.245086  , -0.9714688 , -0.01764675, -0.050763  ],
       [ 0.96950058,  0.23644497,  0.00571314,  0.1476655 ],
       [-0.00121413, -0.01849729,  0.99982796,  0.1049665 ],
       [ 0.        ,  0.        ,  0.        ,  1.        ]])]"
52,"[array([[ 2.54946146e-01, -9.69010922e-01, -1.98140073e-02,
        -5.03205000e-02],
       [ 9.66954892e-01,  2.46184207e-01,  4.35915089e-03,
         1.47625500e-01],
       [ 8.36574721e-04, -2.02773171e-02,  9.99794180e-01,
         1.05022000e-01],
       [ 0.00000000e+00,  0.00000000e+00,  0.00000000e+00,
         1.00000000e+00]])]"
53,"[array([[ 0.26125429, -0.96732431, -0.02369301, -0.0502335 ],
       [ 0.96526849,  0.25239465,  0.00463594,  0.147637  ],
       [ 0.00171547, -0.02409593,  0.99970853,  0.1051425 ],
       [ 0.        ,  0.        ,  0.        ,  1.        ]])]"
54,"[array([[ 0.26125088, -0.96728504, -0.02447842, -0.0503115 ],
       [ 0.96526867,  0.25247587,  0.00445884,  0.1476335 ],
       [ 0.00209168, -0.02481104,  0.99969041,  0.105157  ],
       [ 0.        ,  0.        ,  0.        ,  1.        ]])]"
55,"[array([[ 0.26097667, -0.96739731, -0.02587328, -0.050459  ],
       [ 0.96534162,  0.25191265,  0.00430738,  0.1476415 ],
       [ 0.00259512, -0.02612381,  0.99965595,  0.105189  ],
       [ 0.        ,  0.        ,  0.        ,  1.        ]])]"
56,"[array([[ 0.26330091, -0.96663298, -0.02655604, -0.050942  ],
       [ 0.96471111,  0.25474591,  0.00490572,  0.1476785 ],
       [ 0.00226045, -0.02692947,  0.99963529,  0.1051935 ],
       [ 0.        ,  0.        ,  0.        ,  1.        ]])]"
57,"[array([[ 0.26559805, -0.96587428, -0.02534096, -0.0513625 ],
       [ 0.9640799 ,  0.2577485 ,  0.00411702,  0.1476985 ],
       [ 0.00276229, -0.02554575,  0.99967039,  0.10517   ],
       [ 0.        ,  0.        ,  0.        ,  1.        ]])]"
58,"[array([[ 0.26303925, -0.96687641, -0.02123045, -0.055445  ],
       [ 0.96478396,  0.25432876,  0.00422798,  0.148879  ],
       [ 0.00150571, -0.02160758,  0.99976567,  0.105029  ],
       [ 0.        ,  0.        ,  0.        ,  1.        ]])]"
59,"[array([[ 0.23844272, -0.97176183, -0.01912558, -0.0629075 ],
       [ 0.97113179,  0.23527526, -0.002445  ,  0.1504425 ],
       [ 0.00693606, -0.01801361,  0.9998141 ,  0.104943  ],
       [ 0.        ,  0.        ,  0.        ,  1.        ]])]"
60,"[array([[ 0.15125876, -0.98824437, -0.00973551, -0.074103  ],
       [ 0.98848162,  0.15261273, -0.00355603,  0.152211  ],
       [ 0.00498792, -0.00907886,  0.99994629,  0.1047515 ],
       [ 0.        ,  0.        ,  0.        ,  1.        ]])]"
61,"[array([[ 0.04446076, -0.99900426, -0.01131349, -0.0841275 ],
       [ 0.99899585,  0.04321576, -0.00502805,  0.152077  ],
       [ 0.00552643, -0.01108578,  0.99992336,  0.104614  ],
       [ 0.        ,  0.        ,  0.        ,  1.        ]])]"
62,"[array([[-0.00673403, -0.99992047, -0.00991691, -0.0882645 ],
       [ 0.99996204, -0.00773627, -0.00559519,  0.1509435 ],
       [ 0.00552856, -0.00996005,  0.99993517,  0.104585  ],
       [ 0.        ,  0.        ,  0.        ,  1.        ]])]"
63,"[array([[-0.03452935, -0.99933906, -0.00585847, -0.090822  ],
       [ 0.99939816, -0.03585621, -0.00352846,  0.1498625 ],
       [ 0.00332412, -0.00598125,  0.99997661,  0.1044495 ],
       [ 0.        ,  0.        ,  0.        ,  1.        ]])]"
64,"[array([[-0.07140936, -0.9973557 , -0.00369025, -0.094119  ],
       [ 0.99744493, -0.07257253, -0.00234777,  0.148463  ],
       [ 0.00207827, -0.00385092,  0.99999043,  0.1043795 ],
       [ 0.        ,  0.        ,  0.        ,  1.        ]])]"
65,"[array([[-0.11359201, -0.99340569, -0.00389352, -0.096748  ],
       [ 0.99351432, -0.11456352, -0.00559256,  0.1473075 ],
       [ 0.00511414, -0.00450865,  0.99997678,  0.104453  ],
       [ 0.        ,  0.        ,  0.        ,  1.        ]])]"
66,"[array([[-0.11498375, -0.99325543, -0.0023661 , -0.096635  ],
       [ 0.99335151, -0.11590694, -0.00592538,  0.147304  ],
       [ 0.00561403, -0.003037  ,  0.99997965,  0.1044525 ],
       [ 0.        ,  0.        ,  0.        ,  1.        ]])]"
67,"[array([[-1.04293107e-01, -9.94372574e-01, -2.20257888e-03,
        -9.09685000e-02],
       [ 9.94546382e-01, -1.05914877e-01, -8.99700122e-04,
         1.48449500e-01],
       [ 6.65081589e-04, -2.28548213e-03,  9.99997170e-01,
         1.04393500e-01],
       [ 0.00000000e+00,  0.00000000e+00,  0.00000000e+00,
         1.00000000e+00]])]"
68,"[array([[-9.05989487e-03, -9.99973505e-01, -2.61004096e-04,
        -7.97450000e-02],
       [ 9.99954727e-01, -7.27390271e-03, -2.91162461e-03,
         1.51429000e-01],
       [ 2.90914055e-03, -2.82177260e-04,  9.99995727e-01,
         1.04500500e-01],
       [ 0.00000000e+00,  0.00000000e+00,  0.00000000e+00,
         1.00000000e+00]])]"
69,"[array([[ 0.07666782, -0.99688247,  0.00232626, -0.070439  ],
       [ 0.99705569,  0.07886292, -0.00159589,  0.151941  ],
       [ 0.00141285,  0.00244488,  0.99999602,  0.10463   ],
       [ 0.        ,  0.        ,  0.        ,  1.        ]])]"
70,"[array([[ 0.12826338, -0.99247957, -0.00124693, -0.0674105 ],
       [ 0.99173443,  0.12239897,  0.00355591,  0.151234  ],
       [-0.0033666 , -0.00167281,  0.9999929 ,  0.1047525 ],
       [ 0.        ,  0.        ,  0.        ,  1.        ]])]"
71,"[array([[ 0.12727034, -0.99245042, -0.00445254, -0.0679865 ],
       [ 0.99186102,  0.12254655,  0.00434152,  0.151278  ],
       [-0.00373958, -0.00495106,  0.99998066,  0.1046555 ],
       [ 0.        ,  0.        ,  0.        ,  1.        ]])]"
72,"[array([[ 0.11708667, -0.99281785,  0.00227544, -0.070511  ],
       [ 0.99311768,  0.1196068 , -0.0031132 ,  0.151555  ],
       [ 0.00282537,  0.00263147,  0.99999257,  0.104626  ],
       [ 0.        ,  0.        ,  0.        ,  1.        ]])]"
73,"[array([[ 0.10552092, -0.9943358 , -0.00195177, -0.074414  ],
       [ 0.99441319,  0.10627113, -0.00259084,  0.151659  ],
       [ 0.00278233, -0.0016654 ,  0.99999474,  0.1045575 ],
       [ 0.        ,  0.        ,  0.        ,  1.        ]])]"
74,"[array([[ 8.97741987e-02, -9.95748950e-01, -1.22993784e-03,
        -7.77560000e-02],
       [ 9.95953298e-01,  9.21048963e-02, -4.10392719e-03,
         1.51551500e-01],
       [ 4.19777503e-03, -8.46725297e-04,  9.99990822e-01,
         1.04524500e-01],
       [ 0.00000000e+00,  0.00000000e+00,  0.00000000e+00,
         1.00000000e+00]])]"
75,"[array([[ 0.05258131, -0.99860957, -0.00605497, -0.082754  ],
       [ 0.99858804,  0.0524101 , -0.0072506 ,  0.150658  ],
       [ 0.00755908, -0.0056668 ,  0.99995538,  0.1045965 ],
       [ 0.        ,  0.        ,  0.        ,  1.        ]])]"
76,"[array([[ 0.01279311, -0.99991086, -0.00630701, -0.086515  ],
       [ 0.99989797,  0.0118075 , -0.00627472,  0.1500805 ],
       [ 0.00635502, -0.00623261,  0.99996042,  0.1045615 ],
       [ 0.        ,  0.        ,  0.        ,  1.        ]])]"
77,"[array([[-0.01629239, -0.99983982, -0.00367012, -0.0894295 ],
       [ 0.99986215, -0.01750589, -0.0032605 ,  0.1493565 ],
       [ 0.00320029, -0.00372666,  0.99998795,  0.1043995 ],
       [ 0.        ,  0.        ,  0.        ,  1.        ]])]"
78,"[array([[-0.03027634, -0.99947569, -0.00357775, -0.0903065 ],
       [ 0.99953502, -0.03216639, -0.0037282 ,  0.1489755 ],
       [ 0.00361819, -0.00369585,  0.99998665,  0.104428  ],
       [ 0.        ,  0.        ,  0.        ,  1.        ]])]"
79,"[array([[-0.02889681, -0.99952878, -0.00306452, -0.0878305 ],
       [ 0.99958006, -0.0305355 , -0.00225155,  0.1491575 ],
       [ 0.00216206, -0.00313185,  0.99999277,  0.104406  ],
       [ 0.        ,  0.        ,  0.        ,  1.        ]])]"
80,"[array([[-0.00826894, -0.99994916, -0.00300475, -0.0818435 ],
       [ 0.99995986, -0.0096152 , -0.0034738 ,  0.1497735 ],
       [ 0.00344885, -0.00303803,  0.99998945,  0.1044455 ],
       [ 0.        ,  0.        ,  0.        ,  1.        ]])]"
81,"[array([[ 0.06302526, -0.99787358,  0.00162548, -0.07283   ],
       [ 0.99801087,  0.06515638, -0.00156062,  0.1511675 ],
       [ 0.00145507,  0.00172371,  0.99999746,  0.1046185 ],
       [ 0.        ,  0.        ,  0.        ,  1.        ]])]"
82,"[array([[ 0.1412636 , -0.99275337, -0.01488345, -0.0639025 ],
       [ 0.98989594,  0.11903047,  0.01451937,  0.150845  ],
       [-0.01227283, -0.01650741,  0.99978381,  0.104759  ],
       [ 0.        ,  0.        ,  0.        ,  1.        ]])]"
83,"[array([[ 0.19778204, -0.9820014 , -0.01787298, -0.056429  ],
       [ 0.98024546,  0.187972  ,  0.00467357,  0.149207  ],
       [-0.00104647, -0.01843294,  0.99982934,  0.1049405 ],
       [ 0.        ,  0.        ,  0.        ,  1.        ]])]"
84,"[array([[ 0.23003305, -0.97507346, -0.02394694, -0.053852  ],
       [ 0.9731813 ,  0.22055682,  0.00389694,  0.148287  ],
       [ 0.00171666, -0.02421665,  0.99970564,  0.1051275 ],
       [ 0.        ,  0.        ,  0.        ,  1.        ]])]"
85,"[array([[ 2.53801199e-01, -9.69474587e-01, -1.58892182e-02,
        -5.11950000e-02],
       [ 9.67256201e-01,  2.44630251e-01,  4.81797431e-03,
         1.47658000e-01],
       [-6.27599403e-04, -1.65851018e-02,  9.99862150e-01,
         1.04914000e-01],
       [ 0.00000000e+00,  0.00000000e+00,  0.00000000e+00,
         1.00000000e+00]])]"
86,"[array([[ 2.65815703e-01, -9.66244837e-01, -1.75442720e-02,
        -5.01085000e-02],
       [ 9.64010995e-01,  2.57072585e-01, -3.28956991e-04,
         1.47166500e-01],
       [ 4.98142813e-03, -1.68700939e-02,  9.99846033e-01,
         1.05059500e-01],
       [ 0.00000000e+00,  0.00000000e+00,  0.00000000e+00,
         1.00000000e+00]])]"
87,"[array([[ 2.66029538e-01, -9.66185464e-01, -1.50504595e-02,
        -5.35845000e-02],
       [ 9.63964869e-01,  2.57372982e-01,  4.28372123e-03,
         1.48075000e-01],
       [-1.25505364e-04, -1.56459650e-02,  9.99877559e-01,
         1.04879000e-01],
       [ 0.00000000e+00,  0.00000000e+00,  0.00000000e+00,
         1.00000000e+00]])]"
88,"[array([[ 0.24637148, -0.97111447, -0.00832433, -0.0605535 ],
       [ 0.96916715,  0.23842184,  0.00626062,  0.1492375 ],
       [-0.00401693, -0.00957707,  0.99994575,  0.1046695 ],
       [ 0.        ,  0.        ,  0.        ,  1.        ]])]"
89,"[array([[ 0.18551969, -0.98096336,  0.00236714, -0.071008  ],
       [ 0.9826149 ,  0.19415551, -0.00767255,  0.149472  ],
       [ 0.00710024,  0.00381187,  0.99996776,  0.10461   ],
       [ 0.        ,  0.        ,  0.        ,  1.        ]])]"
90,"[array([[ 0.11995025, -0.9918051 ,  0.00200674, -0.07825   ],
       [ 0.99275765,  0.12772774, -0.00693853,  0.1492855 ],
       [ 0.00664775,  0.00287661,  0.99997391,  0.104567  ],
       [ 0.        ,  0.        ,  0.        ,  1.        ]])]"
91,"[array([[ 0.08431747, -0.9965293 , -0.0027323 , -0.081082  ],
       [ 0.9964338 ,  0.08320597, -0.00298005,  0.149087  ],
       [ 0.00319982, -0.00247488,  0.99999183,  0.1044435 ],
       [ 0.        ,  0.        ,  0.        ,  1.        ]])]"
92,"[array([[ 0.08904063, -0.99556576,  0.00460557, -0.0785455 ],
       [ 0.99602518,  0.09394313, -0.00278946,  0.149154  ],
       [ 0.00236832,  0.00484727,  0.9999855 ,  0.1045695 ],
       [ 0.        ,  0.        ,  0.        ,  1.        ]])]"
93,"[array([[ 1.34392011e-01, -9.90667494e-01,  2.40379612e-03,
        -6.94205000e-02],
       [ 9.90928175e-01,  1.36278319e-01, -7.03318334e-04,
         1.49577000e-01],
       [ 3.73888130e-04,  2.47721749e-03,  9.99996864e-01,
         1.04655500e-01],
       [ 0.00000000e+00,  0.00000000e+00,  0.00000000e+00,
         1.00000000e+00]])]"
94,"[array([[ 0.1746863 , -0.98627576, -0.00534226, -0.0625515 ],
       [ 0.98461452,  0.16499165,  0.00536926,  0.1494    ],
       [-0.00435355, -0.006155  ,  0.99997132,  0.104732  ],
       [ 0.        ,  0.        ,  0.        ,  1.        ]])]"
95,"[array([[ 2.21469125e-01, -9.77192309e-01, -2.38106962e-03,
        -5.48430000e-02],
       [ 9.75167093e-01,  2.12340297e-01,  1.31309255e-03,
         1.47927000e-01],
       [-7.53154024e-04, -2.60559502e-03,  9.99996303e-01,
         1.04893500e-01],
       [ 0.00000000e+00,  0.00000000e+00,  0.00000000e+00,
         1.00000000e+00]])]"
96,"[array([[ 2.57452753e-01, -9.68456780e-01, -9.42532973e-04,
        -5.11290000e-02],
       [ 9.66242949e-01,  2.49177036e-01, -9.70984419e-03,
         1.46375000e-01],
       [ 9.62518421e-03,  1.50673945e-03,  9.99952414e-01,
         1.05192000e-01],
       [ 0.00000000e+00,  0.00000000e+00,  0.00000000e+00,
         1.00000000e+00]])]"
97,"[array([[ 2.58262928e-01, -9.68229317e-01, -3.06500030e-03,
        -5.13650000e-02],
       [ 9.66037297e-01,  2.50062078e-01, -7.97614876e-03,
         1.46483000e-01],
       [ 8.49714334e-03, -9.73126340e-04,  9.99963493e-01,
         1.05141500e-01],
       [ 0.00000000e+00,  0.00000000e+00,  0.00000000e+00,
         1.00000000e+00]])]"
98,"[array([[ 0.26042404, -0.96792783, -0.00258173, -0.052083  ],
       [ 0.96547756,  0.25122558, -0.00519939,  0.146752  ],
       [ 0.00569233, -0.00119273,  0.99998315,  0.105075  ],
       [ 0.        ,  0.        ,  0.        ,  1.        ]])]"
99,"[array([[ 0.26093895, -0.967773  , -0.00322189, -0.0525295 ],
       [ 0.96534432,  0.25181512, -0.00389941,  0.146877  ],
       [ 0.00460505, -0.00213616,  0.99998721,  0.105024  ],
       [ 0.        ,  0.        ,  0.        ,  1.        ]])]"
100,"[array([[ 0.26064499, -0.96770418, -0.00368647, -0.052697  ],
       [ 0.96542471,  0.25207437, -0.00355781,  0.1469035 ],
       [ 0.00439572, -0.00267061,  0.99998688,  0.1050135 ],
       [ 0.        ,  0.        ,  0.        ,  1.        ]])]"
101,"[array([[ 0.26076905, -0.96760251, -0.00462045, -0.052846  ],
       [ 0.96538963,  0.25245355, -0.00365126,  0.146902  ],
       [ 0.00472984, -0.00354905,  0.99998266,  0.1050035 ],
       [ 0.        ,  0.        ,  0.        ,  1.        ]])]"
102,"[array([[ 0.26080186, -0.96783502, -0.00342806, -0.053257  ],
       [ 0.96538989,  0.25156802, -0.00132985,  0.1471175 ],
       [ 0.00217789, -0.00298327,  0.99999324,  0.1049465 ],
       [ 0.        ,  0.        ,  0.        ,  1.        ]])]"
103,"[array([[ 2.62581589e-01, -9.67323048e-01, -6.22493036e-03,
        -5.36715000e-02],
       [ 9.64906737e-01,  2.53480430e-01, -8.22874429e-04,
         1.47119500e-01],
       [ 2.42859706e-03, -5.81305064e-03,  9.99980286e-01,
         1.04911500e-01],
       [ 0.00000000e+00,  0.00000000e+00,  0.00000000e+00,
         1.00000000e+00]])]"
104,"[array([[ 0.26111008, -0.9675004 , -0.00682846, -0.0540205 ],
       [ 0.96530846,  0.25276274,  0.00293022,  0.147469  ],
       [-0.00104561, -0.00734739,  0.99997239,  0.104773  ],
       [ 0.        ,  0.        ,  0.        ,  1.        ]])]"
105,"[array([[ 0.26250694, -0.96693761, -0.00775036, -0.0546    ],
       [ 0.9649243 ,  0.25485713,  0.00557723,  0.147672  ],
       [-0.00334724, -0.00891592,  0.99995441,  0.104697  ],
       [ 0.        ,  0.        ,  0.        ,  1.        ]])]"
106,"[array([[ 0.26696682, -0.96596109, -0.00701508, -0.055495  ],
       [ 0.96369837,  0.25855456,  0.00584858,  0.1477185 ],
       [-0.00376363, -0.00828882,  0.99995829,  0.104698  ],
       [ 0.        ,  0.        ,  0.        ,  1.        ]])]"
107,"[array([[ 0.26163564, -0.96751222, -0.00804939, -0.05861   ],
       [ 0.96516062,  0.25265542,  0.00573672,  0.1479215 ],
       [-0.00343101, -0.00923774,  0.99995115,  0.104679  ],
       [ 0.        ,  0.        ,  0.        ,  1.        ]])]"
108,"[array([[ 0.25685148, -0.96882387, -0.00819938, -0.060081  ],
       [ 0.96644606,  0.24757715,  0.0053393 ,  0.147959  ],
       [-0.00305427, -0.00926608,  0.99995213,  0.1046665 ],
       [ 0.        ,  0.        ,  0.        ,  1.        ]])]"
109,"[array([[ 0.25426944, -0.96934642, -0.00788667, -0.0607885 ],
       [ 0.96712748,  0.24553258,  0.0055771 ,  0.1479605 ],
       [-0.00338859, -0.00901469,  0.99995335,  0.1046645 ],
       [ 0.        ,  0.        ,  0.        ,  1.        ]])]"
110,"[array([[ 0.25009897, -0.97067979, -0.00830384, -0.062222  ],
       [ 0.96821279,  0.24018763,  0.00607819,  0.148138  ],
       [-0.0038084 , -0.00952078,  0.99994705,  0.1046505 ],
       [ 0.        ,  0.        ,  0.        ,  1.        ]])]"
111,"[array([[ 2.15207788e-01, -9.75200829e-01, -1.47214281e-03,
        -6.81505000e-02],
       [ 9.76539626e-01,  2.21321729e-01, -7.33623619e-03,
         1.48526000e-01],
       [ 7.48115137e-03,  1.88038853e-04,  9.99972006e-01,
         1.04573000e-01],
       [ 0.00000000e+00,  0.00000000e+00,  0.00000000e+00,
         1.00000000e+00]])]"
112,"[array([[ 0.13420173, -0.98974198,  0.00343048, -0.0776265 ],
       [ 0.99093229,  0.14279844, -0.00708912,  0.149049  ],
       [ 0.00656467,  0.00440775,  0.99996899,  0.1045665 ],
       [ 0.        ,  0.        ,  0.        ,  1.        ]])]"
113,"[array([[ 0.09108977, -0.99593363, -0.00257291, -0.0812255 ],
       [ 0.99583727,  0.09006099, -0.00306124,  0.1489485 ],
       [ 0.00328289, -0.00228677,  0.999992  ,  0.1044415 ],
       [ 0.        ,  0.        ,  0.        ,  1.        ]])]"
114,"[array([[ 0.04322606, -0.99909028, -0.00220108, -0.085357  ],
       [ 0.9990622 ,  0.04259372, -0.00240091,  0.1487725 ],
       [ 0.00249381, -0.00209683,  0.9999947 ,  0.1044195 ],
       [ 0.        ,  0.        ,  0.        ,  1.        ]])]"
115,"[array([[ 0.01941658, -0.99982715, -0.00217366, -0.087251  ],
       [ 0.99980847,  0.0184701 , -0.0024113 ,  0.148611  ],
       [ 0.00245306, -0.00212876,  0.99999473,  0.104416  ],
       [ 0.        ,  0.        ,  0.        ,  1.        ]])]"
116,"[array([[-1.02649701e-02, -9.99934207e-01, -3.04076966e-04,
        -8.97305000e-02],
       [ 9.99941074e-01, -1.14657702e-02, -3.53578703e-03,
         1.48198000e-01],
       [ 3.53247959e-03, -3.44599651e-04,  9.99993703e-01,
         1.04442500e-01],
       [ 0.00000000e+00,  0.00000000e+00,  0.00000000e+00,
         1.00000000e+00]])]"
117,"[array([[-0.02723046, -0.99959246, -0.00205383, -0.090613  ],
       [ 0.999628  , -0.02846941, -0.00159472,  0.1478915 ],
       [ 0.00153821, -0.00209841,  0.99999662,  0.1043955 ],
       [ 0.        ,  0.        ,  0.        ,  1.        ]])]"
118,"[array([[-0.03818881, -0.9992213 , -0.00267995, -0.0911115 ],
       [ 0.999267  , -0.03935767, -0.00276385,  0.1475805 ],
       [ 0.0026595 , -0.00278666,  0.99999259,  0.1043895 ],
       [ 0.        ,  0.        ,  0.        ,  1.        ]])]"
119,"[array([[-0.0398534 , -0.99914843, -0.00293257, -0.0911    ],
       [ 0.99920243, -0.04114841, -0.00261237,  0.147574  ],
       [ 0.00249343, -0.00303759,  0.99999229,  0.1043945 ],
       [ 0.        ,  0.        ,  0.        ,  1.        ]])]"
120,"[array([[-0.04766958, -0.99876371, -0.00335384, -0.0916195 ],
       [ 0.99885855, -0.04958579, -0.00319739,  0.1475175 ],
       [ 0.0030339 , -0.00350828,  0.99998926,  0.104411  ],
       [ 0.        ,  0.        ,  0.        ,  1.        ]])]"
121,"[array([[-0.0574335 , -0.9983039 , -0.00309877, -0.092234  ],
       [ 0.99833791, -0.05811957, -0.00496188,  0.147393  ],
       [ 0.00477574, -0.00338196,  0.99998289,  0.104439  ],
       [ 0.        ,  0.        ,  0.        ,  1.        ]])]"
122,"[array([[-0.06840411, -0.99756785, -0.00441566, -0.0930965 ],
       [ 0.99763609, -0.06953078, -0.00688423,  0.1471845 ],
       [ 0.00656613, -0.00488375,  0.99996655,  0.10452   ],
       [ 0.        ,  0.        ,  0.        ,  1.        ]])]"
123,"[array([[-0.0735925 , -0.99716969, -0.00408109, -0.0933595 ],
       [ 0.9972594 , -0.07503895, -0.00792618,  0.1470515 ],
       [ 0.00760442, -0.0046645 ,  0.99996026,  0.1045475 ],
       [ 0.        ,  0.        ,  0.        ,  1.        ]])]"
124,"[array([[-0.07348067, -0.99717729, -0.00336046, -0.093301  ],
       [ 0.99726732, -0.07497927, -0.00791559,  0.1470675 ],
       [ 0.00764731, -0.00394463,  0.99996302,  0.104542  ],
       [ 0.        ,  0.        ,  0.        ,  1.        ]])]"
125,"[array([[-0.07746562, -0.99692004, -0.00321298, -0.093719  ],
       [ 0.99695972, -0.07832854, -0.00866526,  0.147014  ],
       [ 0.00839038, -0.00388199,  0.99995729,  0.10456   ],
       [ 0.        ,  0.        ,  0.        ,  1.        ]])]"
126,"[array([[-0.06858387, -0.99758394, -0.00225915, -0.090027  ],
       [ 0.99764397, -0.06943064, -0.00182086,  0.1478485 ],
       [ 0.00166163, -0.00238012,  0.99999579,  0.104408  ],
       [ 0.        ,  0.        ,  0.        ,  1.        ]])]"
127,"[array([[-0.02446698, -0.99966291, -0.00291914, -0.0843265 ],
       [ 0.99969848, -0.0257921 , -0.00214905,  0.149387  ],
       [ 0.00207699, -0.0029736 ,  0.99999343,  0.1044275 ],
       [ 0.        ,  0.        ,  0.        ,  1.        ]])]"
128,"[array([[ 0.04566574, -0.99882198,  0.00404498, -0.075688  ],
       [ 0.99895366,  0.04834527, -0.00268062,  0.151177  ],
       [ 0.00249313,  0.00416986,  0.99998823,  0.1046415 ],
       [ 0.        ,  0.        ,  0.        ,  1.        ]])]"
129,"[array([[ 0.10420782, -0.99518741, -0.00450053, -0.0687375 ],
       [ 0.9945485 ,  0.09786762,  0.0042345 ,  0.151199  ],
       [-0.0037425 , -0.00489338,  0.99998091,  0.1046525 ],
       [ 0.        ,  0.        ,  0.        ,  1.        ]])]"
130,"[array([[ 0.14957769, -0.99002347, -0.00811529, -0.062411  ],
       [ 0.98873741,  0.14062013,  0.00626873,  0.1503355 ],
       [-0.00498453, -0.0089163 ,  0.99994742,  0.104661  ],
       [ 0.        ,  0.        ,  0.        ,  1.        ]])]"
131,"[array([[ 0.19638847, -0.98233076, -0.00768625, -0.056936  ],
       [ 0.98051925,  0.1869581 ,  0.00529583,  0.14899   ],
       [-0.00368333, -0.00854091,  0.99995644,  0.104694  ],
       [ 0.        ,  0.        ,  0.        ,  1.        ]])]"
132,"[array([[ 0.23415966, -0.9744577 , -0.00785465, -0.054396  ],
       [ 0.97219608,  0.22440857,  0.00395957,  0.1476405 ],
       [-0.00201031, -0.00854292,  0.99996131,  0.104735  ],
       [ 0.        ,  0.        ,  0.        ,  1.        ]])]"
133,"[array([[ 0.23805148, -0.97340269, -0.00633495, -0.0555705 ],
       [ 0.97124837,  0.22898789,  0.00448275,  0.147678  ],
       [-0.0028459 , -0.00719317,  0.99996989,  0.1047515 ],
       [ 0.        ,  0.        ,  0.        ,  1.        ]])]"
134,"[array([[ 0.24228929, -0.97236696, -0.00435758, -0.0550575 ],
       [ 0.97020349,  0.23340953,  0.00216668,  0.1473795 ],
       [-0.00104633, -0.00474295,  0.99998816,  0.1048705 ],
       [ 0.        ,  0.        ,  0.        ,  1.        ]])]"
135,"[array([[ 0.25298589, -0.96984966, -0.00712902, -0.0538345 ],
       [ 0.96746389,  0.24361718, -0.00168227,  0.1470445 ],
       [ 0.00343117, -0.00650442,  0.99997317,  0.1049205 ],
       [ 0.        ,  0.        ,  0.        ,  1.        ]])]"
136,"[array([[ 0.2583941 , -0.96826819, -0.0064975 , -0.0528925 ],
       [ 0.96601637,  0.24986351, -0.00519479,  0.146701  ],
       [ 0.0066974 , -0.0049935 ,  0.9999654 ,  0.1050405 ],
       [ 0.        ,  0.        ,  0.        ,  1.        ]])]"
137,"[array([[ 0.25724517, -0.96867435, -0.00968171, -0.053255  ],
       [ 0.96632268,  0.24819612, -0.00439586,  0.146775  ],
       [ 0.00673877, -0.00828785,  0.99994347,  0.105017  ],
       [ 0.        ,  0.        ,  0.        ,  1.        ]])]"
138,"[array([[ 0.24711326, -0.97131637, -0.00906102, -0.058272  ],
       [ 0.96898377,  0.23758366,  0.00473038,  0.148314  ],
       [-0.00234469, -0.00992549,  0.99994776,  0.104692  ],
       [ 0.        ,  0.        ,  0.        ,  1.        ]])]"
139,"[array([[ 0.18602607, -0.98074536,  0.00102502, -0.0696305 ],
       [ 0.98251508,  0.1952741 , -0.00797362,  0.1494065 ],
       [ 0.00764377,  0.00256241,  0.99996768,  0.104643  ],
       [ 0.        ,  0.        ,  0.        ,  1.        ]])]"
140,"[array([[ 0.05123041, -0.99873699, -0.00335701, -0.0830655 ],
       [ 0.99868133,  0.05014199, -0.0031561 ,  0.1495825 ],
       [ 0.00332395, -0.00319456,  0.99998938,  0.104441  ],
       [ 0.        ,  0.        ,  0.        ,  1.        ]])]"
141,"[array([[-0.09014179, -0.99586579, -0.00345539, -0.095044  ],
       [ 0.99588187, -0.09073249, -0.01003554,  0.146868  ],
       [ 0.00968328, -0.0043519 ,  0.99994367,  0.1046005 ],
       [ 0.        ,  0.        ,  0.        ,  1.        ]])]"
142,"[array([[-0.0941802 , -0.99551327, -0.00188157, -0.095125  ],
       [ 0.99550051, -0.09457815, -0.01065669,  0.146809  ],
       [ 0.01043214, -0.00288119,  0.99994145,  0.10462   ],
       [ 0.        ,  0.        ,  0.        ,  1.        ]])]"
143,"[array([[-9.26397213e-02, -9.95645651e-01, -7.73561404e-04,
        -9.49440000e-02],
       [ 9.95648521e-01, -9.32028522e-02, -1.02103852e-02,
         1.46842500e-01],
       [ 1.00948217e-02, -1.72192035e-03,  9.99947573e-01,
         1.04622500e-01],
       [ 0.00000000e+00,  0.00000000e+00,  0.00000000e+00,
         1.00000000e+00]])]"
144,"[array([[-9.22430618e-02, -9.95670704e-01, -4.60312957e-04,
        -9.48675000e-02],
       [ 9.95684905e-01, -9.29401176e-02, -1.02244758e-02,
         1.46859500e-01],
       [ 1.01384266e-02, -1.40865790e-03,  9.99947623e-01,
         1.04620500e-01],
       [ 0.00000000e+00,  0.00000000e+00,  0.00000000e+00,
         1.00000000e+00]])]"
145,"[array([[-0.09108104, -0.99570163, -0.00245193, -0.093909  ],
       [ 0.9958221 , -0.09256806, -0.00677805,  0.147165  ],
       [ 0.00652657, -0.0030689 ,  0.99997402,  0.104521  ],
       [ 0.        ,  0.        ,  0.        ,  1.        ]])]"
146,"[array([[-0.08706524, -0.99609847, -0.0024581 , -0.091648  ],
       [ 0.99620093, -0.08820959, -0.00205037,  0.147683  ],
       [ 0.00182858, -0.00262938,  0.99999488,  0.104389  ],
       [ 0.        ,  0.        ,  0.        ,  1.        ]])]"
147,"[array([[-0.06513654, -0.99781773, -0.00212124, -0.0873385 ],
       [ 0.99787345, -0.06598901, -0.00255451,  0.148423  ],
       [ 0.00241092, -0.0022852 ,  0.99999449,  0.1043995 ],
