,LP,LD1,LD2,RP,RD1,RD2
0,"[array([[-0.56237422, -0.82653903, -0.02384257, -0.0140327 ],
       [ 0.8257972 , -0.56287941,  0.03501072,  0.09944039],
       [-0.04235821,  0.        ,  0.99910249,  0.08565282],
       [ 0.        ,  0.        ,  0.        ,  1.        ]])]","[array([[ 6.97000252e-03, -9.99975694e-01,  1.72707542e-04,
        -4.94015367e-02],
       [ 9.99668851e-01,  6.97214193e-03,  2.47704860e-02,
         1.60887905e-01],
       [-2.47710881e-02, -0.00000000e+00,  9.99693150e-01,
         8.35367206e-02],
       [ 0.00000000e+00,  0.00000000e+00,  0.00000000e+00,
         1.00000000e+00]])]","[array([[ 6.97000252e-03, -9.99975694e-01,  1.72707542e-04,
        -4.94015367e-02],
       [ 9.99668851e-01,  6.97214193e-03,  2.47704860e-02,
         1.60887905e-01],
       [-2.47710881e-02, -0.00000000e+00,  9.99693150e-01,
         8.35367206e-02],
       [ 0.00000000e+00,  0.00000000e+00,  0.00000000e+00,
         1.00000000e+00]])]","[array([[ 0.56723599, -0.82335313,  0.01824724,  0.04505865],
       [ 0.82292744,  0.56752941,  0.0264725 ,  0.10993625],
       [-0.03215206,  0.        ,  0.99948299,  0.08619421],
       [ 0.        ,  0.        ,  0.        ,  1.        ]])]","[array([[ 0.03616647, -0.99934476, -0.00142886,  0.07831492],
       [ 0.99856574,  0.03619468, -0.03945126,  0.16010329],
       [ 0.03947713,  0.        ,  0.99922047,  0.08270263],
       [ 0.        ,  0.        ,  0.        ,  1.        ]])]","[array([[ 0.03616647, -0.99934476, -0.00142886,  0.07831492],
       [ 0.99856574,  0.03619468, -0.03945126,  0.16010329],
       [ 0.03947713,  0.        ,  0.99922047,  0.08270263],
       [ 0.        ,  0.        ,  0.        ,  1.        ]])]"
1,"[array([[-0.56241534, -0.8265179 , -0.02360396, -0.01403854],
       [ 0.82579095, -0.56291044,  0.03465755,  0.09944218],
       [-0.041932  ,  0.        ,  0.99912047,  0.08563728],
       [ 0.        ,  0.        ,  0.        ,  1.        ]])]","[array([[ 7.17200602e-03, -9.99974265e-01,  1.77748334e-04,
        -4.94149540e-02],
       [ 9.99667300e-01,  7.17420830e-03,  2.47753832e-02,
         1.60889864e-01],
       [-2.47760208e-02, -0.00000000e+00,  9.99693027e-01,
         8.35358775e-02],
       [ 0.00000000e+00,  0.00000000e+00,  0.00000000e+00,
         1.00000000e+00]])]","[array([[ 7.17200602e-03, -9.99974265e-01,  1.77748334e-04,
        -4.94149540e-02],
       [ 9.99667300e-01,  7.17420830e-03,  2.47753832e-02,
         1.60889864e-01],
       [-2.47760208e-02, -0.00000000e+00,  9.99693027e-01,
         8.35358775e-02],
       [ 0.00000000e+00,  0.00000000e+00,  0.00000000e+00,
         1.00000000e+00]])]","[array([[ 0.56702276, -0.82350166,  0.01817156,  0.04506111],
       [ 0.8230791 ,  0.56731386,  0.02637748,  0.10992994],
       [-0.03203088,  0.        ,  0.99948688,  0.08618949],
       [ 0.        ,  0.        ,  0.        ,  1.        ]])]","[array([[ 0.0358587 , -0.99935587, -0.00141643,  0.07832355],
       [ 0.99857714,  0.03588667, -0.03944423,  0.16009569],
       [ 0.03946965,  0.        ,  0.99922077,  0.08270287],
       [ 0.        ,  0.        ,  0.        ,  1.        ]])]","[array([[ 0.0358587 , -0.99935587, -0.00141643,  0.07832355],
       [ 0.99857714,  0.03588667, -0.03944423,  0.16009569],
       [ 0.03946965,  0.        ,  0.99922077,  0.08270287],
       [ 0.        ,  0.        ,  0.        ,  1.        ]])]"
2,"[array([[-0.56247045, -0.8264794 , -0.02363867, -0.01403287],
       [ 0.82575049, -0.56296696,  0.03470341,  0.09944144],
       [-0.04198944,  0.        ,  0.99911805,  0.08563956],
       [ 0.        ,  0.        ,  0.        ,  1.        ]])]","[array([[ 7.12115827e-03, -9.99974629e-01,  1.75756044e-04,
        -4.94083387e-02],
       [ 9.99670204e-01,  7.12332684e-03,  2.46726829e-02,
         1.60888542e-01],
       [-2.46733089e-02, -0.00000000e+00,  9.99695568e-01,
         8.35306112e-02],
       [ 0.00000000e+00,  0.00000000e+00,  0.00000000e+00,
         1.00000000e+00]])]","[array([[ 7.12115827e-03, -9.99974629e-01,  1.75756044e-04,
        -4.94083387e-02],
       [ 9.99670204e-01,  7.12332684e-03,  2.46726829e-02,
         1.60888542e-01],
       [-2.46733089e-02, -0.00000000e+00,  9.99695568e-01,
         8.35306112e-02],
       [ 0.00000000e+00,  0.00000000e+00,  0.00000000e+00,
         1.00000000e+00]])]","[array([[ 0.56694725, -0.8235538 ,  0.01816468,  0.04506734],
       [ 0.82313142,  0.56723817,  0.02637268,  0.10992809],
       [-0.03202302,  0.        ,  0.99948713,  0.08619032],
       [ 0.        ,  0.        ,  0.        ,  1.        ]])]","[array([[ 0.03606635, -0.99934838, -0.0014231 ,  0.07831805],
       [ 0.99857134,  0.03609441, -0.0394015 ,  0.16010073],
       [ 0.03942719,  0.        ,  0.99922245,  0.08270622],
       [ 0.        ,  0.        ,  0.        ,  1.        ]])]","[array([[ 0.03606635, -0.99934838, -0.0014231 ,  0.07831805],
       [ 0.99857134,  0.03609441, -0.0394015 ,  0.16010073],
       [ 0.03942719,  0.        ,  0.99922245,  0.08270622],
       [ 0.        ,  0.        ,  0.        ,  1.        ]])]"
3,"[array([[-0.56137234, -0.82720788, -0.02425322, -0.01406475],
       [ 0.82643695, -0.56189601,  0.03570493,  0.09943925],
       [-0.04316318,  0.        ,  0.99906804,  0.08566786],
       [ 0.        ,  0.        ,  0.        ,  1.        ]])]","[array([[ 7.72110824e-03, -9.99970175e-01,  1.85093518e-04,
        -4.94263970e-02],
       [ 9.99682969e-01,  7.72332649e-03,  2.39648030e-02,
         1.60892837e-01],
       [-2.39655178e-02, -0.00000000e+00,  9.99712786e-01,
         8.35081035e-02],
       [ 0.00000000e+00,  0.00000000e+00,  0.00000000e+00,
         1.00000000e+00]])]","[array([[ 7.72110824e-03, -9.99970175e-01,  1.85093518e-04,
        -4.94263970e-02],
       [ 9.99682969e-01,  7.72332649e-03,  2.39648030e-02,
         1.60892837e-01],
       [-2.39655178e-02, -0.00000000e+00,  9.99712786e-01,
         8.35081035e-02],
       [ 0.00000000e+00,  0.00000000e+00,  0.00000000e+00,
         1.00000000e+00]])]","[array([[ 0.54787002, -0.83651628,  0.00888567,  0.04567563],
       [ 0.83640628,  0.54794207,  0.01356531,  0.10931949],
       [-0.01621644,  0.        ,  0.9998685 ,  0.08567425],
       [ 0.        ,  0.        ,  0.        ,  1.        ]])]","[array([[ 0.03236287, -0.99947526, -0.00136309,  0.07850608],
       [ 0.99858989,  0.03239156, -0.04205967,  0.16002423],
       [ 0.04208175,  0.        ,  0.99911417,  0.0825648 ],
       [ 0.        ,  0.        ,  0.        ,  1.        ]])]","[array([[ 0.03236287, -0.99947526, -0.00136309,  0.07850608],
       [ 0.99858989,  0.03239156, -0.04205967,  0.16002423],
       [ 0.04208175,  0.        ,  0.99911417,  0.0825648 ],
       [ 0.        ,  0.        ,  0.        ,  1.        ]])]"
4,"[array([[-0.56367525, -0.82568011, -0.02285979, -0.01399379],
       [ 0.82500195, -0.5641386 ,  0.03345787,  0.09942888],
       [-0.04052158,  0.        ,  0.99917866,  0.08560968],
       [ 0.        ,  0.        ,  0.        ,  1.        ]])]","[array([[ 7.77084346e-03, -9.99969789e-01,  1.86666076e-04,
        -4.94269769e-02],
       [ 9.99681410e-01,  7.77308512e-03,  2.40136875e-02,
         1.60891110e-01],
       [-2.40144130e-02, -0.00000000e+00,  9.99711612e-01,
         8.35106583e-02],
       [ 0.00000000e+00,  0.00000000e+00,  0.00000000e+00,
         1.00000000e+00]])]","[array([[ 7.77084346e-03, -9.99969789e-01,  1.86666076e-04,
        -4.94269769e-02],
       [ 9.99681410e-01,  7.77308512e-03,  2.40136875e-02,
         1.60891110e-01],
       [-2.40144130e-02, -0.00000000e+00,  9.99711612e-01,
         8.35106583e-02],
       [ 0.00000000e+00,  0.00000000e+00,  0.00000000e+00,
         1.00000000e+00]])]","[array([[ 0.54398636, -0.83902922,  0.01043086,  0.04605132],
       [ 0.83887502,  0.54408635,  0.0160853 ,  0.10937697],
       [-0.01917133,  0.        ,  0.99981621,  0.08556944],
       [ 0.        ,  0.        ,  0.        ,  1.        ]])]","[array([[ 0.03939857, -0.99922201, -0.00177039,  0.07812982],
       [ 0.99821472,  0.03943833, -0.04485526,  0.16030105],
       [ 0.04489019,  0.        ,  0.99899193,  0.08247449],
       [ 0.        ,  0.        ,  0.        ,  1.        ]])]","[array([[ 0.03939857, -0.99922201, -0.00177039,  0.07812982],
       [ 0.99821472,  0.03943833, -0.04485526,  0.16030105],
       [ 0.04489019,  0.        ,  0.99899193,  0.08247449],
       [ 0.        ,  0.        ,  0.        ,  1.        ]])]"
