,LP,LD1,LD2,RP,RD1,RD2
0,"[array([[-0.46244341, -0.88660627, -0.00868432, -0.11529241],
       [ 0.88644997, -0.46252495,  0.01664683,  0.0786223 ],
       [-0.0187759 ,  0.        ,  0.99982372,  0.08454158],
       [ 0.        ,  0.        ,  0.        ,  1.        ]])]","[array([[ 0.48536617, -0.87426166,  0.00928648, -0.13969782],
       [ 0.87410168,  0.485455  ,  0.01672412,  0.14534411],
       [-0.01912943, -0.        ,  0.99981702,  0.08316332],
       [ 0.        ,  0.        ,  0.        ,  1.        ]])]","[array([[ 0.48536617, -0.87426166,  0.00928648, -0.13969782],
       [ 0.87410168,  0.485455  ,  0.01672412,  0.14534411],
       [-0.01912943, -0.        ,  0.99981702,  0.08316332],
       [ 0.        ,  0.        ,  0.        ,  1.        ]])]","[array([[ 0.47794721, -0.87797779,  0.02686   , -0.05644707],
       [ 0.87659461,  0.47870136,  0.04926346,  0.08838476],
       [-0.05611014,  0.        ,  0.99842458,  0.08656887],
       [ 0.        ,  0.        ,  0.        ,  1.        ]])]","[array([[-0.1444901 , -0.98948753,  0.00608527, -0.02850167],
       [ 0.98861117, -0.14461818, -0.04163582,  0.14101966],
       [ 0.04207816, -0.        ,  0.99911432,  0.08206491],
       [ 0.        ,  0.        ,  0.        ,  1.        ]])]","[array([[-0.1444901 , -0.98948753,  0.00608527, -0.02850167],
       [ 0.98861117, -0.14461818, -0.04163582,  0.14101966],
       [ 0.04207816, -0.        ,  0.99911432,  0.08206491],
       [ 0.        ,  0.        ,  0.        ,  1.        ]])]"
1,"[array([[-0.4624175 , -0.88661979, -0.00868335, -0.11529015],
       [ 0.88646351, -0.46249902,  0.01664615,  0.07861929],
       [-0.01877485,  0.        ,  0.99982374,  0.08453856],
       [ 0.        ,  0.        ,  0.        ,  1.        ]])]","[array([[ 0.48518669, -0.87436133,  0.00928149, -0.13969256],
       [ 0.87420139,  0.48527545,  0.01672323,  0.14533914],
       [-0.01912623, -0.        ,  0.99981708,  0.08316221],
       [ 0.        ,  0.        ,  0.        ,  1.        ]])]","[array([[ 0.48518669, -0.87436133,  0.00928149, -0.13969256],
       [ 0.87420139,  0.48527545,  0.01672323,  0.14533914],
       [-0.01912623, -0.        ,  0.99981708,  0.08316221],
       [ 0.        ,  0.        ,  0.        ,  1.        ]])]","[array([[ 0.47819938, -0.87783993,  0.0268777 , -0.0564515 ],
       [ 0.87645661,  0.47895413,  0.04926217,  0.08839309],
       [-0.05611749,  0.        ,  0.99842417,  0.08657003],
       [ 0.        ,  0.        ,  0.        ,  1.        ]])]","[array([[-0.14440357, -0.98950012,  0.00609249, -0.02850659],
       [ 0.98862061, -0.14453203, -0.04171061,  0.14101055],
       [ 0.04215321, -0.        ,  0.99911116,  0.08205753],
       [ 0.        ,  0.        ,  0.        ,  1.        ]])]","[array([[-0.14440357, -0.98950012,  0.00609249, -0.02850659],
       [ 0.98862061, -0.14453203, -0.04171061,  0.14101055],
       [ 0.04215321, -0.        ,  0.99911116,  0.08205753],
       [ 0.        ,  0.        ,  0.        ,  1.        ]])]"
2,"[array([[-0.46248833, -0.88658372, -0.00859354, -0.11528815],
       [ 0.88643071, -0.46256817,  0.01647085,  0.07861824],
       [-0.01857789,  0.        ,  0.99982742,  0.08453114],
       [ 0.        ,  0.        ,  0.        ,  1.        ]])]","[array([[ 0.48483642, -0.87455839,  0.00901506, -0.13967131],
       [ 0.87440725,  0.48492022,  0.01625875,  0.14532799],
       [-0.01859081, -0.        ,  0.99982718,  0.08313519],
       [ 0.        ,  0.        ,  0.        ,  1.        ]])]","[array([[ 0.48483642, -0.87455839,  0.00901506, -0.13967131],
       [ 0.87440725,  0.48492022,  0.01625875,  0.14532799],
       [-0.01859081, -0.        ,  0.99982718,  0.08313519],
       [ 0.        ,  0.        ,  0.        ,  1.        ]])]","[array([[ 0.48365686, -0.87489082,  0.02533942, -0.05665957],
       [ 0.87369257,  0.48432019,  0.0457739 ,  0.08849663],
       [-0.05231956,  0.        ,  0.99863039,  0.08642796],
       [ 0.        ,  0.        ,  0.        ,  1.        ]])]","[array([[-0.14465813, -0.98946299,  0.0060837 , -0.02849099],
       [ 0.98858913, -0.144786  , -0.0415758 ,  0.14101006],
       [ 0.04201855, -0.        ,  0.99911683,  0.08206681],
       [ 0.        ,  0.        ,  0.        ,  1.        ]])]","[array([[-0.14465813, -0.98946299,  0.0060837 , -0.02849099],
       [ 0.98858913, -0.144786  , -0.0415758 ,  0.14101006],
       [ 0.04201855, -0.        ,  0.99911683,  0.08206681],
       [ 0.        ,  0.        ,  0.        ,  1.        ]])]"
3,"[array([[-0.46249155, -0.88658259, -0.00853635, -0.11528907],
       [ 0.88643161, -0.46257033,  0.01636114,  0.07862019],
       [-0.01845416,  0.        ,  0.99982971,  0.08452837],
       [ 0.        ,  0.        ,  0.        ,  1.        ]])]","[array([[ 0.48506031, -0.87443321,  0.00911336, -0.13968287],
       [ 0.87427892,  0.48514591,  0.01642603,  0.14533409],
       [-0.01878478, -0.        ,  0.99982355,  0.08314836],
       [ 0.        ,  0.        ,  0.        ,  1.        ]])]","[array([[ 0.48506031, -0.87443321,  0.00911336, -0.13968287],
       [ 0.87427892,  0.48514591,  0.01642603,  0.14533409],
       [-0.01878478, -0.        ,  0.99982355,  0.08314836],
       [ 0.        ,  0.        ,  0.        ,  1.        ]])]","[array([[ 0.48388638, -0.87476339,  0.02535689, -0.05666858],
       [ 0.8735648 ,  0.48455031,  0.04577704,  0.08850353],
       [-0.05233076,  0.        ,  0.99862981,  0.08643021],
       [ 0.        ,  0.        ,  0.        ,  1.        ]])]","[array([[-0.14451801, -0.9894835 ,  0.00607824, -0.02849773],
       [ 0.9886095 , -0.14464577, -0.04157963,  0.14101434],
       [ 0.04202154, -0.        ,  0.9991167 ,  0.08206271],
       [ 0.        ,  0.        ,  0.        ,  1.        ]])]","[array([[-0.14451801, -0.9894835 ,  0.00607824, -0.02849773],
       [ 0.9886095 , -0.14464577, -0.04157963,  0.14101434],
       [ 0.04202154, -0.        ,  0.9991167 ,  0.08206271],
       [ 0.        ,  0.        ,  0.        ,  1.        ]])]"
4,"[array([[-0.46226683, -0.88669868, -0.00865083, -0.11529542],
       [ 0.88654345, -0.46234777,  0.01659071,  0.07861822],
       [-0.01871065,  0.        ,  0.99982494,  0.08453712],
       [ 0.        ,  0.        ,  0.        ,  1.        ]])]","[array([[ 0.48530817, -0.87429412,  0.00926132, -0.13968912],
       [ 0.87413497,  0.48539653,  0.01668145,  0.14533979],
       [-0.0190799 , -0.        ,  0.99981796,  0.08315274],
       [ 0.        ,  0.        ,  0.        ,  1.        ]])]","[array([[ 0.48530817, -0.87429412,  0.00926132, -0.13968912],
       [ 0.87413497,  0.48539653,  0.01668145,  0.14533979],
       [-0.0190799 , -0.        ,  0.99981796,  0.08315274],
       [ 0.        ,  0.        ,  0.        ,  1.        ]])]","[array([[ 0.4836136 , -0.87491468,  0.0253415 , -0.05665481],
       [ 0.87371598,  0.4842771 ,  0.04578298,  0.08849572],
       [-0.0523285 ,  0.        ,  0.99862993,  0.08642916],
       [ 0.        ,  0.        ,  0.        ,  1.        ]])]","[array([[-0.1446261 , -0.98946808,  0.00601767, -0.02849408],
       [ 0.98861267, -0.14475124, -0.04113464,  0.14100979],
       [ 0.04157248, -0.        ,  0.99913549,  0.082085  ],
       [ 0.        ,  0.        ,  0.        ,  1.        ]])]","[array([[-0.1446261 , -0.98946808,  0.00601767, -0.02849408],
       [ 0.98861267, -0.14475124, -0.04113464,  0.14100979],
       [ 0.04157248, -0.        ,  0.99913549,  0.082085  ],
       [ 0.        ,  0.        ,  0.        ,  1.        ]])]"
5,"[array([[-0.46243963, -0.88660739, -0.00877073, -0.11529251],
       [ 0.88644797, -0.46252279,  0.01681256,  0.07861837],
       [-0.01896281,  0.        ,  0.99982019,  0.08454577],
       [ 0.        ,  0.        ,  0.        ,  1.        ]])]","[array([[ 0.48534944, -0.87427094,  0.00928678, -0.13969633],
       [ 0.87411094,  0.48543828,  0.01672542,  0.14534174],
       [-0.01913071, -0.        ,  0.99981699,  0.08315936],
       [ 0.        ,  0.        ,  0.        ,  1.        ]])]","[array([[ 0.48534944, -0.87427094,  0.00928678, -0.13969633],
       [ 0.87411094,  0.48543828,  0.01672542,  0.14534174],
       [-0.01913071, -0.        ,  0.99981699,  0.08315936],
       [ 0.        ,  0.        ,  0.        ,  1.        ]])]","[array([[ 0.48344736, -0.87500391,  0.02543233, -0.05665588],
       [ 0.87379567,  0.48411585,  0.04596707,  0.08849151],
       [-0.05253356,  0.        ,  0.99861916,  0.08643375],
       [ 0.        ,  0.        ,  0.        ,  1.        ]])]","[array([[-0.144321  , -0.98951222,  0.00608462, -0.02850839],
       [ 0.98863396, -0.14444921, -0.0416811 ,  0.14101326],
       [ 0.04212288, -0.        ,  0.99911244,  0.08205949],
       [ 0.        ,  0.        ,  0.        ,  1.        ]])]","[array([[-0.144321  , -0.98951222,  0.00608462, -0.02850839],
       [ 0.98863396, -0.14444921, -0.0416811 ,  0.14101326],
       [ 0.04212288, -0.        ,  0.99911244,  0.08205949],
       [ 0.        ,  0.        ,  0.        ,  1.        ]])]"
6,"[array([[-0.4603818 , -0.88767894, -0.00864251, -0.1152968 ],
       [ 0.88752257, -0.46046291,  0.016661  ,  0.07864573],
       [-0.01876917,  0.        ,  0.99982384,  0.08453843],
       [ 0.        ,  0.        ,  0.        ,  1.        ]])]","[array([[ 0.48695426, -0.8733832 ,  0.00879447, -0.13951637],
       [ 0.8732408 ,  0.48703367,  0.01577086,  0.14541759],
       [-0.01805721, -0.        ,  0.99983696,  0.08312322],
       [ 0.        ,  0.        ,  0.        ,  1.        ]])]","[array([[ 0.48695426, -0.8733832 ,  0.00879447, -0.13951637],
       [ 0.8732408 ,  0.48703367,  0.01577086,  0.14541759],
       [-0.01805721, -0.        ,  0.99983696,  0.08312322],
       [ 0.        ,  0.        ,  0.        ,  1.        ]])]","[array([[ 0.48714591, -0.87297811,  0.0244558 , -0.05668575],
       [ 0.87188011,  0.48775939,  0.04377031,  0.08853975],
       [-0.05013907,  0.        ,  0.99874225,  0.08638912],
       [ 0.        ,  0.        ,  0.        ,  1.        ]])]","[array([[-0.14160844, -0.98990427,  0.00604838, -0.02838604],
       [ 0.98900256, -0.14173755, -0.04224227,  0.14097083],
       [ 0.04267308, -0.        ,  0.99908909,  0.082072  ],
       [ 0.        ,  0.        ,  0.        ,  1.        ]])]","[array([[-0.14160844, -0.98990427,  0.00604838, -0.02838604],
       [ 0.98900256, -0.14173755, -0.04224227,  0.14097083],
       [ 0.04267308, -0.        ,  0.99908909,  0.082072  ],
       [ 0.        ,  0.        ,  0.        ,  1.        ]])]"
7,"[array([[-0.46680212, -0.88432095, -0.00849923, -0.11526778],
       [ 0.88417441, -0.46687948,  0.01609847,  0.07856474],
       [-0.01820433,  0.        ,  0.99983429,  0.08453378],
       [ 0.        ,  0.        ,  0.        ,  1.        ]])]","[array([[ 0.47949018, -0.87749884,  0.00921699, -0.13999253],
       [ 0.87733677,  0.47957876,  0.01686459,  0.1451378 ],
       [-0.01921893, -0.        ,  0.9998153 ,  0.08317216],
       [ 0.        ,  0.        ,  0.        ,  1.        ]])]","[array([[ 0.47949018, -0.87749884,  0.00921699, -0.13999253],
       [ 0.87733677,  0.47957876,  0.01686459,  0.1451378 ],
       [-0.01921893, -0.        ,  0.9998153 ,  0.08317216],
       [ 0.        ,  0.        ,  0.        ,  1.        ]])]","[array([[ 0.47753957, -0.87825941,  0.02482677, -0.05667744],
       [ 0.87707491,  0.47818449,  0.04559818,  0.08845041],
       [-0.0519188 ,  0.        ,  0.99865131,  0.08640498],
       [ 0.        ,  0.        ,  0.        ,  1.        ]])]","[array([[-0.14981271, -0.98869453,  0.0062666 , -0.02882251],
       [ 0.9878307 , -0.14994372, -0.04132054,  0.14117726],
       [ 0.04179303, -0.        ,  0.99912629,  0.08204298],
       [ 0.        ,  0.        ,  0.        ,  1.        ]])]","[array([[-0.14981271, -0.98869453,  0.0062666 , -0.02882251],
       [ 0.9878307 , -0.14994372, -0.04132054,  0.14117726],
       [ 0.04179303, -0.        ,  0.99912629,  0.08204298],
       [ 0.        ,  0.        ,  0.        ,  1.        ]])]"
8,"[array([[-0.46941986, -0.88293316, -0.00860443, -0.11525936],
       [ 0.88278487, -0.46949871,  0.01618137,  0.07854507],
       [-0.01832684,  0.        ,  0.99983205,  0.08451752],
       [ 0.        ,  0.        ,  0.        ,  1.        ]])]","[array([[ 0.47699728, -0.87886168,  0.00870285, -0.14015539],
       [ 0.87871544,  0.47707667,  0.01603223,  0.14504269],
       [-0.01824204, -0.        ,  0.9998336 ,  0.0830821 ],
       [ 0.        ,  0.        ,  0.        ,  1.        ]])]","[array([[ 0.47699728, -0.87886168,  0.00870285, -0.14015539],
       [ 0.87871544,  0.47707667,  0.01603223,  0.14504269],
       [-0.01824204, -0.        ,  0.9998336 ,  0.0830821 ],
       [ 0.        ,  0.        ,  0.        ,  1.        ]])]","[array([[ 0.47266557, -0.88089449,  0.02474156, -0.05666165],
       [ 0.87969016,  0.47331268,  0.04604716,  0.08837059],
       [-0.05227318,  0.        ,  0.99863282,  0.08642192],
       [ 0.        ,  0.        ,  0.        ,  1.        ]])]","[array([[-0.1510638 , -0.98850364,  0.00634709, -0.0289981 ],
       [ 0.98763227, -0.15119708, -0.04149628,  0.14123333],
       [ 0.04197889, -0.        ,  0.9991185 ,  0.08209707],
       [ 0.        ,  0.        ,  0.        ,  1.        ]])]","[array([[-0.1510638 , -0.98850364,  0.00634709, -0.0289981 ],
       [ 0.98763227, -0.15119708, -0.04149628,  0.14123333],
       [ 0.04197889, -0.        ,  0.9991185 ,  0.08209707],
       [ 0.        ,  0.        ,  0.        ,  1.        ]])]"
9,"[array([[-0.49424661, -0.86928158, -0.00835558, -0.11516995],
       [ 0.86915739, -0.49431724,  0.0146937 ,  0.07829802],
       [-0.01690327,  0.        ,  0.99985713,  0.08452063],
       [ 0.        ,  0.        ,  0.        ,  1.        ]])]","[array([[ 0.45124244, -0.89234545,  0.00999293, -0.14199406],
       [ 0.89212672,  0.45135307,  0.01975648,  0.14403146],
       [-0.02213994, -0.        ,  0.99975488,  0.08325505],
       [ 0.        ,  0.        ,  0.        ,  1.        ]])]","[array([[ 0.45124244, -0.89234545,  0.00999293, -0.14199406],
       [ 0.89212672,  0.45135307,  0.01975648,  0.14403146],
       [-0.02213994, -0.        ,  0.99975488,  0.08325505],
       [ 0.        ,  0.        ,  0.        ,  1.        ]])]","[array([[ 0.45002875, -0.89278469,  0.0202388 , -0.05693511],
       [ 0.89188323,  0.45048362,  0.04010999,  0.08835086],
       [-0.04492684,  0.        ,  0.99899028,  0.08602436],
       [ 0.        ,  0.        ,  0.        ,  1.        ]])]","[array([[-0.17766237, -0.98406604,  0.00707921, -0.03083324],
       [ 0.98328575, -0.17780335, -0.03918042,  0.14188072],
       [ 0.03981482, -0.        ,  0.99920708,  0.08183289],
       [ 0.        ,  0.        ,  0.        ,  1.        ]])]","[array([[-0.17766237, -0.98406604,  0.00707921, -0.03083324],
       [ 0.98328575, -0.17780335, -0.03918042,  0.14188072],
       [ 0.03981482, -0.        ,  0.99920708,  0.08183289],
       [ 0.        ,  0.        ,  0.        ,  1.        ]])]"
10,"[array([[-0.58815549, -0.80849511, -0.02021829, -0.11487295],
       [ 0.80801783, -0.5885029 ,  0.02777623,  0.07728418],
       [-0.03435547,  0.        ,  0.99940968,  0.08488856],
       [ 0.        ,  0.        ,  0.        ,  1.        ]])]","[array([[ 0.44060274, -0.89769451,  0.00371356, -0.14876579],
       [ 0.89766263,  0.44061839,  0.00756582,  0.13973911],
       [-0.00842805, -0.        ,  0.99996448,  0.08287001],
       [ 0.        ,  0.        ,  0.        ,  1.        ]])]","[array([[ 0.44060274, -0.89769451,  0.00371356, -0.14876579],
       [ 0.89766263,  0.44061839,  0.00756582,  0.13973911],
       [-0.00842805, -0.        ,  0.99996448,  0.08287001],
       [ 0.        ,  0.        ,  0.        ,  1.        ]])]","[array([[ 0.35499259, -0.93469494,  0.0180454 , -0.05734325],
       [ 0.93348964,  0.35545095,  0.04745224,  0.08741046],
       [-0.05076762,  0.        ,  0.99871049,  0.08614019],
       [ 0.        ,  0.        ,  0.        ,  1.        ]])]","[array([[-0.2203498 , -0.97538078,  0.0088492 , -0.03699436],
       [ 0.97459517, -0.22052742, -0.03913953,  0.14407462],
       [ 0.04012744, -0.        ,  0.99919457,  0.08162495],
       [ 0.        ,  0.        ,  0.        ,  1.        ]])]","[array([[-0.2203498 , -0.97538078,  0.0088492 , -0.03699436],
       [ 0.97459517, -0.22052742, -0.03913953,  0.14407462],
       [ 0.04012744, -0.        ,  0.99919457,  0.08162495],
       [ 0.        ,  0.        ,  0.        ,  1.        ]])]"
11,"[array([[-0.73914718, -0.67302216, -0.02650702, -0.11368973],
       [ 0.6725898 , -0.73962232,  0.02412016,  0.07564078],
       [-0.03583859,  0.        ,  0.99935759,  0.08499378],
       [ 0.        ,  0.        ,  0.        ,  1.        ]])]","[array([[ 0.43746406, -0.89922979,  0.0033147 , -0.15818289],
       [ 0.89920398,  0.43747661,  0.00681334,  0.13075296],
       [-0.00757686, -0.        ,  0.9999713 ,  0.08288794],
       [ 0.        ,  0.        ,  0.        ,  1.        ]])]","[array([[ 0.43746406, -0.89922979,  0.0033147 , -0.15818289],
       [ 0.89920398,  0.43747661,  0.00681334,  0.13075296],
       [-0.00757686, -0.        ,  0.9999713 ,  0.08288794],
       [ 0.        ,  0.        ,  0.        ,  1.        ]])]","[array([[ 0.20314357, -0.97908196,  0.01145478, -0.05797277],
       [ 0.97752913,  0.20346626,  0.05512051,  0.08581511],
       [-0.05629815,  0.        ,  0.998414  ,  0.08629508],
       [ 0.        ,  0.        ,  0.        ,  1.        ]])]","[array([[-0.27657476, -0.96092847,  0.01108527, -0.04659869],
       [ 0.96015755, -0.27679682, -0.03848363,  0.14619403],
       [ 0.04004839, -0.        ,  0.99919774,  0.08150846],
       [ 0.        ,  0.        ,  0.        ,  1.        ]])]","[array([[-0.27657476, -0.96092847,  0.01108527, -0.04659869],
       [ 0.96015755, -0.27679682, -0.03848363,  0.14619403],
       [ 0.04004839, -0.        ,  0.99919774,  0.08150846],
       [ 0.        ,  0.        ,  0.        ,  1.        ]])]"
12,"[array([[-0.77974528, -0.62552789, -0.02668629, -0.11324509],
       [ 0.62516187, -0.78020181,  0.02139577,  0.07521258],
       [-0.03420435,  0.        ,  0.99941486,  0.08503618],
       [ 0.        ,  0.        ,  0.        ,  1.        ]])]","[array([[ 0.40852205, -0.91274341,  0.00303482, -0.16095035],
       [ 0.91271822,  0.40853332,  0.00678039,  0.12750996],
       [-0.00742858, -0.        ,  0.99997241,  0.08287323],
       [ 0.        ,  0.        ,  0.        ,  1.        ]])]","[array([[ 0.40852205, -0.91274341,  0.00303482, -0.16095035],
       [ 0.91271822,  0.40853332,  0.00678039,  0.12750996],
       [-0.00742858, -0.        ,  0.99997241,  0.08287323],
       [ 0.        ,  0.        ,  0.        ,  1.        ]])]","[array([[ 0.14489336, -0.98941784,  0.00763221, -0.05827069],
       [ 0.98804806,  0.14509423,  0.05204512,  0.08519343],
       [-0.05260176,  0.        ,  0.99861557,  0.08614428],
       [ 0.        ,  0.        ,  0.        ,  1.        ]])]","[array([[-0.29055876, -0.95678933,  0.01139263, -0.05045408],
       [ 0.9560547 , -0.29078202, -0.03748632,  0.14673621],
       [ 0.03917928, -0.        ,  0.9992322 ,  0.0814741 ],
       [ 0.        ,  0.        ,  0.        ,  1.        ]])]","[array([[-0.29055876, -0.95678933,  0.01139263, -0.05045408],
       [ 0.9560547 , -0.29078202, -0.03748632,  0.14673621],
       [ 0.03917928, -0.        ,  0.9992322 ,  0.0814741 ],
       [ 0.        ,  0.        ,  0.        ,  1.        ]])]"
13,"[array([[-0.82300289, -0.56698387, -0.03457667, -0.11272118],
       [ 0.56648414, -0.8237289 ,  0.0237996 ,  0.07475684],
       [-0.04197579,  0.        ,  0.99911863,  0.08524226],
       [ 0.        ,  0.        ,  0.        ,  1.        ]])]","[array([[ 0.37829962, -0.92566485,  0.00583028, -0.16416442],
       [ 0.92555493,  0.37834454,  0.01426447,  0.1238629 ],
       [-0.01540997, -0.        ,  0.99988126,  0.08326504],
       [ 0.        ,  0.        ,  0.        ,  1.        ]])]","[array([[ 0.37829962, -0.92566485,  0.00583028, -0.16416442],
       [ 0.92555493,  0.37834454,  0.01426447,  0.1238629 ],
       [-0.01540997, -0.        ,  0.99988126,  0.08326504],
       [ 0.        ,  0.        ,  0.        ,  1.        ]])]","[array([[ 0.06410529, -0.9979376 ,  0.00332477, -0.05831365],
       [ 0.99659813,  0.06419145,  0.05168771,  0.0843029 ],
       [-0.05179453,  0.        ,  0.99865776,  0.0860832 ],
       [ 0.        ,  0.        ,  0.        ,  1.        ]])]","[array([[-0.29361292, -0.95586148,  0.01096786, -0.0553072 ],
       [ 0.95519528, -0.2938177 , -0.03568114,  0.1472028 ],
       [ 0.03732878, -0.        ,  0.99930304,  0.08144294],
       [ 0.        ,  0.        ,  0.        ,  1.        ]])]","[array([[-0.29361292, -0.95586148,  0.01096786, -0.0553072 ],
       [ 0.95519528, -0.2938177 , -0.03568114,  0.1472028 ],
       [ 0.03732878, -0.        ,  0.99930304,  0.08144294],
       [ 0.        ,  0.        ,  0.        ,  1.        ]])]"
14,"[array([[-0.86092509, -0.50745512, -0.03601799, -0.11215058],
       [ 0.5070116 , -0.86167819,  0.02121153,  0.07439235],
       [-0.04179981,  0.        ,  0.99912601,  0.08527632],
       [ 0.        ,  0.        ,  0.        ,  1.        ]])]","[array([[ 0.33495114, -0.94222349,  0.0047571 , -0.16663645],
       [ 0.94212848,  0.33498492,  0.01338044,  0.11983275],
       [-0.01420092, -0.        ,  0.99989916,  0.08325159],
       [ 0.        ,  0.        ,  0.        ,  1.        ]])]","[array([[ 0.33495114, -0.94222349,  0.0047571 , -0.16663645],
       [ 0.94212848,  0.33498492,  0.01338044,  0.11983275],
       [-0.01420092, -0.        ,  0.99989916,  0.08325159],
       [ 0.        ,  0.        ,  0.        ,  1.        ]])]","[array([[-3.69365069e-03, -9.99993166e-01, -1.58923838e-04,
        -5.86162016e-02],
       [ 9.99068827e-01, -3.69706805e-03,  4.29861582e-02,
         8.35060468e-02],
       [-4.29864520e-02, -0.00000000e+00,  9.99075655e-01,
         8.57648965e-02],
       [ 0.00000000e+00,  0.00000000e+00,  0.00000000e+00,
         1.00000000e+00]])]","[array([[-0.3073372 , -0.95153685,  0.01102179, -0.05941131],
       [ 0.95092555, -0.30753477, -0.03410228,  0.14747196],
       [ 0.03583916, -0.        ,  0.99935757,  0.08142131],
       [ 0.        ,  0.        ,  0.        ,  1.        ]])]","[array([[-0.3073372 , -0.95153685,  0.01102179, -0.05941131],
       [ 0.95092555, -0.30753477, -0.03410228,  0.14747196],
       [ 0.03583916, -0.        ,  0.99935757,  0.08142131],
       [ 0.        ,  0.        ,  0.        ,  1.        ]])]"
15,"[array([[-0.88951435, -0.4553749 , -0.03738866, -0.11166577],
       [ 0.45497317, -0.89029978,  0.01912374,  0.07404644],
       [-0.04199559,  0.        ,  0.9991178 ,  0.0853427 ],
       [ 0.        ,  0.        ,  0.        ,  1.        ]])]","[array([[ 0.3063517 , -0.95191045,  0.00389092, -0.16852458],
       [ 0.95183368,  0.30637641,  0.01208909,  0.11626038],
       [-0.01269982, -0.        ,  0.99991935,  0.08328685],
       [ 0.        ,  0.        ,  0.        ,  1.        ]])]","[array([[ 0.3063517 , -0.95191045,  0.00389092, -0.16852458],
       [ 0.95183368,  0.30637641,  0.01208909,  0.11626038],
       [-0.01269982, -0.        ,  0.99991935,  0.08328685],
       [ 0.        ,  0.        ,  0.        ,  1.        ]])]","[array([[-0.06105049, -0.99813127, -0.00260788, -0.05864588],
       [ 0.99722186, -0.06110617,  0.04259818,  0.08287391],
       [-0.04267793, -0.        ,  0.99908888,  0.08571399],
       [ 0.        ,  0.        ,  0.        ,  1.        ]])]","[array([[-0.30721906, -0.95158435,  0.01018209, -0.06310072],
       [ 0.95106215, -0.30738775, -0.03152082,  0.14720464],
       [ 0.03312457, -0.        ,  0.99945123,  0.08147564],
       [ 0.        ,  0.        ,  0.        ,  1.        ]])]","[array([[-0.30721906, -0.95158435,  0.01018209, -0.06310072],
       [ 0.95106215, -0.30738775, -0.03152082,  0.14720464],
       [ 0.03312457, -0.        ,  0.99945123,  0.08147564],
       [ 0.        ,  0.        ,  0.        ,  1.        ]])]"
16,"[array([[-0.92285074, -0.38303072, -0.04042259, -0.11100012],
       [ 0.3826638 , -0.92373561,  0.01676139,  0.07367984],
       [-0.04375991,  0.        ,  0.99904208,  0.08542622],
       [ 0.        ,  0.        ,  0.        ,  1.        ]])]","[array([[ 0.2756896 , -0.96123253,  0.00522253, -0.17094748],
       [ 0.9610601 ,  0.27573906,  0.01820586,  0.11147711],
       [-0.01894012, -0.        ,  0.99982062,  0.0834393 ],
       [ 0.        ,  0.        ,  0.        ,  1.        ]])]","[array([[ 0.2756896 , -0.96123253,  0.00522253, -0.17094748],
       [ 0.9610601 ,  0.27573906,  0.01820586,  0.11147711],
       [-0.01894012, -0.        ,  0.99982062,  0.0834393 ],
       [ 0.        ,  0.        ,  0.        ,  1.        ]])]","[array([[-0.12395613, -0.99227592, -0.00483587, -0.05866283],
       [ 0.99152166, -0.12405043,  0.03868201,  0.08215797],
       [-0.03898312, -0.        ,  0.99923987,  0.08561722],
       [ 0.        ,  0.        ,  0.        ,  1.        ]])]","[array([[-0.33466944, -0.94227977,  0.01025713, -0.06708686],
       [ 0.94183752, -0.33482659, -0.02886595,  0.1466087 ],
       [ 0.03063416, -0.        ,  0.99953066,  0.08145883],
       [ 0.        ,  0.        ,  0.        ,  1.        ]])]","[array([[-0.33466944, -0.94227977,  0.01025713, -0.06708686],
       [ 0.94183752, -0.33482659, -0.02886595,  0.1466087 ],
       [ 0.03063416, -0.        ,  0.99953066,  0.08145883],
       [ 0.        ,  0.        ,  0.        ,  1.        ]])]"
17,"[array([[-0.93457448, -0.35357753, -0.03941404, -0.11071448],
       [ 0.35326351, -0.93540522,  0.01489827,  0.07353966],
       [-0.0421358 ,  0.        ,  0.99911189,  0.08539684],
       [ 0.        ,  0.        ,  0.        ,  1.        ]])]","[array([[ 0.25634079, -0.9665738 ,  0.00494924, -0.17175222],
       [ 0.96639369,  0.25638856,  0.01865843,  0.10946443],
       [-0.01930368, -0.        ,  0.99981367,  0.08348186],
       [ 0.        ,  0.        ,  0.        ,  1.        ]])]","[array([[ 0.25634079, -0.9665738 ,  0.00494924, -0.17175222],
       [ 0.96639369,  0.25638856,  0.01865843,  0.10946443],
       [-0.01930368, -0.        ,  0.99981367,  0.08348186],
       [ 0.        ,  0.        ,  0.        ,  1.        ]])]","[array([[-0.1495417 , -0.98873922, -0.00565899, -0.05862433],
       [ 0.98803203, -0.14964874,  0.03738932,  0.08187995],
       [-0.03781514, -0.        ,  0.99928475,  0.08553606],
       [ 0.        ,  0.        ,  0.        ,  1.        ]])]","[array([[-0.35060831, -0.93645689,  0.01105919, -0.06868594],
       [ 0.93599137, -0.35078269, -0.02952385,  0.14627721],
       [ 0.03152718, -0.        ,  0.99950289,  0.08136144],
       [ 0.        ,  0.        ,  0.        ,  1.        ]])]","[array([[-0.35060831, -0.93645689,  0.01105919, -0.06868594],
       [ 0.93599137, -0.35078269, -0.02952385,  0.14627721],
       [ 0.03152718, -0.        ,  0.99950289,  0.08136144],
       [ 0.        ,  0.        ,  0.        ,  1.        ]])]"
18,"[array([[-0.94978052, -0.31027924, -0.04054319, -0.11030734],
       [ 0.30999694, -0.95064546,  0.01323281,  0.07337648],
       [-0.04264806,  0.        ,  0.99909016,  0.08541932],
       [ 0.        ,  0.        ,  0.        ,  1.        ]])]","[array([[ 0.22892951, -0.97343627,  0.00362159, -0.17258942],
       [ 0.97331448,  0.22895816,  0.0153975 ,  0.10649791],
       [-0.01581768, -0.        ,  0.99987489,  0.083353  ],
       [ 0.        ,  0.        ,  0.        ,  1.        ]])]","[array([[ 0.22892951, -0.97343627,  0.00362159, -0.17258942],
       [ 0.97331448,  0.22895816,  0.0153975 ,  0.10649791],
       [-0.01581768, -0.        ,  0.99987489,  0.083353  ],
       [ 0.        ,  0.        ,  0.        ,  1.        ]])]","[array([[-0.17944472, -0.98374216, -0.00713843, -0.05855815],
       [ 0.98296469, -0.17958665,  0.03910297,  0.08162576],
       [-0.0397492 , -0.        ,  0.99920969,  0.08552538],
       [ 0.        ,  0.        ,  0.        ,  1.        ]])]","[array([[-0.37369087, -0.92747064,  0.01238347, -0.07045035],
       [ 0.92696181, -0.373896  , -0.03071792,  0.14575354],
       [ 0.03312009, -0.        ,  0.99945138,  0.08122278],
       [ 0.        ,  0.        ,  0.        ,  1.        ]])]","[array([[-0.37369087, -0.92747064,  0.01238347, -0.07045035],
       [ 0.92696181, -0.373896  , -0.03071792,  0.14575354],
       [ 0.03312009, -0.        ,  0.99945138,  0.08122278],
       [ 0.        ,  0.        ,  0.        ,  1.        ]])]"
19,"[array([[-0.9454643 , -0.3230904 , -0.04135034, -0.11041775],
       [ 0.32278184, -0.94636811,  0.01411702,  0.07342575],
       [-0.04369372,  0.        ,  0.99904497,  0.08543274],
       [ 0.        ,  0.        ,  0.        ,  1.        ]])]","[array([[ 0.24870529, -0.96856995,  0.00423447, -0.17239639],
       [ 0.96842959,  0.24874134,  0.01648852,  0.10749527],
       [-0.01702357, -0.        ,  0.99985509,  0.08345835],
       [ 0.        ,  0.        ,  0.        ,  1.        ]])]","[array([[ 0.24870529, -0.96856995,  0.00423447, -0.17239639],
       [ 0.96842959,  0.24874134,  0.01648852,  0.10749527],
       [-0.01702357, -0.        ,  0.99985509,  0.08345835],
       [ 0.        ,  0.        ,  0.        ,  1.        ]])]","[array([[-0.16587661, -0.98612588, -0.00637951, -0.05852423],
       [ 0.98539739, -0.16599924,  0.03789775,  0.08170586],
       [-0.03843094, -0.        ,  0.99926126,  0.08557185],
       [ 0.        ,  0.        ,  0.        ,  1.        ]])]","[array([[-0.36316445, -0.93164844,  0.01194832, -0.06960054],
       [ 0.93114462, -0.36336095, -0.03063521,  0.14597939],
       [ 0.0328828 , -0.        ,  0.99945921,  0.08135233],
       [ 0.        ,  0.        ,  0.        ,  1.        ]])]","[array([[-0.36316445, -0.93164844,  0.01194832, -0.06960054],
       [ 0.93114462, -0.36336095, -0.03063521,  0.14597939],
       [ 0.0328828 , -0.        ,  0.99945921,  0.08135233],
       [ 0.        ,  0.        ,  0.        ,  1.        ]])]"
20,"[array([[-0.91079758, -0.41216787, -0.02377849, -0.11106654],
       [ 0.41202748, -0.91110792,  0.01075694,  0.07419573],
       [-0.02609844,  0.        ,  0.99965938,  0.0847206 ],
       [ 0.        ,  0.        ,  0.        ,  1.        ]])]","[array([[ 0.34514313, -0.93854518,  0.00302692, -0.169308  ],
       [ 0.93850909,  0.3451564 ,  0.00823076,  0.11436561],
       [-0.0087697 , -0.        ,  0.99996155,  0.08346388],
       [ 0.        ,  0.        ,  0.        ,  1.        ]])]","[array([[ 0.34514313, -0.93854518,  0.00302692, -0.169308  ],
       [ 0.93850909,  0.3451564 ,  0.00823076,  0.11436561],
       [-0.0087697 , -0.        ,  0.99996155,  0.08346388],
       [ 0.        ,  0.        ,  0.        ,  1.        ]])]","[array([[-0.08835354, -0.99607998, -0.00428085, -0.05800109],
       [ 0.99491287, -0.08845719,  0.04820494,  0.08222789],
       [-0.04839465, -0.        ,  0.99882829,  0.08633004],
       [ 0.        ,  0.        ,  0.        ,  1.        ]])]","[array([[-0.29068842, -0.9567577 ,  0.01072098, -0.06400453],
       [ 0.95610766, -0.29088605, -0.03526255,  0.14720009],
       [ 0.0368563 , -0.        ,  0.99932058,  0.08186197],
       [ 0.        ,  0.        ,  0.        ,  1.        ]])]","[array([[-0.29068842, -0.9567577 ,  0.01072098, -0.06400453],
       [ 0.95610766, -0.29088605, -0.03526255,  0.14720009],
       [ 0.0368563 , -0.        ,  0.99932058,  0.08186197],
       [ 0.        ,  0.        ,  0.        ,  1.        ]])]"
21,"[array([[-0.81823655, -0.57355514, -0.03903151, -0.11279169],
       [ 0.57290369, -0.81916696,  0.02732865,  0.07472793],
       [-0.04764781,  0.        ,  0.9988642 ,  0.08552431],
       [ 0.        ,  0.        ,  0.        ,  1.        ]])]","[array([[ 0.42011232, -0.90746975,  0.00207195, -0.16362819],
       [ 0.90745871,  0.42011743,  0.0044755 ,  0.12443334],
       [-0.00493184, -0.        ,  0.99998784,  0.08347283],
       [ 0.        ,  0.        ,  0.        ,  1.        ]])]","[array([[ 0.42011232, -0.90746975,  0.00207195, -0.16362819],
       [ 0.90745871,  0.42011743,  0.0044755 ,  0.12443334],
       [-0.00493184, -0.        ,  0.99998784,  0.08347283],
       [ 0.        ,  0.        ,  0.        ,  1.        ]])]","[array([[ 0.04061294, -0.99917442,  0.00103476, -0.0586074 ],
       [ 0.99885027,  0.04062612,  0.02544918,  0.08335931],
       [-0.02547021,  0.        ,  0.99967558,  0.08557953],
       [ 0.        ,  0.        ,  0.        ,  1.        ]])]","[array([[-0.19676279, -0.9804163 ,  0.00826332, -0.05654567],
       [ 0.97955287, -0.19693623, -0.04113763,  0.14815035],
       [ 0.04195935, -0.        ,  0.99911932,  0.08228569],
       [ 0.        ,  0.        ,  0.        ,  1.        ]])]","[array([[-0.19676279, -0.9804163 ,  0.00826332, -0.05654567],
       [ 0.97955287, -0.19693623, -0.04113763,  0.14815035],
       [ 0.04195935, -0.        ,  0.99911932,  0.08228569],
       [ 0.        ,  0.        ,  0.        ,  1.        ]])]"
22,"[array([[-0.73616458, -0.67611826, -0.03042715, -0.11378276],
       [ 0.67554148, -0.73679312,  0.02792147,  0.07552585],
       [-0.04129673,  0.        ,  0.99914693,  0.08539905],
       [ 0.        ,  0.        ,  0.        ,  1.        ]])]","[array([[ 0.4643218 , -0.88566278, -0.00259088, -0.15792892],
       [ 0.88564899,  0.46432903, -0.00494185,  0.13087384],
       [ 0.00557983, -0.        ,  0.99998443,  0.08327556],
       [ 0.        ,  0.        ,  0.        ,  1.        ]])]","[array([[ 0.4643218 , -0.88566278, -0.00259088, -0.15792892],
       [ 0.88564899,  0.46432903, -0.00494185,  0.13087384],
       [ 0.00557983, -0.        ,  0.99998443,  0.08327556],
       [ 0.        ,  0.        ,  0.        ,  1.        ]])]","[array([[ 0.13191784, -0.99125507,  0.00332736, -0.05829435],
       [ 0.9909399 ,  0.1319598 ,  0.02499441,  0.08435709],
       [-0.02521492,  0.        ,  0.99968205,  0.08564681],
       [ 0.        ,  0.        ,  0.        ,  1.        ]])]","[array([[-0.13169462, -0.99127089,  0.0062091 , -0.04978609],
       [ 0.99017097, -0.13184091, -0.04668431,  0.14859875],
       [ 0.04709542, -0.        ,  0.9988904 ,  0.08233437],
       [ 0.        ,  0.        ,  0.        ,  1.        ]])]","[array([[-0.13169462, -0.99127089,  0.0062091 , -0.04978609],
       [ 0.99017097, -0.13184091, -0.04668431,  0.14859875],
       [ 0.04709542, -0.        ,  0.9988904 ,  0.08233437],
       [ 0.        ,  0.        ,  0.        ,  1.        ]])]"
23,"[array([[-0.70274309, -0.71066215, -0.03333853, -0.11413134],
       [ 0.70986379, -0.70353345,  0.03367634,  0.07586136],
       [-0.04738727,  0.        ,  0.99887659,  0.08572347],
       [ 0.        ,  0.        ,  0.        ,  1.        ]])]","[array([[ 0.47545091, -0.87973526, -0.00350811, -0.15581015],
       [ 0.87971131,  0.47546385, -0.00649094,  0.13311977],
       [ 0.00737829, -0.        ,  0.99997278,  0.08322837],
       [ 0.        ,  0.        ,  0.        ,  1.        ]])]","[array([[ 0.47545091, -0.87973526, -0.00350811, -0.15581015],
       [ 0.87971131,  0.47546385, -0.00649094,  0.13311977],
       [ 0.00737829, -0.        ,  0.99997278,  0.08322837],
       [ 0.        ,  0.        ,  0.        ,  1.        ]])]","[array([[ 0.1693375 , -0.98554988,  0.00403024, -0.05822892],
       [ 0.98527087,  0.16938545,  0.02344949,  0.08477323],
       [-0.02379331,  0.        ,  0.9997169 ,  0.08556897],
       [ 0.        ,  0.        ,  0.        ,  1.        ]])]","[array([[-0.10993895, -0.99392032,  0.00598505, -0.04772635],
       [ 0.99245075, -0.11010174, -0.05402878,  0.14854917],
       [ 0.05435927, -0.        ,  0.99852144,  0.08192838],
       [ 0.        ,  0.        ,  0.        ,  1.        ]])]","[array([[-0.10993895, -0.99392032,  0.00598505, -0.04772635],
       [ 0.99245075, -0.11010174, -0.05402878,  0.14854917],
       [ 0.05435927, -0.        ,  0.99852144,  0.08192838],
       [ 0.        ,  0.        ,  0.        ,  1.        ]])]"
24,"[array([[-0.6302578 , -0.7761082 , -0.02076479, -0.11459746],
       [ 0.77568732, -0.63059977,  0.02555618,  0.07673753],
       [-0.03292863,  0.        ,  0.99945771,  0.0851566 ],
       [ 0.        ,  0.        ,  0.        ,  1.        ]])]","[array([[ 0.49506804, -0.86884674, -0.00360258, -0.15090797],
       [ 0.86882373,  0.49508115, -0.00632238,  0.13768427],
       [ 0.00727675, -0.        ,  0.99997352,  0.0834016 ],
       [ 0.        ,  0.        ,  0.        ,  1.        ]])]","[array([[ 0.49506804, -0.86884674, -0.00360258, -0.15090797],
       [ 0.86882373,  0.49508115, -0.00632238,  0.13768427],
       [ 0.00727675, -0.        ,  0.99997352,  0.0834016 ],
       [ 0.        ,  0.        ,  0.        ,  1.        ]])]","[array([[ 0.25647951, -0.96653302,  0.00567279, -0.05810512],
       [ 0.96629669,  0.25654224,  0.02137245,  0.08582477],
       [-0.02211249,  0.        ,  0.99975549,  0.08546632],
       [ 0.        ,  0.        ,  0.        ,  1.        ]])]","[array([[-0.07999777, -0.99678289,  0.00492169, -0.04238684],
       [ 0.99490179, -0.08014902, -0.06120918,  0.14795107],
       [ 0.06140674, -0.        ,  0.99811283,  0.08156527],
       [ 0.        ,  0.        ,  0.        ,  1.        ]])]","[array([[-0.07999777, -0.99678289,  0.00492169, -0.04238684],
       [ 0.99490179, -0.08014902, -0.06120918,  0.14795107],
       [ 0.06140674, -0.        ,  0.99811283,  0.08156527],
       [ 0.        ,  0.        ,  0.        ,  1.        ]])]"
25,"[array([[-0.54631627, -0.83739888, -0.01736802, -0.11505993],
       [ 0.83697603, -0.54659228,  0.02660842,  0.07768625],
       [-0.03177509,  0.        ,  0.99949504,  0.08501576],
       [ 0.        ,  0.        ,  0.        ,  1.        ]])]","[array([[ 0.51272708, -0.85853126,  0.00591792, -0.14526411],
       [ 0.85847408,  0.51276123,  0.00990854,  0.14182495],
       [-0.01154127, -0.        ,  0.9999334 ,  0.08367601],
       [ 0.        ,  0.        ,  0.        ,  1.        ]])]","[array([[ 0.51272708, -0.85853126,  0.00591792, -0.14526411],
       [ 0.85847408,  0.51276123,  0.00990854,  0.14182495],
       [-0.01154127, -0.        ,  0.9999334 ,  0.08367601],
       [ 0.        ,  0.        ,  0.        ,  1.        ]])]","[array([[ 0.34280146, -0.93936831,  0.00862236, -0.05751465],
       [ 0.9390713 ,  0.34290988,  0.02362011,  0.08686413],
       [-0.02514467,  0.        ,  0.99968382,  0.08548924],
       [ 0.        ,  0.        ,  0.        ,  1.        ]])]","[array([[-0.04769545, -0.99885972,  0.00209987, -0.03683761],
       [ 0.99789305, -0.04774165, -0.04393397,  0.14616155],
       [ 0.04398413, -0.        ,  0.99903223,  0.0821613 ],
       [ 0.        ,  0.        ,  0.        ,  1.        ]])]","[array([[-0.04769545, -0.99885972,  0.00209987, -0.03683761],
       [ 0.99789305, -0.04774165, -0.04393397,  0.14616155],
       [ 0.04398413, -0.        ,  0.99903223,  0.0821613 ],
       [ 0.        ,  0.        ,  0.        ,  1.        ]])]"
26,"[array([[-0.42868381, -0.90341418, -0.00854471, -0.11536582],
       [ 0.90323477, -0.42876896,  0.01800367,  0.07907329],
       [-0.01992848,  0.        ,  0.99980141,  0.0845814 ],
       [ 0.        ,  0.        ,  0.        ,  1.        ]])]","[array([[ 0.51355336, -0.8580511 ,  0.00335331, -0.13722923],
       [ 0.85803281,  0.51356431,  0.00560263,  0.1466096 ],
       [-0.00652948, -0.        ,  0.99997868,  0.08281764],
       [ 0.        ,  0.        ,  0.        ,  1.        ]])]","[array([[ 0.51355336, -0.8580511 ,  0.00335331, -0.13722923],
       [ 0.85803281,  0.51356431,  0.00560263,  0.1466096 ],
       [-0.00652948, -0.        ,  0.99997868,  0.08281764],
       [ 0.        ,  0.        ,  0.        ,  1.        ]])]","[array([[ 0.44725855, -0.89422375,  0.01799089, -0.05662883],
       [ 0.89350118,  0.44762025,  0.03594092,  0.0881602 ],
       [-0.04019231,  0.        ,  0.99919196,  0.08581031],
