,LP,LD1,LD2,RP,RD1,RD2
0,"[array([[-0.49722062, -0.86739015, -0.02014912, -0.08836882],
       [ 0.86667883, -0.49762871,  0.03512087,  0.20353087],
       [-0.04049028,  0.        ,  0.99917993,  0.08518398],
       [ 0.        ,  0.        ,  0.        ,  1.        ]])]","[array([[-0.10227036, -0.99475516, -0.00171352, -0.1196712 ],
       [ 0.99461557, -0.10228471,  0.01666461,  0.26647994],
       [-0.01675248,  0.        ,  0.99985967,  0.08289773],
       [ 0.        ,  0.        ,  0.        ,  1.        ]])]","[array([[-0.10227036, -0.99475516, -0.00171352, -0.1196712 ],
       [ 0.99461557, -0.10228471,  0.01666461,  0.26647994],
       [-0.01675248,  0.        ,  0.99985967,  0.08289773],
       [ 0.        ,  0.        ,  0.        ,  1.        ]])]","[array([[ 0.14506308, -0.98941272,  0.0043787 , -0.03161945],
       [ 0.98896229,  0.14512915,  0.02985165,  0.21584927],
       [-0.03017108,  0.        ,  0.99954475,  0.08585383],
       [ 0.        ,  0.        ,  0.        ,  1.        ]])]","[array([[-0.34689879, -0.93781215,  0.01302345, -0.02373254],
       [ 0.93715195, -0.34714317, -0.03518305,  0.27654135],
       [ 0.03751609, -0.        ,  0.99929602,  0.08245399],
       [ 0.        ,  0.        ,  0.        ,  1.        ]])]","[array([[-0.34689879, -0.93781215,  0.01302345, -0.02373254],
       [ 0.93715195, -0.34714317, -0.03518305,  0.27654135],
       [ 0.03751609, -0.        ,  0.99929602,  0.08245399],
       [ 0.        ,  0.        ,  0.        ,  1.        ]])]"
1,"[array([[-0.49755308, -0.86719776, -0.02022306, -0.08835419],
       [ 0.86648234, -0.49796389,  0.0352182 ,  0.20353346],
       [-0.04061149,  0.        ,  0.99917501,  0.0851847 ],
       [ 0.        ,  0.        ,  0.        ,  1.        ]])]","[array([[-0.10233899, -0.99474811, -0.00171414, -0.11967099],
       [ 0.9946086 , -0.10235334,  0.01665934,  0.26647886],
       [-0.01674729,  0.        ,  0.99985975,  0.08289656],
       [ 0.        ,  0.        ,  0.        ,  1.        ]])]","[array([[-0.10233899, -0.99474811, -0.00171414, -0.11967099],
       [ 0.9946086 , -0.10235334,  0.01665934,  0.26647886],
       [-0.01674729,  0.        ,  0.99985975,  0.08289656],
       [ 0.        ,  0.        ,  0.        ,  1.        ]])]","[array([[ 0.14525831, -0.98938393,  0.0044125 , -0.03162457],
       [ 0.98892776,  0.14532532,  0.0300406 ,  0.21585478],
       [-0.03036293,  0.        ,  0.99953894,  0.08585913],
       [ 0.        ,  0.        ,  0.        ,  1.        ]])]","[array([[-0.35003245, -0.93666433,  0.01171377, -0.0236181 ],
       [ 0.93614029, -0.3502284 , -0.03132777,  0.2765601 ],
       [ 0.0334461 , -0.        ,  0.99944052,  0.08263441],
       [ 0.        ,  0.        ,  0.        ,  1.        ]])]","[array([[-0.35003245, -0.93666433,  0.01171377, -0.0236181 ],
       [ 0.93614029, -0.3502284 , -0.03132777,  0.2765601 ],
       [ 0.0334461 , -0.        ,  0.99944052,  0.08263441],
       [ 0.        ,  0.        ,  0.        ,  1.        ]])]"
2,"[array([[-0.49736432, -0.86730544, -0.0202489 , -0.08836464],
       [ 0.86658755, -0.49777634,  0.03528087,  0.20353323],
       [-0.04067872,  0.        ,  0.99917228,  0.0851882 ],
       [ 0.        ,  0.        ,  0.        ,  1.        ]])]","[array([[-0.10229439, -0.99475269, -0.00171862, -0.11967243],
       [ 0.99461232, -0.10230882,  0.0167102 ,  0.26647994],
       [-0.01679834,  0.        ,  0.9998589 ,  0.08290019],
       [ 0.        ,  0.        ,  0.        ,  1.        ]])]","[array([[-0.10229439, -0.99475269, -0.00171862, -0.11967243],
       [ 0.99461232, -0.10230882,  0.0167102 ,  0.26647994],
       [-0.01679834,  0.        ,  0.9998589 ,  0.08290019],
       [ 0.        ,  0.        ,  0.        ,  1.        ]])]","[array([[ 0.14561325, -0.98933162,  0.00444102, -0.03163505],
       [ 0.98887182,  0.14568096,  0.03015937,  0.21585819],
       [-0.03048459,  0.        ,  0.99953524,  0.08585985],
       [ 0.        ,  0.        ,  0.        ,  1.        ]])]","[array([[-0.34851976, -0.93720966,  0.01311574, -0.0236477 ],
       [ 0.93654672, -0.34876647, -0.03524479,  0.27657228],
       [ 0.03760608, -0.        ,  0.99929264,  0.08244913],
       [ 0.        ,  0.        ,  0.        ,  1.        ]])]","[array([[-0.34851976, -0.93720966,  0.01311574, -0.0236477 ],
       [ 0.93654672, -0.34876647, -0.03524479,  0.27657228],
       [ 0.03760608, -0.        ,  0.99929264,  0.08244913],
       [ 0.        ,  0.        ,  0.        ,  1.        ]])]"
3,"[array([[-0.497118  , -0.86744397, -0.02036318, -0.08836773],
       [ 0.86671713, -0.49753489,  0.03550286,  0.20352908],
       [-0.04092814,  0.        ,  0.99916209,  0.08519479],
       [ 0.        ,  0.        ,  0.        ,  1.        ]])]","[array([[-0.10253796, -0.99472766, -0.00168659, -0.11966157],
       [ 0.99459313, -0.10255183,  0.01635948,  0.26647746],
       [-0.01644619,  0.        ,  0.99986475,  0.08288499],
       [ 0.        ,  0.        ,  0.        ,  1.        ]])]","[array([[-0.10253796, -0.99472766, -0.00168659, -0.11966157],
       [ 0.99459313, -0.10255183,  0.01635948,  0.26647746],
       [-0.01644619,  0.        ,  0.99986475,  0.08288499],
       [ 0.        ,  0.        ,  0.        ,  1.        ]])]","[array([[ 0.14508051, -0.98941004,  0.0044075 , -0.03161682],
       [ 0.98895378,  0.14514744,  0.03004412,  0.21585362],
       [-0.03036569,  0.        ,  0.99953886,  0.08585819],
       [ 0.        ,  0.        ,  0.        ,  1.        ]])]","[array([[-0.3488254 , -0.93709722,  0.01302428, -0.02363144],
       [ 0.93644471, -0.34906847, -0.03496455,  0.27657337],
       [ 0.03731155, -0.        ,  0.99930368,  0.08246049],
       [ 0.        ,  0.        ,  0.        ,  1.        ]])]","[array([[-0.3488254 , -0.93709722,  0.01302428, -0.02363144],
       [ 0.93644471, -0.34906847, -0.03496455,  0.27657337],
       [ 0.03731155, -0.        ,  0.99930368,  0.08246049],
       [ 0.        ,  0.        ,  0.        ,  1.        ]])]"
4,"[array([[-0.49747755, -0.86724413, -0.02009268, -0.0883594 ],
       [ 0.86653763, -0.49788314,  0.03499869,  0.20353014],
       [-0.04035622,  0.        ,  0.99918536,  0.08517998],
       [ 0.        ,  0.        ,  0.        ,  1.        ]])]","[array([[-0.10220058, -0.99476236, -0.00169664, -0.11967645],
       [ 0.99462532, -0.10221467,  0.01651188,  0.26648095],
       [-0.01659882,  0.        ,  0.99986223,  0.08288984],
       [ 0.        ,  0.        ,  0.        ,  1.        ]])]","[array([[-0.10220058, -0.99476236, -0.00169664, -0.11967645],
       [ 0.99462532, -0.10221467,  0.01651188,  0.26648095],
       [-0.01659882,  0.        ,  0.99986223,  0.08288984],
       [ 0.        ,  0.        ,  0.        ,  1.        ]])]","[array([[ 0.14517772, -0.98939577,  0.00440954, -0.03162087],
       [ 0.9889397 ,  0.14524467,  0.03003745,  0.2158538 ],
       [-0.03035939,  0.        ,  0.99953905,  0.08585905],
       [ 0.        ,  0.        ,  0.        ,  1.        ]])]","[array([[-0.34694344, -0.93779585,  0.01300754, -0.02372889],
       [ 0.93713744, -0.34718719, -0.03513498,  0.27654321],
       [ 0.03746549, -0.        ,  0.99929792,  0.0824576 ],
       [ 0.        ,  0.        ,  0.        ,  1.        ]])]","[array([[-0.34694344, -0.93779585,  0.01300754, -0.02372889],
       [ 0.93713744, -0.34718719, -0.03513498,  0.27654321],
       [ 0.03746549, -0.        ,  0.99929792,  0.0824576 ],
       [ 0.        ,  0.        ,  0.        ,  1.        ]])]"
5,"[array([[-0.49740008, -0.86728649, -0.02018209, -0.08836062],
       [ 0.86657344, -0.49780935,  0.03516137,  0.20353117],
       [-0.04054181,  0.        ,  0.99917784,  0.08518614],
       [ 0.        ,  0.        ,  0.        ,  1.        ]])]","[array([[-0.10224502, -0.99475779, -0.00170241, -0.11967402],
       [ 0.99461993, -0.10225919,  0.01656076,  0.26647492],
       [-0.01664804,  0.        ,  0.99986141,  0.08289341],
       [ 0.        ,  0.        ,  0.        ,  1.        ]])]","[array([[-0.10224502, -0.99475779, -0.00170241, -0.11967402],
       [ 0.99461993, -0.10225919,  0.01656076,  0.26647492],
       [-0.01664804,  0.        ,  0.99986141,  0.08289341],
       [ 0.        ,  0.        ,  0.        ,  1.        ]])]","[array([[ 0.145232  , -0.98938796,  0.00437388, -0.03162102],
       [ 0.98893957,  0.14529785,  0.02978341,  0.21585327],
       [-0.03010286,  0.        ,  0.99954681,  0.0858503 ],
       [ 0.        ,  0.        ,  0.        ,  1.        ]])]","[array([[-0.34874297, -0.93712775,  0.01303562, -0.02363348],
       [ 0.93647376, -0.34898651, -0.03500435,  0.27656857],
       [ 0.0373528 , -0.        ,  0.99930214,  0.08246118],
       [ 0.        ,  0.        ,  0.        ,  1.        ]])]","[array([[-0.34874297, -0.93712775,  0.01303562, -0.02363348],
       [ 0.93647376, -0.34898651, -0.03500435,  0.27656857],
       [ 0.0373528 , -0.        ,  0.99930214,  0.08246118],
       [ 0.        ,  0.        ,  0.        ,  1.        ]])]"
6,"[array([[-0.4973877 , -0.86729445, -0.02014498, -0.08835899],
       [ 0.86658398, -0.49779548,  0.03509801,  0.2035291 ],
       [-0.04046839,  0.        ,  0.99918082,  0.08518349],
       [ 0.        ,  0.        ,  0.        ,  1.        ]])]","[array([[-0.10234418, -0.99474758, -0.00170918, -0.11966982],
       [ 0.99460889, -0.10235845,  0.01661029,  0.26647382],
       [-0.016698  ,  0.        ,  0.99986058,  0.082896  ],
       [ 0.        ,  0.        ,  0.        ,  1.        ]])]","[array([[-0.10234418, -0.99474758, -0.00170918, -0.11966982],
       [ 0.99460889, -0.10235845,  0.01661029,  0.26647382],
       [-0.016698  ,  0.        ,  0.99986058,  0.082896  ],
       [ 0.        ,  0.        ,  0.        ,  1.        ]])]","[array([[ 0.14530205, -0.98937746,  0.00442249, -0.03162449],
       [ 0.98891951,  0.14536934,  0.03009925,  0.21585236],
       [-0.03042242,  0.        ,  0.99953713,  0.08586146],
       [ 0.        ,  0.        ,  0.        ,  1.        ]])]","[array([[-0.3496722 , -0.93678903,  0.01247632, -0.02362727],
       [ 0.93619331, -0.34989471, -0.03340343,  0.276536  ],
       [ 0.03565736, -0.        ,  0.99936407,  0.0825181 ],
       [ 0.        ,  0.        ,  0.        ,  1.        ]])]","[array([[-0.3496722 , -0.93678903,  0.01247632, -0.02362727],
       [ 0.93619331, -0.34989471, -0.03340343,  0.276536  ],
       [ 0.03565736, -0.        ,  0.99936407,  0.0825181 ],
       [ 0.        ,  0.        ,  0.        ,  1.        ]])]"
7,"[array([[-0.49726071, -0.86736721, -0.02014732, -0.08836366],
       [ 0.86665615, -0.49766869,  0.03511397,  0.20353092],
       [-0.0404834 ,  0.        ,  0.99918021,  0.08518183],
       [ 0.        ,  0.        ,  0.        ,  1.        ]])]","[array([[-0.10208589, -0.99477413, -0.00170474, -0.11968115],
       [ 0.99463546, -0.10210012,  0.0166095 ,  0.26647614],
       [-0.01669676,  0.        ,  0.9998606 ,  0.08289496],
       [ 0.        ,  0.        ,  0.        ,  1.        ]])]","[array([[-0.10208589, -0.99477413, -0.00170474, -0.11968115],
       [ 0.99463546, -0.10210012,  0.0166095 ,  0.26647614],
       [-0.01669676,  0.        ,  0.9998606 ,  0.08289496],
       [ 0.        ,  0.        ,  0.        ,  1.        ]])]","[array([[ 0.14528432, -0.98938015,  0.00440289, -0.03162512],
       [ 0.98892613,  0.14535102,  0.02996974,  0.21585404],
       [-0.03029143,  0.        ,  0.99954111,  0.08585753],
       [ 0.        ,  0.        ,  0.        ,  1.        ]])]","[array([[-0.34950652, -0.93685048,  0.01250488, -0.02363339],
       [ 0.93625142, -0.34973016, -0.03349782,  0.27653542],
       [ 0.03575578, -0.        ,  0.99936056,  0.08251397],
       [ 0.        ,  0.        ,  0.        ,  1.        ]])]","[array([[-0.34950652, -0.93685048,  0.01250488, -0.02363339],
       [ 0.93625142, -0.34973016, -0.03349782,  0.27653542],
       [ 0.03575578, -0.        ,  0.99936056,  0.08251397],
       [ 0.        ,  0.        ,  0.        ,  1.        ]])]"
8,"[array([[-0.49751883, -0.8672212 , -0.02005992, -0.08835522],
       [ 0.86651714, -0.49792307,  0.03493791,  0.20353114],
       [-0.04028719,  0.        ,  0.99918814,  0.08517943],
       [ 0.        ,  0.        ,  0.        ,  1.        ]])]","[array([[-0.10230493, -0.99475164, -0.00169844, -0.11967209],
       [ 0.99461458, -0.10231903,  0.01651236,  0.26648282],
       [-0.01659948,  0.        ,  0.99986222,  0.08289086],
       [ 0.        ,  0.        ,  0.        ,  1.        ]])]","[array([[-0.10230493, -0.99475164, -0.00169844, -0.11967209],
       [ 0.99461458, -0.10231903,  0.01651236,  0.26648282],
       [-0.01659948,  0.        ,  0.99986222,  0.08289086],
       [ 0.        ,  0.        ,  0.        ,  1.        ]])]","[array([[ 0.145196  , -0.98939308,  0.00441065, -0.03162525],
       [ 0.9889369 ,  0.14526298,  0.03004115,  0.21585502],
       [-0.03036321,  0.        ,  0.99953893,  0.08585914],
       [ 0.        ,  0.        ,  0.        ,  1.        ]])]","[array([[-0.34866611, -0.93715442,  0.01317359, -0.02364229],
       [ 0.93648622, -0.34891489, -0.0353831 ,  0.27657616],
       [ 0.03775589, -0.        ,  0.99928699,  0.08244236],
       [ 0.        ,  0.        ,  0.        ,  1.        ]])]","[array([[-0.34866611, -0.93715442,  0.01317359, -0.02364229],
       [ 0.93648622, -0.34891489, -0.0353831 ,  0.27657616],
       [ 0.03775589, -0.        ,  0.99928699,  0.08244236],
       [ 0.        ,  0.        ,  0.        ,  1.        ]])]"
9,"[array([[-0.49705734, -0.86748235, -0.02020809, -0.08837253],
       [ 0.86676632, -0.49746796,  0.03523877,  0.20353374],
       [-0.04062188,  0.        ,  0.99917459,  0.08518693],
       [ 0.        ,  0.        ,  0.        ,  1.        ]])]","[array([[-0.10240954, -0.99474089, -0.00168484, -0.11966671],
       [ 0.9946063 , -0.1024234 ,  0.01636321,  0.26648261],
       [-0.01644972,  0.        ,  0.99986469,  0.0828851 ],
       [ 0.        ,  0.        ,  0.        ,  1.        ]])]","[array([[-0.10240954, -0.99474089, -0.00168484, -0.11966671],
       [ 0.9946063 , -0.1024234 ,  0.01636321,  0.26648261],
       [-0.01644972,  0.        ,  0.99986469,  0.0828851 ],
       [ 0.        ,  0.        ,  0.        ,  1.        ]])]","[array([[ 0.14535492, -0.98936965,  0.00443303, -0.03162961],
       [ 0.98890985,  0.1454225 ,  0.03015975,  0.21585904],
       [-0.0304838 ,  0.        ,  0.99953526,  0.08586384],
       [ 0.        ,  0.        ,  0.        ,  1.        ]])]","[array([[-0.34858943, -0.937183  ,  0.01316969, -0.02364412],
       [ 0.93651488, -0.34883811, -0.03538148,  0.2765753 ],
       [ 0.03775301, -0.        ,  0.9992871 ,  0.08244445],
       [ 0.        ,  0.        ,  0.        ,  1.        ]])]","[array([[-0.34858943, -0.937183  ,  0.01316969, -0.02364412],
       [ 0.93651488, -0.34883811, -0.03538148,  0.2765753 ],
       [ 0.03775301, -0.        ,  0.9992871 ,  0.08244445],
       [ 0.        ,  0.        ,  0.        ,  1.        ]])]"
10,"[array([[-0.49740133, -0.86728649, -0.02015114, -0.08836059],
       [ 0.86657563, -0.49780935,  0.03510744,  0.20353112],
       [-0.04047964,  0.        ,  0.99918036,  0.08518374],
       [ 0.        ,  0.        ,  0.        ,  1.        ]])]","[array([[-0.10234945, -0.99474705, -0.00169909, -0.11966765],
       [ 0.99461001, -0.10236355,  0.01651137,  0.26647977],
       [-0.01659856,  0.        ,  0.99986223,  0.08289283],
       [ 0.        ,  0.        ,  0.        ,  1.        ]])]","[array([[-0.10234945, -0.99474705, -0.00169909, -0.11966765],
       [ 0.99461001, -0.10236355,  0.01651137,  0.26647977],
       [-0.01659856,  0.        ,  0.99986223,  0.08289283],
       [ 0.        ,  0.        ,  0.        ,  1.        ]])]","[array([[ 0.14529347, -0.9893788 ,  0.00440344, -0.03162431],
       [ 0.98892473,  0.14536018,  0.02997159,  0.21585516],
       [-0.03029334,  0.        ,  0.99954105,  0.08585757],
       [ 0.        ,  0.        ,  0.        ,  1.        ]])]","[array([[-0.34706656, -0.93775118,  0.01294343, -0.02372736],
       [ 0.93709973, -0.34730783, -0.034948  ,  0.27654675],
       [ 0.03726789, -0.        ,  0.99930531,  0.08246488],
       [ 0.        ,  0.        ,  0.        ,  1.        ]])]","[array([[-0.34706656, -0.93775118,  0.01294343, -0.02372736],
       [ 0.93709973, -0.34730783, -0.034948  ,  0.27654675],
       [ 0.03726789, -0.        ,  0.99930531,  0.08246488],
       [ 0.        ,  0.        ,  0.        ,  1.        ]])]"
11,"[array([[-0.49754192, -0.86720575, -0.02015496, -0.08835453],
       [ 0.86649509, -0.49794998,  0.03510091,  0.20353033],
       [-0.04047588,  0.        ,  0.99918052,  0.08518266],
       [ 0.        ,  0.        ,  0.        ,  1.        ]])]","[array([[-0.1025736 , -0.99472397, -0.00169805, -0.11965742],
       [ 0.99458769, -0.10258765,  0.01646489,  0.26648147],
       [-0.01655222,  0.        ,  0.999863  ,  0.08288736],
       [ 0.        ,  0.        ,  0.        ,  1.        ]])]","[array([[-0.1025736 , -0.99472397, -0.00169805, -0.11965742],
       [ 0.99458769, -0.10258765,  0.01646489,  0.26648147],
       [-0.01655222,  0.        ,  0.999863  ,  0.08288736],
       [ 0.        ,  0.        ,  0.        ,  1.        ]])]","[array([[ 0.14553236, -0.9893435 ,  0.0044473 , -0.03163135],
       [ 0.98888187,  0.14560029,  0.03021912,  0.21585325],
       [-0.03054461,  0.        ,  0.9995334 ,  0.0858642 ],
       [ 0.        ,  0.        ,  0.        ,  1.        ]])]","[array([[-0.34874739, -0.93712583,  0.01305533, -0.02363731],
       [ 0.93646988, -0.34899167, -0.03505667,  0.27657262],
       [ 0.03740872, -0.        ,  0.99930005,  0.0824594 ],
       [ 0.        ,  0.        ,  0.        ,  1.        ]])]","[array([[-0.34874739, -0.93712583,  0.01305533, -0.02363731],
       [ 0.93646988, -0.34899167, -0.03505667,  0.27657262],
       [ 0.03740872, -0.        ,  0.99930005,  0.0824594 ],
       [ 0.        ,  0.        ,  0.        ,  1.        ]])]"
12,"[array([[-0.49715512, -0.86742498, -0.02026544, -0.08837268],
       [ 0.86670522, -0.49756798,  0.03532933,  0.20352897],
       [-0.04072898,  0.        ,  0.99917023,  0.08518833],
       [ 0.        ,  0.        ,  0.        ,  1.        ]])]","[array([[-0.10230485, -0.99475164, -0.00170357, -0.11967309],
       [ 0.99461375, -0.10231903,  0.01656223,  0.26647685],
       [-0.01664961,  0.        ,  0.99986139,  0.08288746],
       [ 0.        ,  0.        ,  0.        ,  1.        ]])]","[array([[-0.10230485, -0.99475164, -0.00170357, -0.11967309],
       [ 0.99461375, -0.10231903,  0.01656223,  0.26647685],
       [-0.01664961,  0.        ,  0.99986139,  0.08288746],
       [ 0.        ,  0.        ,  0.        ,  1.        ]])]","[array([[ 0.14532006, -0.98937477,  0.00443285, -0.03162787],
       [ 0.98891478,  0.14538765,  0.03016588,  0.21585162],
       [-0.03048984,  0.        ,  0.99953508,  0.08586397],
       [ 0.        ,  0.        ,  0.        ,  1.        ]])]","[array([[-0.3486707 , -0.93715442,  0.01305146, -0.02364414],
       [ 0.93649856, -0.34891489, -0.03505507,  0.27656977],
       [ 0.03740586, -0.        ,  0.99930016,  0.08245749],
       [ 0.        ,  0.        ,  0.        ,  1.        ]])]","[array([[-0.3486707 , -0.93715442,  0.01305146, -0.02364414],
       [ 0.93649856, -0.34891489, -0.03505507,  0.27656977],
       [ 0.03740586, -0.        ,  0.99930016,  0.08245749],
       [ 0.        ,  0.        ,  0.        ,  1.        ]])]"
13,"[array([[-0.44767338, -0.89401554, -0.01802095, -0.08886054],
       [ 0.89329207, -0.44803595,  0.0359592 ,  0.20539885],
       [-0.04022211,  0.        ,  0.99919076,  0.08518298],
       [ 0.        ,  0.        ,  0.        ,  1.        ]])]","[array([[-4.52075943e-02, -9.98977316e-01, -7.71329824e-04,
        -1.16572796e-01],
       [ 9.98831942e-01, -4.52141740e-02,  1.70420231e-02,
         2.70027680e-01],
       [-1.70594695e-02,  0.00000000e+00,  9.99854477e-01,
         8.29424911e-02],
       [ 0.00000000e+00,  0.00000000e+00,  0.00000000e+00,
         1.00000000e+00]])]","[array([[-4.52075943e-02, -9.98977316e-01, -7.71329824e-04,
        -1.16572796e-01],
       [ 9.98831942e-01, -4.52141740e-02,  1.70420231e-02,
         2.70027680e-01],
       [-1.70594695e-02,  0.00000000e+00,  9.99854477e-01,
         8.29424911e-02],
       [ 0.00000000e+00,  0.00000000e+00,  0.00000000e+00,
         1.00000000e+00]])]","[array([[ 0.20129767, -0.97951289,  0.00580941, -0.03153324],
       [ 0.97910523,  0.20138148,  0.02825678,  0.2144733 ],
       [-0.02884778,  0.        ,  0.99958382,  0.08581819],
       [ 0.        ,  0.        ,  0.        ,  1.        ]])]","[array([[-0.29621414, -0.95506169,  0.01069321, -0.02008149],
       [ 0.95443999, -0.29640709, -0.03445488,  0.27458821],
       [ 0.03607608, -0.        ,  0.99934905,  0.08252278],
       [ 0.        ,  0.        ,  0.        ,  1.        ]])]","[array([[-0.29621414, -0.95506169,  0.01069321, -0.02008149],
       [ 0.95443999, -0.29640709, -0.03445488,  0.27458821],
       [ 0.03607608, -0.        ,  0.99934905,  0.08252278],
       [ 0.        ,  0.        ,  0.        ,  1.        ]])]"
14,"[array([[-0.38174047, -0.92413901, -0.01553379, -0.09161509],
       [ 0.92337485, -0.38205639,  0.037574  ,  0.20781751],
       [-0.04065838,  0.        ,  0.99917311,  0.08519675],
       [ 0.        ,  0.        ,  0.        ,  1.        ]])]","[array([[ 2.70703720e-02, -9.99633431e-01,  4.45171392e-04,
        -1.14497188e-01],
       [ 9.99498290e-01,  2.70740321e-02,  1.64367171e-02,
         2.74297788e-01],
       [-1.64427445e-02, -0.00000000e+00,  9.99864809e-01,
         8.29538793e-02],
       [ 0.00000000e+00,  0.00000000e+00,  0.00000000e+00,
         1.00000000e+00]])]","[array([[ 2.70703720e-02, -9.99633431e-01,  4.45171392e-04,
        -1.14497188e-01],
       [ 9.99498290e-01,  2.70740321e-02,  1.64367171e-02,
         2.74297788e-01],
       [-1.64427445e-02, -0.00000000e+00,  9.99864809e-01,
         8.29538793e-02],
       [ 0.00000000e+00,  0.00000000e+00,  0.00000000e+00,
         1.00000000e+00]])]","[array([[ 0.27211731, -0.96223405,  0.00760339, -0.03379325],
       [ 0.96185864,  0.27222351,  0.02687585,  0.21263435],
       [-0.02793067,  0.        ,  0.99960986,  0.08578565],
       [ 0.        ,  0.        ,  0.        ,  1.        ]])]","[array([[-0.22523823, -0.97427114,  0.00796785, -0.01798065],
       [ 0.97366211, -0.22537912, -0.03444349,  0.27176458],
       [ 0.03535309, -0.        ,  0.99937488,  0.08260577],
       [ 0.        ,  0.        ,  0.        ,  1.        ]])]","[array([[-0.22523823, -0.97427114,  0.00796785, -0.01798065],
       [ 0.97366211, -0.22537912, -0.03444349,  0.27176458],
       [ 0.03535309, -0.        ,  0.99937488,  0.08260577],
       [ 0.        ,  0.        ,  0.        ,  1.        ]])]"
15,"[array([[-0.31461545, -0.94913102, -0.01293963, -0.09391898],
       [ 0.94832928, -0.31488143,  0.03900325,  0.20984865],
       [-0.04109365,  0.        ,  0.9991553 ,  0.0852115 ],
       [ 0.        ,  0.        ,  0.        ,  1.        ]])]","[array([[ 0.09955204, -0.99503123,  0.00149799, -0.1120164 ],
       [ 0.9949186 ,  0.09956331,  0.01497089,  0.27781162],
       [-0.01504565, -0.        ,  0.99988681,  0.08294145],
       [ 0.        ,  0.        ,  0.        ,  1.        ]])]","[array([[ 0.09955204, -0.99503123,  0.00149799, -0.1120164 ],
       [ 0.9949186 ,  0.09956331,  0.01497089,  0.27781162],
       [-0.01504565, -0.        ,  0.99988681,  0.08294145],
       [ 0.        ,  0.        ,  0.        ,  1.        ]])]","[array([[ 0.34006987, -0.94035327,  0.0093921 , -0.0359042 ],
       [ 0.93999484,  0.34019954,  0.02596091,  0.21050039],
       [-0.02760762,  0.        ,  0.99961884,  0.08576341],
       [ 0.        ,  0.        ,  0.        ,  1.        ]])]","[array([[-0.1545617 , -0.98796759,  0.00554266, -0.01590149],
       [ 0.98733295, -0.15466105, -0.03540628,  0.26833322],
       [ 0.03583749, -0.        ,  0.99935763,  0.08262337],
       [ 0.        ,  0.        ,  0.        ,  1.        ]])]","[array([[-0.1545617 , -0.98796759,  0.00554266, -0.01590149],
       [ 0.98733295, -0.15466105, -0.03540628,  0.26833322],
       [ 0.03583749, -0.        ,  0.99935763,  0.08262337],
       [ 0.        ,  0.        ,  0.        ,  1.        ]])]"
16,"[array([[-0.22378612, -0.9745956 , -0.00912066, -0.09738722],
       [ 0.97378718, -0.2239719 ,  0.03968782,  0.21280949],
       [-0.04072235,  0.        ,  0.9991705 ,  0.08518818],
       [ 0.        ,  0.        ,  0.        ,  1.        ]])]","[array([[ 0.19353394, -0.98109006,  0.00262852, -0.10897128],
       [ 0.98099958,  0.19355179,  0.01332364,  0.2821882 ],
       [-0.01358045, -0.        ,  0.99990778,  0.08291586],
       [ 0.        ,  0.        ,  0.        ,  1.        ]])]","[array([[ 0.19353394, -0.98109006,  0.00262852, -0.10897128],
       [ 0.98099958,  0.19355179,  0.01332364,  0.2821882 ],
       [-0.01358045, -0.        ,  0.99990778,  0.08291586],
       [ 0.        ,  0.        ,  0.        ,  1.        ]])]","[array([[ 0.42806525, -0.90367955,  0.01110919, -0.03961482],
       [ 0.90337538,  0.42820938,  0.02344447,  0.20791975],
       [-0.02594335,  0.        ,  0.99966341,  0.08570113],
       [ 0.        ,  0.        ,  0.        ,  1.        ]])]","[array([[-0.05229715, -0.99862951,  0.00202802, -0.01444211],
       [ 0.99787949, -0.05233646, -0.03869659,  0.26367281],
       [ 0.0387497 , -0.        ,  0.99924895,  0.08253576],
       [ 0.        ,  0.        ,  0.        ,  1.        ]])]","[array([[-0.05229715, -0.99862951,  0.00202802, -0.01444211],
       [ 0.99787949, -0.05233646, -0.03869659,  0.26367281],
       [ 0.0387497 , -0.        ,  0.99924895,  0.08253576],
       [ 0.        ,  0.        ,  0.        ,  1.        ]])]"
17,"[array([[-0.23697935, -0.97146606, -0.0097198 , -0.09822209],
       [ 0.97064996, -0.23717859,  0.03981158,  0.21367653],
       [-0.04098092,  0.        ,  0.99915993,  0.08518797],
       [ 0.        ,  0.        ,  0.        ,  1.        ]])]","[array([[ 0.1808383 , -0.98350933,  0.00262953, -0.11075745],
       [ 0.98340537,  0.18085741,  0.0142995 ,  0.28289757],
       [-0.01453926, -0.        ,  0.9998943 ,  0.08293035],
       [ 0.        ,  0.        ,  0.        ,  1.        ]])]","[array([[ 0.1808383 , -0.98350933,  0.00262953, -0.11075745],
       [ 0.98340537,  0.18085741,  0.0142995 ,  0.28289757],
       [-0.01453926, -0.        ,  0.9998943 ,  0.08293035],
       [ 0.        ,  0.        ,  0.        ,  1.        ]])]","[array([[ 0.4158261 , -0.9093817 ,  0.0106568 , -0.04037827],
       [ 0.90908321,  0.41596264,  0.02329801,  0.2096022 ],
       [-0.02561962,  0.        ,  0.99967176,  0.08568488],
       [ 0.        ,  0.        ,  0.        ,  1.        ]])]","[array([[-0.06502972, -0.99787997,  0.00259049, -0.0159949 ],
       [ 0.99708915, -0.06508129, -0.03971957,  0.2656887 ],
       [ 0.03980396, -0.        ,  0.99920751,  0.08247623],
       [ 0.        ,  0.        ,  0.        ,  1.        ]])]","[array([[-0.06502972, -0.99787997,  0.00259049, -0.0159949 ],
       [ 0.99708915, -0.06508129, -0.03971957,  0.2656887 ],
       [ 0.03980396, -0.        ,  0.99920751,  0.08247623],
       [ 0.        ,  0.        ,  0.        ,  1.        ]])]"
18,"[array([[-0.22542692, -0.97421749, -0.00910903, -0.09670616],
       [ 0.97342312, -0.22561089,  0.039334  ,  0.223679  ],
       [-0.04037497,  0.        ,  0.9991846 ,  0.0851934 ],
       [ 0.        ,  0.        ,  0.        ,  1.        ]])]","[array([[ 0.19294092, -0.9812066 ,  0.00272013, -0.10838795],
       [ 0.98110911,  0.1929601 ,  0.0138319 ,  0.29304505],
       [-0.01409683, -0.        ,  0.99990063,  0.08294728],
       [ 0.        ,  0.        ,  0.        ,  1.        ]])]","[array([[ 0.19294092, -0.9812066 ,  0.00272013, -0.10838795],
       [ 0.98110911,  0.1929601 ,  0.0138319 ,  0.29304505],
       [-0.01409683, -0.        ,  0.99990063,  0.08294728],
       [ 0.        ,  0.        ,  0.        ,  1.        ]])]","[array([[ 0.42703524, -0.90417363,  0.01053384, -0.03894013],
       [ 0.90389867,  0.42716514,  0.0222968 ,  0.21886976],
       [-0.02465987,  0.        ,  0.9996959 ,  0.08566938],
       [ 0.        ,  0.        ,  0.        ,  1.        ]])]","[array([[-0.05729974, -0.99835432,  0.00232085, -0.01368824],
       [ 0.99753641, -0.05734672, -0.04040385,  0.27463982],
       [ 0.04047045, -0.        ,  0.99918074,  0.08248204],
       [ 0.        ,  0.        ,  0.        ,  1.        ]])]","[array([[-0.05729974, -0.99835432,  0.00232085, -0.01368824],
       [ 0.99753641, -0.05734672, -0.04040385,  0.27463982],
       [ 0.04047045, -0.        ,  0.99918074,  0.08248204],
       [ 0.        ,  0.        ,  0.        ,  1.        ]])]"
19,"[array([[-0.2231747 , -0.97473458, -0.00924946, -0.09369549],
       [ 0.97389852, -0.22336629,  0.04036314,  0.24105888],
       [-0.04140937,  0.        ,  0.99914226,  0.08524957],
       [ 0.        ,  0.        ,  0.        ,  1.        ]])]","[array([[ 0.19448804, -0.98090151,  0.00257525, -0.10525178],
       [ 0.98081553,  0.19450509,  0.01298717,  0.31043834],
       [-0.01324003, -0.        ,  0.99991235,  0.08294103],
       [ 0.        ,  0.        ,  0.        ,  1.        ]])]","[array([[ 0.19448804, -0.98090151,  0.00257525, -0.10525178],
       [ 0.98081553,  0.19450509,  0.01298717,  0.31043834],
       [-0.01324003, -0.        ,  0.99991235,  0.08294103],
       [ 0.        ,  0.        ,  0.        ,  1.        ]])]","[array([[ 0.42785261, -0.90378059,  0.01108081, -0.03589195],
       [ 0.90347764,  0.42799608,  0.02339886,  0.23614157],
       [-0.02588998,  0.        ,  0.9996648 ,  0.08574794],
       [ 0.        ,  0.        ,  0.        ,  1.        ]])]","[array([[-0.06096215, -0.99813761,  0.00222149, -0.0103598 ],
       [ 0.99747555, -0.06100261, -0.03634851,  0.29189749],
       [ 0.03641633, -0.        ,  0.99933671,  0.08270396],
       [ 0.        ,  0.        ,  0.        ,  1.        ]])]","[array([[-0.06096215, -0.99813761,  0.00222149, -0.0103598 ],
       [ 0.99747555, -0.06100261, -0.03634851,  0.29189749],
       [ 0.03641633, -0.        ,  0.99933671,  0.08270396],
       [ 0.        ,  0.        ,  0.        ,  1.        ]])]"
20,"[array([[-0.22883265, -0.97342044, -0.00939532, -0.08805181],
       [ 0.97260101, -0.22902544,  0.03993267,  0.26130157],
       [-0.04102305,  0.        ,  0.9991582 ,  0.08528892],
       [ 0.        ,  0.        ,  0.        ,  1.        ]])]","[array([[ 0.18953976, -0.98186912,  0.00277695, -0.09999978],
       [ 0.98176376,  0.1895601 ,  0.01438384,  0.33061893],
       [-0.01464945, -0.        ,  0.99989269,  0.08305085],
       [ 0.        ,  0.        ,  0.        ,  1.        ]])]","[array([[ 0.18953976, -0.98186912,  0.00277695, -0.09999978],
       [ 0.98176376,  0.1895601 ,  0.01438384,  0.33061893],
       [-0.01464945, -0.        ,  0.99989269,  0.08305085],
       [ 0.        ,  0.        ,  0.        ,  1.        ]])]","[array([[ 0.42282656, -0.90614411,  0.0109792 , -0.03022034],
       [ 0.90583879,  0.42296908,  0.02352119,  0.25669506],
       [-0.02595745,  0.        ,  0.99966305,  0.08580145],
       [ 0.        ,  0.        ,  0.        ,  1.        ]])]","[array([[-0.06656937, -0.99777868,  0.00249614, -0.00497355],
       [ 0.99707797, -0.06661615, -0.03738725,  0.31264195],
       [ 0.03747048, -0.        ,  0.99929773,  0.08272844],
       [ 0.        ,  0.        ,  0.        ,  1.        ]])]","[array([[-0.06656937, -0.99777868,  0.00249614, -0.00497355],
       [ 0.99707797, -0.06661615, -0.03738725,  0.31264195],
       [ 0.03747048, -0.        ,  0.99929773,  0.08272844],
       [ 0.        ,  0.        ,  0.        ,  1.        ]])]"
21,"[array([[-0.22180181, -0.97504648, -0.00939751, -0.08095979],
       [ 0.97417249, -0.22200081,  0.04127466,  0.28233928],
       [-0.04233097,  0.        ,  0.99910364,  0.08539121],
       [ 0.        ,  0.        ,  0.        ,  1.        ]])]","[array([[ 0.19737068, -0.98032518,  0.00271276, -0.09244285],
       [ 0.98023259,  0.19738932,  0.01347282,  0.35174186],
       [-0.01374322, -0.        ,  0.99990556,  0.08308603],
       [ 0.        ,  0.        ,  0.        ,  1.        ]])]","[array([[ 0.19737068, -0.98032518,  0.00271276, -0.09244285],
       [ 0.98023259,  0.19738932,  0.01347282,  0.35174186],
       [-0.01374322, -0.        ,  0.99990556,  0.08308603],
       [ 0.        ,  0.        ,  0.        ,  1.        ]])]","[array([[ 0.42954345, -0.90297696,  0.01118192, -0.02317469],
       [ 0.90267115,  0.42968897,  0.02349844,  0.27731166],
       [-0.0260233 ,  0.        ,  0.99966134,  0.08587092],
       [ 0.        ,  0.        ,  0.        ,  1.        ]])]","[array([[-0.05565228, -0.99844799,  0.00210625,  0.00230008],
       [ 0.99773369, -0.05569212, -0.03776081,  0.3329933 ],
       [ 0.03781951, -0.        ,  0.99928459,  0.08277234],
       [ 0.        ,  0.        ,  0.        ,  1.        ]])]","[array([[-0.05565228, -0.99844799,  0.00210625,  0.00230008],
       [ 0.99773369, -0.05569212, -0.03776081,  0.3329933 ],
       [ 0.03781951, -0.        ,  0.99928459,  0.08277234],
       [ 0.        ,  0.        ,  0.        ,  1.        ]])]"
22,"[array([[-0.21574345, -0.97640619, -0.00925815, -0.07379797],
       [ 0.9755084 , -0.21594201,  0.04186176,  0.29943527],
       [-0.0428733 ,  0.        ,  0.99908052,  0.08546636],
       [ 0.        ,  0.        ,  0.        ,  1.        ]])]","[array([[ 0.20700255, -0.97833583,  0.00299058, -0.08469519],
       [ 0.97823375,  0.20702415,  0.01413259,  0.36896778],
       [-0.01444554, -0.        ,  0.99989566,  0.08318237],
       [ 0.        ,  0.        ,  0.        ,  1.        ]])]","[array([[ 0.20700255, -0.97833583,  0.00299058, -0.08469519],
       [ 0.97823375,  0.20702415,  0.01413259,  0.36896778],
       [-0.01444554, -0.        ,  0.99989566,  0.08318237],
       [ 0.        ,  0.        ,  0.        ,  1.        ]])]","[array([[ 0.43852993, -0.89856402,  0.01655894, -0.01627383],
       [ 0.89792411,  0.43884245,  0.03390573,  0.29375723],
       [-0.03773323,  0.        ,  0.99928785,  0.08640622],
       [ 0.        ,  0.        ,  0.        ,  1.        ]])]","[array([[-0.04867992, -0.99881283,  0.0017883 ,  0.00999335],
       [ 0.99813955, -0.04871276, -0.03666752,  0.34934736],
       [ 0.0367111 , -0.        ,  0.99932592,  0.08289859],
       [ 0.        ,  0.        ,  0.        ,  1.        ]])]","[array([[-0.04867992, -0.99881283,  0.0017883 ,  0.00999335],
       [ 0.99813955, -0.04871276, -0.03666752,  0.34934736],
       [ 0.0367111 , -0.        ,  0.99932592,  0.08289859],
       [ 0.        ,  0.        ,  0.        ,  1.        ]])]"
23,"[array([[-0.20542482, -0.97863178, -0.00897078, -0.06916442],
       [ 0.97769998, -0.2056206 ,  0.04269559,  0.30933959],
       [-0.04362784,  0.        ,  0.99904785,  0.08553226],
       [ 0.        ,  0.        ,  0.        ,  1.        ]])]","[array([[ 0.21363707, -0.97690852,  0.00298944, -0.07947575],
       [ 0.9768129 ,  0.21365799,  0.01366863,  0.37892581],
       [-0.01399172, -0.        ,  0.99990211,  0.08321694],
       [ 0.        ,  0.        ,  0.        ,  1.        ]])]","[array([[ 0.21363707, -0.97690852,  0.00298944, -0.07947575],
       [ 0.9768129 ,  0.21365799,  0.01366863,  0.37892581],
       [-0.01399172, -0.        ,  0.99990211,  0.08321694],
       [ 0.        ,  0.        ,  0.        ,  1.        ]])]","[array([[ 0.4441706 , -0.89581351,  0.01518701, -0.01151577],
       [ 0.89529032,  0.44443016,  0.03061163,  0.30329181],
       [-0.03417187,  0.        ,  0.99941597,  0.08630545],
       [ 0.        ,  0.        ,  0.        ,  1.        ]])]","[array([[-0.03756217, -0.99929317,  0.00149487,  0.0148562 ],
       [ 0.99850276, -0.03759191, -0.03973771,  0.35859672],
       [ 0.03976582, -0.        ,  0.99920903,  0.08278245],
       [ 0.        ,  0.        ,  0.        ,  1.        ]])]","[array([[-0.03756217, -0.99929317,  0.00149487,  0.0148562 ],
       [ 0.99850276, -0.03759191, -0.03973771,  0.35859672],
       [ 0.03976582, -0.        ,  0.99920903,  0.08278245],
       [ 0.        ,  0.        ,  0.        ,  1.        ]])]"
24,"[array([[-0.31278933, -0.94979348, -0.0074281 , -0.07070942],
       [ 0.94952577, -0.31287752,  0.02254928,  0.32341164],
       [-0.02374124,  0.        ,  0.99971814,  0.0847648 ],
       [ 0.        ,  0.        ,  0.        ,  1.        ]])]","[array([[ 0.10839728, -0.99410621,  0.00169664, -0.08855151],
       [ 0.99398446,  0.10841055,  0.0155579 ,  0.39159614],
       [-0.01565014, -0.        ,  0.99987753,  0.08317767],
       [ 0.        ,  0.        ,  0.        ,  1.        ]])]","[array([[ 0.10839728, -0.99410621,  0.00169664, -0.08855151],
       [ 0.99398446,  0.10841055,  0.0155579 ,  0.39159614],
       [-0.01565014, -0.        ,  0.99987753,  0.08317767],
       [ 0.        ,  0.        ,  0.        ,  1.        ]])]","[array([[ 0.34829592, -0.93732775,  0.01032692, -0.01301961],
       [ 0.93691601,  0.34844898,  0.02777941,  0.32356857],
       [-0.02963682,  0.        ,  0.99956073,  0.08608886],
       [ 0.        ,  0.        ,  0.        ,  1.        ]])]","[array([[-0.14430716, -0.98951881,  0.00528923,  0.00745808],
       [ 0.98885481, -0.14440406, -0.03624406,  0.38140986],
       [ 0.03662796, -0.        ,  0.99932897,  0.08287723],
       [ 0.        ,  0.        ,  0.        ,  1.        ]])]","[array([[-0.14430716, -0.98951881,  0.00528923,  0.00745808],
       [ 0.98885481, -0.14440406, -0.03624406,  0.38140986],
       [ 0.03662796, -0.        ,  0.99932897,  0.08287723],
       [ 0.        ,  0.        ,  0.        ,  1.        ]])]"
25,"[array([[-0.38564165, -0.92257185, -0.01190323, -0.06964188],
       [ 0.9221327 , -0.38582531,  0.02846257,  0.34216446],
       [-0.03085133,  0.        ,  0.99952398,  0.08502607],
       [ 0.        ,  0.        ,  0.        ,  1.        ]])]","[array([[ 2.60665963e-02, -9.99660102e-01,  4.61326090e-04,
        -9.28173882e-02],
       [ 9.99503583e-01,  2.60706782e-02,  1.76891941e-02,
         4.08665104e-01],
       [-1.76952086e-02, -0.00000000e+00,  9.99843428e-01,
         8.32207076e-02],
       [ 0.00000000e+00,  0.00000000e+00,  0.00000000e+00,
         1.00000000e+00]])]","[array([[ 2.60665963e-02, -9.99660102e-01,  4.61326090e-04,
        -9.28173882e-02],
       [ 9.99503583e-01,  2.60706782e-02,  1.76891941e-02,
         4.08665104e-01],
       [-1.76952086e-02, -0.00000000e+00,  9.99843428e-01,
         8.32207076e-02],
       [ 0.00000000e+00,  0.00000000e+00,  0.00000000e+00,
         1.00000000e+00]])]","[array([[ 0.26913223, -0.96307202,  0.00775344, -0.01194983],
       [ 0.96267262,  0.2692439 ,  0.02773367,  0.34708067],
       [-0.02879709,  0.        ,  0.99958528,  0.08603605],
       [ 0.        ,  0.        ,  0.        ,  1.        ]])]","[array([[-0.22658159, -0.97395987,  0.00793466,  0.00377135],
       [ 0.97336322, -0.22672048, -0.03408621,  0.40642864],
       [ 0.03499755, -0.        ,  0.9993874 ,  0.08290508],
       [ 0.        ,  0.        ,  0.        ,  1.        ]])]","[array([[-0.22658159, -0.97395987,  0.00793466,  0.00377135],
       [ 0.97336322, -0.22672048, -0.03408621,  0.40642864],
       [ 0.03499755, -0.        ,  0.9993874 ,  0.08290508],
       [ 0.        ,  0.        ,  0.        ,  1.        ]])]"
26,"[array([[-0.43663971, -0.89941009, -0.02018059, -0.06702306],
       [ 0.89845101, -0.43710582,  0.04152457,  0.36391062],
       [-0.04616867,  0.        ,  0.99893366,  0.08562618],
       [ 0.        ,  0.        ,  0.        ,  1.        ]])]","[array([[-3.05927479e-02, -9.99531759e-01, -5.89504589e-04,
        -9.41490435e-02],
       [ 9.99346242e-01, -3.05984271e-02,  1.92568251e-02,
         4.28998097e-01],
       [-1.92658462e-02,  0.00000000e+00,  9.99814396e-01,
