,LP,LD1,LD2,RP,RD1,RD2
0,"[array([[-0.24830844, -0.96865607, -0.00695287, -0.11622835],
       [ 0.96827655, -0.24840576,  0.02711267,  0.07802499],
       [-0.02798998,  0.        ,  0.9996082 ,  0.08506898],
       [ 0.        ,  0.        ,  0.        ,  1.        ]])]","[array([[ 0.26539371, -0.96412698,  0.00503379, -0.12990609],
       [ 0.9639536 ,  0.26544145,  0.01828355,  0.14733376],
       [-0.01896384, -0.        ,  0.99982017,  0.08408005],
       [ 0.        ,  0.        ,  0.        ,  1.        ]])]","[array([[ 0.26539371, -0.96412698,  0.00503379, -0.12990609],
       [ 0.9639536 ,  0.26544145,  0.01828355,  0.14733376],
       [-0.01896384, -0.        ,  0.99982017,  0.08408005],
       [ 0.        ,  0.        ,  0.        ,  1.        ]])]","[array([[ 0.50433825, -0.86336726,  0.01548907, -0.05657856],
       [ 0.86296038,  0.50457604,  0.02650295,  0.0862768 ],
       [-0.03069719,  0.        ,  0.99952873,  0.08567462],
       [ 0.        ,  0.        ,  0.        ,  1.        ]])]","[array([[-0.28984219, -0.95703638,  0.00853681, -0.02710627],
       [ 0.95662153, -0.28996788, -0.02817568,  0.13558738],
       [ 0.02944055, -0.        ,  0.99956653,  0.08293379],
       [ 0.        ,  0.        ,  0.        ,  1.        ]])]","[array([[-0.28984219, -0.95703638,  0.00853681, -0.02710627],
       [ 0.95662153, -0.28996788, -0.02817568,  0.13558738],
       [ 0.02944055, -0.        ,  0.99956653,  0.08293379],
       [ 0.        ,  0.        ,  0.        ,  1.        ]])]"
1,"[array([[-0.24853211, -0.96859911, -0.00689544, -0.1162187 ],
       [ 0.96822653, -0.24862775,  0.02686314,  0.07802259],
       [-0.02773401,  0.        ,  0.99961534,  0.08505924],
       [ 0.        ,  0.        ,  0.        ,  1.        ]])]","[array([[ 0.26497702, -0.96424217,  0.00492039, -0.12988836],
       [ 0.96407598,  0.2650227 ,  0.01790203,  0.14732699],
       [-0.01856591, -0.        ,  0.99982764,  0.0840584 ],
       [ 0.        ,  0.        ,  0.        ,  1.        ]])]","[array([[ 0.26497702, -0.96424217,  0.00492039, -0.12988836],
       [ 0.96407598,  0.2650227 ,  0.01790203,  0.14732699],
       [-0.01856591, -0.        ,  0.99982764,  0.0840584 ],
       [ 0.        ,  0.        ,  0.        ,  1.        ]])]","[array([[ 0.50413243, -0.86348515,  0.01561682, -0.056573  ],
       [ 0.86307115,  0.50437425,  0.02673589,  0.08627653],
       [-0.03096276,  0.        ,  0.99952054,  0.08568257],
       [ 0.        ,  0.        ,  0.        ,  1.        ]])]","[array([[-0.28994727, -0.95700334,  0.00867127, -0.02710347],
       [ 0.95657566, -0.2900769 , -0.02860769,  0.13559534],
       [ 0.02989299, -0.        ,  0.9995531 ,  0.0829164 ],
       [ 0.        ,  0.        ,  0.        ,  1.        ]])]","[array([[-0.28994727, -0.95700334,  0.00867127, -0.02710347],
       [ 0.95657566, -0.2900769 , -0.02860769,  0.13559534],
       [ 0.02989299, -0.        ,  0.9995531 ,  0.0829164 ],
       [ 0.        ,  0.        ,  0.        ,  1.        ]])]"
2,"[array([[-0.24851384, -0.96860302, -0.00700445, -0.11622015],
       [ 0.96821851, -0.24861253,  0.02728958,  0.07802694],
       [-0.02817417,  0.        ,  0.99960303,  0.0850721 ],
       [ 0.        ,  0.        ,  0.        ,  1.        ]])]","[array([[ 0.26514069, -0.96419675,  0.00500333, -0.12990036],
       [ 0.96402513,  0.26518789,  0.01819162,  0.14733235],
       [-0.01886713, -0.        ,  0.999822  ,  0.08407697],
       [ 0.        ,  0.        ,  0.        ,  1.        ]])]","[array([[ 0.26514069, -0.96419675,  0.00500333, -0.12990036],
       [ 0.96402513,  0.26518789,  0.01819162,  0.14733235],
       [-0.01886713, -0.        ,  0.999822  ,  0.08407697],
       [ 0.        ,  0.        ,  0.        ,  1.        ]])]","[array([[ 0.50431029, -0.8633982 ,  0.01465188, -0.05659821],
       [ 0.86303403,  0.50452309,  0.02507399,  0.08624568],
       [-0.02904105,  0.        ,  0.99957822,  0.08560852],
       [ 0.        ,  0.        ,  0.        ,  1.        ]])]","[array([[-0.2900525 , -0.95697194,  0.0086176 , -0.02709869],
       [ 0.95654985, -0.29018049, -0.02841955,  0.13559773],
       [ 0.02969737, -0.        ,  0.99955894,  0.08292362],
       [ 0.        ,  0.        ,  0.        ,  1.        ]])]","[array([[-0.2900525 , -0.95697194,  0.0086176 , -0.02709869],
       [ 0.95654985, -0.29018049, -0.02841955,  0.13559773],
       [ 0.02969737, -0.        ,  0.99955894,  0.08292362],
       [ 0.        ,  0.        ,  0.        ,  1.        ]])]"
3,"[array([[-0.24830608, -0.96865646, -0.00698238, -0.11622741],
       [ 0.96827371, -0.24840424,  0.0272279 ,  0.07802507],
       [-0.02810893,  0.        ,  0.99960487,  0.08507164],
       [ 0.        ,  0.        ,  0.        ,  1.        ]])]","[array([[ 0.26516188, -0.964191  ,  0.00498991, -0.12989801],
       [ 0.96402032,  0.26520883,  0.01814129,  0.14733159],
       [-0.01881503, -0.        ,  0.99982298,  0.08407232],
       [ 0.        ,  0.        ,  0.        ,  1.        ]])]","[array([[ 0.26516188, -0.964191  ,  0.00498991, -0.12989801],
       [ 0.96402032,  0.26520883,  0.01814129,  0.14733159],
       [-0.01881503, -0.        ,  0.99982298,  0.08407232],
       [ 0.        ,  0.        ,  0.        ,  1.        ]])]","[array([[ 0.50397603, -0.86357774,  0.01554481, -0.05657432],
       [ 0.86316724,  0.50421571,  0.02662382,  0.08626997],
       [-0.03082968,  0.        ,  0.99952465,  0.08567758],
       [ 0.        ,  0.        ,  0.        ,  1.        ]])]","[array([[-0.29006455, -0.95696903,  0.00853421, -0.02710027],
       [ 0.9565551 , -0.29019006, -0.02814355,  0.13559943],
       [ 0.02940905, -0.        ,  0.99956746,  0.08293379],
       [ 0.        ,  0.        ,  0.        ,  1.        ]])]","[array([[-0.29006455, -0.95696903,  0.00853421, -0.02710027],
       [ 0.9565551 , -0.29019006, -0.02814355,  0.13559943],
       [ 0.02940905, -0.        ,  0.99956746,  0.08293379],
       [ 0.        ,  0.        ,  0.        ,  1.        ]])]"
4,"[array([[-0.24844221, -0.96862174, -0.00695683, -0.11622297],
       [ 0.96824221, -0.24853959,  0.02711252,  0.07802424],
       [-0.02799082,  0.        ,  0.99960818,  0.08506899],
       [ 0.        ,  0.        ,  0.        ,  1.        ]])]","[array([[ 0.2651082 , -0.96420603,  0.00493668, -0.12989237],
       [ 0.9640389 ,  0.26515416,  0.01795172,  0.14732976],
       [-0.01861813, -0.        ,  0.99982667,  0.08406406],
       [ 0.        ,  0.        ,  0.        ,  1.        ]])]","[array([[ 0.2651082 , -0.96420603,  0.00493668, -0.12989237],
       [ 0.9640389 ,  0.26515416,  0.01795172,  0.14732976],
       [-0.01861813, -0.        ,  0.99982667,  0.08406406],
       [ 0.        ,  0.        ,  0.        ,  1.        ]])]","[array([[ 0.50430566, -0.86338565,  0.01552511, -0.05657799],
       [ 0.86297681,  0.50454457,  0.02656685,  0.08628015],
       [-0.03077054,  0.        ,  0.99952647,  0.08567426],
       [ 0.        ,  0.        ,  0.        ,  1.        ]])]","[array([[-0.28699446, -0.95788567,  0.00944609, -0.0272665 ],
       [ 0.95736724, -0.28714987, -0.03151062,  0.13557141],
       [ 0.03289602, -0.        ,  0.99945878,  0.08275291],
       [ 0.        ,  0.        ,  0.        ,  1.        ]])]","[array([[-0.28699446, -0.95788567,  0.00944609, -0.0272665 ],
       [ 0.95736724, -0.28714987, -0.03151062,  0.13557141],
       [ 0.03289602, -0.        ,  0.99945878,  0.08275291],
       [ 0.        ,  0.        ,  0.        ,  1.        ]])]"
5,"[array([[-0.24830696, -0.96865646, -0.00695102, -0.11622639],
       [ 0.96827714, -0.24840424,  0.02710562,  0.07802599],
       [-0.0279827 ,  0.        ,  0.99960841,  0.08506981],
       [ 0.        ,  0.        ,  0.        ,  1.        ]])]","[array([[ 0.26529306, -0.96415483,  0.00500625, -0.12990002],
       [ 0.9639832 ,  0.26534029,  0.01819099,  0.14733337],
       [-0.01886729, -0.        ,  0.999822  ,  0.08406998],
       [ 0.        ,  0.        ,  0.        ,  1.        ]])]","[array([[ 0.26529306, -0.96415483,  0.00500625, -0.12990002],
       [ 0.9639832 ,  0.26534029,  0.01819099,  0.14733337],
       [-0.01886729, -0.        ,  0.999822  ,  0.08406998],
       [ 0.        ,  0.        ,  0.        ,  1.        ]])]","[array([[ 0.50414134, -0.86348048,  0.01558718, -0.05657316],
       [ 0.86306806,  0.50438225,  0.02668458,  0.08627767],
       [-0.03090351,  0.        ,  0.99952237,  0.08567924],
       [ 0.        ,  0.        ,  0.        ,  1.        ]])]","[array([[-0.29057839, -0.95681369,  0.00847145, -0.0270748 ],
       [ 0.95640733, -0.29070185, -0.02788287,  0.1356171 ],
       [ 0.02914138, -0.        ,  0.9995753 ,  0.0829553 ],
       [ 0.        ,  0.        ,  0.        ,  1.        ]])]","[array([[-0.29057839, -0.95681369,  0.00847145, -0.0270748 ],
       [ 0.95640733, -0.29070185, -0.02788287,  0.1356171 ],
       [ 0.02914138, -0.        ,  0.9995753 ,  0.0829553 ],
       [ 0.        ,  0.        ,  0.        ,  1.        ]])]"
6,"[array([[-0.24853036, -0.96859911, -0.00695822, -0.11622273],
       [ 0.96821971, -0.24862775,  0.02710771,  0.07802674],
       [-0.02798652,  0.        ,  0.9996083 ,  0.0850679 ],
       [ 0.        ,  0.        ,  0.        ,  1.        ]])]","[array([[ 0.26502305, -0.96422938,  0.00494771, -0.12989277],
       [ 0.96406139,  0.26506923,  0.01799803,  0.14732966],
       [-0.01866571, -0.        ,  0.99982578,  0.08406457],
       [ 0.        ,  0.        ,  0.        ,  1.        ]])]","[array([[ 0.26502305, -0.96422938,  0.00494771, -0.12989277],
       [ 0.96406139,  0.26506923,  0.01799803,  0.14732966],
       [-0.01866571, -0.        ,  0.99982578,  0.08406457],
       [ 0.        ,  0.        ,  0.        ,  1.        ]])]","[array([[ 0.50442641, -0.86331388,  0.01559299, -0.05658306],
       [ 0.8629017 ,  0.50466736,  0.02667428,  0.08628492],
       [-0.03089755,  0.        ,  0.99952256,  0.08568111],
       [ 0.        ,  0.        ,  0.        ,  1.        ]])]","[array([[-0.28991098, -0.95701449,  0.00865338, -0.02710778],
       [ 0.95658846, -0.2900401 , -0.02855264,  0.13559344],
       [ 0.02983512, -0.        ,  0.99955483,  0.08291824],
       [ 0.        ,  0.        ,  0.        ,  1.        ]])]","[array([[-0.28991098, -0.95701449,  0.00865338, -0.02710778],
       [ 0.95658846, -0.2900401 , -0.02855264,  0.13559344],
       [ 0.02983512, -0.        ,  0.99955483,  0.08291824],
       [ 0.        ,  0.        ,  0.        ,  1.        ]])]"
7,"[array([[-0.24824637, -0.96867166, -0.0069965 , -0.11623292],
       [ 0.96828717, -0.24834494,  0.02728989,  0.07802344],
       [-0.02817249,  0.        ,  0.99960308,  0.08507306],
       [ 0.        ,  0.        ,  0.        ,  1.        ]])]","[array([[ 0.26541982, -0.96411993,  0.0050082 , -0.12991289],
       [ 0.96394834,  0.26546707,  0.01818872,  0.14733704],
       [-0.01886562, -0.        ,  0.99982203,  0.08407693],
       [ 0.        ,  0.        ,  0.        ,  1.        ]])]","[array([[ 0.26541982, -0.96411993,  0.0050082 , -0.12991289],
       [ 0.96394834,  0.26546707,  0.01818872,  0.14733704],
       [-0.01886562, -0.        ,  0.99982203,  0.08407693],
       [ 0.        ,  0.        ,  0.        ,  1.        ]])]","[array([[ 0.50420468, -0.86344585,  0.01545653, -0.05658127],
       [ 0.86304043,  0.50444153,  0.02645673,  0.08627781],
       [-0.03064087,  0.        ,  0.99953046,  0.08567336],
       [ 0.        ,  0.        ,  0.        ,  1.        ]])]","[array([[-0.2898483 , -0.95703349,  0.00865257, -0.02711503],
       [ 0.95660735, -0.28997742, -0.0285567 ,  0.1355927 ],
       [ 0.02983877, -0.        ,  0.99955472,  0.08291613],
       [ 0.        ,  0.        ,  0.        ,  1.        ]])]","[array([[-0.2898483 , -0.95703349,  0.00865257, -0.02711503],
       [ 0.95660735, -0.28997742, -0.0285567 ,  0.1355927 ],
       [ 0.02983877, -0.        ,  0.99955472,  0.08291613],
       [ 0.        ,  0.        ,  0.        ,  1.        ]])]"
8,"[array([[-0.24836552, -0.96864086, -0.00703285, -0.1162279 ],
       [ 0.96825275, -0.24846507,  0.02741758,  0.07802385],
       [-0.0283052 ,  0.        ,  0.99959933,  0.08507904],
       [ 0.        ,  0.        ,  0.        ,  1.        ]])]","[array([[ 0.26506117, -0.96421883,  0.0049624 , -0.12989393],
       [ 0.96404989,  0.26510762,  0.01804868,  0.1473292 ],
       [-0.01871844, -0.        ,  0.99982479,  0.08407025],
       [ 0.        ,  0.        ,  0.        ,  1.        ]])]","[array([[ 0.26506117, -0.96421883,  0.0049624 , -0.12989393],
       [ 0.96404989,  0.26510762,  0.01804868,  0.1473292 ],
       [-0.01871844, -0.        ,  0.99982479,  0.08407025],
       [ 0.        ,  0.        ,  0.        ,  1.        ]])]","[array([[ 0.50422944, -0.86342963,  0.01555455, -0.05657868],
       [ 0.8630191 ,  0.5044693 ,  0.02662255,  0.08627854],
       [-0.03083349,  0.        ,  0.99952454,  0.08567867],
       [ 0.        ,  0.        ,  0.        ,  1.        ]])]","[array([[-0.2875558 , -0.95771974,  0.00919542, -0.02722937],
       [ 0.95723044, -0.28770279, -0.03061018,  0.13554016],
       [ 0.03196152, -0.        ,  0.9994891 ,  0.08279862],
       [ 0.        ,  0.        ,  0.        ,  1.        ]])]","[array([[-0.2875558 , -0.95771974,  0.00919542, -0.02722937],
       [ 0.95723044, -0.28770279, -0.03061018,  0.13554016],
       [ 0.03196152, -0.        ,  0.9994891 ,  0.08279862],
       [ 0.        ,  0.        ,  0.        ,  1.        ]])]"
9,"[array([[-0.24850084, -0.96860692, -0.00692514, -0.11621948],
       [ 0.96823103, -0.24859731,  0.02698234,  0.07802183],
       [-0.02785686,  0.        ,  0.99961192,  0.08506499],
       [ 0.        ,  0.        ,  0.        ,  1.        ]])]","[array([[ 0.26538636, -0.96412921,  0.0049946 , -0.12990587],
       [ 0.96395851,  0.26543335,  0.01814179,  0.14733457],
       [-0.01881676, -0.        ,  0.99982295,  0.08407237],
       [ 0.        ,  0.        ,  0.        ,  1.        ]])]","[array([[ 0.26538636, -0.96412921,  0.0049946 , -0.12990587],
       [ 0.96395851,  0.26543335,  0.01814179,  0.14733457],
       [-0.01881676, -0.        ,  0.99982295,  0.08407237],
       [ 0.        ,  0.        ,  0.        ,  1.        ]])]","[array([[ 0.50428489, -0.86339719,  0.01555797, -0.05657563],
       [ 0.86298658,  0.50452482,  0.02662447,  0.08628176],
       [-0.03083688,  0.        ,  0.99952443,  0.08567775],
       [ 0.        ,  0.        ,  0.        ,  1.        ]])]","[array([[-0.28975593, -0.95706198,  0.00859448, -0.02711436],
       [ 0.95664126, -0.28988336, -0.02837504,  0.13559491],
       [ 0.02964807, -0.        ,  0.9995604 ,  0.08292819],
       [ 0.        ,  0.        ,  0.        ,  1.        ]])]","[array([[-0.28975593, -0.95706198,  0.00859448, -0.02711436],
       [ 0.95664126, -0.28988336, -0.02837504,  0.13559491],
       [ 0.02964807, -0.        ,  0.9995604 ,  0.08292819],
       [ 0.        ,  0.        ,  0.        ,  1.        ]])]"
10,"[array([[-0.24823176, -0.96867517, -0.00702886, -0.11622629],
       [ 0.96828707, -0.24833125,  0.02741773,  0.0780286 ],
       [-0.02830436,  0.        ,  0.99959935,  0.08508002],
       [ 0.        ,  0.        ,  0.        ,  1.        ]])]","[array([[ 0.26543972, -0.96411417,  0.00506116, -0.1299075 ],
       [ 0.96393897,  0.26548797,  0.01837951,  0.14733744],
       [-0.01906363, -0.        ,  0.99981827,  0.08408022],
       [ 0.        ,  0.        ,  0.        ,  1.        ]])]","[array([[ 0.26543972, -0.96411417,  0.00506116, -0.1299075 ],
       [ 0.96393897,  0.26548797,  0.01837951,  0.14733744],
       [-0.01906363, -0.        ,  0.99981827,  0.08408022],
       [ 0.        ,  0.        ,  0.        ,  1.        ]])]","[array([[ 0.50430368, -0.86338565,  0.01558934, -0.05657795],
       [ 0.86297342,  0.50454457,  0.02667675,  0.08628423],
       [-0.03089784,  0.        ,  0.99952255,  0.08568411],
       [ 0.        ,  0.        ,  0.        ,  1.        ]])]","[array([[-0.28739455, -0.95776694,  0.00931977, -0.02723315],
       [ 0.95726374, -0.28754562, -0.03104261,  0.13554526],
       [ 0.03241145, -0.        ,  0.99947461,  0.08278132],
       [ 0.        ,  0.        ,  0.        ,  1.        ]])]","[array([[-0.28739455, -0.95776694,  0.00931977, -0.02723315],
       [ 0.95726374, -0.28754562, -0.03104261,  0.13554526],
       [ 0.03241145, -0.        ,  0.99947461,  0.08278132],
       [ 0.        ,  0.        ,  0.        ,  1.        ]])]"
11,"[array([[-0.24861961, -0.96857607, -0.00697718, -0.11621747],
       [ 0.96819489, -0.24871749,  0.02717111,  0.07802727],
       [-0.02805263,  0.        ,  0.99960645,  0.08507038],
       [ 0.        ,  0.        ,  0.        ,  1.        ]])]","[array([[ 0.26516702, -0.96418971,  0.00496449, -0.12989717],
       [ 0.96402077,  0.26521349,  0.01804852,  0.1473326 ],
       [-0.01871885, -0.        ,  0.99982479,  0.08406626],
       [ 0.        ,  0.        ,  0.        ,  1.        ]])]","[array([[ 0.26516702, -0.96418971,  0.00496449, -0.12989717],
       [ 0.96402077,  0.26521349,  0.01804852,  0.1473326 ],
       [-0.01871885, -0.        ,  0.99982479,  0.08406626],
       [ 0.        ,  0.        ,  0.        ,  1.        ]])]","[array([[ 0.50447888, -0.86328141,  0.0156928 , -0.05658495],
       [ 0.86286404,  0.5047229 ,  0.02684106,  0.08628926],
       [-0.0310919 ,  0.        ,  0.99951653,  0.08568546],
       [ 0.        ,  0.        ,  0.        ,  1.        ]])]","[array([[-0.28992426, -0.9570116 ,  0.0085274 , -0.02710532],
       [ 0.95659792, -0.29004964, -0.02813595,  0.135594  ],
       [ 0.0293998 , -0.        ,  0.99956773,  0.08293809],
       [ 0.        ,  0.        ,  0.        ,  1.        ]])]","[array([[-0.28992426, -0.9570116 ,  0.0085274 , -0.02710532],
       [ 0.95659792, -0.29004964, -0.02813595,  0.135594  ],
       [ 0.0293998 , -0.        ,  0.99956773,  0.08293809],
       [ 0.        ,  0.        ,  0.        ,  1.        ]])]"
12,"[array([[-0.24833542, -0.96864905, -0.00696655, -0.11622367],
       [ 0.96826813, -0.24843311,  0.0271628 ,  0.07802187],
       [-0.02804194,  0.        ,  0.99960675,  0.08506814],
       [ 0.        ,  0.        ,  0.        ,  1.        ]])]","[array([[ 0.26522169, -0.96417468,  0.00496466, -0.12989784],
       [ 0.9640058 ,  0.26526816,  0.01804515,  0.14733232],
       [-0.01871564, -0.        ,  0.99982485,  0.08406716],
       [ 0.        ,  0.        ,  0.        ,  1.        ]])]","[array([[ 0.26522169, -0.96417468,  0.00496466, -0.12989784],
       [ 0.9640058 ,  0.26526816,  0.01804515,  0.14733232],
       [-0.01871564, -0.        ,  0.99982485,  0.08406716],
       [ 0.        ,  0.        ,  0.        ,  1.        ]])]","[array([[ 0.50427197, -0.86340187,  0.01571605, -0.05657738],
       [ 0.86298286,  0.50451681,  0.02689558,  0.08628077],
       [-0.03115071,  0.        ,  0.9995147 ,  0.08568778],
       [ 0.        ,  0.        ,  0.        ,  1.        ]])]","[array([[-0.28990569, -0.95701697,  0.00855625, -0.02710598],
       [ 0.95660043, -0.29003193, -0.02823302,  0.13559217],
       [ 0.02950107, -0.        ,  0.99956475,  0.08293087],
       [ 0.        ,  0.        ,  0.        ,  1.        ]])]","[array([[-0.28990569, -0.95701697,  0.00855625, -0.02710598],
       [ 0.95660043, -0.29003193, -0.02823302,  0.13559217],
       [ 0.02950107, -0.        ,  0.99956475,  0.08293087],
       [ 0.        ,  0.        ,  0.        ,  1.        ]])]"
13,"[array([[-0.24827877, -0.96866426, -0.00687095, -0.11622811],
       [ 0.96829353, -0.24837383,  0.02679686,  0.07802297],
       [-0.02766373,  0.        ,  0.99961729,  0.08505967],
       [ 0.        ,  0.        ,  0.        ,  1.        ]])]","[array([[ 0.26518381, -0.96418524,  0.0049367 , -0.12989468],
       [ 0.96401821,  0.26522976,  0.01794628,  0.14732775],
       [-0.0186129 , -0.        ,  0.99982676,  0.08406189],
       [ 0.        ,  0.        ,  0.        ,  1.        ]])]","[array([[ 0.26518381, -0.96418524,  0.0049367 , -0.12989468],
       [ 0.96401821,  0.26522976,  0.01794628,  0.14732775],
       [-0.0186129 , -0.        ,  0.99982676,  0.08406189],
       [ 0.        ,  0.        ,  0.        ,  1.        ]])]","[array([[ 0.50402153, -0.86355222,  0.01548723, -0.05656811],
       [ 0.86314484,  0.50425942,  0.02652212,  0.08627386],
       [-0.03071282,  0.        ,  0.99952825,  0.08567397],
       [ 0.        ,  0.        ,  0.        ,  1.        ]])]","[array([[-0.28998694, -0.9569926 ,  0.0085282 , -0.02710206],
       [ 0.95657903, -0.29011232, -0.02813195,  0.13558974],
       [ 0.02939621, -0.        ,  0.99956784,  0.0829342 ],
       [ 0.        ,  0.        ,  0.        ,  1.        ]])]","[array([[-0.28998694, -0.9569926 ,  0.0085282 , -0.02710206],
       [ 0.95657903, -0.29011232, -0.02813195,  0.13558974],
       [ 0.02939621, -0.        ,  0.99956784,  0.0829342 ],
       [ 0.        ,  0.        ,  0.        ,  1.        ]])]"
14,"[array([[-0.24829325, -0.96865997, -0.00695202, -0.11622674],
       [ 0.9682805 , -0.24839056,  0.02711112,  0.07802407],
       [-0.02798827,  0.        ,  0.99960825,  0.08506794],
       [ 0.        ,  0.        ,  0.        ,  1.        ]])]","[array([[ 0.26531991, -0.96414778,  0.00494083, -0.12990184],
       [ 0.96398064,  0.26536591,  0.01795141,  0.14733556],
       [-0.01861894, -0.        ,  0.99982665,  0.08406308],
       [ 0.        ,  0.        ,  0.        ,  1.        ]])]","[array([[ 0.26531991, -0.96414778,  0.00494083, -0.12990184],
       [ 0.96398064,  0.26536591,  0.01795141,  0.14733556],
       [-0.01861894, -0.        ,  0.99982665,  0.08406308],
       [ 0.        ,  0.        ,  0.        ,  1.        ]])]","[array([[ 0.50416015, -0.86346894,  0.01561854, -0.05657247],
       [ 0.86305489,  0.50440202,  0.02673686,  0.08627614],
       [-0.03096447,  0.        ,  0.99952049,  0.0856816 ],
       [ 0.        ,  0.        ,  0.        ,  1.        ]])]","[array([[-0.28996469, -0.95699921,  0.00854403, -0.02710486],
       [ 0.95658403, -0.29009054, -0.02818649,  0.13559088],
       [ 0.02945299, -0.        ,  0.99956617,  0.08293439],
       [ 0.        ,  0.        ,  0.        ,  1.        ]])]","[array([[-0.28996469, -0.95699921,  0.00854403, -0.02710486],
       [ 0.95658403, -0.29009054, -0.02818649,  0.13559088],
       [ 0.02945299, -0.        ,  0.99956617,  0.08293439],
       [ 0.        ,  0.        ,  0.        ,  1.        ]])]"
15,"[array([[-0.24814531, -0.96869778, -0.00696474, -0.11622948],
       [ 0.96831646, -0.24824303,  0.02717793,  0.07802295],
       [-0.02805615,  0.        ,  0.99960635,  0.08506946],
       [ 0.        ,  0.        ,  0.        ,  1.        ]])]","[array([[ 0.26538167, -0.96413051,  0.00499348, -0.12990772],
       [ 0.96395988,  0.26542864,  0.01813807,  0.1473325 ],
       [-0.01881288, -0.        ,  0.99982302,  0.08407125],
       [ 0.        ,  0.        ,  0.        ,  1.        ]])]","[array([[ 0.26538167, -0.96413051,  0.00499348, -0.12990772],
       [ 0.96395988,  0.26542864,  0.01813807,  0.1473325 ],
       [-0.01881288, -0.        ,  0.99982302,  0.08407125],
       [ 0.        ,  0.        ,  0.        ,  1.        ]])]","[array([[ 0.50441757, -0.86332072,  0.01549982, -0.05657492],
       [ 0.86291343,  0.50465565,  0.02651573,  0.08628156],
       [-0.03071365,  0.        ,  0.99952822,  0.08567399],
       [ 0.        ,  0.        ,  0.        ,  1.        ]])]","[array([[-0.28970025, -0.95707848,  0.00863389, -0.02711036],
       [ 0.95665372, -0.28982888, -0.02851099,  0.13558726],
       [ 0.02978961, -0.        ,  0.99955619,  0.08292269],
       [ 0.        ,  0.        ,  0.        ,  1.        ]])]","[array([[-0.28970025, -0.95707848,  0.00863389, -0.02711036],
       [ 0.95665372, -0.28982888, -0.02851099,  0.13558726],
       [ 0.02978961, -0.        ,  0.99955619,  0.08292269],
       [ 0.        ,  0.        ,  0.        ,  1.        ]])]"
16,"[array([[-0.24838116, -0.96863695, -0.00701803, -0.11622451],
       [ 0.96825053, -0.24848028,  0.02735799,  0.07802072],
       [-0.0282438 ,  0.        ,  0.99960106,  0.08507466],
       [ 0.        ,  0.        ,  0.        ,  1.        ]])]","[array([[ 0.26528593, -0.96415706,  0.00495378, -0.1299018 ],
       [ 0.96398901,  0.26533218,  0.01800093,  0.14733414],
       [-0.01867012, -0.        ,  0.9998257 ,  0.08406371],
       [ 0.        ,  0.        ,  0.        ,  1.        ]])]","[array([[ 0.26528593, -0.96415706,  0.00495378, -0.1299018 ],
       [ 0.96398901,  0.26533218,  0.01800093,  0.14733414],
       [-0.01867012, -0.        ,  0.9998257 ,  0.08406371],
       [ 0.        ,  0.        ,  0.        ,  1.        ]])]","[array([[ 0.50445513, -0.86329765,  0.01556258, -0.05658156],
       [ 0.86288712,  0.50469513,  0.0266203 ,  0.0862845 ],
       [-0.0308356 ,  0.        ,  0.99952447,  0.08568172],
       [ 0.        ,  0.        ,  0.        ,  1.        ]])]","[array([[-0.28999728, -0.9569897 ,  0.00850175, -0.02710169],
       [ 0.95657872, -0.29012188, -0.02804368,  0.13559562],
       [ 0.02930406, -0.        ,  0.99957054,  0.08294213],
       [ 0.        ,  0.        ,  0.        ,  1.        ]])]","[array([[-0.28999728, -0.9569897 ,  0.00850175, -0.02710169],
       [ 0.95657872, -0.29012188, -0.02804368,  0.13559562],
       [ 0.02930406, -0.        ,  0.99957054,  0.08294213],
       [ 0.        ,  0.        ,  0.        ,  1.        ]])]"
17,"[array([[-0.24849884, -0.96860652, -0.00705255, -0.11622353],
       [ 0.96821667, -0.24859889,  0.02747857,  0.07802313],
       [-0.02836918,  0.        ,  0.99959751,  0.08508247],
       [ 0.        ,  0.        ,  0.        ,  1.        ]])]","[array([[ 0.2654841 , -0.96410229,  0.00499733, -0.12991085],
       [ 0.96393153,  0.26553113,  0.01814454,  0.14733487],
       [-0.01882014, -0.        ,  0.99982289,  0.08407748],
       [ 0.        ,  0.        ,  0.        ,  1.        ]])]","[array([[ 0.2654841 , -0.96410229,  0.00499733, -0.12991085],
       [ 0.96393153,  0.26553113,  0.01814454,  0.14733487],
       [-0.01882014, -0.        ,  0.99982289,  0.08407748],
       [ 0.        ,  0.        ,  0.        ,  1.        ]])]","[array([[ 0.50445414, -0.86329765,  0.0155947 , -0.05658254],
       [ 0.86288543,  0.50469513,  0.02667525,  0.08628354],
       [-0.03089925,  0.        ,  0.9995225 ,  0.08568114],
       [ 0.        ,  0.        ,  0.        ,  1.        ]])]","[array([[-0.28990611, -0.95701697,  0.00854203, -0.02711097],
       [ 0.95660181, -0.29003193, -0.02818609,  0.13559112],
       [ 0.02945203, -0.        ,  0.99956619,  0.08293343],
       [ 0.        ,  0.        ,  0.        ,  1.        ]])]","[array([[-0.28990611, -0.95701697,  0.00854203, -0.02711097],
       [ 0.95660181, -0.29003193, -0.02818609,  0.13559112],
       [ 0.02945203, -0.        ,  0.99956619,  0.08293343],
       [ 0.        ,  0.        ,  0.        ,  1.        ]])]"
18,"[array([[-0.24869471, -0.96855735, -0.00689921, -0.11621658],
       [ 0.96818486, -0.24879039,  0.02685907,  0.07802167],
       [-0.02773101,  0.        ,  0.99961542,  0.08506417],
       [ 0.        ,  0.        ,  0.        ,  1.        ]])]","[array([[ 0.26514934, -0.96419452,  0.00497617, -0.12989762],
       [ 0.96402476,  0.26519603,  0.01809225,  0.14732839],
       [-0.01876411, -0.        ,  0.99982394,  0.0840747 ],
       [ 0.        ,  0.        ,  0.        ,  1.        ]])]","[array([[ 0.26514934, -0.96419452,  0.00497617, -0.12989762],
       [ 0.96402476,  0.26519603,  0.01809225,  0.14732839],
       [-0.01876411, -0.        ,  0.99982394,  0.0840747 ],
       [ 0.        ,  0.        ,  0.        ,  1.        ]])]","[array([[ 0.50435415, -0.86335788,  0.01549396, -0.05657983],
       [ 0.86295078,  0.50459208,  0.02651019,  0.08628116],
       [-0.03070591,  0.        ,  0.99952846,  0.08567781],
       [ 0.        ,  0.        ,  0.        ,  1.        ]])]","[array([[-0.29005208, -0.95697194,  0.00863183, -0.02710171],
       [ 0.95654845, -0.29018049, -0.02846648,  0.13559478],
       [ 0.02974641, -0.        ,  0.99955748,  0.08291806],
       [ 0.        ,  0.        ,  0.        ,  1.        ]])]","[array([[-0.29005208, -0.95697194,  0.00863183, -0.02710171],
       [ 0.95654845, -0.29018049, -0.02846648,  0.13559478],
       [ 0.02974641, -0.        ,  0.99955748,  0.08291806],
       [ 0.        ,  0.        ,  0.        ,  1.        ]])]"
19,"[array([[-0.24836729, -0.96864086, -0.00697011, -0.11621786],
       [ 0.96825964, -0.24846507,  0.02717297,  0.07802769],
       [-0.02805268,  0.        ,  0.99960645,  0.08507638],
       [ 0.        ,  0.        ,  0.        ,  1.        ]])]","[array([[ 0.26555077, -0.96408371,  0.00503785, -0.12990189],
       [ 0.96391027,  0.26559856,  0.01828666,  0.14733985],
       [-0.01896791, -0.        ,  0.99982009,  0.08408918],
       [ 0.        ,  0.        ,  0.        ,  1.        ]])]","[array([[ 0.26555077, -0.96408371,  0.00503785, -0.12990189],
       [ 0.96391027,  0.26559856,  0.01828666,  0.14733985],
       [-0.01896791, -0.        ,  0.99982009,  0.08408918],
       [ 0.        ,  0.        ,  0.        ,  1.        ]])]","[array([[ 0.50453135, -0.86325364,  0.01553312, -0.05658288],
       [ 0.86284481,  0.5047704 ,  0.0265646 ,  0.08628911],
       [-0.03077265,  0.        ,  0.99952641,  0.08567631],
       [ 0.        ,  0.        ,  0.        ,  1.        ]])]","[array([[-0.29064793, -0.95679291,  0.0084326 , -0.0270743 ],
       [ 0.95639047, -0.29077024, -0.02774785,  0.13562069],
       [ 0.02900089, -0.        ,  0.99957939,  0.08295877],
       [ 0.        ,  0.        ,  0.        ,  1.        ]])]","[array([[-0.29064793, -0.95679291,  0.0084326 , -0.0270743 ],
       [ 0.95639047, -0.29077024, -0.02774785,  0.13562069],
       [ 0.02900089, -0.        ,  0.99957939,  0.08295877],
       [ 0.        ,  0.        ,  0.        ,  1.        ]])]"
20,"[array([[-0.24984094, -0.96826252, -0.0068698 , -0.11622455],
       [ 0.96789669, -0.24993537,  0.02661395,  0.0780141 ],
       [-0.02748629,  0.        ,  0.99962218,  0.08505669],
       [ 0.        ,  0.        ,  0.        ,  1.        ]])]","[array([[ 0.26281197, -0.96483425,  0.00497299, -0.13003017],
       [ 0.96466157,  0.26285902,  0.01825356,  0.14729463],
       [-0.01891886, -0.        ,  0.99982102,  0.08406762],
       [ 0.        ,  0.        ,  0.        ,  1.        ]])]","[array([[ 0.26281197, -0.96483425,  0.00497299, -0.13003017],
       [ 0.96466157,  0.26285902,  0.01825356,  0.14729463],
       [-0.01891886, -0.        ,  0.99982102,  0.08406762],
       [ 0.        ,  0.        ,  0.        ,  1.        ]])]","[array([[ 0.50143966, -0.86505663,  0.01533898, -0.05660463],
       [ 0.86465218,  0.50167422,  0.02644962,  0.08625615],
       [-0.03057559,  0.        ,  0.99953246,  0.08568589],
       [ 0.        ,  0.        ,  0.        ,  1.        ]])]","[array([[-0.29381972, -0.95582359,  0.00844034, -0.02723511],
       [ 0.95542946, -0.29394092, -0.02744592,  0.13568766],
       [ 0.02871442, -0.        ,  0.99958766,  0.08301288],
       [ 0.        ,  0.        ,  0.        ,  1.        ]])]","[array([[-0.29381972, -0.95582359,  0.00844034, -0.02723511],
       [ 0.95542946, -0.29394092, -0.02744592,  0.13568766],
       [ 0.02871442, -0.        ,  0.99958766,  0.08301288],
       [ 0.        ,  0.        ,  0.        ,  1.        ]])]"
21,"[array([[-0.24945274, -0.96836212, -0.00693777, -0.11623138],
       [ 0.96798782, -0.24954919,  0.02692165,  0.07802045],
       [-0.02780122,  0.        ,  0.99961347,  0.08506175],
       [ 0.        ,  0.        ,  0.        ,  1.        ]])]","[array([[ 0.26269124, -0.96486769,  0.00486416, -0.12998149],
       [ 0.96470232,  0.26273627,  0.01786306,  0.14729678],
       [-0.01851348, -0.        ,  0.99982861,  0.08405773],
       [ 0.        ,  0.        ,  0.        ,  1.        ]])]","[array([[ 0.26269124, -0.96486769,  0.00486416, -0.12998149],
       [ 0.96470232,  0.26273627,  0.01786306,  0.14729678],
       [-0.01851348, -0.        ,  0.99982861,  0.08405773],
       [ 0.        ,  0.        ,  0.        ,  1.        ]])]","[array([[ 0.50259741, -0.86440057,  0.01440486, -0.05664574],
       [ 0.86404576,  0.5028038 ,  0.02476427,  0.08624176],
       [-0.02864907,  0.        ,  0.99958953,  0.08561174],
       [ 0.        ,  0.        ,  0.        ,  1.        ]])]","[array([[-0.29279749, -0.95613711,  0.00845298, -0.02721893],
       [ 0.95573891, -0.29291948, -0.0275919 ,  0.13568486],
       [ 0.02885768, -0.        ,  0.99958353,  0.08298633],
       [ 0.        ,  0.        ,  0.        ,  1.        ]])]","[array([[-0.29279749, -0.95613711,  0.00845298, -0.02721893],
       [ 0.95573891, -0.29291948, -0.0275919 ,  0.13568486],
       [ 0.02885768, -0.        ,  0.99958353,  0.08298633],
       [ 0.        ,  0.        ,  0.        ,  1.        ]])]"
22,"[array([[-0.24906405, -0.96846156, -0.00702122, -0.11622322],
       [ 0.96807697, -0.249163  ,  0.02729051,  0.07802785],
       [-0.02817924,  0.        ,  0.99960289,  0.08505821],
       [ 0.        ,  0.        ,  0.        ,  1.        ]])]","[array([[ 0.26388725, -0.96454054,  0.00500606, -0.12996105],
       [ 0.96436703,  0.26393473,  0.01829449,  0.14732783],
       [-0.01896705, -0.        ,  0.99982011,  0.08405415],
       [ 0.        ,  0.        ,  0.        ,  1.        ]])]","[array([[ 0.26388725, -0.96454054,  0.00500606, -0.12996105],
       [ 0.96436703,  0.26393473,  0.01829449,  0.14732783],
       [-0.01896705, -0.        ,  0.99982011,  0.08405415],
       [ 0.        ,  0.        ,  0.        ,  1.        ]])]","[array([[ 0.50257437, -0.86441917,  0.01408926, -0.05663239],
       [ 0.86407969,  0.50277182,  0.02422377,  0.08623471],
       [-0.02802318,  0.        ,  0.99960727,  0.08560072],
       [ 0.        ,  0.        ,  0.        ,  1.        ]])]","[array([[-0.29172087, -0.95646664,  0.00839614, -0.02720969],
       [ 0.95607073, -0.29184168, -0.02751708,  0.13567713],
       [ 0.02876951, -0.        ,  0.99958607,  0.08302013],
       [ 0.        ,  0.        ,  0.        ,  1.        ]])]","[array([[-0.29172087, -0.95646664,  0.00839614, -0.02720969],
       [ 0.95607073, -0.29184168, -0.02751708,  0.13567713],
       [ 0.02876951, -0.        ,  0.99958607,  0.08302013],
       [ 0.        ,  0.        ,  0.        ,  1.        ]])]"
23,"[array([[-0.26606992, -0.9639261 , -0.00729893, -0.11622369],
       [ 0.96356361, -0.26617002,  0.02643285,  0.07782349],
       [-0.02742207,  0.        ,  0.99962394,  0.08503325],
       [ 0.        ,  0.        ,  0.        ,  1.        ]])]","[array([[ 0.24252822, -0.97013366,  0.00455343, -0.131173  ],
       [ 0.96996273,  0.24257097,  0.0182109 ,  0.14682175],
       [-0.01877153, -0.        ,  0.9998238 ,  0.08399293],
       [ 0.        ,  0.        ,  0.        ,  1.        ]])]","[array([[ 0.24252822, -0.97013366,  0.00455343, -0.131173  ],
       [ 0.96996273,  0.24257097,  0.0182109 ,  0.14682175],
       [-0.01877153, -0.        ,  0.9998238 ,  0.08399293],
       [ 0.        ,  0.        ,  0.        ,  1.        ]])]","[array([[ 0.48196471, -0.87608164,  0.01381933, -0.05686023],
       [ 0.87572174,  0.48216279,  0.0251095 ,  0.08609603],
       [-0.02866114,  0.        ,  0.99958919,  0.08565101],
       [ 0.        ,  0.        ,  0.        ,  1.        ]])]","[array([[-0.30433018, -0.95252257,  0.00915996, -0.02877649],
       [ 0.9520914 , -0.304468  , -0.02865676,  0.13629606],
       [ 0.03008513, -0.        ,  0.99954734,  0.08300629],
       [ 0.        ,  0.        ,  0.        ,  1.        ]])]","[array([[-0.30433018, -0.95252257,  0.00915996, -0.02877649],
       [ 0.9520914 , -0.304468  , -0.02865676,  0.13629606],
       [ 0.03008513, -0.        ,  0.99954734,  0.08300629],
       [ 0.        ,  0.        ,  0.        ,  1.        ]])]"
24,"[array([[-0.31980386, -0.94743671, -0.00944328, -0.11610149],
       [ 0.94702393, -0.31994326,  0.02796406,  0.07729131],
       [-0.02951549,  0.        ,  0.99956432,  0.08507615],
       [ 0.        ,  0.        ,  0.        ,  1.        ]])]","[array([[ 0.20072366, -0.97963126,  0.00571064, -0.13511535],
       [ 0.97923503,  0.20080487,  0.02785951,  0.14545395],
       [-0.02843877, -0.        ,  0.99959554,  0.08428935],
       [ 0.        ,  0.        ,  0.        ,  1.        ]])]","[array([[ 0.20072366, -0.97963126,  0.00571064, -0.13511535],
       [ 0.97923503,  0.20080487,  0.02785951,  0.14545395],
       [-0.02843877, -0.        ,  0.99959554,  0.08428935],
       [ 0.        ,  0.        ,  0.        ,  1.        ]])]","[array([[ 0.40885518, -0.9125331 ,  0.0109902 , -0.05732809],
       [ 0.9122036 ,  0.40900286,  0.02452042,  0.08543654],
       [-0.02687072,  0.        ,  0.99963892,  0.0854969 ],
       [ 0.        ,  0.        ,  0.        ,  1.        ]])]","[array([[-0.32826929, -0.94455324,  0.00764502, -0.03298064],
       [ 0.9442972 , -0.3283583 , -0.02199161,  0.13852542],
       [ 0.02328256, -0.        ,  0.99972892,  0.08318961],
       [ 0.        ,  0.        ,  0.        ,  1.        ]])]","[array([[-0.32826929, -0.94455324,  0.00764502, -0.03298064],
       [ 0.9442972 , -0.3283583 , -0.02199161,  0.13852542],
       [ 0.02328256, -0.        ,  0.99972892,  0.08318961],
       [ 0.        ,  0.        ,  0.        ,  1.        ]])]"
25,"[array([[-0.38334401, -0.92352495, -0.01220785, -0.11592619],
       [ 0.92305701, -0.38353835,  0.02939539,  0.07669677],
       [-0.03182955,  0.        ,  0.99949331,  0.08512498],
       [ 0.        ,  0.        ,  0.        ,  1.        ]])]","[array([[ 0.16517275, -0.98625273,  0.00484966, -0.13934463],
       [ 0.98582789,  0.16524393,  0.028945  ,  0.14362227],
       [-0.02934846, -0.        ,  0.99956924,  0.08430028],
       [ 0.        ,  0.        ,  0.        ,  1.        ]])]","[array([[ 0.16517275, -0.98625273,  0.00484966, -0.13934463],
       [ 0.98582789,  0.16524393,  0.028945  ,  0.14362227],
       [-0.02934846, -0.        ,  0.99956924,  0.08430028],
       [ 0.        ,  0.        ,  0.        ,  1.        ]])]","[array([[ 0.32773189, -0.94472032,  0.00976301, -0.05770059],
       [ 0.94430142,  0.32787728,  0.02813039,  0.08452656],
       [-0.02977642,  0.        ,  0.99955658,  0.08552199],
       [ 0.        ,  0.        ,  0.        ,  1.        ]])]","[array([[-0.33767954, -0.94120633,  0.01015738, -0.03793138],
       [ 0.94078082, -0.33783227, -0.02829863,  0.14038998],
       [ 0.03006634, -0.        ,  0.99954791,  0.08291789],
       [ 0.        ,  0.        ,  0.        ,  1.        ]])]","[array([[-0.33767954, -0.94120633,  0.01015738, -0.03793138],
       [ 0.94078082, -0.33783227, -0.02829863,  0.14038998],
       [ 0.03006634, -0.        ,  0.99954791,  0.08291789],
       [ 0.        ,  0.        ,  0.        ,  1.        ]])]"
26,"[array([[-0.48710631, -0.87317896, -0.01690993, -0.11548523],
       [ 0.87265329, -0.48739974,  0.03029423,  0.07572539],
       [-0.03469418,  0.        ,  0.99939798,  0.08519515],
       [ 0.        ,  0.        ,  0.        ,  1.        ]])]","[array([[ 0.12084402, -0.99266532,  0.00350457, -0.14583983],
       [ 0.99224815,  0.12089483,  0.02877597,  0.14003754],
       [-0.02898859, -0.        ,  0.99957974,  0.08426984],
       [ 0.        ,  0.        ,  0.        ,  1.        ]])]","[array([[ 0.12084402, -0.99266532,  0.00350457, -0.14583983],
       [ 0.99224815,  0.12089483,  0.02877597,  0.14003754],
       [-0.02898859, -0.        ,  0.99957974,  0.08426984],
       [ 0.        ,  0.        ,  0.        ,  1.        ]])]","[array([[ 0.20419636, -0.97891032,  0.00619935, -0.05818283],
       [ 0.97845949,  0.20429045,  0.02970578,  0.08308759],
       [-0.03034576,  0.        ,  0.99953946,  0.08549775],
       [ 0.        ,  0.        ,  0.        ,  1.        ]])]","[array([[-0.3694851 , -0.92921495,  0.00635152, -0.04450708],
