,LP,LD1,LD2,RP,RD1,RD2
0,"[array([[-0.99697445, -0.05639183, -0.05349684, -0.12690423],
       [ 0.05631082, -0.99840871,  0.00302159,  0.26617274],
       [-0.05358211,  0.        ,  0.99856345,  0.08544024],
       [ 0.        ,  0.        ,  0.        ,  1.        ]])]","[array([[-0.88934108, -0.45698066, -0.01552825, -0.19681937],
       [ 0.45691102, -0.88947663,  0.00797785,  0.27380758],
       [-0.01745773,  0.        ,  0.9998476 ,  0.08259816],
       [ 0.        ,  0.        ,  0.        ,  1.        ]])]","[array([[-0.88934108, -0.45698066, -0.01552825, -0.19681937],
       [ 0.45691102, -0.88947663,  0.00797785,  0.27380758],
       [-0.01745773,  0.        ,  0.9998476 ,  0.08259816],
       [ 0.        ,  0.        ,  0.        ,  1.        ]])]","[array([[-0.68455504, -0.72861624, -0.02242237, -0.08723544],
       [ 0.7282257 , -0.68492216,  0.02385278,  0.30486006],
       [-0.0327371 , -0.        ,  0.999464  ,  0.08550731],
       [ 0.        ,  0.        ,  0.        ,  1.        ]])]","[array([[-0.96592358, -0.25606851,  0.0376903 , -0.12938057],
       [ 0.2558738 , -0.96665864, -0.00998419,  0.34834266],
       [ 0.03899029, -0.        ,  0.99923959,  0.08201111],
       [ 0.        ,  0.        ,  0.        ,  1.        ]])]","[array([[-0.96592358, -0.25606851,  0.0376903 , -0.12938057],
       [ 0.2558738 , -0.96665864, -0.00998419,  0.34834266],
       [ 0.03899029, -0.        ,  0.99923959,  0.08201111],
       [ 0.        ,  0.        ,  0.        ,  1.        ]])]"
1,"[array([[-0.99703203, -0.05607533, -0.05275126, -0.12689834],
       [ 0.05599701, -0.99842654,  0.00296271,  0.26618557],
       [-0.05283439,  0.        ,  0.99860329,  0.08541449],
       [ 0.        ,  0.        ,  0.        ,  1.        ]])]","[array([[-0.88924861, -0.45716205, -0.01548476, -0.19682112],
       [ 0.45709275, -0.88938342,  0.0079595 ,  0.27380023],
       [-0.01741067,  0.        ,  0.99984842,  0.08259366],
       [ 0.        ,  0.        ,  0.        ,  1.        ]])]","[array([[-0.88924861, -0.45716205, -0.01548476, -0.19682112],
       [ 0.45709275, -0.88938342,  0.0079595 ,  0.27380023],
       [-0.01741067,  0.        ,  0.99984842,  0.08259366],
       [ 0.        ,  0.        ,  0.        ,  1.        ]])]","[array([[-0.6845502 , -0.72862195, -0.02238471, -0.0872366 ],
       [ 0.72823272, -0.68491609,  0.02381312,  0.30486296],
       [-0.03268241, -0.        ,  0.99946579,  0.08550609],
       [ 0.        ,  0.        ,  0.        ,  1.        ]])]","[array([[-0.96595185, -0.25598894,  0.03750577, -0.12938258],
       [ 0.2557962 , -0.96667971, -0.009932  ,  0.34834683],
       [ 0.03879855, -0.        ,  0.99924705,  0.08201721],
       [ 0.        ,  0.        ,  0.        ,  1.        ]])]","[array([[-0.96595185, -0.25598894,  0.03750577, -0.12938258],
       [ 0.2557962 , -0.96667971, -0.009932  ,  0.34834683],
       [ 0.03879855, -0.        ,  0.99924705,  0.08201721],
       [ 0.        ,  0.        ,  0.        ,  1.        ]])]"
2,"[array([[-0.99702106, -0.05581387, -0.05323352, -0.12689061],
       [ 0.05573448, -0.99844119,  0.00297581,  0.26619028],
       [-0.05331663,  0.        ,  0.99857766,  0.08542729],
       [ 0.        ,  0.        ,  0.        ,  1.        ]])]","[array([[-0.88929971, -0.45706115, -0.01552855, -0.19681304],
       [ 0.45699148, -0.88943527,  0.00797978,  0.27380521],
       [-0.01745889,  0.        ,  0.99984758,  0.08259319],
       [ 0.        ,  0.        ,  0.        ,  1.        ]])]","[array([[-0.88929971, -0.45706115, -0.01552855, -0.19681304],
       [ 0.45699148, -0.88943527,  0.00797978,  0.27380521],
       [-0.01745889,  0.        ,  0.99984758,  0.08259319],
       [ 0.        ,  0.        ,  0.        ,  1.        ]])]","[array([[-0.68449388, -0.72868163, -0.02216308, -0.08723539],
       [ 0.72829996, -0.68485259,  0.02358147,  0.30486101],
       [-0.03236182, -0.        ,  0.99947622,  0.0854939 ],
       [ 0.        ,  0.        ,  0.        ,  1.        ]])]","[array([[-0.96591294, -0.25611599,  0.03764032, -0.12937956],
       [ 0.25592175, -0.96664606, -0.00997292,  0.34834131],
       [ 0.0389391 , -0.        ,  0.99924159,  0.08201374],
       [ 0.        ,  0.        ,  0.        ,  1.        ]])]","[array([[-0.96591294, -0.25611599,  0.03764032, -0.12937956],
       [ 0.25592175, -0.96664606, -0.00997292,  0.34834131],
       [ 0.0389391 , -0.        ,  0.99924159,  0.08201374],
       [ 0.        ,  0.        ,  0.        ,  1.        ]])]"
3,"[array([[-0.99698447, -0.05681259, -0.05286105, -0.12690379],
       [ 0.0567329 , -0.99838486,  0.00300803,  0.26616956],
       [-0.05294657,  0.        ,  0.99859735,  0.085412  ],
       [ 0.        ,  0.        ,  0.        ,  1.        ]])]","[array([[-0.88960873, -0.45636054, -0.01820368, -0.19668706],
       [ 0.45626502, -0.88979495,  0.00933635,  0.27387069],
       [-0.02045829,  0.        ,  0.99979071,  0.08253257],
       [ 0.        ,  0.        ,  0.        ,  1.        ]])]","[array([[-0.88960873, -0.45636054, -0.01820368, -0.19668706],
       [ 0.45626502, -0.88979495,  0.00933635,  0.27387069],
       [-0.02045829,  0.        ,  0.99979071,  0.08253257],
       [ 0.        ,  0.        ,  0.        ,  1.        ]])]","[array([[-0.68458256, -0.72859021, -0.02242834, -0.08723159],
       [ 0.7281995 , -0.68494986,  0.02385732,  0.3048604 ],
       [-0.0327445 , -0.        ,  0.99946376,  0.08550448],
       [ 0.        ,  0.        ,  0.        ,  1.        ]])]","[array([[-0.96592209, -0.25608109,  0.03764302, -0.12937879],
       [ 0.25588685, -0.9666553 , -0.00997218,  0.34833929],
       [ 0.03894151, -0.        ,  0.99924149,  0.08201066],
       [ 0.        ,  0.        ,  0.        ,  1.        ]])]","[array([[-0.96592209, -0.25608109,  0.03764302, -0.12937879],
       [ 0.25588685, -0.9666553 , -0.00997218,  0.34833929],
       [ 0.03894151, -0.        ,  0.99924149,  0.08201066],
       [ 0.        ,  0.        ,  0.        ,  1.        ]])]"
4,"[array([[-0.99654324, -0.05868905, -0.0587976 , -0.12688902],
       [ 0.05858716, -0.99827631,  0.00345673,  0.26616125],
       [-0.05889912,  0.        ,  0.99826394,  0.08552434],
       [ 0.        ,  0.        ,  0.        ,  1.        ]])]","[array([[-0.88952174, -0.45653911, -0.01797542, -0.19668963],
       [ 0.45644592, -0.88970334,  0.00922384,  0.27385735],
       [-0.02020384,  0.        ,  0.99979588,  0.08251648],
       [ 0.        ,  0.        ,  0.        ,  1.        ]])]","[array([[-0.88952174, -0.45653911, -0.01797542, -0.19668963],
       [ 0.45644592, -0.88970334,  0.00922384,  0.27385735],
       [-0.02020384,  0.        ,  0.99979588,  0.08251648],
       [ 0.        ,  0.        ,  0.        ,  1.        ]])]","[array([[-0.68566969, -0.72752675, -0.02370454, -0.0871998 ],
       [ 0.72709238, -0.68607931,  0.02513658,  0.30487118],
       [-0.03455073, -0.        ,  0.99940295,  0.08554994],
       [ 0.        ,  0.        ,  0.        ,  1.        ]])]","[array([[-0.96589696, -0.25619835,  0.03748966, -0.1293852 ],
       [ 0.25600559, -0.96662423, -0.00993643,  0.34832994],
       [ 0.03878411, -0.        ,  0.99924761,  0.08201367],
       [ 0.        ,  0.        ,  0.        ,  1.        ]])]","[array([[-0.96589696, -0.25619835,  0.03748966, -0.1293852 ],
       [ 0.25600559, -0.96662423, -0.00993643,  0.34832994],
       [ 0.03878411, -0.        ,  0.99924761,  0.08201367],
       [ 0.        ,  0.        ,  0.        ,  1.        ]])]"
5,"[array([[-0.99321758, -0.10326162, -0.05344046, -0.12762253],
       [ 0.10311247, -0.99465423,  0.00554801,  0.25120309],
       [-0.05372768,  0.        ,  0.99855563,  0.0854215 ],
       [ 0.        ,  0.        ,  0.        ,  1.        ]])]","[array([[-0.86737582, -0.49736746, -0.01687593, -0.1969576 ],
       [ 0.49727335, -0.86753997,  0.0096751 ,  0.26215978],
       [-0.01945262,  0.        ,  0.99981078,  0.08248659],
       [ 0.        ,  0.        ,  0.        ,  1.        ]])]","[array([[-0.86737582, -0.49736746, -0.01687593, -0.1969576 ],
       [ 0.49727335, -0.86753997,  0.0096751 ,  0.26215978],
       [-0.01945262,  0.        ,  0.99981078,  0.08248659],
       [ 0.        ,  0.        ,  0.        ,  1.        ]])]","[array([[-0.65465375, -0.75564496, -0.02071611, -0.08602211],
       [ 0.75526691, -0.65498144,  0.02389996,  0.28813206],
       [-0.03162855, -0.        ,  0.99949969,  0.08542648],
       [ 0.        ,  0.        ,  0.        ,  1.        ]])]","[array([[-0.95275303, -0.30110719,  0.03995152, -0.12633068],
       [ 0.30084281, -0.9535903 , -0.01261516,  0.33339833],
       [ 0.04189589, -0.        ,  0.99912198,  0.08184171],
       [ 0.        ,  0.        ,  0.        ,  1.        ]])]","[array([[-0.95275303, -0.30110719,  0.03995152, -0.12633068],
       [ 0.30084281, -0.9535903 , -0.01261516,  0.33339833],
       [ 0.04189589, -0.        ,  0.99912198,  0.08184171],
       [ 0.        ,  0.        ,  0.        ,  1.        ]])]"
6,"[array([[-0.94566901, -0.32198095, -0.04514854, -0.13621755],
       [ 0.32161462, -0.94674615,  0.01535466,  0.2246146 ],
       [-0.04768811,  0.        ,  0.99886227,  0.08514721],
       [ 0.        ,  0.        ,  0.        ,  1.        ]])]","[array([[-0.72155883, -0.69214436, -0.01700117, -0.20187508],
       [ 0.69195231, -0.72175909,  0.01630359,  0.250221  ],
       [-0.02355519,  0.        ,  0.99972254,  0.08273505],
       [ 0.        ,  0.        ,  0.        ,  1.        ]])]","[array([[-0.72155883, -0.69214436, -0.01700117, -0.20187508],
       [ 0.69195231, -0.72175909,  0.01630359,  0.250221  ],
       [-0.02355519,  0.        ,  0.99972254,  0.08273505],
       [ 0.        ,  0.        ,  0.        ,  1.        ]])]","[array([[-0.46541607, -0.88498318, -0.01387978, -0.08740791],
       [ 0.8845899 , -0.46562299,  0.02638051,  0.25101278],
       [-0.02980905, -0.        ,  0.99955561,  0.08542372],
       [ 0.        ,  0.        ,  0.        ,  1.        ]])]","[array([[-0.86635825, -0.49894047,  0.02194991, -0.11596524],
       [ 0.49878041, -0.86663626, -0.01263702,  0.30452453],
       [ 0.02532771, -0.        ,  0.9996792 ,  0.08271058],
       [ 0.        ,  0.        ,  0.        ,  1.        ]])]","[array([[-0.86635825, -0.49894047,  0.02194991, -0.11596524],
       [ 0.49878041, -0.86663626, -0.01263702,  0.30452453],
       [ 0.02532771, -0.        ,  0.9996792 ,  0.08271058],
       [ 0.        ,  0.        ,  0.        ,  1.        ]])]"
7,"[array([[-0.87298356, -0.48645392, -0.03552877, -0.13888158],
       [ 0.48605156, -0.87370623,  0.01978137,  0.21047904],
       [-0.04066443,  0.        ,  0.99917286,  0.08491588],
       [ 0.        ,  0.        ,  0.        ,  1.        ]])]","[array([[-0.5840307 , -0.81169484, -0.00772152, -0.19777045],
       [ 0.81162391, -0.58408175,  0.01073055,  0.24879599],
       [-0.01321994,  0.        ,  0.99991261,  0.08230239],
       [ 0.        ,  0.        ,  0.        ,  1.        ]])]","[array([[-0.5840307 , -0.81169484, -0.00772152, -0.19777045],
       [ 0.81162391, -0.58408175,  0.01073055,  0.24879599],
       [-0.01321994,  0.        ,  0.99991261,  0.08230239],
       [ 0.        ,  0.        ,  0.        ,  1.        ]])]","[array([[-0.27737242, -0.96075007, -0.00488218, -0.08628451],
       [ 0.96060128, -0.27741539,  0.01690805,  0.22630147],
       [-0.0175988 , -0.        ,  0.99984513,  0.08517821],
       [ 0.        ,  0.        ,  0.        ,  1.        ]])]","[array([[-0.74980892, -0.66138895,  0.01874131, -0.10371117],
       [ 0.66118245, -0.75004311, -0.01652611,  0.28433731],
       [ 0.02498698, -0.        ,  0.99968778,  0.08268641],
       [ 0.        ,  0.        ,  0.        ,  1.        ]])]","[array([[-0.74980892, -0.66138895,  0.01874131, -0.10371117],
       [ 0.66118245, -0.75004311, -0.01652611,  0.28433731],
       [ 0.02498698, -0.        ,  0.99968778,  0.08268641],
       [ 0.        ,  0.        ,  0.        ,  1.        ]])]"
8,"[array([[-0.84852486, -0.52827488, -0.03051584, -0.13700617],
       [ 0.52793358, -0.84907341,  0.01898629,  0.21468108],
       [-0.03594017,  0.        ,  0.99935394,  0.08483706],
       [ 0.        ,  0.        ,  0.        ,  1.        ]])]","[array([[-0.5507878 , -0.83461678, -0.00690152, -0.19411872],
       [ 0.83455127, -0.55083104,  0.01045716,  0.25549453],
       [-0.01252929,  0.        ,  0.99992151,  0.08231843],
       [ 0.        ,  0.        ,  0.        ,  1.        ]])]","[array([[-0.5507878 , -0.83461678, -0.00690152, -0.19411872],
       [ 0.83455127, -0.55083104,  0.01045716,  0.25549453],
       [-0.01252929,  0.        ,  0.99992151,  0.08231843],
       [ 0.        ,  0.        ,  0.        ,  1.        ]])]","[array([[-0.23868306, -0.97107969, -0.00588576, -0.08361883],
       [ 0.97078457, -0.23875562,  0.02393887,  0.22837947],
       [-0.02465181, -0.        ,  0.9996961 ,  0.0853652 ],
       [ 0.        ,  0.        ,  0.        ,  1.        ]])]","[array([[-0.72245805, -0.69117737,  0.0181168 , -0.09865352],
       [ 0.69096015, -0.72268516, -0.01732694,  0.28707155],
       [ 0.02506874, -0.        ,  0.99968573,  0.08273381],
       [ 0.        ,  0.        ,  0.        ,  1.        ]])]","[array([[-0.72245805, -0.69117737,  0.0181168 , -0.09865352],
       [ 0.69096015, -0.72268516, -0.01732694,  0.28707155],
       [ 0.02506874, -0.        ,  0.99968573,  0.08273381],
       [ 0.        ,  0.        ,  0.        ,  1.        ]])]"
9,"[array([[-0.81072037, -0.58440051, -0.03476391, -0.13815142],
       [ 0.58386397, -0.81146537,  0.02503625,  0.23604603],
       [-0.04284091,  0.        ,  0.99908191,  0.08492964],
       [ 0.        ,  0.        ,  0.        ,  1.        ]])]","[array([[-0.50098351, -0.86543429, -0.00624688, -0.19248618],
       [ 0.86536701, -0.50102245,  0.01079046,  0.28025273],
       [-0.01246826,  0.        ,  0.99992227,  0.08235249],
       [ 0.        ,  0.        ,  0.        ,  1.        ]])]","[array([[-0.50098351, -0.86543429, -0.00624688, -0.19248618],
       [ 0.86536701, -0.50102245,  0.01079046,  0.28025273],
       [-0.01246826,  0.        ,  0.99992227,  0.08235249],
       [ 0.        ,  0.        ,  0.        ,  1.        ]])]","[array([[-0.18137229, -0.98340475, -0.00438047, -0.08378498],
       [ 0.98311806, -0.18142518,  0.02374406,  0.24669501],
       [-0.02414475, -0.        ,  0.99970847,  0.08537284],
       [ 0.        ,  0.        ,  0.        ,  1.        ]])]","[array([[-0.67958699, -0.73326952,  0.0218481 , -0.09537359],
       [ 0.73289087, -0.67993809, -0.02356177,  0.30621792],
       [ 0.03213248, -0.        ,  0.99948362,  0.08255519],
       [ 0.        ,  0.        ,  0.        ,  1.        ]])]","[array([[-0.67958699, -0.73326952,  0.0218481 , -0.09537359],
       [ 0.73289087, -0.67993809, -0.02356177,  0.30621792],
       [ 0.03213248, -0.        ,  0.99948362,  0.08255519],
       [ 0.        ,  0.        ,  0.        ,  1.        ]])]"
10,"[array([[-0.80368894, -0.59406232, -0.03426444, -0.14218883],
       [ 0.59352316, -0.80441902,  0.02530424,  0.27090781],
       [-0.04259526,  0.        ,  0.99909241,  0.08492013],
       [ 0.        ,  0.        ,  0.        ,  1.        ]])]","[array([[-0.49126065, -0.87099055, -0.00619871, -0.19601737],
       [ 0.87092123, -0.49129976,  0.01098926,  0.31573486],
       [-0.01261697,  0.        ,  0.9999204 ,  0.08236422],
       [ 0.        ,  0.        ,  0.        ,  1.        ]])]","[array([[-0.49126065, -0.87099055, -0.00619871, -0.19601737],
       [ 0.87092123, -0.49129976,  0.01098926,  0.31573486],
       [-0.01261697,  0.        ,  0.9999204 ,  0.08236422],
       [ 0.        ,  0.        ,  0.        ,  1.        ]])]","[array([[-0.17392911, -0.98475251, -0.00333954, -0.08761067],
       [ 0.98457104, -0.17396117,  0.01890434,  0.2810107 ],
       [-0.01919705, -0.        ,  0.99981572,  0.08524501],
       [ 0.        ,  0.        ,  0.        ,  1.        ]])]","[array([[-0.66670184, -0.74481243,  0.02762435, -0.09886005],
       [ 0.7441739 , -0.66727389, -0.03083435,  0.34063125],
       [ 0.04139882, -0.        ,  0.9991427 ,  0.08218652],
       [ 0.        ,  0.        ,  0.        ,  1.        ]])]","[array([[-0.66670184, -0.74481243,  0.02762435, -0.09886005],
       [ 0.7441739 , -0.66727389, -0.03083435,  0.34063125],
       [ 0.04139882, -0.        ,  0.9991427 ,  0.08218652],
       [ 0.        ,  0.        ,  0.        ,  1.        ]])]"
11,"[array([[-0.80018705, -0.59875354, -0.03456701, -0.13016563],
       [ 0.59819565, -0.80093333,  0.02584125,  0.2471528 ],
       [-0.04315841,  0.        ,  0.99906824,  0.08500475],
       [ 0.        ,  0.        ,  0.        ,  1.        ]])]","[array([[-0.48608769, -0.87388782, -0.00623253, -0.18369491],
       [ 0.87381599, -0.48612764,  0.01120392,  0.29231008],
       [-0.01282078,  0.        ,  0.99991781,  0.0824397 ],
       [ 0.        ,  0.        ,  0.        ,  1.        ]])]","[array([[-0.48608769, -0.87388782, -0.00623253, -0.18369491],
       [ 0.87381599, -0.48612764,  0.01120392,  0.29231008],
       [-0.01282078,  0.        ,  0.99991781,  0.0824397 ],
       [ 0.        ,  0.        ,  0.        ,  1.        ]])]","[array([[-0.164612  , -0.98635085, -0.0038586 , -0.07559556],
       [ 0.98607998, -0.16465721,  0.02311427,  0.25688548],
       [-0.02343413, -0.        ,  0.99972538,  0.08541592],
       [ 0.        ,  0.        ,  0.        ,  1.        ]])]","[array([[-0.6650754 , -0.74636355,  0.02482274, -0.0862441 ],
       [ 0.74584424, -0.66553847, -0.02783729,  0.31661   ],
       [ 0.03729723, -0.        ,  0.99930422,  0.08245495],
       [ 0.        ,  0.        ,  0.        ,  1.        ]])]","[array([[-0.6650754 , -0.74636355,  0.02482274, -0.0862441 ],
       [ 0.74584424, -0.66553847, -0.02783729,  0.31661   ],
       [ 0.03729723, -0.        ,  0.99930422,  0.08245495],
       [ 0.        ,  0.        ,  0.        ,  1.        ]])]"
12,"[array([[-0.78755092, -0.61584363, -0.02236435, -0.09914508],
       [ 0.61559547, -0.7878684 ,  0.01748127,  0.20835066],
       [-0.0283859 ,  0.        ,  0.99959704,  0.08488984],
       [ 0.        ,  0.        ,  0.        ,  1.        ]])]","[array([[-0.4645792 , -0.88551278, -0.00576966, -0.15158119],
       [ 0.8854445 , -0.46461503,  0.01099643,  0.2547931 ],
       [-0.01241816,  0.        ,  0.99992289,  0.0826509 ],
       [ 0.        ,  0.        ,  0.        ,  1.        ]])]","[array([[-0.4645792 , -0.88551278, -0.00576966, -0.15158119],
       [ 0.8854445 , -0.46461503,  0.01099643,  0.2547931 ],
       [-0.01241816,  0.        ,  0.99992289,  0.0826509 ],
       [ 0.        ,  0.        ,  0.        ,  1.        ]])]","[array([[-0.13963773, -0.99019784, -0.00308886, -0.04443912],
       [ 0.98995567, -0.13967189,  0.02189837,  0.21666841],
       [-0.02211515, -0.        ,  0.99975543,  0.08560538],
       [ 0.        ,  0.        ,  0.        ,  1.        ]])]","[array([[-0.65292069, -0.75715673,  0.02020549, -0.05333703],
       [ 0.75679443, -0.65323326, -0.02342001,  0.27673898],
       [ 0.03093152, -0.        ,  0.99952151,  0.08275938],
       [ 0.        ,  0.        ,  0.        ,  1.        ]])]","[array([[-0.65292069, -0.75715673,  0.02020549, -0.05333703],
       [ 0.75679443, -0.65323326, -0.02342001,  0.27673898],
       [ 0.03093152, -0.        ,  0.99952151,  0.08275938],
       [ 0.        ,  0.        ,  0.        ,  1.        ]])]"
13,"[array([[-0.80253593, -0.59561369, -0.03435714, -0.0786433 ],
       [ 0.59506863, -0.80327102,  0.02547532,  0.23918425],
       [-0.04277155,  0.        ,  0.99908488,  0.08538608],
       [ 0.        ,  0.        ,  0.        ,  1.        ]])]","[array([[-0.48711493, -0.87331672, -0.00607897, -0.13223667],
       [ 0.87324872, -0.48715286,  0.01089774,  0.2842835 ],
       [-0.01247856,  0.        ,  0.99992214,  0.08280682],
       [ 0.        ,  0.        ,  0.        ,  1.        ]])]","[array([[-0.48711493, -0.87331672, -0.00607897, -0.13223667],
       [ 0.87324872, -0.48715286,  0.01089774,  0.2842835 ],
       [-0.01247856,  0.        ,  0.99992214,  0.08280682],
       [ 0.        ,  0.        ,  0.        ,  1.        ]])]","[array([[-0.17189967, -0.98510126, -0.00510003, -0.02398422],
       [ 0.98466799, -0.1719753 ,  0.02921375,  0.24887616],
       [-0.02965558, -0.        ,  0.99956018,  0.08593829],
       [ 0.        ,  0.        ,  0.        ,  1.        ]])]","[array([[-0.66224242, -0.74879782,  0.02714399, -0.03502166],
       [ 0.74816962, -0.66279848, -0.03066597,  0.30854973],
       [ 0.04095361, -0.        ,  0.99916105,  0.08267268],
       [ 0.        ,  0.        ,  0.        ,  1.        ]])]","[array([[-0.66224242, -0.74879782,  0.02714399, -0.03502166],
       [ 0.74816962, -0.66279848, -0.03066597,  0.30854973],
       [ 0.04095361, -0.        ,  0.99916105,  0.08267268],
       [ 0.        ,  0.        ,  0.        ,  1.        ]])]"
14,"[array([[-0.77275715, -0.63393542, -0.03118119, -0.06052526],
       [ 0.63341997, -0.77338599,  0.02555886,  0.27193013],
       [-0.04031776,  0.        ,  0.99918691,  0.08547012],
       [ 0.        ,  0.        ,  0.        ,  1.        ]])]","[array([[-0.44365462, -0.89618277, -0.0051982 , -0.11179461],
       [ 0.89612126, -0.44368508,  0.01049965,  0.31965976],
       [-0.01171597,  0.        ,  0.99993137,  0.08294657],
       [ 0.        ,  0.        ,  0.        ,  1.        ]])]","[array([[-0.44365462, -0.89618277, -0.0051982 , -0.11179461],
       [ 0.89612126, -0.44368508,  0.01049965,  0.31965976],
       [-0.01171597,  0.        ,  0.99993137,  0.08294657],
       [ 0.        ,  0.        ,  0.        ,  1.        ]])]","[array([[-0.11943459, -0.99283868, -0.00259557, -0.00557611],
       [ 0.99260431, -0.11946279,  0.0215714 ,  0.27890743],
       [-0.021727  , -0.        ,  0.99976394,  0.08587968],
       [ 0.        ,  0.        ,  0.        ,  1.        ]])]","[array([[-0.62492435, -0.78032459,  0.02372932, -0.01346587],
       [ 0.77976265, -0.62537471, -0.02960877,  0.33903365],
       [ 0.03794417, -0.        ,  0.99927986,  0.08304338],
       [ 0.        ,  0.        ,  0.        ,  1.        ]])]","[array([[-0.62492435, -0.78032459,  0.02372932, -0.01346587],
       [ 0.77976265, -0.62537471, -0.02960877,  0.33903365],
       [ 0.03794417, -0.        ,  0.99927986,  0.08304338],
       [ 0.        ,  0.        ,  0.        ,  1.        ]])]"
15,"[array([[-0.78015258, -0.62495565, -0.02814925, -0.04648045],
       [ 0.62454924, -0.78066025,  0.02253482,  0.24775309],
       [-0.03605826,  0.        ,  0.99934969,  0.08547871],
       [ 0.        ,  0.        ,  0.        ,  1.        ]])]","[array([[-0.45274009, -0.89162509, -0.00557824, -0.09828918],
       [ 0.89155742, -0.45277445,  0.01098495,  0.29489799],
       [-0.01232014,  0.        ,  0.9999241 ,  0.08305578],
       [ 0.        ,  0.        ,  0.        ,  1.        ]])]","[array([[-0.45274009, -0.89162509, -0.00557824, -0.09828918],
       [ 0.89155742, -0.45277445,  0.01098495,  0.29489799],
       [-0.01232014,  0.        ,  0.9999241 ,  0.08305578],
       [ 0.        ,  0.        ,  0.        ,  1.        ]])]","[array([[-0.12788759, -0.99178573, -0.00241524,  0.00832358],
       [ 0.99160891, -0.1279104 ,  0.0187272 ,  0.25532376],
       [-0.0188823 , -0.        ,  0.99982171,  0.08594296],
       [ 0.        ,  0.        ,  0.        ,  1.        ]])]","[array([[-6.33022399e-01, -7.73767031e-01,  2.38164817e-02,
        -1.85184399e-04],
       [ 7.73219969e-01, -6.33470269e-01, -2.90911969e-02,
         3.15356389e-01],
       [ 3.75968422e-02, -0.00000000e+00,  9.99292989e-01,
         8.31294204e-02],
       [ 0.00000000e+00,  0.00000000e+00,  0.00000000e+00,
         1.00000000e+00]])]","[array([[-6.33022399e-01, -7.73767031e-01,  2.38164817e-02,
        -1.85184399e-04],
       [ 7.73219969e-01, -6.33470269e-01, -2.90911969e-02,
         3.15356389e-01],
       [ 3.75968422e-02, -0.00000000e+00,  9.99292989e-01,
         8.31294204e-02],
       [ 0.00000000e+00,  0.00000000e+00,  0.00000000e+00,
         1.00000000e+00]])]"
16,"[array([[-0.77905249, -0.62675361, -0.01603494, -0.01634955],
       [ 0.6266209 , -0.7792175 ,  0.0128975 ,  0.20535709],
       [-0.02057827,  0.        ,  0.99978825,  0.08532895],
       [ 0.        ,  0.        ,  0.        ,  1.        ]])]","[array([[-0.44860372, -0.89371505, -0.00530103, -0.06791112],
       [ 0.89365266, -0.44863504,  0.01056005,  0.25276999],
       [-0.0118159 ,  0.        ,  0.99993019,  0.08324775],
       [ 0.        ,  0.        ,  0.        ,  1.        ]])]","[array([[-0.44860372, -0.89371505, -0.00530103, -0.06791112],
       [ 0.89365266, -0.44863504,  0.01056005,  0.25276999],
       [-0.0118159 ,  0.        ,  0.99993019,  0.08324775],
       [ 0.        ,  0.        ,  0.        ,  1.        ]])]","[array([[-0.12010965, -0.99275593, -0.00305625,  0.03837575],
       [ 0.99243469, -0.12014853,  0.02525297,  0.21255514],
       [-0.02543724, -0.        ,  0.99967642,  0.08633179],
       [ 0.        ,  0.        ,  0.        ,  1.        ]])]","[array([[-0.62900812, -0.77705651,  0.02306436,  0.03024793],
       [ 0.77653465, -0.62943084, -0.02847384,  0.27261052],
       [ 0.0366432 , -0.        ,  0.99932841,  0.08336175],
       [ 0.        ,  0.        ,  0.        ,  1.        ]])]","[array([[-0.62900812, -0.77705651,  0.02306436,  0.03024793],
       [ 0.77653465, -0.62943084, -0.02847384,  0.27261052],
       [ 0.0366432 , -0.        ,  0.99932841,  0.08336175],
       [ 0.        ,  0.        ,  0.        ,  1.        ]])]"
17,"[array([[-0.78275135, -0.62213637, -0.01570576,  0.02969283],
       [ 0.62201117, -0.7829089 ,  0.01248054,  0.21752936],
       [-0.02006078,  0.        ,  0.99979876,  0.08564136],
       [ 0.        ,  0.        ,  0.        ,  1.        ]])]","[array([[-0.45233327, -0.89182754, -0.00618564, -0.02212503],
       [ 0.89174416, -0.45237556,  0.01219456,  0.26466785],
       [-0.01367368,  0.        ,  0.99990651,  0.08365682],
       [ 0.        ,  0.        ,  0.        ,  1.        ]])]","[array([[-0.45233327, -0.89182754, -0.00618564, -0.02212503],
       [ 0.89174416, -0.45237556,  0.01219456,  0.26466785],
       [-0.01367368,  0.        ,  0.99990651,  0.08365682],
       [ 0.        ,  0.        ,  0.        ,  1.        ]])]","[array([[-0.13093116, -0.99138392, -0.00386808,  0.08448933],
       [ 0.99095157, -0.13098828,  0.02927554,  0.22496516],
       [-0.02952997, -0.        ,  0.9995639 ,  0.08681347],
       [ 0.        ,  0.        ,  0.        ,  1.        ]])]","[array([[-0.63215557, -0.7744434 ,  0.02483458,  0.07590895],
       [ 0.77384647, -0.6326432 , -0.03040098,  0.28504984],
       [ 0.03925527, -0.        ,  0.99922921,  0.08359868],
       [ 0.        ,  0.        ,  0.        ,  1.        ]])]","[array([[-0.63215557, -0.7744434 ,  0.02483458,  0.07590895],
       [ 0.77384647, -0.6326432 , -0.03040098,  0.28504984],
       [ 0.03925527, -0.        ,  0.99922921,  0.08359868],
       [ 0.        ,  0.        ,  0.        ,  1.        ]])]"
18,"[array([[-0.75814889, -0.65175593, -0.02060268,  0.06439481],
       [ 0.65151541, -0.75842878,  0.01770491,  0.24826693],
       [-0.02716494,  0.        ,  0.99963096,  0.08611649],
       [ 0.        ,  0.        ,  0.        ,  1.        ]])]","[array([[-0.41889802, -0.90801653, -0.0055162 ,  0.01450388],
       [ 0.90793781, -0.41893434,  0.01195606,  0.29737637],
       [-0.01316723,  0.        ,  0.99991331,  0.08391772],
       [ 0.        ,  0.        ,  0.        ,  1.        ]])]","[array([[-0.41889802, -0.90801653, -0.0055162 ,  0.01450388],
       [ 0.90793781, -0.41893434,  0.01195606,  0.29737637],
       [-0.01316723,  0.        ,  0.99991331,  0.08391772],
       [ 0.        ,  0.        ,  0.        ,  1.        ]])]","[array([[-0.08491504, -0.99638565, -0.00225139,  0.11918717],
       [ 0.99603562, -0.08494488,  0.02640838,  0.25368692],
       [-0.02650417, -0.        ,  0.9996487 ,  0.08702369],
       [ 0.        ,  0.        ,  0.        ,  1.        ]])]","[array([[-0.60177742, -0.7983395 ,  0.02275925,  0.11311335],
       [ 0.79776915, -0.60220765, -0.03017167,  0.31400559],
       [ 0.03779303, -0.        ,  0.99928559,  0.08397818],
       [ 0.        ,  0.        ,  0.        ,  1.        ]])]","[array([[-0.60177742, -0.7983395 ,  0.02275925,  0.11311335],
       [ 0.79776915, -0.60220765, -0.03017167,  0.31400559],
       [ 0.03779303, -0.        ,  0.99928559,  0.08397818],
       [ 0.        ,  0.        ,  0.        ,  1.        ]])]"
19,"[array([[-0.75697858, -0.6530787 , -0.02171734,  0.07151455],
       [ 0.65281009, -0.75729005,  0.0187288 ,  0.22196788],
       [-0.02867771,  0.        ,  0.99958871,  0.08616238],
       [ 0.        ,  0.        ,  0.        ,  1.        ]])]","[array([[-0.42093703, -0.90707109, -0.0058359 ,  0.02156798],
       [ 0.90698393, -0.42097748,  0.0125745 ,  0.27096951],
       [-0.01386275,  0.        ,  0.99990391,  0.08398184],
       [ 0.        ,  0.        ,  0.        ,  1.        ]])]","[array([[-0.42093703, -0.90707109, -0.0058359 ,  0.02156798],
       [ 0.90698393, -0.42097748,  0.0125745 ,  0.27096951],
       [-0.01386275,  0.        ,  0.99990391,  0.08398184],
       [ 0.        ,  0.        ,  0.        ,  1.        ]])]","[array([[-0.09224812, -0.99573221, -0.00276528,  0.12657123],
       [ 0.99528513, -0.09228955,  0.02983523,  0.22756354],
       [-0.02996311, -0.        ,  0.99955101,  0.08716517],
       [ 0.        ,  0.        ,  0.        ,  1.        ]])]","[array([[-0.60338324, -0.79710754,  0.02341419,  0.12013336],
       [ 0.79650807, -0.60383736, -0.03090836,  0.28784428],
       [ 0.03877565, -0.        ,  0.99924794,  0.08395493],
       [ 0.        ,  0.        ,  0.        ,  1.        ]])]","[array([[-0.60338324, -0.79710754,  0.02341419,  0.12013336],
       [ 0.79650807, -0.60383736, -0.03090836,  0.28784428],
       [ 0.03877565, -0.        ,  0.99924794,  0.08395493],
       [ 0.        ,  0.        ,  0.        ,  1.        ]])]"
20,"[array([[-0.740649  , -0.6715744 , -0.02066105,  0.08331638],
       [ 0.67131325, -0.74093712,  0.01872687,  0.17903342],
       [-0.02788503,  0.        ,  0.99961114,  0.08621262],
       [ 0.        ,  0.        ,  0.        ,  1.        ]])]","[array([[-4.11538208e-01, -9.11391971e-01,  9.89371141e-04,
         3.50456512e-02],
       [ 9.11389337e-01, -4.11539398e-01, -2.19105369e-03,
         2.29354892e-01],
       [ 2.40407394e-03,  0.00000000e+00,  9.99997110e-01,
         8.35285504e-02],
       [ 0.00000000e+00,  0.00000000e+00,  0.00000000e+00,
         1.00000000e+00]])]","[array([[-4.11538208e-01, -9.11391971e-01,  9.89371141e-04,
         3.50456512e-02],
       [ 9.11389337e-01, -4.11539398e-01, -2.19105369e-03,
         2.29354892e-01],
       [ 2.40407394e-03,  0.00000000e+00,  9.99997110e-01,
         8.35285504e-02],
       [ 0.00000000e+00,  0.00000000e+00,  0.00000000e+00,
         1.00000000e+00]])]","[array([[-0.0601221 , -0.99818919, -0.00191552,  0.13825381],
       [ 0.99768295, -0.06015261,  0.03178667,  0.18316905],
       [-0.03184433, -0.        ,  0.99949284,  0.08732631],
       [ 0.        ,  0.        ,  0.        ,  1.        ]])]","[array([[-0.58460873, -0.81099841,  0.0226763 ,  0.13360933],
       [ 0.81038899, -0.58504835, -0.03143405,  0.24355822],
       [ 0.0387597 , -0.        ,  0.99924856,  0.08407244],
       [ 0.        ,  0.        ,  0.        ,  1.        ]])]","[array([[-0.58460873, -0.81099841,  0.0226763 ,  0.13360933],
       [ 0.81038899, -0.58504835, -0.03143405,  0.24355822],
       [ 0.0387597 , -0.        ,  0.99924856,  0.08407244],
       [ 0.        ,  0.        ,  0.        ,  1.        ]])]"
21,"[array([[-0.74335212, -0.66828785, -0.0286178 ,  0.11756731],
       [ 0.66779316, -0.74390279,  0.0257089 ,  0.20530854],
       [-0.03846981,  0.        ,  0.99925976,  0.08685472],
       [ 0.        ,  0.        ,  0.        ,  1.        ]])]","[array([[-0.40445629, -0.91454423, -0.00489496,  0.06874226],
       [ 0.91447726, -0.40448591,  0.01106753,  0.25533144],
       [-0.01210168,  0.        ,  0.99992677,  0.08424383],
       [ 0.        ,  0.        ,  0.        ,  1.        ]])]","[array([[-0.40445629, -0.91454423, -0.00489496,  0.06874226],
       [ 0.91447726, -0.40448591,  0.01106753,  0.25533144],
       [-0.01210168,  0.        ,  0.99992677,  0.08424383],
       [ 0.        ,  0.        ,  0.        ,  1.        ]])]","[array([[-0.06734322, -0.99772793, -0.00196648,  0.17253465],
       [ 0.99730283, -0.06737192,  0.0291221 ,  0.20956649],
       [-0.02918842, -0.        ,  0.99957393,  0.08747282],
       [ 0.        ,  0.        ,  0.        ,  1.        ]])]","[array([[-0.58798297, -0.80857313,  0.02203459,  0.16759498],
       [ 0.80800596, -0.58839569, -0.03027992,  0.27001897],
       [ 0.03744859, -0.        ,  0.99929856,  0.08436513],
       [ 0.        ,  0.        ,  0.        ,  1.        ]])]","[array([[-0.58798297, -0.80857313,  0.02203459,  0.16759498],
       [ 0.80800596, -0.58839569, -0.03027992,  0.27001897],
       [ 0.03744859, -0.        ,  0.99929856,  0.08436513],
       [ 0.        ,  0.        ,  0.        ,  1.        ]])]"
22,"[array([[-0.69237101, -0.72131921, -0.01791604,  0.1595091 ],
       [ 0.72107784, -0.69260277,  0.01865887,  0.2491375 ],
       [-0.0258677 ,  0.        ,  0.99966538,  0.08681044],
       [ 0.        ,  0.        ,  0.        ,  1.        ]])]","[array([[-3.43361517e-01, -9.39203160e-01, -5.41822908e-04,
         1.15079482e-01],
       [ 9.39201990e-01, -3.43361945e-01,  1.48205646e-03,
         3.02916248e-01],
       [-1.57799347e-03,  0.00000000e+00,  9.99998755e-01,
         8.42711802e-02],
       [ 0.00000000e+00,  0.00000000e+00,  0.00000000e+00,
         1.00000000e+00]])]","[array([[-3.43361517e-01, -9.39203160e-01, -5.41822908e-04,
         1.15079482e-01],
       [ 9.39201990e-01, -3.43361945e-01,  1.48205646e-03,
         3.02916248e-01],
       [-1.57799347e-03,  0.00000000e+00,  9.99998755e-01,
         8.42711802e-02],
       [ 0.00000000e+00,  0.00000000e+00,  0.00000000e+00,
         1.00000000e+00]])]","[array([[ 9.10247744e-03, -9.99958549e-01,  2.14439799e-04,
         2.14652472e-01],
       [ 9.99681176e-01,  9.10500302e-03,  2.35508885e-02,
         2.49340949e-01],
       [-2.35518647e-02,  0.00000000e+00,  9.99722616e-01,
         8.76265618e-02],
       [ 0.00000000e+00,  0.00000000e+00,  0.00000000e+00,
         1.00000000e+00]])]","[array([[-0.52387659, -0.85157205,  0.01945139,  0.21431816],
       [ 0.85098566, -0.52423758, -0.03159687,  0.30995039],
       [ 0.03710416, -0.        ,  0.9993114 ,  0.08478309],
       [ 0.        ,  0.        ,  0.        ,  1.        ]])]","[array([[-0.52387659, -0.85157205,  0.01945139,  0.21431816],
       [ 0.85098566, -0.52423758, -0.03159687,  0.30995039],
       [ 0.03710416, -0.        ,  0.9993114 ,  0.08478309],
       [ 0.        ,  0.        ,  0.        ,  1.        ]])]"
23,"[array([[-0.67588664, -0.73656723, -0.02541568,  0.15881341],
       [ 0.73604702, -0.67636433,  0.02767792,  0.2288239 ],
       [-0.03757691,  0.        ,  0.99929374,  0.08704872],
       [ 0.        ,  0.        ,  0.        ,  1.        ]])]","[array([[-0.3272948 , -0.94492142, -0.00127797,  0.11522583],
       [ 0.94491421, -0.32729729,  0.00368954,  0.28335389],
       [-0.0039046 ,  0.        ,  0.99999238,  0.08434317],
       [ 0.        ,  0.        ,  0.        ,  1.        ]])]","[array([[-0.3272948 , -0.94492142, -0.00127797,  0.11522583],
       [ 0.94491421, -0.32729729,  0.00368954,  0.28335389],
       [-0.0039046 ,  0.        ,  0.99999238,  0.08434317],
       [ 0.        ,  0.        ,  0.        ,  1.        ]])]","[array([[ 2.10418207e-02, -9.99778509e-01,  4.17425208e-04,
         2.14182629e-01],
       [ 9.99581840e-01,  2.10459607e-02,  1.98295890e-02,
         2.28249150e-01],
       [-1.98339821e-02,  0.00000000e+00,  9.99803287e-01,
         8.74902812e-02],
       [ 0.00000000e+00,  0.00000000e+00,  0.00000000e+00,
         1.00000000e+00]])]","[array([[-0.5112386 , -0.85921615,  0.0195628 ,  0.21463717],
       [ 0.85858779, -0.51161275, -0.03285429,  0.28888123],
       [ 0.03823752, -0.        ,  0.99926868,  0.08473305],
       [ 0.        ,  0.        ,  0.        ,  1.        ]])]","[array([[-0.5112386 , -0.85921615,  0.0195628 ,  0.21463717],
       [ 0.85858779, -0.51161275, -0.03285429,  0.28888123],
       [ 0.03823752, -0.        ,  0.99926868,  0.08473305],
       [ 0.        ,  0.        ,  0.        ,  1.        ]])]"
24,"[array([[-0.66150158, -0.74952556, -0.02504187,  0.13856578],
       [ 0.74898907, -0.6619754 ,  0.02835381,  0.18258767],
       [-0.03782901,  0.        ,  0.99928423,  0.08700637],
       [ 0.        ,  0.        ,  0.        ,  1.        ]])]","[array([[-0.30679598, -0.95177389, -0.0016396 ,  0.09593113],
       [ 0.9517603 , -0.30680036,  0.00508646,  0.23775042],
       [-0.00534419,  0.        ,  0.99998572,  0.08425095],
       [ 0.        ,  0.        ,  0.        ,  1.        ]])]","[array([[-0.30679598, -0.95177389, -0.0016396 ,  0.09593113],
       [ 0.9517603 , -0.30680036,  0.00508646,  0.23775042],
       [-0.00534419,  0.        ,  0.99998572,  0.08425095],
       [ 0.        ,  0.        ,  0.        ,  1.        ]])]","[array([[ 0.04871699, -0.99881151,  0.00148912,  0.19372529],
       [ 0.99834523,  0.04873974,  0.03051611,  0.18103063],
       [-0.03055242,  0.        ,  0.99953317,  0.08765137],
       [ 0.        ,  0.        ,  0.        ,  1.        ]])]","[array([[-0.49662115, -0.86775412,  0.01924129,  0.19561593],
       [ 0.86710354, -0.49699376, -0.03359541,  0.24146144],
       [ 0.03871536, -0.        ,  0.99925028,  0.08455685],
       [ 0.        ,  0.        ,  0.        ,  1.        ]])]","[array([[-0.49662115, -0.86775412,  0.01924129,  0.19561593],
       [ 0.86710354, -0.49699376, -0.03359541,  0.24146144],
       [ 0.03871536, -0.        ,  0.99925028,  0.08455685],
       [ 0.        ,  0.        ,  0.        ,  1.        ]])]"
25,"[array([[-0.63713427, -0.77035484, -0.02476575,  0.10348002],
       [ 0.76977353, -0.63761542,  0.02992151,  0.2071382 ],
       [-0.03884121,  0.        ,  0.9992454 ,  0.08668604],
       [ 0.        ,  0.        ,  0.        ,  1.        ]])]","[array([[-0.27275934, -0.96208081, -0.00168874,  0.06269638],
       [ 0.96206237, -0.27276457,  0.00595643,  0.26375498],
       [-0.0061912 ,  0.        ,  0.99998083,  0.08405288],
       [ 0.        ,  0.        ,  0.        ,  1.        ]])]","[array([[-0.27275934, -0.96208081, -0.00168874,  0.06269638],
       [ 0.96206237, -0.27276457,  0.00595643,  0.26375498],
       [-0.0061912 ,  0.        ,  0.99998083,  0.08405288],
       [ 0.        ,  0.        ,  0.        ,  1.        ]])]","[array([[ 0.07259084, -0.99736084,  0.00138621,  0.15877339],
       [ 0.99717904,  0.07260408,  0.01904235,  0.20338155],
       [-0.01909274,  0.        ,  0.99981772,  0.08696868],
       [ 0.        ,  0.        ,  0.        ,  1.        ]])]","[array([[-0.4648559 , -0.88520034,  0.01814781,  0.16245491],
       [ 0.88452655, -0.46521001, -0.03453161,  0.26391742],
       [ 0.03900994, -0.        ,  0.99923882,  0.08428548],
       [ 0.        ,  0.        ,  0.        ,  1.        ]])]","[array([[-0.4648559 , -0.88520034,  0.01814781,  0.16245491],
       [ 0.88452655, -0.46521001, -0.03453161,  0.26391742],
       [ 0.03900994, -0.        ,  0.99923882,  0.08428548],
       [ 0.        ,  0.        ,  0.        ,  1.        ]])]"
26,"[array([[-0.65384644, -0.756155  , -0.02672924,  0.0814389 ],
       [ 0.75552396, -0.65439255,  0.03088582,  0.22139455],
       [-0.04084588,  0.        ,  0.99916546,  0.08660895],
