,LP,LD1,LD2,RP,RD1,RD2
0,"[array([[-0.81924137, -0.5723798 , -0.03499919, -0.16355281],
       [ 0.57185818, -0.81998864,  0.02443062,  0.02088901],
       [-0.04268253,  0.        ,  0.99908869,  0.08469009],
       [ 0.        ,  0.        ,  0.        ,  1.        ]])]","[array([[ 6.16765549e-01, -7.87146909e-01, -3.07716990e-05,
        -2.12282306e-01],
       [ 7.87146908e-01,  6.16765550e-01, -3.92723747e-05,
         7.18271733e-02],
       [ 4.98920522e-05, -0.00000000e+00,  9.99999999e-01,
         8.20834134e-02],
       [ 0.00000000e+00,  0.00000000e+00,  0.00000000e+00,
         1.00000000e+00]])]","[array([[ 6.16765549e-01, -7.87146909e-01, -3.07716990e-05,
        -2.12282306e-01],
       [ 7.87146908e-01,  6.16765550e-01, -3.92723747e-05,
         7.18271733e-02],
       [ 4.98920522e-05, -0.00000000e+00,  9.99999999e-01,
         8.20834134e-02],
       [ 0.00000000e+00,  0.00000000e+00,  0.00000000e+00,
         1.00000000e+00]])]","[array([[ 0.22169658, -0.97508757,  0.00740631, -0.10839191],
       [ 0.9745439 ,  0.22182026,  0.03255701,  0.03194587],
       [-0.03338881,  0.        ,  0.99944244,  0.08541191],
       [ 0.        ,  0.        ,  0.        ,  1.        ]])]","[array([[-0.74253683, -0.66906173,  0.03155073, -0.09478193],
       [ 0.66845857, -0.74320683, -0.02840311,  0.08475392],
       [ 0.04245216, -0.        ,  0.9990985 ,  0.08194802],
       [ 0.        ,  0.        ,  0.        ,  1.        ]])]","[array([[-0.74253683, -0.66906173,  0.03155073, -0.09478193],
       [ 0.66845857, -0.74320683, -0.02840311,  0.08475392],
       [ 0.04245216, -0.        ,  0.9990985 ,  0.08194802],
       [ 0.        ,  0.        ,  0.        ,  1.        ]])]"
1,"[array([[-0.81936539, -0.57219828, -0.03506399, -0.16355097],
       [ 0.57167506, -0.82011531,  0.02446431,  0.02089267],
       [-0.04275495,  0.        ,  0.99908559,  0.08468871],
       [ 0.        ,  0.        ,  0.        ,  1.        ]])]","[array([[ 0.61677893, -0.78713642, -0.        , -0.21228368],
       [ 0.78713642,  0.61677893, -0.        ,  0.07182257],
       [ 0.        , -0.        ,  1.        ,  0.082084  ],
       [ 0.        ,  0.        ,  0.        ,  1.        ]])]","[array([[ 0.61677893, -0.78713642, -0.        , -0.21228368],
       [ 0.78713642,  0.61677893, -0.        ,  0.07182257],
       [ 0.        , -0.        ,  1.        ,  0.082084  ],
       [ 0.        ,  0.        ,  0.        ,  1.        ]])]","[array([[ 0.2215265 , -0.97512594,  0.00744395, -0.10838644],
       [ 0.97457587,  0.22165153,  0.03274864,  0.03194366],
       [-0.03358401,  0.        ,  0.9994359 ,  0.08541728],
       [ 0.        ,  0.        ,  0.        ,  1.        ]])]","[array([[-0.74250245, -0.66908944,  0.03177169, -0.0947864 ],
       [ 0.66847773, -0.74318189, -0.02860418,  0.08474966],
       [ 0.0427509 , -0.        ,  0.99908576,  0.08193252],
       [ 0.        ,  0.        ,  0.        ,  1.        ]])]","[array([[-0.74250245, -0.66908944,  0.03177169, -0.0947864 ],
       [ 0.66847773, -0.74318189, -0.02860418,  0.08474966],
       [ 0.0427509 , -0.        ,  0.99908576,  0.08193252],
       [ 0.        ,  0.        ,  0.        ,  1.        ]])]"
2,"[array([[-0.81946312, -0.57206775, -0.03490978, -0.1635423 ],
       [ 0.57154935, -0.82020637,  0.02434845,  0.02089145],
       [-0.04256219,  0.        ,  0.99909382,  0.08468539],
       [ 0.        ,  0.        ,  0.        ,  1.        ]])]","[array([[ 6.16840738e-01, -7.87087988e-01, -6.15384923e-05,
        -2.12283431e-01],
       [ 7.87087984e-01,  6.16840741e-01, -7.85230366e-05,
         7.18243855e-02],
       [ 9.97639880e-05, -0.00000000e+00,  9.99999995e-01,
         8.20808275e-02],
       [ 0.00000000e+00,  0.00000000e+00,  0.00000000e+00,
         1.00000000e+00]])]","[array([[ 6.16840738e-01, -7.87087988e-01, -6.15384923e-05,
        -2.12283431e-01],
       [ 7.87087984e-01,  6.16840741e-01, -7.85230366e-05,
         7.18243855e-02],
       [ 9.97639880e-05, -0.00000000e+00,  9.99999995e-01,
         8.20808275e-02],
       [ 0.00000000e+00,  0.00000000e+00,  0.00000000e+00,
         1.00000000e+00]])]","[array([[ 0.21666462, -0.97622333,  0.00666764, -0.10819527],
       [ 0.97576139,  0.21676719,  0.03002808,  0.03191175],
       [-0.03075944,  0.        ,  0.99952682,  0.08530401],
       [ 0.        ,  0.        ,  0.        ,  1.        ]])]","[array([[-0.74276092, -0.66879285,  0.03197406, -0.0947661 ],
       [ 0.66817405, -0.7434488 , -0.02876328,  0.08476064],
       [ 0.04300775, -0.        ,  0.99907474,  0.08191935],
       [ 0.        ,  0.        ,  0.        ,  1.        ]])]","[array([[-0.74276092, -0.66879285,  0.03197406, -0.0947661 ],
       [ 0.66817405, -0.7434488 , -0.02876328,  0.08476064],
       [ 0.04300775, -0.        ,  0.99907474,  0.08191935],
       [ 0.        ,  0.        ,  0.        ,  1.        ]])]"
3,"[array([[-0.81939257, -0.57216884, -0.03490911, -0.16354603],
       [ 0.57165028, -0.82013586,  0.02435439,  0.02089299],
       [-0.04256503,  0.        ,  0.9990937 ,  0.08468346],
       [ 0.        ,  0.        ,  0.        ,  1.        ]])]","[array([[ 0.61678562, -0.78713118, -0.        , -0.21228087],
       [ 0.78713118,  0.61678562, -0.        ,  0.07182276],
       [ 0.        , -0.        ,  1.        ,  0.082085  ],
       [ 0.        ,  0.        ,  0.        ,  1.        ]])]","[array([[ 0.61678562, -0.78713118, -0.        , -0.21228087],
       [ 0.78713118,  0.61678562, -0.        ,  0.07182276],
       [ 0.        , -0.        ,  1.        ,  0.082085  ],
       [ 0.        ,  0.        ,  0.        ,  1.        ]])]","[array([[ 0.21689217, -0.97618706,  0.00407568, -0.10820704],
       [ 0.97601475,  0.21693046,  0.01834055,  0.03196053],
       [-0.01878795,  0.        ,  0.99982349,  0.08508585],
       [ 0.        ,  0.        ,  0.        ,  1.        ]])]","[array([[-0.74260112, -0.6689869 ,  0.03162443, -0.09477885],
       [ 0.6683811 , -0.74327419, -0.0284637 ,  0.08475046],
       [ 0.04254747, -0.        ,  0.99909445,  0.08194299],
       [ 0.        ,  0.        ,  0.        ,  1.        ]])]","[array([[-0.74260112, -0.6689869 ,  0.03162443, -0.09477885],
       [ 0.6683811 , -0.74327419, -0.0284637 ,  0.08475046],
       [ 0.04254747, -0.        ,  0.99909445,  0.08194299],
       [ 0.        ,  0.        ,  0.        ,  1.        ]])]"
4,"[array([[-0.81962389, -0.57184001, -0.03486662, -0.1635321 ],
       [ 0.5713233 , -0.82036517,  0.02430397,  0.0208997 ],
       [-0.04250134,  0.        ,  0.99909641,  0.08468203],
       [ 0.        ,  0.        ,  0.        ,  1.        ]])]","[array([[ 6.16734635e-01, -7.87171131e-01,  3.07711035e-05,
        -2.12275431e-01],
       [ 7.87171130e-01,  6.16734636e-01,  3.92747917e-05,
         7.18262639e-02],
       [-4.98935875e-05, -0.00000000e+00,  9.99999999e-01,
         8.20865866e-02],
       [ 0.00000000e+00,  0.00000000e+00,  0.00000000e+00,
         1.00000000e+00]])]","[array([[ 6.16734635e-01, -7.87171131e-01,  3.07711035e-05,
        -2.12275431e-01],
       [ 7.87171130e-01,  6.16734636e-01,  3.92747917e-05,
         7.18262639e-02],
       [-4.98935875e-05, -0.00000000e+00,  9.99999999e-01,
         8.20865866e-02],
       [ 0.00000000e+00,  0.00000000e+00,  0.00000000e+00,
         1.00000000e+00]])]","[array([[ 0.21602698, -0.97637883,  0.00408911, -0.10817837],
       [ 0.97620396,  0.21606568,  0.01847827,  0.03194261],
       [-0.01892531,  0.        ,  0.9998209 ,  0.08514793],
       [ 0.        ,  0.        ,  0.        ,  1.        ]])]","[array([[-0.74296388, -0.66856558,  0.03201159, -0.09475453],
       [ 0.66794587, -0.74365319, -0.02877934,  0.08476809],
       [ 0.0430464 , -0.        ,  0.99907307,  0.08191912],
       [ 0.        ,  0.        ,  0.        ,  1.        ]])]","[array([[-0.74296388, -0.66856558,  0.03201159, -0.09475453],
       [ 0.66794587, -0.74365319, -0.02877934,  0.08476809],
       [ 0.0430464 , -0.        ,  0.99907307,  0.08191912],
       [ 0.        ,  0.        ,  0.        ,  1.        ]])]"
5,"[array([[-0.81946394, -0.57207662, -0.03474468, -0.16353438],
       [ 0.5715631 , -0.82020019,  0.02423386,  0.02089121],
       [-0.04236122,  0.        ,  0.99910236,  0.08467789],
       [ 0.        ,  0.        ,  0.        ,  1.        ]])]","[array([[ 6.16854088e-01, -7.87077512e-01,  1.53828015e-04,
        -2.12280809e-01],
       [ 7.87077488e-01,  6.16854107e-01,  1.96277483e-04,
         7.18267794e-02],
       [-2.49375036e-04, -0.00000000e+00,  9.99999969e-01,
         8.20939301e-02],
       [ 0.00000000e+00,  0.00000000e+00,  0.00000000e+00,
         1.00000000e+00]])]","[array([[ 6.16854088e-01, -7.87077512e-01,  1.53828015e-04,
        -2.12280809e-01],
       [ 7.87077488e-01,  6.16854107e-01,  1.96277483e-04,
         7.18267794e-02],
       [-2.49375036e-04, -0.00000000e+00,  9.99999969e-01,
         8.20939301e-02],
       [ 0.00000000e+00,  0.00000000e+00,  0.00000000e+00,
         1.00000000e+00]])]","[array([[ 0.20410863, -0.97889326,  0.01037546, -0.10789071],
       [ 0.97763098,  0.20437216,  0.04969594,  0.03188487],
       [-0.05076748,  0.        ,  0.9987105 ,  0.08592019],
       [ 0.        ,  0.        ,  0.        ,  1.        ]])]","[array([[-0.7429286 , -0.66860987,  0.03190518, -0.09475526],
       [ 0.66799416, -0.74361337, -0.02868711,  0.0847691 ],
       [ 0.04290561, -0.        ,  0.99907913,  0.0819236 ],
       [ 0.        ,  0.        ,  0.        ,  1.        ]])]","[array([[-0.7429286 , -0.66860987,  0.03190518, -0.09475526],
       [ 0.66799416, -0.74361337, -0.02868711,  0.0847691 ],
       [ 0.04290561, -0.        ,  0.99907913,  0.0819236 ],
       [ 0.        ,  0.        ,  0.        ,  1.        ]])]"
6,"[array([[-0.81957039, -0.57192058, -0.03480255, -0.16353022],
       [ 0.57140563, -0.82030899,  0.02426439,  0.0208995 ],
       [-0.04242615,  0.        ,  0.99909961,  0.08466935],
       [ 0.        ,  0.        ,  0.        ,  1.        ]])]","[array([[ 6.16813977e-01, -7.87108946e-01,  1.53882662e-04,
        -2.12276675e-01],
       [ 7.87108922e-01,  6.16813997e-01,  1.96367821e-04,
         7.18305993e-02],
       [-2.49479848e-04, -0.00000000e+00,  9.99999969e-01,
         8.20859335e-02],
       [ 0.00000000e+00,  0.00000000e+00,  0.00000000e+00,
         1.00000000e+00]])]","[array([[ 6.16813977e-01, -7.87108946e-01,  1.53882662e-04,
        -2.12276675e-01],
       [ 7.87108922e-01,  6.16813997e-01,  1.96367821e-04,
         7.18305993e-02],
       [-2.49479848e-04, -0.00000000e+00,  9.99999969e-01,
         8.20859335e-02],
       [ 0.00000000e+00,  0.00000000e+00,  0.00000000e+00,
         1.00000000e+00]])]","[array([[ 0.27658764, -0.95920897,  0.05845875, -0.11003254],
       [ 0.93847627,  0.28269798,  0.1983536 ,  0.03482708],
       [-0.20678872,  0.        ,  0.97838562,  0.09170307],
       [ 0.        ,  0.        ,  0.        ,  1.        ]])]","[array([[-0.74272963, -0.66882615,  0.03200437, -0.09475856],
       [ 0.66820608, -0.74341885, -0.02879314,  0.08476204],
       [ 0.04305025, -0.        ,  0.99907291,  0.081917  ],
       [ 0.        ,  0.        ,  0.        ,  1.        ]])]","[array([[-0.74272963, -0.66882615,  0.03200437, -0.09475856],
       [ 0.66820608, -0.74341885, -0.02879314,  0.08476204],
       [ 0.04305025, -0.        ,  0.99907291,  0.081917  ],
       [ 0.        ,  0.        ,  0.        ,  1.        ]])]"
7,"[array([[-0.81949857, -0.57200499, -0.0351054 , -0.16354879],
       [ 0.57148088, -0.82025014,  0.0244809 ,  0.02091148],
       [-0.0427984 ,  0.        ,  0.99908373,  0.08466768],
       [ 0.        ,  0.        ,  0.        ,  1.        ]])]","[array([[ 6.16692863e-01, -7.87203835e-01, -1.84586687e-04,
        -2.12293250e-01],
       [ 7.87203800e-01,  6.16692891e-01, -2.35623517e-04,
         7.18460372e-02],
       [ 2.99317034e-04, -0.00000000e+00,  9.99999955e-01,
         8.20344817e-02],
       [ 0.00000000e+00,  0.00000000e+00,  0.00000000e+00,
         1.00000000e+00]])]","[array([[ 6.16692863e-01, -7.87203835e-01, -1.84586687e-04,
        -2.12293250e-01],
       [ 7.87203800e-01,  6.16692891e-01, -2.35623517e-04,
         7.18460372e-02],
       [ 2.99317034e-04, -0.00000000e+00,  9.99999955e-01,
         8.20344817e-02],
       [ 0.00000000e+00,  0.00000000e+00,  0.00000000e+00,
         1.00000000e+00]])]","[array([[ 0.48119784, -0.8449802 ,  0.23336047, -0.11677903],
       [ 0.76029258,  0.53479759,  0.36870954,  0.04336377],
       [-0.43635287,  0.        ,  0.89977562,  0.1003563 ],
       [ 0.        ,  0.        ,  0.        ,  1.        ]])]","[array([[-0.74257309, -0.66900908,  0.03181292, -0.09476605],
       [ 0.66839597, -0.74325423, -0.02863506,  0.08476926],
       [ 0.0428022 , -0.        ,  0.99908357,  0.08192389],
       [ 0.        ,  0.        ,  0.        ,  1.        ]])]","[array([[-0.74257309, -0.66900908,  0.03181292, -0.09476605],
       [ 0.66839597, -0.74325423, -0.02863506,  0.08476926],
       [ 0.0428022 , -0.        ,  0.99908357,  0.08192389],
       [ 0.        ,  0.        ,  0.        ,  1.        ]])]"
8,"[array([[-0.82174391, -0.56885142, -0.03383812, -0.16346362],
       [ 0.56836974, -0.82244031,  0.02340457,  0.02092526],
       [-0.04114356,  0.        ,  0.99915325,  0.08458062],
       [ 0.        ,  0.        ,  0.        ,  1.        ]])]","[array([[ 6.13670518e-01, -7.89561684e-01, -9.18367565e-04,
        -2.12388750e-01],
       [ 7.89560799e-01,  6.13671205e-01, -1.18159013e-03,
         7.16924870e-02],
       [ 1.49651402e-03, -0.00000000e+00,  9.99998880e-01,
         8.19774109e-02],
       [ 0.00000000e+00,  0.00000000e+00,  0.00000000e+00,
         1.00000000e+00]])]","[array([[ 6.13670518e-01, -7.89561684e-01, -9.18367565e-04,
        -2.12388750e-01],
       [ 7.89560799e-01,  6.13671205e-01, -1.18159013e-03,
         7.16924870e-02],
       [ 1.49651402e-03, -0.00000000e+00,  9.99998880e-01,
         8.19774109e-02],
       [ 0.00000000e+00,  0.00000000e+00,  0.00000000e+00,
         1.00000000e+00]])]","[array([[ 0.19567278, -0.98066576,  0.00261315, -0.10708248],
       [ 0.98057832,  0.19569023,  0.01309535,  0.0319148 ],
       [-0.01335353,  0.        ,  0.99991084,  0.08438212],
       [ 0.        ,  0.        ,  0.        ,  1.        ]])]","[array([[-0.7431643 , -0.66835485,  0.03175882, -0.09483125],
       [ 0.6677454 , -0.74384259, -0.02853582,  0.08478486],
       [ 0.04269562, -0.        ,  0.99908813,  0.08191828],
       [ 0.        ,  0.        ,  0.        ,  1.        ]])]","[array([[-0.7431643 , -0.66835485,  0.03175882, -0.09483125],
       [ 0.6677454 , -0.74384259, -0.02853582,  0.08478486],
       [ 0.04269562, -0.        ,  0.99908813,  0.08191828],
       [ 0.        ,  0.        ,  0.        ,  1.        ]])]"
