,transforms
0,"[array([[ 1.46092527e-01, -9.89001883e-01,  6.45570162e-04,
        -8.20790000e-02],
       [ 9.89217286e-01,  1.47886668e-01, -1.05092520e-02,
         1.64895500e-01],
       [ 1.03021918e-02,  2.19276992e-03,  9.99944568e-01,
         1.04352000e-01],
       [ 0.00000000e+00,  0.00000000e+00,  0.00000000e+00,
         1.00000000e+00]])]"
1,"[array([[ 1.46418140e-01, -9.89021292e-01,  7.02273194e-04,
        -8.20815000e-02],
       [ 9.89170827e-01,  1.47756341e-01, -1.03535876e-02,
         1.64897000e-01],
       [ 1.01391872e-02,  2.22449114e-03,  9.99946154e-01,
         1.04347500e-01],
       [ 0.00000000e+00,  0.00000000e+00,  0.00000000e+00,
         1.00000000e+00]])]"
2,"[array([[ 1.46232199e-01, -9.88992718e-01,  6.69202629e-04,
        -8.20780000e-02],
       [ 9.89198347e-01,  1.47947948e-01, -1.03468498e-02,
         1.64894500e-01],
       [ 1.01377727e-02,  2.19274960e-03,  9.99946246e-01,
         1.04350000e-01],
       [ 0.00000000e+00,  0.00000000e+00,  0.00000000e+00,
         1.00000000e+00]])]"
3,"[array([[ 1.46209781e-01, -9.89026266e-01,  5.28950171e-04,
        -8.20795000e-02],
       [ 9.89202492e-01,  1.47725753e-01, -1.02437350e-02,
         1.64895500e-01],
       [ 1.00563195e-02,  2.03651621e-03,  9.99947392e-01,
         1.04350500e-01],
       [ 0.00000000e+00,  0.00000000e+00,  0.00000000e+00,
         1.00000000e+00]])]"
4,"[array([[ 1.46179860e-01, -9.89009124e-01,  6.20931929e-04,
        -8.20795000e-02],
       [ 9.89206935e-01,  1.47839148e-01, -1.02551835e-02,
         1.64898500e-01],
       [ 1.00542616e-02,  2.13033737e-03,  9.99947221e-01,
         1.04350000e-01],
       [ 0.00000000e+00,  0.00000000e+00,  0.00000000e+00,
         1.00000000e+00]])]"
5,"[array([[ 1.46116634e-01, -9.89024296e-01,  5.72335760e-04,
        -8.20775000e-02],
       [ 9.89214993e-01,  1.47738069e-01, -1.03747182e-02,
         1.64898000e-01],
       [ 1.01797485e-02,  2.09890811e-03,  9.99946017e-01,
         1.04347500e-01],
       [ 0.00000000e+00,  0.00000000e+00,  0.00000000e+00,
         1.00000000e+00]])]"
6,"[array([[ 1.46017949e-01, -9.89012548e-01,  6.26967313e-04,
        -8.20750000e-02],
       [ 9.89231265e-01,  1.47816248e-01, -1.02141499e-02,
         1.64893500e-01],
       [ 1.00131323e-02,  2.13000739e-03,  9.99947638e-01,
         1.04352000e-01],
       [ 0.00000000e+00,  0.00000000e+00,  0.00000000e+00,
         1.00000000e+00]])]"
7,"[array([[ 1.46007517e-01, -9.89023266e-01,  5.52642963e-04,
        -8.20760000e-02],
       [ 9.89234033e-01,  1.47745843e-01, -1.00798036e-02,
         1.64894500e-01],
       [ 9.89109877e-03,  2.03592958e-03,  9.99949045e-01,
         1.04351500e-01],
       [ 0.00000000e+00,  0.00000000e+00,  0.00000000e+00,
         1.00000000e+00]])]"
8,"[array([[ 1.46155749e-01, -9.89006170e-01,  4.78521807e-04,
        -8.20765000e-02],
       [ 9.89209246e-01,  1.47860667e-01, -1.03578702e-02,
         1.64890000e-01],
       [ 1.01767094e-02,  2.00489040e-03,  9.99946241e-01,
         1.04348000e-01],
       [ 0.00000000e+00,  0.00000000e+00,  0.00000000e+00,
         1.00000000e+00]])]"
9,"[array([[ 1.45970799e-01, -9.89034066e-01,  5.61442896e-04,
        -8.20930000e-02],
       [ 9.89233516e-01,  1.47672197e-01, -1.06640321e-02,
         1.64883000e-01],
       [ 1.04678606e-02,  2.13018866e-03,  9.99942980e-01,
         1.04346000e-01],
       [ 0.00000000e+00,  0.00000000e+00,  0.00000000e+00,
         1.00000000e+00]])]"
10,"[array([[ 0.14369482, -0.98896204,  0.00114271, -0.082406  ],
       [ 0.98956672,  0.14814411, -0.01074047,  0.164898  ],
       [ 0.01046482,  0.0027214 ,  0.99994167,  0.1043455 ],
       [ 0.        ,  0.        ,  0.        ,  1.        ]])]"
11,"[array([[ 0.14280195, -0.98907151,  0.00117759, -0.082676  ],
       [ 0.9896911 ,  0.1474097 , -0.01119771,  0.164894  ],
       [ 0.0109148 ,  0.00281555,  0.99993661,  0.104345  ],
       [ 0.        ,  0.        ,  0.        ,  1.        ]])]"
12,"[array([[ 0.13869809, -0.98975268,  0.00125712, -0.0852225 ],
       [ 0.99028118,  0.14276573, -0.01057344,  0.164812  ],
       [ 0.01029691,  0.00275392,  0.99994331,  0.104323  ],
       [ 0.        ,  0.        ,  0.        ,  1.        ]])]"
13,"[array([[ 0.13082645, -0.99089169,  0.00200605, -0.088399  ],
       [ 0.99135264,  0.13461808, -0.01056954,  0.164599  ],
       [ 0.01021629,  0.00341083,  0.99994213,  0.1043095 ],
       [ 0.        ,  0.        ,  0.        ,  1.        ]])]"
14,"[array([[ 0.12103062, -0.99204464,  0.00683536, -0.0921795 ],
       [ 0.99257524,  0.12560497, -0.01300492,  0.1640465 ],
       [ 0.01208237,  0.00841538,  0.99989207,  0.1044645 ],
       [ 0.        ,  0.        ,  0.        ,  1.        ]])]"
15,"[array([[ 0.11548293, -0.99286963,  0.00917505, -0.0941145 ],
       [ 0.99319456,  0.11869261, -0.01627567,  0.163543  ],
       [ 0.01510798,  0.01104336,  0.99982545,  0.1045645 ],
       [ 0.        ,  0.        ,  0.        ,  1.        ]])]"
16,"[array([[ 0.09626456, -0.99488376,  0.01429787, -0.097723  ],
       [ 0.99520268,  0.09973247, -0.01891975,  0.1624735 ],
       [ 0.01745752,  0.01611617,  0.99971877,  0.1046935 ],
       [ 0.        ,  0.        ,  0.        ,  1.        ]])]"
17,"[array([[ 0.0733487 , -0.99732429,  0.01180266, -0.100794  ],
       [ 0.99726822,  0.07203385, -0.00961306,  0.161654  ],
       [ 0.0087221 ,  0.01246499,  0.99988414,  0.104805  ],
       [ 0.        ,  0.        ,  0.        ,  1.        ]])]"
18,"[array([[ 0.03618845, -0.9994275 ,  0.00914687, -0.102874  ],
       [ 0.99931944,  0.03250501, -0.00748136,  0.1607825 ],
       [ 0.00714576,  0.00938547,  0.99993018,  0.104842  ],
       [ 0.        ,  0.        ,  0.        ,  1.        ]])]"
19,"[array([[ 0.00856184, -0.99993467,  0.01031805, -0.1043235 ],
       [ 0.99993989,  0.00484752, -0.0069377 ,  0.1599925 ],
       [ 0.00684948,  0.01035181,  0.9999227 ,  0.1048925 ],
       [ 0.        ,  0.        ,  0.        ,  1.        ]])]"
20,"[array([[-0.02427761, -0.99955736,  0.01033425, -0.105755  ],
       [ 0.99968613, -0.02796008, -0.00593485,  0.159144  ],
       [ 0.00618431,  0.01016446,  0.99992899,  0.1048465 ],
       [ 0.        ,  0.        ,  0.        ,  1.        ]])]"
21,"[array([[-0.03784968, -0.99911738,  0.01338892, -0.1069435 ],
       [ 0.99923148, -0.03994591, -0.00968959,  0.158636  ],
       [ 0.0101903 ,  0.01299181,  0.99986342,  0.1047895 ],
       [ 0.        ,  0.        ,  0.        ,  1.        ]])]"
22,"[array([[-0.06124479, -0.997939  ,  0.01478412, -0.1081645 ],
       [ 0.99808638, -0.06256102, -0.00763152,  0.158195  ],
       [ 0.00852355,  0.01427819,  0.99986159,  0.104812  ],
       [ 0.        ,  0.        ,  0.        ,  1.        ]])]"
23,"[array([[-0.09317206, -0.99564495,  0.01756501, -0.1102775 ],
       [ 0.99558148, -0.09174253, -0.0100885 ,  0.157088  ],
       [ 0.01168289,  0.01656637,  0.99979483,  0.104887  ],
       [ 0.        ,  0.        ,  0.        ,  1.        ]])]"
24,"[array([[-0.1706189 , -0.98583226,  0.02154683, -0.114308  ],
       [ 0.98528986, -0.16650879, -0.00605787,  0.1541175 ],
       [ 0.00964747,  0.02023794,  0.99974949,  0.104912  ],
       [ 0.        ,  0.        ,  0.        ,  1.        ]])]"
25,"[array([[-0.21437618, -0.97735762,  0.02322706, -0.1160935 ],
       [ 0.9766904 , -0.21050587, -0.0060542 ,  0.152283  ],
       [ 0.01089555,  0.02143287,  0.99971188,  0.10495   ],
       [ 0.        ,  0.        ,  0.        ,  1.        ]])]"
26,"[array([[-0.2457391 , -0.96996031,  0.02404402, -0.116862  ],
       [ 0.9692603 , -0.2422864 , -0.00639858,  0.151146  ],
       [ 0.01211419,  0.0217782 ,  0.99969042,  0.1049555 ],
       [ 0.        ,  0.        ,  0.        ,  1.        ]])]"
27,"[array([[-0.28077593, -0.96044152,  0.02352109, -0.1185035 ],
       [ 0.95970612, -0.27767195, -0.00495126,  0.149607  ],
       [ 0.01135919,  0.02122194,  0.99971108,  0.1049345 ],
       [ 0.        ,  0.        ,  0.        ,  1.        ]])]"
28,"[array([[-0.31062119, -0.95146362,  0.02306344, -0.1194735 ],
       [ 0.95046589, -0.30707138, -0.00441259,  0.148376  ],
       [ 0.01136114,  0.02059472,  0.99972427,  0.1049185 ],
       [ 0.        ,  0.        ,  0.        ,  1.        ]])]"
29,"[array([[-0.33463493, -0.94334229,  0.02370697, -0.120518  ],
       [ 0.94227467, -0.33115402, -0.00403965,  0.1472015 ],
       [ 0.01174304,  0.02103212,  0.99971079,  0.1049385 ],
       [ 0.        ,  0.        ,  0.        ,  1.        ]])]"
30,"[array([[-0.33291854, -0.9437646 ,  0.02680671, -0.1201405 ],
       [ 0.9428876 , -0.32971133, -0.00253998,  0.1474145 ],
       [ 0.01132348,  0.02447064,  0.99963741,  0.1050135 ],
       [ 0.        ,  0.        ,  0.        ,  1.        ]])]"
31,"[array([[-3.27793079e-01, -9.45423676e-01,  2.87579916e-02,
        -1.18818500e-01],
       [ 9.44705149e-01, -3.24698556e-01,  2.87816774e-04,
         1.48312000e-01],
       [ 9.15855694e-03,  2.72932293e-02,  9.99586362e-01,
         1.05046500e-01],
       [ 0.00000000e+00,  0.00000000e+00,  0.00000000e+00,
         1.00000000e+00]])]"
32,"[array([[-0.30429887, -0.95296082,  0.03393684, -0.1138195 ],
       [ 0.95243758, -0.30155718, -0.0062341 ,  0.1510335 ],
       [ 0.01627423,  0.03047869,  0.99940454,  0.105261  ],
       [ 0.        ,  0.        ,  0.        ,  1.        ]])]"
33,"[array([[-0.19390212, -0.98035107,  0.02477836, -0.1057885 ],
       [ 0.98073563, -0.19618915, -0.01920958,  0.157136  ],
       [ 0.02365573,  0.02053288,  0.99950839,  0.10525   ],
       [ 0.        ,  0.        ,  0.        ,  1.        ]])]"
34,"[array([[-0.11049257, -0.99346559,  0.02192231, -0.097653  ],
       [ 0.99351857, -0.11253222, -0.02440941,  0.1615405 ],
       [ 0.02668782,  0.01904247,  0.99946165,  0.105328  ],
       [ 0.        ,  0.        ,  0.        ,  1.        ]])]"
35,"[array([[-0.07728639, -0.99691167,  0.02411957, -0.0929005 ],
       [ 0.99657242, -0.0753951 , -0.02771052,  0.1632995 ],
       [ 0.02949957,  0.02197068,  0.99932496,  0.105126  ],
       [ 0.        ,  0.        ,  0.        ,  1.        ]])]"
36,"[array([[-3.05824706e-03, -9.99793638e-01,  2.03072556e-02,
        -8.60685000e-02],
       [ 9.99592185e-01, -3.13012629e-05, -2.83243025e-02,
         1.65786500e-01],
       [ 2.83921045e-02,  2.03145196e-02,  9.99392490e-01,
         1.05063500e-01],
       [ 0.00000000e+00,  0.00000000e+00,  0.00000000e+00,
         1.00000000e+00]])]"
37,"[array([[ 0.04280654, -0.99872096,  0.02361289, -0.080685  ],
       [ 0.99852985,  0.04388604, -0.03428498,  0.166485  ],
       [ 0.03325262,  0.02510909,  0.99913311,  0.1053245 ],
       [ 0.        ,  0.        ,  0.        ,  1.        ]])]"
38,"[array([[ 0.05680655, -0.99809698,  0.01850863, -0.0791195 ],
       [ 0.99790029,  0.05820483, -0.03221084,  0.166713  ],
       [ 0.03111327,  0.02036229,  0.99930971,  0.105203  ],
       [ 0.        ,  0.        ,  0.        ,  1.        ]])]"
39,"[array([[ 0.08019808, -0.99646673,  0.01224204, -0.0759145 ],
       [ 0.99650554,  0.0827752 , -0.02440299,  0.167483  ],
       [ 0.02334462,  0.01422405,  0.99962724,  0.104951  ],
       [ 0.        ,  0.        ,  0.        ,  1.        ]])]"
40,"[array([[ 0.0791418 , -0.9965871 ,  0.01046337, -0.0781075 ],
       [ 0.99667392,  0.08165768, -0.0203246 ,  0.1674895 ],
       [ 0.01943398,  0.01209047,  0.99973868,  0.104795  ],
       [ 0.        ,  0.        ,  0.        ,  1.        ]])]"
41,"[array([[ 0.08179091, -0.99634054,  0.01129721, -0.07727   ],
       [ 0.99641843,  0.08445369, -0.02245847,  0.167428  ],
       [ 0.02146081,  0.01315673,  0.99968394,  0.104884  ],
       [ 0.        ,  0.        ,  0.        ,  1.        ]])]"
42,"[array([[ 0.10837802, -0.99450444,  0.00272414, -0.0740635 ],
       [ 0.99363823,  0.10452448, -0.03109315,  0.1675305 ],
       [ 0.03061502,  0.00596207,  0.99951278,  0.105386  ],
       [ 0.        ,  0.        ,  0.        ,  1.        ]])]"
43,"[array([[ 0.12694477, -0.9923658 ,  0.00131838, -0.071675  ],
       [ 0.99161575,  0.12325323, -0.0245159 ,  0.1682135 ],
       [ 0.02415027,  0.00433128,  0.99969857,  0.105215  ],
       [ 0.        ,  0.        ,  0.        ,  1.        ]])]"
44,"[array([[ 0.12970484, -0.99199314,  0.00107535, -0.071284  ],
       [ 0.99136903,  0.12624283, -0.01938477,  0.1684455 ],
       [ 0.01908158,  0.00351459,  0.99981152,  0.105039  ],
       [ 0.        ,  0.        ,  0.        ,  1.        ]])]"
45,"[array([[ 1.36534666e-01, -9.91088399e-01, -1.96973336e-03,
        -7.11140000e-02],
       [ 9.90510552e-01,  1.33205745e-01, -1.55975416e-02,
         1.68384500e-01],
       [ 1.57204093e-02,  1.25517781e-04,  9.99876411e-01,
         1.04913000e-01],
       [ 0.00000000e+00,  0.00000000e+00,  0.00000000e+00,
         1.00000000e+00]])]"
46,"[array([[ 1.41138341e-01, -9.90478825e-01, -2.11384405e-03,
        -7.10600000e-02],
       [ 9.89922867e-01,  1.37664130e-01, -1.13340560e-02,
         1.68344500e-01],
       [ 1.15189512e-02, -5.33460272e-04,  9.99933533e-01,
         1.04807500e-01],
       [ 0.00000000e+00,  0.00000000e+00,  0.00000000e+00,
         1.00000000e+00]])]"
47,"[array([[ 0.14665392, -0.98972774, -0.00493537, -0.0708065 ],
       [ 0.98917632,  0.14290036, -0.00409951,  0.168426  ],
       [ 0.00477903, -0.00429893,  0.99997942,  0.1045965 ],
       [ 0.        ,  0.        ,  0.        ,  1.        ]])]"
48,"[array([[ 0.14809017, -0.98944516, -0.00506748, -0.0707015 ],
       [ 0.98897141,  0.14482824, -0.00146795,  0.1684685 ],
       [ 0.00220224, -0.00480146,  0.99998608,  0.1045175 ],
       [ 0.        ,  0.        ,  0.        ,  1.        ]])]"
49,"[array([[ 0.14883375, -0.9894188 , -0.00481219, -0.070826  ],
       [ 0.9888594 ,  0.14501726, -0.00167074,  0.1684475 ],
       [ 0.00236838, -0.00451904,  0.99998703,  0.104519  ],
       [ 0.        ,  0.        ,  0.        ,  1.        ]])]"
50,"[array([[ 0.14937647, -0.98929371, -0.00481914, -0.070797  ],
       [ 0.98877746,  0.14586827, -0.00170993,  0.1684075 ],
       [ 0.00241064, -0.00451818,  0.99998693,  0.104515  ],
       [ 0.        ,  0.        ,  0.        ,  1.        ]])]"
51,"[array([[ 0.15047957, -0.98916326, -0.00489622, -0.0708075 ],
       [ 0.98861048,  0.14674728, -0.00156669,  0.168373  ],
       [ 0.00228566, -0.00461331,  0.99998679,  0.1045135 ],
       [ 0.        ,  0.        ,  0.        ,  1.        ]])]"
52,"[array([[ 0.15212191, -0.98881627, -0.00483817, -0.0701335 ],
       [ 0.98835615,  0.14907409, -0.00261861,  0.168267  ],
       [ 0.00332416, -0.00439376,  0.99998487,  0.104517  ],
       [ 0.        ,  0.        ,  0.        ,  1.        ]])]"
53,"[array([[ 0.15756061, -0.98802103, -0.00377809, -0.0682855 ],
       [ 0.9875073 ,  0.15427925, -0.00141738,  0.1679475 ],
       [ 0.00199496, -0.00351419,  0.99999186,  0.104537  ],
       [ 0.        ,  0.        ,  0.        ,  1.        ]])]"
54,"[array([[ 0.17438835, -0.98477627, -0.00353886, -0.063973  ],
       [ 0.98466633,  0.17380431, -0.00401826,  0.1669185 ],
       [ 0.00457385, -0.00278663,  0.99998566,  0.1045395 ],
       [ 0.        ,  0.        ,  0.        ,  1.        ]])]"
55,"[array([[ 0.20487973, -0.97942432, -0.00561423, -0.059825  ],
       [ 0.97878205,  0.20174773, -0.00205359,  0.165353  ],
       [ 0.00316031, -0.00508449,  0.99998213,  0.104587  ],
       [ 0.        ,  0.        ,  0.        ,  1.        ]])]"
56,"[array([[ 0.23333227, -0.97252652, -0.00531149, -0.057093  ],
       [ 0.97239095,  0.23274594, -0.00227242,  0.1644965 ],
       [ 0.00344908, -0.00463675,  0.99998331,  0.10465   ],
       [ 0.        ,  0.        ,  0.        ,  1.        ]])]"
57,"[array([[ 0.24625625, -0.96986975, -0.00564475, -0.054948  ],
       [ 0.9691981 ,  0.24353116,  0.00513958,  0.163698  ],
       [-0.00359132, -0.00672652,  0.99997086,  0.1047695 ],
       [ 0.        ,  0.        ,  0.        ,  1.        ]])]"
58,"[array([[ 0.26938482, -0.96438926, -0.00433096, -0.050885  ],
       [ 0.96294117,  0.26436164,  0.01499166,  0.1620655 ],
       [-0.01327101, -0.00814095,  0.99987824,  0.104883  ],
       [ 0.        ,  0.        ,  0.        ,  1.        ]])]"
59,"[array([[ 0.28318835, -0.96043112, -0.01139895, -0.050562  ],
       [ 0.95901667,  0.27813163,  0.01333226,  0.16099   ],
       [-0.00955928, -0.01465829,  0.99984615,  0.104954  ],
       [ 0.        ,  0.        ,  0.        ,  1.        ]])]"
60,"[array([[ 2.51165050e-01, -9.69041751e-01, -1.07907355e-02,
        -5.17215000e-02],
       [ 9.67944071e-01,  2.46637836e-01,  3.44727615e-03,
         1.58716000e-01],
       [-6.26555089e-04, -1.13076275e-02,  9.99935836e-01,
         1.04786500e-01],
       [ 0.00000000e+00,  0.00000000e+00,  0.00000000e+00,
         1.00000000e+00]])]"
61,"[array([[ 2.50933151e-01, -9.69087553e-01, -9.78268806e-03,
        -5.16465000e-02],
       [ 9.68004404e-01,  2.46508260e-01,  2.70860504e-03,
         1.58606000e-01],
       [-1.67149476e-04, -1.01484976e-02,  9.99948480e-01,
         1.04756000e-01],
       [ 0.00000000e+00,  0.00000000e+00,  0.00000000e+00,
         1.00000000e+00]])]"
62,"[array([[ 0.25559789, -0.96793862, -0.00850017, -0.050664  ],
       [ 0.96678135,  0.25101533,  0.00419339,  0.1585545 ],
       [-0.00188155, -0.00928066,  0.99995508,  0.1048485 ],
       [ 0.        ,  0.        ,  0.        ,  1.        ]])]"
63,"[array([[ 2.62564156e-01, -9.65029256e-01, -8.18501549e-03,
        -4.87220000e-02],
       [ 9.64909769e-01,  2.62030295e-01, -9.16217859e-04,
         1.57958000e-01],
       [ 3.03326213e-03, -7.65896235e-03,  9.99966082e-01,
         1.04856500e-01],
       [ 0.00000000e+00,  0.00000000e+00,  0.00000000e+00,
         1.00000000e+00]])]"
64,"[array([[ 2.65585283e-01, -9.64170433e-01, -9.34468957e-03,
        -4.73870000e-02],
       [ 9.64087047e-01,  2.65098414e-01,  3.39332761e-03,
         1.57739000e-01],
       [-7.89690200e-04, -9.90992891e-03,  9.99950580e-01,
         1.04944500e-01],
       [ 0.00000000e+00,  0.00000000e+00,  0.00000000e+00,
         1.00000000e+00]])]"
65,"[array([[ 0.27367279, -0.96168228, -0.010025  , -0.0456565 ],
       [ 0.96182135,  0.27394927,  0.00462289,  0.1574195 ],
       [-0.00170293, -0.01090796,  0.99993906,  0.1050155 ],
       [ 0.        ,  0.        ,  0.        ,  1.        ]])]"
66,"[array([[ 2.93787358e-01, -9.55841152e-01, -8.65112202e-03,
        -4.35040000e-02],
       [ 9.55868543e-01,  2.93763390e-01,  4.85384936e-04,
         1.56762000e-01],
       [ 2.07770409e-03, -8.41200255e-03,  9.99962461e-01,
         1.04914500e-01],
       [ 0.00000000e+00,  0.00000000e+00,  0.00000000e+00,
         1.00000000e+00]])]"
67,"[array([[ 2.98812122e-01, -9.54037952e-01, -1.06471343e-02,
        -4.22210000e-02],
       [ 9.54304472e-01,  2.99519909e-01, -6.27284837e-04,
         1.56305500e-01],
       [ 3.78032853e-03, -9.97045298e-03,  9.99943121e-01,
         1.04941500e-01],
       [ 0.00000000e+00,  0.00000000e+00,  0.00000000e+00,
         1.00000000e+00]])]"
68,"[array([[ 3.07686316e-01, -9.51464632e-01, -8.02199592e-03,
        -4.10985000e-02],
       [ 9.51483777e-01,  3.07665958e-01, -3.32065980e-04,
         1.55987000e-01],
       [ 2.78430351e-03, -7.53072273e-03,  9.99967768e-01,
         1.04921500e-01],
       [ 0.00000000e+00,  0.00000000e+00,  0.00000000e+00,
         1.00000000e+00]])]"
69,"[array([[ 0.30977085, -0.9510217 , -0.01015213, -0.040258  ],
       [ 0.9508094 ,  0.30896009,  0.00133973,  0.155652  ],
       [ 0.0018711 , -0.01006935,  0.99994757,  0.104999  ],
       [ 0.        ,  0.        ,  0.        ,  1.        ]])]"
70,"[array([[ 0.32246422, -0.94642538, -0.0090238 , -0.039398  ],
       [ 0.94657377,  0.32274025,  0.00715653,  0.1552145 ],
       [-0.00386458, -0.01085078,  0.99993368,  0.1051135 ],
       [ 0.        ,  0.        ,  0.        ,  1.        ]])]"
71,"[array([[ 0.33787128, -0.94184559, -0.01206531, -0.0382    ],
       [ 0.94118618,  0.33575283,  0.00794497,  0.1543345 ],
       [-0.00340153, -0.01403267,  0.99989565,  0.1051485 ],
       [ 0.        ,  0.        ,  0.        ,  1.        ]])]"
72,"[array([[ 0.33808389, -0.941826  , -0.0132112 , -0.03759   ],
       [ 0.94110873,  0.3357499 ,  0.00866897,  0.154026  ],
       [-0.00369241, -0.01535518,  0.99987515,  0.1051965 ],
       [ 0.        ,  0.        ,  0.        ,  1.        ]])]"
73,"[array([[ 0.34989593, -0.9376109 , -0.01402693, -0.036797  ],
       [ 0.93677401,  0.34727487,  0.01081579,  0.153275  ],
       [-0.0052248 , -0.0169105 ,  0.99984312,  0.1052505 ],
       [ 0.        ,  0.        ,  0.        ,  1.        ]])]"
74,"[array([[ 0.36297235, -0.93248445, -0.01673774, -0.035971  ],
       [ 0.93177002,  0.36060776,  0.01452821,  0.1524735 ],
       [-0.00746345, -0.02085179,  0.99975436,  0.1053955 ],
       [ 0.        ,  0.        ,  0.        ,  1.        ]])]"
75,"[array([[ 0.37446344, -0.92771626, -0.01950433, -0.036598  ],
       [ 0.9272191 ,  0.37253713,  0.01485409,  0.152272  ],
       [-0.00647129, -0.02363529,  0.99969942,  0.105465  ],
       [ 0.        ,  0.        ,  0.        ,  1.        ]])]"
76,"[array([[ 0.37995002, -0.92567947, -0.01916954, -0.036737  ],
       [ 0.92500553,  0.3777773 ,  0.00608045,  0.151635  ],
       [ 0.00165935, -0.02004596,  0.99979776,  0.1052745 ],
       [ 0.        ,  0.        ,  0.        ,  1.        ]])]"
77,"[array([[ 0.38011158, -0.92548879, -0.01800873, -0.0366305 ],
       [ 0.92493541,  0.37833759,  0.00403806,  0.151498  ],
       [ 0.00311091, -0.01819773,  0.99982968,  0.105218  ],
       [ 0.        ,  0.        ,  0.        ,  1.        ]])]"
78,"[array([[ 0.38143084, -0.92505126, -0.01697   , -0.0365605 ],
       [ 0.92438788,  0.37947774,  0.00246959,  0.151388  ],
       [ 0.00419064, -0.01663773,  0.99985295,  0.105162  ],
       [ 0.        ,  0.        ,  0.        ,  1.        ]])]"
79,"[array([[ 0.3816551 , -0.92490598, -0.01772602, -0.036998  ],
       [ 0.92426458,  0.37987433, -0.00200964,  0.1514235 ],
       [ 0.00862404, -0.01563398,  0.99984086,  0.105133  ],
       [ 0.        ,  0.        ,  0.        ,  1.        ]])]"
80,"[array([[ 0.37574139, -0.92737176, -0.01971256, -0.0393885 ],
       [ 0.926671  ,  0.37374311, -0.00275666,  0.1526705 ],
       [ 0.00996331, -0.01725401,  0.99980189,  0.105151  ],
       [ 0.        ,  0.        ,  0.        ,  1.        ]])]"
81,"[array([[ 0.36356256, -0.93129621, -0.02513632, -0.0434605 ],
       [ 0.93143165,  0.36367281, -0.00740563,  0.1544035 ],
       [ 0.01604197, -0.02072326,  0.9996566 ,  0.1052895 ],
       [ 0.        ,  0.        ,  0.        ,  1.        ]])]"
82,"[array([[ 0.35122279, -0.93596431, -0.02592842, -0.047934  ],
       [ 0.93606792,  0.35152591, -0.01214046,  0.15614   ],
       [ 0.02047934, -0.02000859,  0.99959008,  0.105327  ],
       [ 0.        ,  0.        ,  0.        ,  1.        ]])]"
83,"[array([[ 0.32065494, -0.94804044, -0.02684927, -0.053247  ],
       [ 0.94708176,  0.31728672, -0.00644177,  0.158684  ],
       [ 0.01471585, -0.02341923,  0.99961874,  0.10527   ],
       [ 0.        ,  0.        ,  0.        ,  1.        ]])]"
84,"[array([[ 0.27374606, -0.96267948, -0.02664129, -0.05829   ],
       [ 0.96168616,  0.2696204 , -0.00793224,  0.161136  ],
       [ 0.01492704, -0.02351741,  0.99961359,  0.1052435 ],
       [ 0.        ,  0.        ,  0.        ,  1.        ]])]"
85,"[array([[ 0.22967456, -0.97351527, -0.02252672, -0.063572  ],
       [ 0.9731353 ,  0.22779793, -0.01116119,  0.1627455 ],
       [ 0.01604024, -0.01939373,  0.99968394,  0.105137  ],
       [ 0.        ,  0.        ,  0.        ,  1.        ]])]"
86,"[array([[ 0.15737062, -0.98798212, -0.01735116, -0.072144  ],
       [ 0.98745281,  0.15378582, -0.01049182,  0.1639115 ],
       [ 0.01309343, -0.01553234,  0.99979441,  0.1049515 ],
       [ 0.        ,  0.        ,  0.        ,  1.        ]])]"
87,"[array([[ 0.15072724, -0.9880919 , -0.01111752, -0.0720365 ],
       [ 0.98828924,  0.15367951, -0.02236255,  0.1635855 ],
       [ 0.0237838 , -0.00755082,  0.99968811,  0.1048955 ],
       [ 0.        ,  0.        ,  0.        ,  1.        ]])]"
88,"[array([[ 0.15063178, -0.98812673, -0.00991461, -0.071906  ],
       [ 0.9883116 ,  0.15350818, -0.02221663,  0.163524  ],
       [ 0.02345735, -0.00638835,  0.99970402,  0.104878  ],
       [ 0.        ,  0.        ,  0.        ,  1.        ]])]"
89,"[array([[ 0.15236703, -0.98792071, -0.00425058, -0.071158  ],
       [ 0.98817357,  0.15495198, -0.01679041,  0.163611  ],
       [ 0.01724208, -0.00159777,  0.99985   ,  0.1046515 ],
       [ 0.        ,  0.        ,  0.        ,  1.        ]])]"
90,"[array([[ 0.1566693 , -0.98819048, -0.00663894, -0.0703595 ],
       [ 0.98763995,  0.15311319, -0.00370142,  0.1636935 ],
       [ 0.00469592, -0.00599398,  0.99997111,  0.1046165 ],
       [ 0.        ,  0.        ,  0.        ,  1.        ]])]"
91,"[array([[ 0.15989211, -0.98769453, -0.00597736, -0.070154  ],
       [ 0.9871166 ,  0.15631176, -0.00505266,  0.163525  ],
       [ 0.00594348, -0.00511417,  0.99996937,  0.1046285 ],
       [ 0.        ,  0.        ,  0.        ,  1.        ]])]"
92,"[array([[ 0.1602722 , -0.98754281, -0.0049883 , -0.0699485 ],
       [ 0.98705739,  0.15729521, -0.00478754,  0.1634635 ],
       [ 0.00552519, -0.0041732 ,  0.9999761 ,  0.1046025 ],
       [ 0.        ,  0.        ,  0.        ,  1.        ]])]"
93,"[array([[ 0.15840509, -0.98783337, -0.00492638, -0.0699125 ],
       [ 0.98736265,  0.15545829, -0.00404819,  0.1633125 ],
       [ 0.00477749, -0.0042372 ,  0.99997967,  0.1045735 ],
       [ 0.        ,  0.        ,  0.        ,  1.        ]])]"
94,"[array([[ 0.1585532 , -0.98784845, -0.00482131, -0.06989   ],
       [ 0.98734271,  0.15536156, -0.00318143,  0.163251  ],
       [ 0.00390566, -0.00426852,  0.99998332,  0.104548  ],
       [ 0.        ,  0.        ,  0.        ,  1.        ]])]"
95,"[array([[ 0.15776952, -0.98804838, -0.00473628, -0.0698815 ],
       [ 0.9874726 ,  0.15408144, -0.00185278,  0.1632045 ],
       [ 0.00257685, -0.00439426,  0.99998707,  0.104518  ],
       [ 0.        ,  0.        ,  0.        ,  1.        ]])]"
96,"[array([[ 0.15776303, -0.98801772, -0.00468148, -0.069849  ],
       [ 0.98747353,  0.15427968, -0.00190355,  0.1631725 ],
       [ 0.0026183 , -0.00433176,  0.99998723,  0.104519  ],
       [ 0.        ,  0.        ,  0.        ,  1.        ]])]"
97,"[array([[ 0.15873934, -0.9879284 , -0.00444119, -0.069509  ],
       [ 0.98731875,  0.15485411, -0.00118091,  0.1631425 ],
       [ 0.00187095, -0.00420475,  0.99998944,  0.104524  ],
       [ 0.        ,  0.        ,  0.        ,  1.        ]])]"
98,"[array([[ 0.1613463 , -0.98739355, -0.00398894, -0.0680295 ],
       [ 0.986896  ,  0.15824037, -0.00128411,  0.1630635 ],
       [ 0.0019109 , -0.00373549,  0.99999122,  0.1045375 ],
       [ 0.        ,  0.        ,  0.        ,  1.        ]])]"
99,"[array([[ 0.16606982, -0.98666327, -0.00453725, -0.065675  ],
       [ 0.9861123 ,  0.16271785, -0.00109022,  0.1628605 ],
       [ 0.0018286 , -0.00429939,  0.99998911,  0.1045495 ],
       [ 0.        ,  0.        ,  0.        ,  1.        ]])]"
100,"[array([[ 0.17486559, -0.98603035, -0.00740695, -0.0612315 ],
       [ 0.9845911 ,  0.16638379,  0.00288677,  0.1623465 ],
       [-0.00154711, -0.00778404,  0.9999684 ,  0.10463   ],
       [ 0.        ,  0.        ,  0.        ,  1.        ]])]"
101,"[array([[ 1.80391812e-01, -9.84245133e-01, -6.89424448e-03,
        -5.72155000e-02],
       [ 9.83594705e-01,  1.76673833e-01,  7.54974517e-04,
         1.61571500e-01],
       [ 5.01088366e-04, -6.91917722e-03,  9.99975949e-01,
         1.04636500e-01],
       [ 0.00000000e+00,  0.00000000e+00,  0.00000000e+00,
         1.00000000e+00]])]"
102,"[array([[ 1.95826683e-01, -9.81325890e-01, -7.62780811e-03,
        -5.40510000e-02],
       [ 9.80638490e-01,  1.92197182e-01,  1.26742976e-03,
         1.60859000e-01],
       [ 2.50845453e-04, -7.72919308e-03,  9.99970105e-01,
         1.04680500e-01],
       [ 0.00000000e+00,  0.00000000e+00,  0.00000000e+00,
         1.00000000e+00]])]"
103,"[array([[ 2.04144427e-01, -9.79710309e-01, -7.06446083e-03,
        -5.23550000e-02],
       [ 9.78940630e-01,  2.00292852e-01,  9.18364724e-04,
         1.60362500e-01],
       [ 5.43159547e-04, -7.10524729e-03,  9.99974625e-01,
         1.04674500e-01],
       [ 0.00000000e+00,  0.00000000e+00,  0.00000000e+00,
         1.00000000e+00]])]"
104,"[array([[ 2.22664750e-01, -9.75901130e-01, -4.29491822e-03,
        -4.96435000e-02],
       [ 9.74894718e-01,  2.18172383e-01,  1.23770094e-04,
         1.59768000e-01],
       [ 8.35671796e-04, -4.21845770e-03,  9.99990769e-01,
         1.04699500e-01],
       [ 0.00000000e+00,  0.00000000e+00,  0.00000000e+00,
         1.00000000e+00]])]"
105,"[array([[ 0.23664431, -0.97151801, -0.00331704, -0.047686  ],
       [ 0.97158335,  0.23695561, -0.00436516,  0.159065  ],
       [ 0.00502615, -0.00218824,  0.99998497,  0.104682  ],
       [ 0.        ,  0.        ,  0.        ,  1.        ]])]"
106,"[array([[ 0.25852842, -0.96618577, -0.00337425, -0.044879  ],
       [ 0.96599245,  0.25783715, -0.00391285,  0.157964  ],
       [ 0.00465218, -0.00225131,  0.99998665,  0.104695  ],
       [ 0.        ,  0.        ,  0.        ,  1.        ]])]"
107,"[array([[ 0.28632534, -0.9581883 , -0.00294933, -0.0419285 ],
       [ 0.95811902,  0.28613414, -0.00441391,  0.1565355 ],
       [ 0.00507359, -0.00156306,  0.99998591,  0.104713  ],
       [ 0.        ,  0.        ,  0.        ,  1.        ]])]"
108,"[array([[ 0.29984269, -0.95401077, -0.00369784, -0.041088  ],
       [ 0.95396936,  0.29976585, -0.00519787,  0.155788  ],
       [ 0.0060675 , -0.00196968,  0.99997965,  0.1047165 ],
       [ 0.        ,  0.        ,  0.        ,  1.        ]])]"
109,"[array([[ 0.31194561, -0.95003874, -0.00477052, -0.039694  ],
       [ 0.95008414,  0.31211539, -0.00420455,  0.15499   ],
       [ 0.00548293, -0.00321994,  0.99997978,  0.1047495 ],
       [ 0.        ,  0.        ,  0.        ,  1.        ]])]"
110,"[array([[ 0.31795513, -0.94832528, -0.00459064, -0.038859  ],
       [ 0.94808816,  0.31728646, -0.00455389,  0.1544165 ],
       [ 0.00577722, -0.00290859,  0.99997909,  0.1047775 ],
       [ 0.        ,  0.        ,  0.        ,  1.        ]])]"
111,"[array([[ 0.32716361, -0.94468307, -0.00543169, -0.0385425 ],
       [ 0.9449455 ,  0.32796592, -0.00497517,  0.153895  ],
       [ 0.00647849, -0.00349964,  0.99997287,  0.104774  ],
       [ 0.        ,  0.        ,  0.        ,  1.        ]])]"
112,"[array([[ 0.33922344, -0.9415459 , -0.00442708, -0.037229  ],
       [ 0.94069668,  0.33686934, -0.00281461,  0.1530135 ],
       [ 0.00414952, -0.00322019,  0.99998624,  0.1047885 ],
       [ 0.        ,  0.        ,  0.        ,  1.        ]])]"
113,"[array([[ 0.354043  , -0.93605253, -0.00553915, -0.0363545 ],
       [ 0.93521653,  0.35183645, -0.00309672,  0.152265  ],
       [ 0.0048573 , -0.00409548,  0.99997986,  0.1048045 ],
       [ 0.        ,  0.        ,  0.        ,  1.        ]])]"
114,"[array([[ 0.35992102, -0.9337535 , -0.0075028 , -0.0365255 ],
       [ 0.93296572,  0.35786849, -0.00315195,  0.151942  ],
       [ 0.00564127, -0.00587797,  0.99996689,  0.104865  ],
       [ 0.        ,  0.        ,  0.        ,  1.        ]])]"
115,"[array([[ 0.36703201, -0.93100083, -0.00512336, -0.0362305 ],
       [ 0.93019339,  0.36500086, -0.00364317,  0.1516705 ],
       [ 0.00526939, -0.00344016,  0.99998024,  0.104795  ],
       [ 0.        ,  0.        ,  0.        ,  1.        ]])]"
116,"[array([[ 0.37396643, -0.92806934, -0.00579281, -0.0355735 ],
       [ 0.92742679,  0.37238489, -0.00343533,  0.1511575 ],
       [ 0.00535245, -0.00409695,  0.99997732,  0.1048145 ],
       [ 0.        ,  0.        ,  0.        ,  1.        ]])]"
117,"[array([[ 0.38115237, -0.92538696, -0.00730475, -0.0348095 ],
       [ 0.92449371,  0.37898377, -0.00331786,  0.150559  ],
       [ 0.00585175, -0.00550249,  0.99996782,  0.104856  ],
       [ 0.        ,  0.        ,  0.        ,  1.        ]])]"
118,"[array([[ 0.39977829, -0.91548933, -0.00402993, -0.0331295 ],
       [ 0.91660131,  0.4023347 , -0.00304213,  0.149306  ],
       [ 0.00439955, -0.00246544,  0.99998725,  0.1049465 ],
       [ 0.        ,  0.        ,  0.        ,  1.        ]])]"
119,"[array([[ 0.42017744, -0.90620729, -0.00440431, -0.032335  ],
       [ 0.90742389,  0.42282807, -0.00427224,  0.1480955 ],
       [ 0.00572743, -0.00218484,  0.99998117,  0.104963  ],
       [ 0.        ,  0.        ,  0.        ,  1.        ]])]"
120,"[array([[ 0.42719901, -0.90318124, -0.00647795, -0.0326465 ],
       [ 0.90413894,  0.42923681, -0.00336814,  0.1479535 ],
       [ 0.0058128 , -0.00440515,  0.99997335,  0.1050105 ],
       [ 0.        ,  0.        ,  0.        ,  1.        ]])]"
121,"[array([[ 0.43009863, -0.90196194, -0.00872012, -0.032949  ],
       [ 0.90275867,  0.43176569, -0.00302058,  0.1479675 ],
       [ 0.00647764, -0.00656131,  0.99995742,  0.105056  ],
       [ 0.        ,  0.        ,  0.        ,  1.        ]])]"
122,"[array([[ 0.43002525, -0.90143265, -0.00912984, -0.0356085 ],
       [ 0.9027831 ,  0.43287251, -0.00429877,  0.149171  ],
       [ 0.00780732, -0.00636945,  0.99994908,  0.105016  ],
       [ 0.        ,  0.        ,  0.        ,  1.        ]])]"
123,"[array([[ 0.42424863, -0.90588528, -0.00777208, -0.0412535 ],
       [ 0.9055255 ,  0.4234841 , -0.00304559,  0.1514195 ],
       [ 0.00605536, -0.00575106,  0.99996516,  0.104819  ],
       [ 0.        ,  0.        ,  0.        ,  1.        ]])]"
124,"[array([[ 0.41903685, -0.90778085, -0.00519851, -0.04588   ],
       [ 0.90794782,  0.41943515, -0.00446781,  0.1529495 ],
       [ 0.00623505, -0.00284522,  0.99997651,  0.1046955 ],
       [ 0.        ,  0.        ,  0.        ,  1.        ]])]"
125,"[array([[ 4.20098075e-01, -9.08997118e-01, -4.03662795e-03,
        -4.84825000e-02],
       [ 9.07475360e-01,  4.16789208e-01, -8.48189230e-04,
         1.53469000e-01],
       [ 2.46551143e-03, -3.31579526e-03,  9.99991493e-01,
         1.04699000e-01],
       [ 0.00000000e+00,  0.00000000e+00,  0.00000000e+00,
         1.00000000e+00]])]"
126,"[array([[ 4.18832352e-01, -9.09857171e-01, -4.11801329e-03,
        -4.90410000e-02],
       [ 9.08061962e-01,  4.14904626e-01,  1.30402990e-05,
         1.53564500e-01],
       [ 1.71293032e-03, -3.75224622e-03,  9.99991521e-01,
         1.04701000e-01],
       [ 0.00000000e+00,  0.00000000e+00,  0.00000000e+00,
         1.00000000e+00]])]"
127,"[array([[ 4.18060696e-01, -9.10239348e-01, -4.90576384e-03,
        -4.93645000e-02],
       [ 9.08416973e-01,  4.14058009e-01,  9.55850211e-05,
         1.53613500e-01],
       [ 1.96409963e-03, -4.50505125e-03,  9.99987962e-01,
         1.04690000e-01],
       [ 0.00000000e+00,  0.00000000e+00,  0.00000000e+00,
         1.00000000e+00]])]"
128,"[array([[ 4.16889891e-01, -9.10830943e-01, -4.53112515e-03,
        -4.97465000e-02],
       [ 9.08954591e-01,  4.12759865e-01, -2.21694417e-04,
         1.53681000e-01],
       [ 2.09051194e-03, -4.03562396e-03,  9.99989710e-01,
         1.04694500e-01],
       [ 0.00000000e+00,  0.00000000e+00,  0.00000000e+00,
         1.00000000e+00]])]"
129,"[array([[ 0.40414408, -0.91823672, -0.00744059, -0.054256  ],
       [ 0.91469254,  0.39592713,  0.00575858,  0.154843  ],
       [-0.00226036, -0.00911261,  0.99995574,  0.104699  ],
       [ 0.        ,  0.        ,  0.        ,  1.        ]])]"
130,"[array([[ 0.35225698, -0.94258918, -0.01012902, -0.063042  ],
       [ 0.93584752,  0.33364112,  0.01473151,  0.1569785 ],
       [-0.01022006, -0.01446485,  0.99984018,  0.1047425 ],
       [ 0.        ,  0.        ,  0.        ,  1.        ]])]"
131,"[array([[ 0.30041785, -0.95634604, -0.00566777, -0.0664875 ],
       [ 0.95380575,  0.29216364,  0.00380301,  0.157854  ],
       [-0.00192468, -0.0065316 ,  0.99997671,  0.104606  ],
       [ 0.        ,  0.        ,  0.        ,  1.        ]])]"
132,"[array([[ 2.02983302e-01, -9.78529287e-01, -4.66851376e-05,
        -7.39070000e-02],
       [ 9.79127565e-01,  2.06096820e-01, -1.05538576e-02,
         1.59101500e-01],
       [ 1.03436252e-02,  2.12955231e-03,  9.99944305e-01,
         1.04405000e-01],
       [ 0.00000000e+00,  0.00000000e+00,  0.00000000e+00,
         1.00000000e+00]])]"
133,"[array([[ 0.18761851, -0.98176354,  0.00111304, -0.076085  ],
       [ 0.98219427,  0.1900824 , -0.01006847,  0.1592635 ],
       [ 0.00968087,  0.00300674,  0.99994869,  0.104392  ],
       [ 0.        ,  0.        ,  0.        ,  1.        ]])]"
134,"[array([[ 0.10922535, -0.99370914,  0.00263589, -0.0817225 ],
       [ 0.99398788,  0.11193678, -0.0079452 ,  0.1596855 ],
       [ 0.00760979,  0.00350879,  0.99996496,  0.104378  ],
       [ 0.        ,  0.        ,  0.        ,  1.        ]])]"
135,"[array([[ 0.05321918, -0.99836222,  0.00396193, -0.0856485 ],
       [ 0.99855227,  0.05703854, -0.00803758,  0.159822  ],
       [ 0.0078154 ,  0.00441407,  0.99995985,  0.1043515 ],
       [ 0.        ,  0.        ,  0.        ,  1.        ]])]"
136,"[array([[-0.00290792, -0.999987  , -0.00236945, -0.0905385 ],
       [ 0.99999307, -0.00450938, -0.00233323,  0.159399  ],
       [ 0.00232634, -0.00237995,  0.99999447,  0.104394  ],
       [ 0.        ,  0.        ,  0.        ,  1.        ]])]"
137,"[array([[-7.72657003e-02, -9.96866237e-01,  2.39971654e-04,
        -9.47650000e-02],
       [ 9.97010315e-01, -7.91054321e-02, -6.48764498e-04,
         1.58201000e-01],
       [ 6.65366634e-04,  1.87898889e-04,  9.99999761e-01,
         1.04418000e-01],
       [ 0.00000000e+00,  0.00000000e+00,  0.00000000e+00,
         1.00000000e+00]])]"
138,"[array([[-0.18967514, -0.98135937, -0.00293651, -0.1011485 ],
       [ 0.98183302, -0.19217155,  0.00475042,  0.1553325 ],
       [-0.00522118, -0.00196891,  0.99998441,  0.1044485 ],
       [ 0.        ,  0.        ,  0.        ,  1.        ]])]"
139,"[array([[-0.21243733, -0.97664337, -0.00413971, -0.102076  ],
       [ 0.97716163, -0.21484404,  0.00427109,  0.154671  ],
       [-0.00505306, -0.00312546,  0.99998231,  0.104426  ],
       [ 0.        ,  0.        ,  0.        ,  1.        ]])]"
140,"[array([[-0.24108698, -0.9700285 , -0.00608756, -0.1031205 ],
       [ 0.9704932 , -0.24293653,  0.00309673,  0.1535905 ],
       [-0.00447309, -0.00515292,  0.99997668,  0.1043645 ],
       [ 0.        ,  0.        ,  0.        ,  1.        ]])]"
141,"[array([[-2.85463246e-01, -9.57939554e-01, -6.53439100e-03,
        -1.05908000e-01],
       [ 9.58385686e-01, -2.86907484e-01,  9.32315877e-04,
         1.51768500e-01],
       [-2.75890676e-03, -5.99219373e-03,  9.99978216e-01,
         1.04381000e-01],
       [ 0.00000000e+00,  0.00000000e+00,  0.00000000e+00,
         1.00000000e+00]])]"
142,"[array([[-3.00144397e-01, -9.53481639e-01, -4.63884844e-03,
        -1.06868000e-01],
       [ 9.53891580e-01, -3.01421616e-01,  6.87402093e-04,
         1.51183000e-01],
       [-2.04805396e-03, -4.21590532e-03,  9.99989004e-01,
         1.04436500e-01],
       [ 0.00000000e+00,  0.00000000e+00,  0.00000000e+00,
         1.00000000e+00]])]"
143,"[array([[-0.3224514 , -0.94591218, -0.00640825, -0.10809   ],
       [ 0.94657381, -0.32438235,  0.00289663,  0.15029   ],
       [-0.00480834, -0.00512216,  0.99997527,  0.104341  ],
       [ 0.        ,  0.        ,  0.        ,  1.        ]])]"
144,"[array([[-0.33202944, -0.94286713, -0.00636803, -0.108401  ],
       [ 0.94325975, -0.33312725,  0.00219273,  0.1499685 ],
       [-0.00418278, -0.00527386,  0.99997732,  0.1043355 ],
       [ 0.        ,  0.        ,  0.        ,  1.        ]])]"
145,"[array([[-0.33935846, -0.94041645, -0.00423105, -0.1087175 ],
       [ 0.94064629, -0.34001277,  0.0032737 ,  0.1496305 ],
       [-0.0045153 , -0.00286589,  0.99998569,  0.104373  ],
