,transforms
0,"[array([[ 3.17299089e-01, -9.46293869e-01, -1.61161808e-03,
        -6.68690000e-02],
       [ 9.48300990e-01,  3.23307162e-01, -6.65295121e-03,
         1.61646500e-01],
       [ 6.82052497e-03,  6.25897129e-04,  9.99976570e-01,
         1.04546000e-01],
       [ 0.00000000e+00,  0.00000000e+00,  0.00000000e+00,
         1.00000000e+00]])]"
1,"[array([[ 3.17410517e-01, -9.46309765e-01, -1.65424599e-03,
        -6.68725000e-02],
       [ 9.48263403e-01,  3.23260693e-01, -6.68205884e-03,
         1.61649500e-01],
       [ 6.86158951e-03,  5.94631926e-04,  9.99976306e-01,
         1.04546500e-01],
       [ 0.00000000e+00,  0.00000000e+00,  0.00000000e+00,
         1.00000000e+00]])]"
2,"[array([[ 3.17274576e-01, -9.46326130e-01, -1.65741766e-03,
        -6.68730000e-02],
       [ 9.48309480e-01,  3.23212836e-01, -6.59533438e-03,
         1.61648500e-01],
       [ 6.78043138e-03,  5.63252111e-04,  9.99976877e-01,
         1.04549000e-01],
       [ 0.00000000e+00,  0.00000000e+00,  0.00000000e+00,
         1.00000000e+00]])]"
3,"[array([[ 3.17237351e-01, -9.46332433e-01, -1.64364635e-03,
        -6.68705000e-02],
       [ 9.48322234e-01,  3.23194384e-01, -6.55548977e-03,
         1.61647000e-01],
       [ 6.73829660e-03,  5.63274488e-04,  9.99977162e-01,
         1.04547000e-01],
       [ 0.00000000e+00,  0.00000000e+00,  0.00000000e+00,
         1.00000000e+00]])]"
4,"[array([[ 3.17361350e-01, -9.46316394e-01, -1.76533743e-03,
        -6.68725000e-02],
       [ 9.48281334e-01,  3.23241577e-01, -6.42673539e-03,
         1.61648500e-01],
       [ 6.65475088e-03,  4.06829363e-04,  9.99977790e-01,
         1.04548500e-01],
       [ 0.00000000e+00,  0.00000000e+00,  0.00000000e+00,
         1.00000000e+00]])]"
5,"[array([[ 3.17386744e-01, -9.46326176e-01, -1.62584156e-03,
        -6.68730000e-02],
       [ 9.48274539e-01,  3.23212852e-01, -6.21244954e-03,
         1.61649500e-01],
       [ 6.40726040e-03,  4.69376782e-04,  9.99979381e-01,
         1.04551500e-01],
       [ 0.00000000e+00,  0.00000000e+00,  0.00000000e+00,
         1.00000000e+00]])]"
6,"[array([[ 3.17249610e-01, -9.46297856e-01, -1.61195301e-03,
        -6.68770000e-02],
       [ 9.48317540e-01,  3.23295492e-01, -6.65355970e-03,
         1.61651000e-01],
       [ 6.82123868e-03,  6.25692843e-04,  9.99976566e-01,
         1.04548000e-01],
       [ 0.00000000e+00,  0.00000000e+00,  0.00000000e+00,
         1.00000000e+00]])]"
7,"[array([[ 3.17410873e-01, -9.46329128e-01, -1.57078730e-03,
        -6.68770000e-02],
       [ 9.48264466e-01,  3.23203943e-01, -6.53564642e-03,
         1.61650000e-01],
       [ 6.69625751e-03,  6.25879053e-04,  9.99977409e-01,
         1.04547000e-01],
       [ 0.00000000e+00,  0.00000000e+00,  0.00000000e+00,
         1.00000000e+00]])]"
8,"[array([[ 3.17572422e-01, -9.46296902e-01, -1.50454924e-03,
        -6.69550000e-02],
       [ 9.48211813e-01,  3.23298287e-01, -6.33989604e-03,
         1.61638000e-01],
       [ 6.48950544e-03,  6.25940536e-04,  9.99978771e-01,
         1.04548000e-01],
       [ 0.00000000e+00,  0.00000000e+00,  0.00000000e+00,
         1.00000000e+00]])]"
9,"[array([[ 3.17584869e-01, -9.46338766e-01, -1.62258697e-03,
        -6.69570000e-02],
       [ 9.48207643e-01,  3.23175940e-01, -6.30063827e-03,
         1.61640500e-01],
       [ 6.48975979e-03,  5.00708342e-04,  9.99978834e-01,
         1.04551000e-01],
       [ 0.00000000e+00,  0.00000000e+00,  0.00000000e+00,
         1.00000000e+00]])]"
10,"[array([[ 3.16915018e-01, -9.46896499e-01, -1.97498259e-03,
        -6.76005000e-02],
       [ 9.48430299e-01,  3.21538465e-01, -6.40026910e-03,
         1.61688500e-01],
       [ 6.69626099e-03,  1.87832810e-04,  9.99977568e-01,
         1.04536000e-01],
       [ 0.00000000e+00,  0.00000000e+00,  0.00000000e+00,
         1.00000000e+00]])]"
11,"[array([[ 3.16752932e-01, -9.47023212e-01, -1.92925063e-03,
        -6.78180000e-02],
       [ 9.48482071e-01,  3.21164938e-01, -6.76132269e-03,
         1.61705000e-01],
       [ 7.02426278e-03,  3.44463175e-04,  9.99975281e-01,
         1.04534500e-01],
       [ 0.00000000e+00,  0.00000000e+00,  0.00000000e+00,
         1.00000000e+00]])]"
12,"[array([[ 3.13528024e-01, -9.47850311e-01, -2.74918950e-03,
        -6.89515000e-02],
       [ 9.49556191e-01,  3.18715098e-01, -6.01538877e-03,
         1.61875000e-01],
       [ 6.57404138e-03, -6.88639967e-04,  9.99978128e-01,
         1.04549000e-01],
       [ 0.00000000e+00,  0.00000000e+00,  0.00000000e+00,
         1.00000000e+00]])]"
13,"[array([[ 3.13799444e-01, -9.48187397e-01, -1.56700045e-03,
        -6.97355000e-02],
       [ 9.49463560e-01,  3.17710852e-01, -6.84383178e-03,
         1.61902500e-01],
       [ 6.98986503e-03,  6.88566521e-04,  9.99975353e-01,
         1.04522000e-01],
       [ 0.00000000e+00,  0.00000000e+00,  0.00000000e+00,
         1.00000000e+00]])]"
14,"[array([[ 0.31076009, -0.94875767, -0.00103387, -0.071693  ],
       [ 0.95046303,  0.31600221, -0.00696613,  0.162014  ],
       [ 0.00694251,  0.00122045,  0.9999752 ,  0.1045085 ],
       [ 0.        ,  0.        ,  0.        ,  1.        ]])]"
15,"[array([[ 0.29814214, -0.95511257, -0.0044374 , -0.075239  ],
       [ 0.95451997,  0.29619785,  0.00316983,  0.161992  ],
       [-0.00170272, -0.00517719,  0.99998513,  0.1045895 ],
       [ 0.        ,  0.        ,  0.        ,  1.        ]])]"
16,"[array([[ 0.26603895, -0.96451987, -0.00412389, -0.0806785 ],
       [ 0.96396039,  0.26396659,  0.00311958,  0.161504  ],
       [-0.00191007, -0.0048011 ,  0.99998663,  0.1045645 ],
       [ 0.        ,  0.        ,  0.        ,  1.        ]])]"
17,"[array([[ 0.22617605, -0.97395576, -0.00327129, -0.085755  ],
       [ 0.97408589,  0.22670955,  0.00182584,  0.160572  ],
       [-0.00103865, -0.00360006,  0.99999298,  0.1045185 ],
       [ 0.        ,  0.        ,  0.        ,  1.        ]])]"
18,"[array([[ 0.18112099, -0.98348333, -0.00301028, -0.0905215 ],
       [ 0.98345956,  0.1809677 ,  0.00215878,  0.159613  ],
       [-0.00157785, -0.00335125,  0.99999314,  0.1044865 ],
       [ 0.        ,  0.        ,  0.        ,  1.        ]])]"
19,"[array([[ 0.13954124, -0.99033581, -0.00396315, -0.093882  ],
       [ 0.99021493,  0.13862571,  0.00219561,  0.1587305 ],
       [-0.00162112, -0.00422926,  0.99998974,  0.1044605 ],
       [ 0.        ,  0.        ,  0.        ,  1.        ]])]"
20,"[array([[ 0.1153198 , -0.99361968, -0.0063883 , -0.0958015 ],
       [ 0.99331241,  0.1125608 ,  0.00641799,  0.158347  ],
       [-0.0056386 , -0.00707024,  0.999959  ,  0.104503  ],
       [ 0.        ,  0.        ,  0.        ,  1.        ]])]"
21,"[array([[ 0.11280825, -0.99389239, -0.00585445, -0.0958845 ],
       [ 0.99359807,  0.11015794,  0.00680147,  0.158353  ],
       [-0.00609774, -0.00656819,  0.99995973,  0.104504  ],
       [ 0.        ,  0.        ,  0.        ,  1.        ]])]"
22,"[array([[ 0.11724563, -0.99319089, -0.00208929, -0.0935265 ],
       [ 0.99309793,  0.11647201,  0.00342615,  0.1586715 ],
       [-0.00315757, -0.00247413,  0.99999195,  0.1044885 ],
       [ 0.        ,  0.        ,  0.        ,  1.        ]])]"
23,"[array([[ 0.12793259, -0.99183165, -0.00136888, -0.088318  ],
       [ 0.99177861,  0.12754179,  0.00310727,  0.159455  ],
       [-0.00290662, -0.00175401,  0.99999424,  0.104515  ],
       [ 0.        ,  0.        ,  0.        ,  1.        ]])]"
24,"[array([[ 0.17048901, -0.98577452, -0.00270829, -0.0808415 ],
       [ 0.9853476 ,  0.1680351 ,  0.00540002,  0.1605705 ],
       [-0.00485925, -0.00357722,  0.99998175,  0.104587  ],
       [ 0.        ,  0.        ,  0.        ,  1.        ]])]"
25,"[array([[ 0.21170956, -0.97781821, -0.00402621, -0.07556   ],
       [ 0.97732878,  0.20940247,  0.00367765,  0.1615005 ],
       [-0.00274192, -0.00470708,  0.99998513,  0.104597  ],
       [ 0.        ,  0.        ,  0.        ,  1.        ]])]"
26,"[array([[ 0.23724838, -0.97209116, -0.00608831, -0.0726605 ],
       [ 0.97144828,  0.23451178,  0.00272592,  0.161806  ],
       [-0.00120367, -0.0065578 ,  0.99997775,  0.1046145 ],
       [ 0.        ,  0.        ,  0.        ,  1.        ]])]"
27,"[array([[ 0.23527588, -0.97247793, -0.0061176 , -0.074055  ],
       [ 0.97192533,  0.23289278,  0.00408789,  0.161692  ],
       [-0.00253387, -0.00690146,  0.99997293,  0.104624  ],
       [ 0.        ,  0.        ,  0.        ,  1.        ]])]"
28,"[array([[ 0.23538407, -0.97250697, -0.00601682, -0.074368  ],
       [ 0.97189902,  0.23277425,  0.00410683,  0.161689  ],
       [-0.00257523, -0.00680755,  0.99997347,  0.1046205 ],
       [ 0.        ,  0.        ,  0.        ,  1.        ]])]"
29,"[array([[ 0.234943  , -0.97251926, -0.00607743, -0.0743955 ],
       [ 0.97200606,  0.23272196,  0.00399027,  0.161692  ],
       [-0.00245078, -0.00683923,  0.99997357,  0.104618  ],
       [ 0.        ,  0.        ,  0.        ,  1.        ]])]"
30,"[array([[ 0.2348768 , -0.97263823, -0.0057321 , -0.074691  ],
       [ 0.97202284,  0.23223668,  0.00356387,  0.1616975 ],
       [-0.00211788, -0.00640307,  0.99997722,  0.104609  ],
       [ 0.        ,  0.        ,  0.        ,  1.        ]])]"
31,"[array([[ 0.23281354, -0.97293481, -0.00600501, -0.075341  ],
       [ 0.9725196 ,  0.23098497,  0.00335845,  0.161732  ],
       [-0.00186815, -0.00661839,  0.99997633,  0.1046055 ],
       [ 0.        ,  0.        ,  0.        ,  1.        ]])]"
32,"[array([[ 0.23527722, -0.97246404, -0.0050287 , -0.074493  ],
       [ 0.97192542,  0.23298225,  0.00365296,  0.161711  ],
       [-0.00236731, -0.00574142,  0.99998068,  0.1046015 ],
       [ 0.        ,  0.        ,  0.        ,  1.        ]])]"
33,"[array([[ 0.23512155, -0.97254735, -0.00512271, -0.0745885 ],
       [ 0.97196309,  0.23263185,  0.00367443,  0.1617105 ],
       [-0.002367  , -0.00583698,  0.99998013,  0.104604  ],
       [ 0.        ,  0.        ,  0.        ,  1.        ]])]"
34,"[array([[ 0.2351988 , -0.9725658 , -0.00523233, -0.074586  ],
       [ 0.9719446 ,  0.23255235,  0.00361634,  0.161712  ],
       [-0.00228429, -0.0059299 ,  0.99997977,  0.1046025 ],
       [ 0.        ,  0.        ,  0.        ,  1.        ]])]"
35,"[array([[ 0.23655709, -0.97213466, -0.00415689, -0.0741025 ],
       [ 0.97161233,  0.23436873,  0.00430444,  0.161729  ],
       [-0.00319896, -0.00504997,  0.9999821 ,  0.1046115 ],
       [ 0.        ,  0.        ,  0.        ,  1.        ]])]"
36,"[array([[ 0.27040392, -0.96329884, -0.00161124, -0.068863  ],
       [ 0.96273764,  0.2684161 ,  0.00485322,  0.162375  ],
       [-0.00423674, -0.00285482,  0.99998693,  0.1046665 ],
       [ 0.        ,  0.        ,  0.        ,  1.        ]])]"
37,"[array([[ 3.20761342e-01, -9.47408656e-01, -1.33878101e-03,
        -6.06430000e-02],
       [ 9.47160047e-01,  3.20023062e-01,  5.41120693e-04,
         1.61956000e-01],
       [-8.30987934e-05, -1.44154532e-03,  9.99998957e-01,
         1.04669000e-01],
       [ 0.00000000e+00,  0.00000000e+00,  0.00000000e+00,
         1.00000000e+00]])]"
38,"[array([[ 0.35778618, -0.9325687 , -0.00242031, -0.0535405 ],
       [ 0.93379951,  0.36098929, -0.00200832,  0.1601575 ],
       [ 0.00274134, -0.00153213,  0.99999505,  0.1046775 ],
       [ 0.        ,  0.        ,  0.        ,  1.        ]])]"
39,"[array([[ 0.37670015, -0.92502608, -0.00277624, -0.04981   ],
       [ 0.92632613,  0.37990135, -0.00330825,  0.158768  ],
       [ 0.00411036, -0.0013113 ,  0.99999067,  0.104743  ],
       [ 0.        ,  0.        ,  0.        ,  1.        ]])]"
40,"[array([[ 4.03604540e-01, -9.14434938e-01, -6.09185286e-03,
        -4.52410000e-02],
       [ 9.14931085e-01,  4.04692486e-01,  3.72533940e-04,
         1.56521000e-01],
       [ 2.11789603e-03, -5.72147134e-03,  9.99981375e-01,
         1.04870500e-01],
       [ 0.00000000e+00,  0.00000000e+00,  0.00000000e+00,
         1.00000000e+00]])]"
41,"[array([[ 0.4298307 , -0.90268283, -0.00808409, -0.041447  ],
       [ 0.90290618,  0.43023609,  0.00113402,  0.153947  ],
       [ 0.00245095, -0.00778552,  0.99996668,  0.1049605 ],
       [ 0.        ,  0.        ,  0.        ,  1.        ]])]"
42,"[array([[ 0.44552488, -0.89603067, -0.00981527, -0.040159  ],
       [ 0.89525008,  0.44391944, -0.00171143,  0.152946  ],
       [ 0.0059054 , -0.00803545,  0.99995036,  0.1049615 ],
       [ 0.        ,  0.        ,  0.        ,  1.        ]])]"
43,"[array([[ 0.45538408, -0.89078732, -0.0101959 , -0.0392475 ],
       [ 0.89027296,  0.45434559, -0.00183544,  0.1521795 ],
       [ 0.00627743, -0.0082489 ,  0.99994634,  0.10497   ],
       [ 0.        ,  0.        ,  0.        ,  1.        ]])]"
44,"[array([[ 0.46606604, -0.88557836, -0.01040011, -0.038684  ],
       [ 0.88471861,  0.46442373, -0.00293559,  0.1515005 ],
       [ 0.00744475, -0.00784721,  0.99994161,  0.1049735 ],
       [ 0.        ,  0.        ,  0.        ,  1.        ]])]"
45,"[array([[ 0.46960307, -0.88347623, -0.01234198, -0.038974  ],
       [ 0.8828438 ,  0.46837182, -0.00219141,  0.1514365 ],
       [ 0.00773112, -0.00987823,  0.99992143,  0.105031  ],
       [ 0.        ,  0.        ,  0.        ,  1.        ]])]"
46,"[array([[ 0.47081139, -0.88230862, -0.01300805, -0.039323  ],
       [ 0.88219474,  0.47055835, -0.00247853,  0.1515265 ],
       [ 0.00831161, -0.01031172,  0.99991232,  0.105033  ],
       [ 0.        ,  0.        ,  0.        ,  1.        ]])]"
47,"[array([[ 0.47327934, -0.88172294, -0.01000518, -0.040657  ],
       [ 0.88088436,  0.47170646, -0.00260362,  0.152164  ],
       [ 0.00702911, -0.00759406,  0.99994656,  0.1049465 ],
       [ 0.        ,  0.        ,  0.        ,  1.        ]])]"
48,"[array([[ 4.62130930e-01, -8.85743859e-01, -3.69326611e-03,
        -4.53965000e-02],
       [ 8.86809739e-01,  4.64163399e-01, -1.82303613e-04,
         1.54193500e-01],
       [ 1.86845389e-03, -3.18669090e-03,  9.99993163e-01,
         1.04795000e-01],
       [ 0.00000000e+00,  0.00000000e+00,  0.00000000e+00,
         1.00000000e+00]])]"
49,"[array([[ 0.43567095, -0.89961739, -0.00683792, -0.0552285 ],
       [ 0.9001044 ,  0.43662651,  0.00141922,  0.157304  ],
       [ 0.00170168, -0.00677135,  0.99997561,  0.104756  ],
       [ 0.        ,  0.        ,  0.        ,  1.        ]])]"
50,"[array([[ 3.94985343e-01, -9.18386455e-01, -5.31141114e-03,
        -6.38370000e-02],
       [ 9.18683576e-01,  3.95657452e-01, -6.09772840e-04,
         1.59745500e-01],
       [ 2.65815583e-03, -4.63673314e-03,  9.99985708e-01,
         1.04668000e-01],
       [ 0.00000000e+00,  0.00000000e+00,  0.00000000e+00,
         1.00000000e+00]])]"
51,"[array([[ 3.01978580e-01, -9.53978189e-01, -5.96631471e-03,
        -7.56665000e-02],
       [ 9.53314709e-01,  2.99810956e-01,  1.84633631e-03,
         1.61500500e-01],
       [ 4.15604983e-05, -6.24540776e-03,  9.99980497e-01,
         1.04639500e-01],
       [ 0.00000000e+00,  0.00000000e+00,  0.00000000e+00,
         1.00000000e+00]])]"
52,"[array([[ 0.29090184, -0.95742191, -0.00526775, -0.076658  ],
       [ 0.95675214,  0.2886327 ,  0.00286093,  0.161419  ],
       [-0.00120482, -0.00586933,  0.99998203,  0.1045875 ],
       [ 0.        ,  0.        ,  0.        ,  1.        ]])]"
53,"[array([[ 0.28982034, -0.9576018 , -0.005172  , -0.0764485 ],
       [ 0.95708015,  0.28803663,  0.00295522,  0.1613405 ],
       [-0.00132945, -0.00580403,  0.99998226,  0.1045895 ],
       [ 0.        ,  0.        ,  0.        ,  1.        ]])]"
54,"[array([[ 0.29254969, -0.95675881, -0.00355371, -0.076163  ],
       [ 0.95624946,  0.29085342,  0.00243396,  0.1612085 ],
       [-0.00128785, -0.00410801,  0.99999072,  0.1046305 ],
       [ 0.        ,  0.        ,  0.        ,  1.        ]])]"
55,"[array([[ 0.2927656 , -0.95673313, -0.0041461 , -0.0760325 ],
       [ 0.95618208,  0.29092465,  0.00339811,  0.16121   ],
       [-0.0020354 , -0.00495538,  0.99998563,  0.104594  ],
       [ 0.        ,  0.        ,  0.        ,  1.        ]])]"
56,"[array([[ 0.29102409, -0.95740579, -0.00532484, -0.075869  ],
       [ 0.95671468,  0.28868366,  0.0030964 ,  0.161131  ],
       [-0.00141274, -0.00599202,  0.99998103,  0.1046055 ],
       [ 0.        ,  0.        ,  0.        ,  1.        ]])]"
57,"[array([[ 0.25000301, -0.96871462, -0.0054678 , -0.0820365 ],
       [ 0.96824256,  0.2480996 ,  0.00368497,  0.1604045 ],
       [-0.00220102, -0.00621112,  0.99997826,  0.104558  ],
       [ 0.        ,  0.        ,  0.        ,  1.        ]])]"
58,"[array([[ 1.34080308e-01, -9.91017676e-01,  2.77956207e-04,
        -9.40355000e-02],
       [ 9.90965176e-01,  1.33730856e-01,  3.23075924e-03,
         1.58155000e-01],
       [-3.23885538e-03, -1.56593508e-04,  9.99994742e-01,
         1.04550500e-01],
       [ 0.00000000e+00,  0.00000000e+00,  0.00000000e+00,
         1.00000000e+00]])]"
59,"[array([[ 0.04247821, -0.99923174, -0.00115991, -0.101356  ],
       [ 0.9990524 ,  0.03916103,  0.00953924,  0.155312  ],
       [-0.00948137, -0.00153266,  0.99995383,  0.1045915 ],
       [ 0.        ,  0.        ,  0.        ,  1.        ]])]"
60,"[array([[-4.44093431e-02, -9.98906637e-01, -3.58955083e-04,
        -1.06782000e-01],
       [ 9.98959792e-01, -4.67494811e-02,  1.03453156e-02,
         1.52391500e-01],
       [-1.03510499e-02,  1.25082224e-04,  9.99946421e-01,
         1.04611000e-01],
       [ 0.00000000e+00,  0.00000000e+00,  0.00000000e+00,
         1.00000000e+00]])]"
61,"[array([[-9.88818533e-02, -9.94888501e-01,  5.24432269e-04,
        -1.09490500e-01],
       [ 9.95040406e-01, -1.00966485e-01,  1.09205747e-02,
         1.50170000e-01],
       [-1.08152027e-02,  1.62446077e-03,  9.99940231e-01,
         1.04624000e-01],
       [ 0.00000000e+00,  0.00000000e+00,  0.00000000e+00,
         1.00000000e+00]])]"
62,"[array([[-1.03739829e-01, -9.94386710e-01, -5.18812198e-04,
        -1.09606000e-01],
       [ 9.94549226e-01, -1.05805095e-01,  1.04853212e-02,
         1.49996500e-01],
       [-1.04825672e-02,  5.93533158e-04,  9.99944893e-01,
         1.04594500e-01],
       [ 0.00000000e+00,  0.00000000e+00,  0.00000000e+00,
         1.00000000e+00]])]"
63,"[array([[-1.03711162e-01, -9.94366523e-01, -2.36530451e-04,
        -1.09576000e-01],
       [ 9.94549529e-01, -1.05992434e-01,  1.07680395e-02,
         1.50004000e-01],
       [-1.07345021e-02,  9.06185318e-04,  9.99941995e-01,
         1.04607500e-01],
       [ 0.00000000e+00,  0.00000000e+00,  0.00000000e+00,
         1.00000000e+00]])]"
64,"[array([[-1.04132885e-01, -9.94354845e-01,  1.78655180e-06,
        -1.09555500e-01],
       [ 9.94504552e-01, -1.06099508e-01,  1.08777828e-02,
         1.50008000e-01],
       [-1.08184585e-02,  1.15597226e-03,  9.99940835e-01,
         1.04612500e-01],
       [ 0.00000000e+00,  0.00000000e+00,  0.00000000e+00,
         1.00000000e+00]])]"
65,"[array([[-1.03837753e-01, -9.94382774e-01,  4.93587055e-04,
        -1.09508000e-01],
       [ 9.94537709e-01, -1.05831274e-01,  1.07142292e-02,
         1.50018500e-01],
       [-1.06050620e-02,  1.62480845e-03,  9.99942479e-01,
         1.04625000e-01],
       [ 0.00000000e+00,  0.00000000e+00,  0.00000000e+00,
         1.00000000e+00]])]"
66,"[array([[-1.03524331e-01, -9.94407271e-01,  1.67313840e-04,
        -1.09510500e-01],
       [ 9.94568564e-01, -1.05605196e-01,  1.08498313e-02,
         1.50020000e-01],
       [-1.07742144e-02,  1.31225392e-03,  9.99941125e-01,
         1.04620000e-01],
       [ 0.00000000e+00,  0.00000000e+00,  0.00000000e+00,
         1.00000000e+00]])]"
67,"[array([[-1.03379013e-01, -9.94415211e-01,  5.19270402e-04,
        -1.09485500e-01],
       [ 9.94584603e-01, -1.05525569e-01,  1.08001657e-02,
         1.50028500e-01],
       [-1.06886217e-02,  1.65616083e-03,  9.99941542e-01,
         1.04624500e-01],
       [ 0.00000000e+00,  0.00000000e+00,  0.00000000e+00,
         1.00000000e+00]])]"
68,"[array([[-1.02313597e-01, -9.94527264e-01, -3.80118277e-04,
        -1.09438500e-01],
       [ 9.94696967e-01, -1.04474897e-01,  1.04981259e-02,
         1.50037500e-01],
       [-1.04819236e-02,  7.18792291e-04,  9.99944821e-01,
         1.04598500e-01],
       [ 0.00000000e+00,  0.00000000e+00,  0.00000000e+00,
         1.00000000e+00]])]"
69,"[array([[-1.01011462e-01, -9.94597289e-01, -6.39671700e-04,
        -1.09217500e-01],
       [ 9.94831363e-01, -1.03807712e-01,  1.03441620e-02,
         1.50132500e-01],
       [-1.03558671e-02,  4.37611554e-04,  9.99946293e-01,
         1.04593000e-01],
       [ 0.00000000e+00,  0.00000000e+00,  0.00000000e+00,
         1.00000000e+00]])]"
70,"[array([[-0.0963734 , -0.99459125, -0.00610335, -0.108537  ],
       [ 0.99525844, -0.10375728,  0.01261596,  0.150399  ],
       [-0.01314563, -0.00476181,  0.99990179,  0.104644  ],
       [ 0.        ,  0.        ,  0.        ,  1.        ]])]"
71,"[array([[-0.09571228, -0.99463591, -0.00576709, -0.1081495 ],
       [ 0.99529054, -0.10335263,  0.01487528,  0.150607  ],
       [-0.01535916, -0.00419929,  0.99987273,  0.104641  ],
       [ 0.        ,  0.        ,  0.        ,  1.        ]])]"
72,"[array([[-0.08854961, -0.99525039, -0.01131508, -0.10325   ],
       [ 0.9959946 , -0.09681705,  0.0114409 ,  0.1521805 ],
       [-0.01239862, -0.01015498,  0.99987053,  0.104516  ],
       [ 0.        ,  0.        ,  0.        ,  1.        ]])]"
73,"[array([[ 9.96344173e-04, -9.99981833e-01, -6.01314353e-03,
        -9.03685000e-02],
       [ 9.99997435e-01,  4.07196988e-04,  2.04015807e-03,
         1.56929500e-01],
       [-2.03420269e-03, -6.01398628e-03,  9.99979840e-01,
         1.04515000e-01],
       [ 0.00000000e+00,  0.00000000e+00,  0.00000000e+00,
         1.00000000e+00]])]"
74,"[array([[ 0.10195888, -0.99509842, -0.01046254, -0.080063  ],
       [ 0.9947846 ,  0.09829837,  0.00391224,  0.159666  ],
       [-0.00282527, -0.0107965 ,  0.99993761,  0.104674  ],
       [ 0.        ,  0.        ,  0.        ,  1.        ]])]"
75,"[array([[ 0.11928198, -0.99314317, -0.00890706, -0.078673  ],
       [ 0.99285322,  0.1165247 ,  0.00487791,  0.1596195 ],
       [-0.00378079, -0.00941487,  0.99994843,  0.104685  ],
       [ 0.        ,  0.        ,  0.        ,  1.        ]])]"
76,"[array([[ 0.11802913, -0.99330686, -0.00565441, -0.0828635 ],
       [ 0.99300679,  0.11534974,  0.00326595,  0.159305  ],
       [-0.00257579, -0.00599342,  0.99997868,  0.1045505 ],
       [ 0.        ,  0.        ,  0.        ,  1.        ]])]"
77,"[array([[ 0.10640832, -0.99436434, -0.00421474, -0.087647  ],
       [ 0.99432157,  0.10592605,  0.00182999,  0.158863  ],
       [-0.00137113, -0.00438487,  0.99998944,  0.104509  ],
       [ 0.        ,  0.        ,  0.        ,  1.        ]])]"
78,"[array([[ 0.08275614, -0.99679648, -0.00449026, -0.0953175 ],
       [ 0.99653924,  0.07981505,  0.00820763,  0.1576785 ],
       [-0.00780797, -0.00513119,  0.99995624,  0.104529  ],
       [ 0.        ,  0.        ,  0.        ,  1.        ]])]"
79,"[array([[ 3.68051072e-02, -9.99399896e-01, -9.58408136e-04,
        -1.01721500e-01],
       [ 9.99294169e-01,  3.46173436e-02,  7.56016433e-03,
         1.55467500e-01],
       [-7.51977218e-03, -1.21958121e-03,  9.99970962e-01,
         1.04617500e-01],
       [ 0.00000000e+00,  0.00000000e+00,  0.00000000e+00,
         1.00000000e+00]])]"
80,"[array([[ 0.00951423, -0.99997031,  0.00340153, -0.1049225 ],
       [ 0.99995424,  0.00691101, -0.0010339 ,  0.1542135 ],
       [ 0.0010015 ,  0.0034086 ,  0.99999368,  0.1048235 ],
       [ 0.        ,  0.        ,  0.        ,  1.        ]])]"
81,"[array([[ 5.00849248e-03, -9.99987671e-01,  4.37562631e-03,
        -1.04956000e-01],
       [ 9.99987261e-01,  2.34489355e-03, -6.47978981e-04,
         1.54156500e-01],
       [ 6.26061560e-04,  4.37713463e-03,  9.99990217e-01,
         1.04846000e-01],
       [ 0.00000000e+00,  0.00000000e+00,  0.00000000e+00,
         1.00000000e+00]])]"
82,"[array([[ 5.05065032e-03, -9.99987926e-01,  4.28209315e-03,
        -1.04947500e-01],
       [ 9.99987022e-01,  2.40765049e-03, -6.89484609e-04,
         1.54153500e-01],
       [ 6.67854588e-04,  4.28374178e-03,  9.99990594e-01,
         1.04847500e-01],
       [ 0.00000000e+00,  0.00000000e+00,  0.00000000e+00,
         1.00000000e+00]])]"
83,"[array([[ 5.71753070e-03, -9.99983651e-01,  4.94056692e-03,
        -1.04878500e-01],
       [ 9.99983599e-01,  2.87738079e-03, -3.62120091e-04,
         1.54196000e-01],
       [ 3.33870406e-04,  4.94158874e-03,  9.99987730e-01,
         1.04853000e-01],
       [ 0.00000000e+00,  0.00000000e+00,  0.00000000e+00,
         1.00000000e+00]])]"
84,"[array([[ 0.01155002, -0.99999137,  0.0020291 , -0.103868  ],
       [ 0.99991359,  0.00363656,  0.00625415,  0.154607  ],
       [-0.00627718,  0.00200638,  0.99997838,  0.104904  ],
       [ 0.        ,  0.        ,  0.        ,  1.        ]])]"
85,"[array([[ 2.33706882e-02, -9.99784850e-01,  5.10938896e-04,
        -9.72500000e-02],
       [ 9.99681187e-01,  2.07402176e-02,  9.54760819e-03,
         1.56654500e-01],
       [-9.55694213e-03,  3.12823795e-04,  9.99954290e-01,
         1.04666000e-01],
       [ 0.00000000e+00,  0.00000000e+00,  0.00000000e+00,
         1.00000000e+00]])]"
86,"[array([[ 0.0952551 , -0.99548917, -0.00127413, -0.0875165 ],
       [ 0.99544491,  0.09486069,  0.00412639,  0.1596665 ],
       [-0.00398626, -0.00165983,  0.99999067,  0.1045395 ],
       [ 0.        ,  0.        ,  0.        ,  1.        ]])]"
87,"[array([[ 0.16437153, -0.98684949, -0.00523075, -0.0798325 ],
       [ 0.98639535,  0.16154094,  0.00339834,  0.161425  ],
       [-0.00249237, -0.00571104,  0.99998055,  0.104568  ],
       [ 0.        ,  0.        ,  0.        ,  1.        ]])]"
88,"[array([[ 0.22100103, -0.97567508, -0.00460871, -0.0733615 ],
       [ 0.9752709 ,  0.21915907,  0.00338704,  0.162042  ],
       [-0.00228479, -0.00523899,  0.99998364,  0.1046175 ],
       [ 0.        ,  0.        ,  0.        ,  1.        ]])]"
89,"[array([[ 0.26032614, -0.96604359, -0.00572627, -0.067834  ],
       [ 0.96551971,  0.2583021 ,  0.00300621,  0.162102  ],
       [-0.00141188, -0.00630847,  0.99997909,  0.1046635 ],
       [ 0.        ,  0.        ,  0.        ,  1.        ]])]"
90,"[array([[ 2.80266207e-01, -9.59832262e-01, -5.12585691e-03,
        -6.39835000e-02],
       [ 9.59922140e-01,  2.80526825e-01,  8.91030047e-04,
         1.61538500e-01],
       [ 5.81292874e-04, -5.16999064e-03,  9.99986466e-01,
         1.04659500e-01],
       [ 0.00000000e+00,  0.00000000e+00,  0.00000000e+00,
         1.00000000e+00]])]"
91,"[array([[ 3.07308958e-01, -9.50502426e-01, -4.95983953e-03,
        -5.92325000e-02],
       [ 9.51607533e-01,  3.10684047e-01, -5.79379014e-04,
         1.60656500e-01],
       [ 2.07557043e-03, -4.53439223e-03,  9.99987532e-01,
         1.04689500e-01],
       [ 0.00000000e+00,  0.00000000e+00,  0.00000000e+00,
         1.00000000e+00]])]"
92,"[array([[ 0.34840409, -0.93617564, -0.00758377, -0.0521775 ],
       [ 0.93733732,  0.35146835, -0.00107777,  0.1587475 ],
       [ 0.00365256, -0.00672113,  0.99997066,  0.1047865 ],
       [ 0.        ,  0.        ,  0.        ,  1.        ]])]"
93,"[array([[ 0.35898125, -0.93109423, -0.00543069, -0.0487785 ],
       [ 0.93330159,  0.36477144, -0.00752997,  0.157314  ],
       [ 0.00897763, -0.00230987,  0.9999569 ,  0.104805  ],
       [ 0.        ,  0.        ,  0.        ,  1.        ]])]"
94,"[array([[ 0.36612773, -0.92794226, -0.0081735 , -0.0457695 ],
       [ 0.93054018,  0.37267434, -0.00402887,  0.156119  ],
       [ 0.00674185, -0.00608333,  0.99995848,  0.1049605 ],
       [ 0.        ,  0.        ,  0.        ,  1.        ]])]"
95,"[array([[ 3.81436674e-01, -9.23757473e-01, -7.94166695e-03,
        -4.30020000e-02],
       [ 9.24389301e-01,  3.82909348e-01, -2.25495562e-04,
         1.54775500e-01],
       [ 3.23779090e-03, -7.25005865e-03,  9.99968439e-01,
         1.04913000e-01],
       [ 0.00000000e+00,  0.00000000e+00,  0.00000000e+00,
         1.00000000e+00]])]"
96,"[array([[ 3.85987185e-01, -9.22130520e-01, -1.09444865e-02,
        -4.33930000e-02],
       [ 9.22498158e-01,  3.86737202e-01,  9.77575070e-04,
         1.54825500e-01],
       [ 3.32282092e-03, -1.04709418e-02,  9.99939629e-01,
         1.04992500e-01],
       [ 0.00000000e+00,  0.00000000e+00,  0.00000000e+00,
         1.00000000e+00]])]"
97,"[array([[ 0.38553131, -0.91984236, -0.01067558, -0.0452655 ],
       [ 0.92264397,  0.39221736, -0.0060307 ,  0.155341  ],
       [ 0.00968069, -0.00745506,  0.99992483,  0.1049815 ],
       [ 0.        ,  0.        ,  0.        ,  1.        ]])]"
98,"[array([[ 3.76827227e-01, -9.25026608e-01, -1.39216360e-02,
        -5.35220000e-02],
       [ 9.26268315e-01,  3.79684901e-01, -7.39117160e-05,
         1.57983500e-01],
       [ 5.31502866e-03, -1.28510660e-02,  9.99903087e-01,
         1.04946500e-01],
       [ 0.00000000e+00,  0.00000000e+00,  0.00000000e+00,
         1.00000000e+00]])]"
99,"[array([[ 3.52075580e-01, -9.36091776e-01, -1.21792836e-02,
        -6.50190000e-02],
       [ 9.35960214e-01,  3.51574939e-01, -3.44976996e-04,
         1.60590000e-01],
       [ 4.61125538e-03, -1.12804793e-02,  9.99925770e-01,
         1.04856000e-01],
       [ 0.00000000e+00,  0.00000000e+00,  0.00000000e+00,
         1.00000000e+00]])]"
100,"[array([[ 2.73602207e-01, -9.62377440e-01, -9.45743384e-03,
        -7.86365000e-02],
       [ 9.61842540e-01,  2.71529154e-01,  3.59664238e-03,
         1.61808000e-01],
       [-8.71873499e-04, -1.00787302e-02,  9.99948809e-01,
         1.04688500e-01],
       [ 0.00000000e+00,  0.00000000e+00,  0.00000000e+00,
         1.00000000e+00]])]"
101,"[array([[ 1.78815907e-01, -9.83813560e-01, -6.14355171e-03,
        -8.90250000e-02],
       [ 9.83882086e-01,  1.79080116e-01,  2.08753772e-03,
         1.60863000e-01],
       [-9.55346307e-04, -6.41808108e-03,  9.99978949e-01,
         1.04545500e-01],
       [ 0.00000000e+00,  0.00000000e+00,  0.00000000e+00,
         1.00000000e+00]])]"
102,"[array([[ 0.17567702, -0.98444022, -0.00435789, -0.089067  ],
       [ 0.98444717,  0.1756587 ,  0.00195835,  0.160773  ],
       [-0.00116232, -0.00463413,  0.99998859,  0.104504  ],
       [ 0.        ,  0.        ,  0.        ,  1.        ]])]"
103,"[array([[ 0.17411438, -0.98472462, -0.00373317, -0.0889025 ],
       [ 0.98472417,  0.17407144,  0.00226249,  0.160712  ],
       [-0.00157795, -0.00407002,  0.99999047,  0.104504  ],
       [ 0.        ,  0.        ,  0.        ,  1.        ]])]"
104,"[array([[ 0.17437017, -0.98471024, -0.00373661, -0.088492  ],
       [ 0.98467863,  0.17415195,  0.00243293,  0.160718  ],
       [-0.00174412, -0.00410322,  0.99999006,  0.1045045 ],
       [ 0.        ,  0.        ,  0.        ,  1.        ]])]"
105,"[array([[ 1.80489946e-01, -9.83516750e-01, -4.14571037e-03,
        -8.41875000e-02],
       [ 9.83576742e-01,  1.80766112e-01,  1.18308213e-03,
         1.61047500e-01],
       [-4.15396884e-04, -4.29127663e-03,  9.99990707e-01,
         1.04526500e-01],
       [ 0.00000000e+00,  0.00000000e+00,  0.00000000e+00,
         1.00000000e+00]])]"
106,"[array([[ 0.196954  , -0.9809998 , -0.00523241, -0.0786505 ],
       [ 0.98040987,  0.19392185,  0.00346532,  0.161251  ],
       [-0.00236694, -0.0058051 ,  0.99998031,  0.1045855 ],
       [ 0.        ,  0.        ,  0.        ,  1.        ]])]"
107,"[array([[ 2.34892016e-01, -9.72398370e-01, -6.51948736e-03,
        -7.00020000e-02],
       [ 9.72021344e-01,  2.33233818e-01,  1.06312699e-03,
         1.61521500e-01],
       [ 4.98004275e-04, -6.58763977e-03,  9.99978183e-01,
         1.04718000e-01],
       [ 0.00000000e+00,  0.00000000e+00,  0.00000000e+00,
         1.00000000e+00]])]"
108,"[array([[ 2.87778560e-01, -9.57728255e-01, -3.46870972e-03,
        -6.11495000e-02],
       [ 9.57696801e-01,  2.87653796e-01,  4.34915574e-04,
         1.61564500e-01],
       [ 5.81706591e-04, -3.44720749e-03,  9.99993889e-01,
         1.04663000e-01],
       [ 0.00000000e+00,  0.00000000e+00,  0.00000000e+00,
         1.00000000e+00]])]"
109,"[array([[ 0.33397884, -0.94152668, -0.00260185, -0.054409  ],
       [ 0.94257634,  0.33693388, -0.00207486,  0.159874  ],
       [ 0.0028247 , -0.00175063,  0.99999446,  0.104691  ],
       [ 0.        ,  0.        ,  0.        ,  1.        ]])]"
110,"[array([[ 3.60693669e-01, -9.30233063e-01,  3.29176833e-04,
        -4.92770000e-02],
       [ 9.32650181e-01,  3.66952644e-01, -8.68574104e-03,
         1.57898000e-01],
       [ 7.98232749e-03,  3.49359879e-03,  9.99962224e-01,
         1.04681000e-01],
       [ 0.00000000e+00,  0.00000000e+00,  0.00000000e+00,
         1.00000000e+00]])]"
111,"[array([[ 3.84359826e-01, -9.20212024e-01, -5.13489837e-04,
        -4.48625000e-02],
       [ 9.23149939e-01,  3.91410440e-01, -8.29578696e-03,
         1.56026500e-01],
       [ 7.85589145e-03,  2.77463394e-03,  9.99965458e-01,
         1.04714500e-01],
       [ 0.00000000e+00,  0.00000000e+00,  0.00000000e+00,
         1.00000000e+00]])]"
112,"[array([[ 0.38808057, -0.91888839, -0.00163899, -0.045413  ],
       [ 0.921588  ,  0.39451358, -0.00832538,  0.156003  ],
       [ 0.00830893,  0.00177849,  0.999964  ,  0.1047255 ],
       [ 0.        ,  0.        ,  0.        ,  1.        ]])]"
113,"[array([[ 0.38889623, -0.91851959, -0.00183016, -0.0456205 ],
       [ 0.92124185,  0.39537187, -0.00851332,  0.1560195 ],
       [ 0.00855489,  0.00168496,  0.99996209,  0.104724  ],
       [ 0.        ,  0.        ,  0.        ,  1.        ]])]"
114,"[array([[ 0.38838328, -0.91885615, -0.00153626, -0.046395  ],
       [ 0.92146405,  0.39458893, -0.00792646,  0.156252  ],
       [ 0.00790086,  0.00171615,  0.99996741,  0.1047225 ],
       [ 0.        ,  0.        ,  0.        ,  1.        ]])]"
115,"[array([[ 3.84237812e-01, -9.20560942e-01, -8.28173540e-04,
        -4.99115000e-02],
       [ 9.23196707e-01,  3.90590173e-01, -8.66196068e-03,
         1.57342000e-01],
       [ 8.31522397e-03,  2.62099173e-03,  9.99962142e-01,
         1.04670000e-01],
       [ 0.00000000e+00,  0.00000000e+00,  0.00000000e+00,
         1.00000000e+00]])]"
116,"[array([[ 3.57248447e-01, -9.33986039e-01, -5.31030573e-03,
        -6.31245000e-02],
       [ 9.34006495e-01,  3.57277320e-01, -4.60038071e-04,
         1.60137500e-01],
       [ 2.32681008e-03, -4.79545837e-03,  9.99985794e-01,
         1.04671500e-01],
       [ 0.00000000e+00,  0.00000000e+00,  0.00000000e+00,
         1.00000000e+00]])]"
117,"[array([[ 0.28569706, -0.95896945, -0.00619354, -0.0769525 ],
       [ 0.95831882,  0.28342533,  0.0034068 ,  0.15991   ],
       [-0.00149536, -0.00690516,  0.99997502,  0.104602  ],
       [ 0.        ,  0.        ,  0.        ,  1.        ]])]"
118,"[array([[ 0.25664806, -0.96723736, -0.00447728, -0.0800735 ],
       [ 0.96650269,  0.25382096,  0.00333867,  0.159411  ],
       [-0.00207779, -0.0051781 ,  0.9999844 ,  0.1045755 ],
       [ 0.        ,  0.        ,  0.        ,  1.        ]])]"
119,"[array([[ 0.25512521, -0.96745028, -0.00289245, -0.079058  ],
       [ 0.96689962,  0.25302883,  0.00493159,  0.1591215 ],
       [-0.00403048, -0.0040462 ,  0.99998366,  0.1045925 ],
       [ 0.        ,  0.        ,  0.        ,  1.        ]])]"
120,"[array([[ 0.25669424, -0.96695014, -0.00320126, -0.078494  ],
       [ 0.96648829,  0.25493292,  0.00385953,  0.159014  ],
       [-0.00290848, -0.00407943,  0.99998743,  0.104582  ],
       [ 0.        ,  0.        ,  0.        ,  1.        ]])]"
121,"[array([[ 0.25394464, -0.96773909, -0.00505902, -0.0789995 ],
       [ 0.96721625,  0.25188761,  0.00360455,  0.1590065 ],
       [-0.00220171, -0.00580386,  0.99998071,  0.1045795 ],
       [ 0.        ,  0.        ,  0.        ,  1.        ]])]"
122,"[array([[ 0.22386158, -0.97510027, -0.00669212, -0.083752  ],
       [ 0.97461993,  0.22164794,  0.00298543,  0.159451  ],
       [-0.00141159, -0.00718739,  0.99997315,  0.1045925 ],
       [ 0.        ,  0.        ,  0.        ,  1.        ]])]"
123,"[array([[ 1.37558181e-01, -9.90493763e-01, -5.50165977e-03,
        -9.18395000e-02],
       [ 9.90493685e-01,  1.37445924e-01,  6.80173912e-04,
         1.58591500e-01],
       [ 8.30916224e-05, -5.54293199e-03,  9.99984634e-01,
         1.04539500e-01],
       [ 0.00000000e+00,  0.00000000e+00,  0.00000000e+00,
         1.00000000e+00]])]"
124,"[array([[ 5.33014831e-02, -9.98688532e-01, -7.92029052e-03,
        -9.97120000e-02],
       [ 9.98578452e-01,  5.05783788e-02,  5.89955059e-04,
         1.56469000e-01],
       [-1.66958444e-04, -7.93999271e-03,  9.99968460e-01,
         1.04682000e-01],
       [ 0.00000000e+00,  0.00000000e+00,  0.00000000e+00,
         1.00000000e+00]])]"
125,"[array([[ 1.32397213e-02, -9.99922260e-01, -6.72567562e-03,
        -1.02982500e-01],
       [ 9.99912204e-01,  1.05027941e-02, -4.53935319e-04,
         1.55148000e-01],
       [ 5.42953872e-04, -6.72053787e-03,  9.99977279e-01,
         1.04673500e-01],
       [ 0.00000000e+00,  0.00000000e+00,  0.00000000e+00,
         1.00000000e+00]])]"
126,"[array([[ 4.71870005e-03, -9.99974629e-01, -6.59438599e-03,
        -1.03119000e-01],
       [ 9.99988584e-01,  2.68860808e-03,  7.82760627e-04,
         1.54947000e-01],
       [-7.51651335e-04, -6.59646866e-03,  9.99977950e-01,
         1.04636500e-01],
       [ 0.00000000e+00,  0.00000000e+00,  0.00000000e+00,
         1.00000000e+00]])]"
127,"[array([[ 2.75642086e-03, -9.99967371e-01, -8.06604065e-03,
        -1.02122000e-01],
       [ 9.99996075e-01,  4.37704577e-04,  5.23386513e-04,
         1.55111000e-01],
       [-5.01167428e-04, -8.06627007e-03,  9.99967332e-01,
         1.04657000e-01],
       [ 0.00000000e+00,  0.00000000e+00,  0.00000000e+00,
         1.00000000e+00]])]"
128,"[array([[ 0.028676  , -0.99958152, -0.00439154, -0.092852  ],
       [ 0.99958709,  0.02858362,  0.00195533,  0.1572305 ],
       [-0.00182861, -0.00444565,  0.99998845,  0.104486  ],
       [ 0.        ,  0.        ,  0.        ,  1.        ]])]"
129,"[array([[ 0.16072682, -0.98748172, -0.00352974, -0.078402  ],
       [ 0.98699557,  0.15768309,  0.00318365,  0.160501  ],
       [-0.00257495, -0.00398761,  0.9999887 ,  0.1046185 ],
       [ 0.        ,  0.        ,  0.        ,  1.        ]])]"
130,"[array([[ 0.22206164, -0.97567836, -0.0042284 , -0.0719425 ],
       [ 0.9750283 ,  0.21915025,  0.00394397,  0.1608805 ],
       [-0.00290657, -0.00498996,  0.99998328,  0.1046225 ],
       [ 0.        ,  0.        ,  0.        ,  1.        ]])]"
131,"[array([[ 0.23219856, -0.97304063, -0.00492142, -0.070886  ],
       [ 0.97266645,  0.23056764,  0.00318234,  0.160764  ],
       [-0.00195264, -0.00552258,  0.99998283,  0.104632  ],
       [ 0.        ,  0.        ,  0.        ,  1.        ]])]"
132,"[array([[ 0.23055303, -0.97367631, -0.00497484, -0.072333  ],
       [ 0.97305841,  0.227869  ,  0.00284365,  0.1607705 ],
       [-0.0016201 , -0.00549195,  0.99998358,  0.1046165 ],
       [ 0.        ,  0.        ,  0.        ,  1.        ]])]"
133,"[array([[ 0.21856982, -0.97639165, -0.0054444 , -0.0776115 ],
       [ 0.97581892,  0.21592281,  0.00343247,  0.160938  ],
       [-0.00215953, -0.00605714,  0.99997929,  0.1045955 ],
       [ 0.        ,  0.        ,  0.        ,  1.        ]])]"
134,"[array([[ 1.92162004e-01, -9.81652882e-01, -7.61426060e-03,
        -8.37470000e-02],
       [ 9.81363214e-01,  1.90518158e-01,  1.57557595e-03,
         1.60651500e-01],
       [-8.30432167e-05, -7.77497173e-03,  9.99969770e-01,
         1.04636000e-01],
       [ 0.00000000e+00,  0.00000000e+00,  0.00000000e+00,
         1.00000000e+00]])]"
135,"[array([[ 0.19036898, -0.98214134, -0.0065669 , -0.08384   ],
       [ 0.98171075,  0.18801224,  0.00321972,  0.160603  ],
       [-0.00191075, -0.00705516,  0.99997325,  0.1045875 ],
       [ 0.        ,  0.        ,  0.        ,  1.        ]])]"
136,"[array([[ 0.19090479, -0.98207044, -0.00571892, -0.083735  ],
       [ 0.98160618,  0.18841101,  0.00331259,  0.160586  ],
       [-0.00215993, -0.00624064,  0.99997816,  0.1045595 ],
