,LP,LD1,LD2,RP,RD1,RD2
0,"[array([[-0.44251378, -0.89646338, -0.02312934, -0.06449096],
       [ 0.89524134, -0.44311783,  0.04679254,  0.20830113],
       [-0.05219682,  0.        ,  0.99863682,  0.08583221],
       [ 0.        ,  0.        ,  0.        ,  1.        ]])]","[array([[ 0.45734646, -0.88927557,  0.004815  , -0.08862636],
       [ 0.88922629,  0.4573718 ,  0.00936188,  0.27568578],
       [-0.01052754, -0.        ,  0.99994458,  0.08310078],
       [ 0.        ,  0.        ,  0.        ,  1.        ]])]","[array([[ 0.45734646, -0.88927557,  0.004815  , -0.08862636],
       [ 0.88922629,  0.4573718 ,  0.00936188,  0.27568578],
       [-0.01052754, -0.        ,  0.99994458,  0.08310078],
       [ 0.        ,  0.        ,  0.        ,  1.        ]])]","[array([[ 0.34956861, -0.93687967,  0.0076336 , -0.00698614],
       [ 0.93665637,  0.34965195,  0.02045394,  0.20867606],
       [-0.02183199,  0.        ,  0.99976165,  0.08612304],
       [ 0.        ,  0.        ,  0.        ,  1.        ]])]","[array([[-0.33406011, -0.94246348,  0.01290092,  0.01270924],
       [ 0.94176147, -0.33430913, -0.03636947,  0.26410523],
       [ 0.03858979, -0.        ,  0.99925514,  0.08339284],
       [ 0.        ,  0.        ,  0.        ,  1.        ]])]","[array([[-0.33406011, -0.94246348,  0.01290092,  0.01270924],
       [ 0.94176147, -0.33430913, -0.03636947,  0.26410523],
       [ 0.03858979, -0.        ,  0.99925514,  0.08339284],
       [ 0.        ,  0.        ,  0.        ,  1.        ]])]"
1,"[array([[-0.44297511, -0.89623925, -0.02298416, -0.06448008],
       [ 0.89503527, -0.44357098,  0.0464397 ,  0.20830059],
       [-0.05181618,  0.        ,  0.99865664,  0.08582368],
       [ 0.        ,  0.        ,  0.        ,  1.        ]])]","[array([[ 0.45694695, -0.88948168,  0.00467232, -0.08861458],
       [ 0.88943518,  0.45697084,  0.00909455,  0.27567933],
       [-0.01022455, -0.        ,  0.99994773,  0.08308914],
       [ 0.        ,  0.        ,  0.        ,  1.        ]])]","[array([[ 0.45694695, -0.88948168,  0.00467232, -0.08861458],
       [ 0.88943518,  0.45697084,  0.00909455,  0.27567933],
       [-0.01022455, -0.        ,  0.99994773,  0.08308914],
       [ 0.        ,  0.        ,  0.        ,  1.        ]])]","[array([[ 0.34949073, -0.93690856,  0.00765405, -0.00698466],
       [ 0.93668395,  0.34957453,  0.02051393,  0.20867175],
       [-0.02189534,  0.        ,  0.99976027,  0.08612546],
       [ 0.        ,  0.        ,  0.        ,  1.        ]])]","[array([[-0.33404646, -0.94246808,  0.01291861,  0.01270674],
       [ 0.94176408, -0.33429616, -0.03642092,  0.26410833],
       [ 0.0386442 , -0.        ,  0.99925303,  0.08339211],
       [ 0.        ,  0.        ,  0.        ,  1.        ]])]","[array([[-0.33404646, -0.94246808,  0.01291861,  0.01270674],
       [ 0.94176408, -0.33429616, -0.03642092,  0.26410833],
       [ 0.0386442 , -0.        ,  0.99925303,  0.08339211],
       [ 0.        ,  0.        ,  0.        ,  1.        ]])]"
2,"[array([[-0.44279125, -0.89632667, -0.02311739, -0.06448319],
       [ 0.89510759, -0.4433943 ,  0.04673207,  0.20829698],
       [-0.05213732,  0.        ,  0.99863992,  0.08583288],
       [ 0.        ,  0.        ,  0.        ,  1.        ]])]","[array([[ 0.4572869 , -0.88930644,  0.00476842, -0.0886216 ],
       [ 0.8892581 ,  0.45731176,  0.00927286,  0.2756795 ],
       [-0.01042706, -0.        ,  0.99994564,  0.08309358],
       [ 0.        ,  0.        ,  0.        ,  1.        ]])]","[array([[ 0.4572869 , -0.88930644,  0.00476842, -0.0886216 ],
       [ 0.8892581 ,  0.45731176,  0.00927286,  0.2756795 ],
       [-0.01042706, -0.        ,  0.99994564,  0.08309358],
       [ 0.        ,  0.        ,  0.        ,  1.        ]])]","[array([[ 0.34921032, -0.9370137 ,  0.00758148, -0.00697631],
       [ 0.93679295,  0.3492926 ,  0.02033811,  0.20866181],
       [-0.02170524,  0.        ,  0.99976441,  0.0861172 ],
       [ 0.        ,  0.        ,  0.        ,  1.        ]])]","[array([[-0.3341947 , -0.94241498,  0.01295787,  0.01271819],
       [ 0.94170737, -0.33444582, -0.03651321,  0.26410508],
       [ 0.0387443 , -0.        ,  0.99924916,  0.08338593],
       [ 0.        ,  0.        ,  0.        ,  1.        ]])]","[array([[-0.3341947 , -0.94241498,  0.01295787,  0.01271819],
       [ 0.94170737, -0.33444582, -0.03651321,  0.26410508],
       [ 0.0387443 , -0.        ,  0.99924916,  0.08338593],
       [ 0.        ,  0.        ,  0.        ,  1.        ]])]"
3,"[array([[-0.44317587, -0.89613971, -0.02299524, -0.06447145],
       [ 0.8949358 , -0.44377205,  0.04643588,  0.20829953],
       [-0.05181768,  0.        ,  0.99865656,  0.08582272],
       [ 0.        ,  0.        ,  0.        ,  1.        ]])]","[array([[ 0.45738448, -0.88925576,  0.00486061, -0.08862548],
       [ 0.88920555,  0.45741031,  0.00944955,  0.27568261],
       [-0.01062636, -0.        ,  0.99994354,  0.08310492],
       [ 0.        ,  0.        ,  0.        ,  1.        ]])]","[array([[ 0.45738448, -0.88925576,  0.00486061, -0.08862548],
       [ 0.88920555,  0.45741031,  0.00944955,  0.27568261],
       [-0.01062636, -0.        ,  0.99994354,  0.08310492],
       [ 0.        ,  0.        ,  0.        ,  1.        ]])]","[array([[ 0.3492323 , -0.93700586,  0.00753755, -0.00697273],
       [ 0.9367877 ,  0.34931363,  0.02021887,  0.20866711],
       [-0.02157816,  0.        ,  0.99976716,  0.08611635],
       [ 0.        ,  0.        ,  0.        ,  1.        ]])]","[array([[-0.33412392, -0.94244102,  0.01288904,  0.01271458],
       [ 0.94174059, -0.33437243, -0.03632824,  0.26410603],
       [ 0.03854697, -0.        ,  0.99925679,  0.08339521],
       [ 0.        ,  0.        ,  0.        ,  1.        ]])]","[array([[-0.33412392, -0.94244102,  0.01288904,  0.01271458],
       [ 0.94174059, -0.33437243, -0.03632824,  0.26410603],
       [ 0.03854697, -0.        ,  0.99925679,  0.08339521],
       [ 0.        ,  0.        ,  0.        ,  1.        ]])]"
4,"[array([[-0.44324947, -0.89610193, -0.02304886, -0.06446437],
       [ 0.89489286, -0.44384833,  0.04653421,  0.20829963],
       [-0.05192959,  0.        ,  0.99865075,  0.08582422],
       [ 0.        ,  0.        ,  0.        ,  1.        ]])]","[array([[ 0.4574237 , -0.88923596,  0.00479159, -0.08862664],
       [ 0.88918718,  0.4574488 ,  0.00931438,  0.27568237],
       [-0.01047459, -0.        ,  0.99994514,  0.08309909],
       [ 0.        ,  0.        ,  0.        ,  1.        ]])]","[array([[ 0.4574237 , -0.88923596,  0.00479159, -0.08862664],
       [ 0.88918718,  0.4574488 ,  0.00931438,  0.27568237],
       [-0.01047459, -0.        ,  0.99994514,  0.08309909],
       [ 0.        ,  0.        ,  0.        ,  1.        ]])]","[array([[ 0.34951082, -0.93690102,  0.00765916, -0.00697804],
       [ 0.93667614,  0.34959473,  0.02052626,  0.20867211],
       [-0.02190867,  0.        ,  0.99975998,  0.08612975],
       [ 0.        ,  0.        ,  0.        ,  1.        ]])]","[array([[-0.33397242, -0.94249411,  0.01293356,  0.01271003],
       [ 0.94178816, -0.33422276, -0.0364721 ,  0.26410557],
       [ 0.03869743, -0.        ,  0.99925097,  0.08338842],
       [ 0.        ,  0.        ,  0.        ,  1.        ]])]","[array([[-0.33397242, -0.94249411,  0.01293356,  0.01271003],
       [ 0.94178816, -0.33422276, -0.0364721 ,  0.26410557],
       [ 0.03869743, -0.        ,  0.99925097,  0.08338842],
       [ 0.        ,  0.        ,  0.        ,  1.        ]])]"
5,"[array([[-0.44309922, -0.89617701, -0.02301841, -0.06447459],
       [ 0.89497021, -0.44369671,  0.0464925 ,  0.20829762],
       [-0.0518787 ,  0.        ,  0.99865339,  0.08582608],
       [ 0.        ,  0.        ,  0.        ,  1.        ]])]","[array([[ 0.45674272, -0.88958573,  0.00482887, -0.08860655],
       [ 0.88953601,  0.45676825,  0.00940454,  0.27566621],
       [-0.01057182, -0.        ,  0.99994412,  0.08310318],
       [ 0.        ,  0.        ,  0.        ,  1.        ]])]","[array([[ 0.45674272, -0.88958573,  0.00482887, -0.08860655],
       [ 0.88953601,  0.45676825,  0.00940454,  0.27566621],
       [-0.01057182, -0.        ,  0.99994412,  0.08310318],
       [ 0.        ,  0.        ,  0.        ,  1.        ]])]","[array([[ 0.34937031, -0.93695347,  0.00765441, -0.00697936],
       [ 0.93672867,  0.34945415,  0.02052293,  0.20866668],
       [-0.02190389,  0.        ,  0.99976008,  0.08612365],
       [ 0.        ,  0.        ,  0.        ,  1.        ]])]","[array([[-0.33410683, -0.94244664,  0.01292134,  0.01271296],
       [ 0.94174262, -0.3343566 , -0.0364212 ,  0.26410518],
       [ 0.03864537, -0.        ,  0.99925299,  0.08339108],
       [ 0.        ,  0.        ,  0.        ,  1.        ]])]","[array([[-0.33410683, -0.94244664,  0.01292134,  0.01271296],
       [ 0.94174262, -0.3343566 , -0.0364212 ,  0.26410518],
       [ 0.03864537, -0.        ,  0.99925299,  0.08339108],
       [ 0.        ,  0.        ,  0.        ,  1.        ]])]"
6,"[array([[-0.44310055, -0.89617652, -0.02301202, -0.06447056],
       [ 0.8949704 , -0.4436977 ,  0.04647947,  0.2082966 ],
       [-0.05186419,  0.        ,  0.99865415,  0.08582376],
       [ 0.        ,  0.        ,  0.        ,  1.        ]])]","[array([[ 0.45734435, -0.88927615,  0.00490614, -0.08862729],
       [ 0.88922499,  0.45737067,  0.00953912,  0.27568481],
       [-0.01072684, -0.        ,  0.99994247,  0.08311011],
       [ 0.        ,  0.        ,  0.        ,  1.        ]])]","[array([[ 0.45734435, -0.88927615,  0.00490614, -0.08862729],
       [ 0.88922499,  0.45737067,  0.00953912,  0.27568481],
       [-0.01072684, -0.        ,  0.99994247,  0.08311011],
       [ 0.        ,  0.        ,  0.        ,  1.        ]])]","[array([[ 0.34939135, -0.93694528,  0.007696  , -0.00698376],
       [ 0.93671807,  0.34947609,  0.02063298,  0.20867012],
       [-0.02202154,  0.        ,  0.9997575 ,  0.08613028],
       [ 0.        ,  0.        ,  0.        ,  1.        ]])]","[array([[-0.33428516, -0.94238332,  0.01292736,  0.0127175 ],
       [ 0.94167944, -0.33453503, -0.03641631,  0.26410574],
       [ 0.03864278, -0.        ,  0.99925309,  0.08339116],
       [ 0.        ,  0.        ,  0.        ,  1.        ]])]","[array([[-0.33428516, -0.94238332,  0.01292736,  0.0127175 ],
       [ 0.94167944, -0.33453503, -0.03641631,  0.26410574],
       [ 0.03864278, -0.        ,  0.99925309,  0.08339116],
       [ 0.        ,  0.        ,  0.        ,  1.        ]])]"
7,"[array([[-0.44307726, -0.89618936, -0.02296038, -0.06447022],
       [ 0.89498849, -0.44367176,  0.04637854,  0.20829449],
       [-0.05175082,  0.        ,  0.99866003,  0.08581422],
       [ 0.        ,  0.        ,  0.        ,  1.        ]])]","[array([[ 0.45734523, -0.88927557,  0.00492963, -0.08862432],
       [ 0.88922391,  0.4573718 ,  0.00958476,  0.27568185],
       [-0.01077817, -0.        ,  0.99994191,  0.08311075],
       [ 0.        ,  0.        ,  0.        ,  1.        ]])]","[array([[ 0.45734523, -0.88927557,  0.00492963, -0.08862432],
       [ 0.88922391,  0.4573718 ,  0.00958476,  0.27568185],
       [-0.01077817, -0.        ,  0.99994191,  0.08311075],
       [ 0.        ,  0.        ,  0.        ,  1.        ]])]","[array([[ 0.34905259, -0.9370714 ,  0.00771199, -0.00697429],
       [ 0.93684277,  0.34913778,  0.02069867,  0.20866432],
       [-0.02208868,  0.        ,  0.99975602,  0.08612579],
       [ 0.        ,  0.        ,  0.        ,  1.        ]])]","[array([[-0.33420031, -0.94241293,  0.0129622 ,  0.01271139],
       [ 0.94170488, -0.33445159, -0.03652471,  0.26411008],
       [ 0.03875659, -0.        ,  0.99924868,  0.08338354],
       [ 0.        ,  0.        ,  0.        ,  1.        ]])]","[array([[-0.33420031, -0.94241293,  0.0129622 ,  0.01271139],
       [ 0.94170488, -0.33445159, -0.03652471,  0.26411008],
       [ 0.03875659, -0.        ,  0.99924868,  0.08338354],
       [ 0.        ,  0.        ,  0.        ,  1.        ]])]"
8,"[array([[-0.44281754, -0.89631433, -0.02309228, -0.06448146],
       [ 0.89509806, -0.44341924,  0.04667803,  0.20829391],
       [-0.05207775,  0.        ,  0.99864303,  0.08582554],
       [ 0.        ,  0.        ,  0.        ,  1.        ]])]","[array([[ 0.45684334, -0.88953455,  0.00473837, -0.08860852],
       [ 0.88948671,  0.45686791,  0.00922573,  0.27566923],
       [-0.01037142, -0.        ,  0.99994622,  0.08308981],
       [ 0.        ,  0.        ,  0.        ,  1.        ]])]","[array([[ 0.45684334, -0.88953455,  0.00473837, -0.08860852],
       [ 0.88948671,  0.45686791,  0.00922573,  0.27566923],
       [-0.01037142, -0.        ,  0.99994622,  0.08308981],
       [ 0.        ,  0.        ,  0.        ,  1.        ]])]","[array([[ 0.34930352, -0.93697949,  0.0075154 , -0.00697709],
       [ 0.9367627 ,  0.34938436,  0.02015482,  0.2086643 ],
       [-0.02151042,  0.        ,  0.99976862,  0.08610883],
       [ 0.        ,  0.        ,  0.        ,  1.        ]])]","[array([[-0.3340328 , -0.94247268,  0.0129363 ,  0.01270524],
       [ 0.9417667 , -0.3342832 , -0.03647239,  0.26410343],
       [ 0.03869862, -0.        ,  0.99925093,  0.08338938],
       [ 0.        ,  0.        ,  0.        ,  1.        ]])]","[array([[-0.3340328 , -0.94247268,  0.0129363 ,  0.01270524],
       [ 0.9417667 , -0.3342832 , -0.03647239,  0.26410343],
       [ 0.03869862, -0.        ,  0.99925093,  0.08338938],
       [ 0.        ,  0.        ,  0.        ,  1.        ]])]"
9,"[array([[-0.44294161, -0.89625159, -0.02314786, -0.06447097],
       [ 0.89503024, -0.44354604,  0.04677373,  0.20829299],
       [-0.05218817,  0.        ,  0.99863727,  0.08582501],
       [ 0.        ,  0.        ,  0.        ,  1.        ]])]","[array([[ 0.45744336, -0.88922547,  0.00486079, -0.08862621],
       [ 0.88917527,  0.45746919,  0.00944837,  0.27567984],
       [-0.0106254 , -0.        ,  0.99994355,  0.08310089],
       [ 0.        ,  0.        ,  0.        ,  1.        ]])]","[array([[ 0.45744336, -0.88922547,  0.00486079, -0.08862621],
       [ 0.88917527,  0.45746919,  0.00944837,  0.27567984],
       [-0.0106254 , -0.        ,  0.99994355,  0.08310089],
       [ 0.        ,  0.        ,  0.        ,  1.        ]])]","[array([[ 0.34922371, -0.93700835,  0.00762554, -0.00697956],
       [ 0.93678505,  0.34930695,  0.02045536,  0.20865911],
       [-0.02183049,  0.        ,  0.99976169,  0.086119  ],
       [ 0.        ,  0.        ,  0.        ,  1.        ]])]","[array([[-0.33409253, -0.94245123,  0.01295579,  0.01270744],
       [ 0.9417434 , -0.33434364, -0.03651991,  0.26410333],
       [ 0.03874991, -0.        ,  0.99924894,  0.08338475],
       [ 0.        ,  0.        ,  0.        ,  1.        ]])]","[array([[-0.33409253, -0.94245123,  0.01295579,  0.01270744],
       [ 0.9417434 , -0.33434364, -0.03651991,  0.26410333],
       [ 0.03874991, -0.        ,  0.99924894,  0.08338475],
       [ 0.        ,  0.        ,  0.        ,  1.        ]])]"
10,"[array([[-0.44287507, -0.89628887, -0.02297702, -0.06448288],
       [ 0.89508503, -0.44347071,  0.04643835,  0.20829062],
       [-0.05181181,  0.        ,  0.99865687,  0.08581658],
       [ 0.        ,  0.        ,  0.        ,  1.        ]])]","[array([[ 0.45674354, -0.88958518,  0.00485231, -0.08860658],
       [ 0.88953498,  0.45676932,  0.00945016,  0.27566625],
       [-0.01062311, -0.        ,  0.99994357,  0.08309881],
       [ 0.        ,  0.        ,  0.        ,  1.        ]])]","[array([[ 0.45674354, -0.88958518,  0.00485231, -0.08860658],
       [ 0.88953498,  0.45676932,  0.00945016,  0.27566625],
       [-0.01062311, -0.        ,  0.99994357,  0.08309881],
       [ 0.        ,  0.        ,  0.        ,  1.        ]])]","[array([[ 0.34923561, -0.93700301,  0.00773684, -0.00697978],
       [ 0.93677316,  0.3493213 ,  0.02075294,  0.20865951],
       [-0.02214821,  0.        ,  0.9997547 ,  0.08612812],
       [ 0.        ,  0.        ,  0.        ,  1.        ]])]","[array([[-0.33398608, -0.94248951,  0.01291588,  0.01270053],
       [ 0.94178555, -0.33423573, -0.03642064,  0.26410248],
       [ 0.03864302, -0.        ,  0.99925308,  0.08338615],
       [ 0.        ,  0.        ,  0.        ,  1.        ]])]","[array([[-0.33398608, -0.94248951,  0.01291588,  0.01270053],
       [ 0.94178555, -0.33423573, -0.03642064,  0.26410248],
       [ 0.03864302, -0.        ,  0.99925308,  0.08338615],
       [ 0.        ,  0.        ,  0.        ,  1.        ]])]"
11,"[array([[-0.4756795 , -0.8792854 , -0.0242118 , -0.06717665],
       [ 0.8781486 , -0.47629528,  0.04469723,  0.20991261],
       [-0.05083358,  0.        ,  0.99870714,  0.08577467],
       [ 0.        ,  0.        ,  0.        ,  1.        ]])]","[array([[ 0.42546845, -0.90496074,  0.00475902, -0.09383422],
       [ 0.90490414,  0.42549507,  0.01012168,  0.27641378],
       [-0.01118466, -0.        ,  0.99993745,  0.08313767],
       [ 0.        ,  0.        ,  0.        ,  1.        ]])]","[array([[ 0.42546845, -0.90496074,  0.00475902, -0.09383422],
       [ 0.90490414,  0.42549507,  0.01012168,  0.27641378],
       [-0.01118466, -0.        ,  0.99993745,  0.08313767],
       [ 0.        ,  0.        ,  0.        ,  1.        ]])]","[array([[ 0.31861082, -0.947862  ,  0.00669102, -0.00981416],
       [ 0.94765305,  0.31868107,  0.01990129,  0.21240887],
       [-0.02099598,  0.        ,  0.99977956,  0.08608531],
       [ 0.        ,  0.        ,  0.        ,  1.        ]])]","[array([[-0.37114986, -0.92846633,  0.01407328,  0.00797715],
       [ 0.92779958, -0.37141658, -0.03518035,  0.268437  ],
       [ 0.03789082, -0.        ,  0.99928188,  0.08334607],
       [ 0.        ,  0.        ,  0.        ,  1.        ]])]","[array([[-0.37114986, -0.92846633,  0.01407328,  0.00797715],
       [ 0.92779958, -0.37141658, -0.03518035,  0.268437  ],
       [ 0.03789082, -0.        ,  0.99928188,  0.08334607],
       [ 0.        ,  0.        ,  0.        ,  1.        ]])]"
12,"[array([[-0.48665119, -0.87322317, -0.02553273, -0.06876393],
       [ 0.87202378, -0.48732053,  0.04575177,  0.2115414 ],
       [-0.05239413,  0.        ,  0.99862648,  0.08580863],
       [ 0.        ,  0.        ,  0.        ,  1.        ]])]","[array([[ 0.41214909, -0.91110882,  0.00372122, -0.09626833],
       [ 0.91107169,  0.41216589,  0.00822591,  0.27767567],
       [-0.00902846, -0.        ,  0.99995924,  0.0830471 ],
       [ 0.        ,  0.        ,  0.        ,  1.        ]])]","[array([[ 0.41214909, -0.91110882,  0.00372122, -0.09626833],
       [ 0.91107169,  0.41216589,  0.00822591,  0.27767567],
       [-0.00902846, -0.        ,  0.99995924,  0.0830471 ],
       [ 0.        ,  0.        ,  0.        ,  1.        ]])]","[array([[ 0.30658149, -0.95182163,  0.00658532, -0.01141684],
       [ 0.95160213,  0.30665221,  0.02044027,  0.21485265],
       [-0.02147489,  0.        ,  0.99976939,  0.08609104],
       [ 0.        ,  0.        ,  0.        ,  1.        ]])]","[array([[-0.38462566, -0.92293768,  0.01578398,  0.0056807 ],
       [ 0.92216152, -0.38494939, -0.03784297,  0.27110321],
       [ 0.04100274, -0.        ,  0.99915903,  0.08318211],
       [ 0.        ,  0.        ,  0.        ,  1.        ]])]","[array([[-0.38462566, -0.92293768,  0.01578398,  0.0056807 ],
       [ 0.92216152, -0.38494939, -0.03784297,  0.27110321],
       [ 0.04100274, -0.        ,  0.99915903,  0.08318211],
       [ 0.        ,  0.        ,  0.        ,  1.        ]])]"
13,"[array([[-0.49595691, -0.86795722, -0.02601926, -0.07024658],
       [ 0.86676523, -0.49663896,  0.04547288,  0.21398919],
       [-0.0523907 ,  0.        ,  0.99862666,  0.08577655],
       [ 0.        ,  0.        ,  0.        ,  1.        ]])]","[array([[ 0.4061103 , -0.91380948,  0.00516391, -0.09856545],
       [ 0.91373561,  0.40614313,  0.01161863,  0.27990885],
       [-0.0127145 , -0.        ,  0.99991917,  0.08312332],
       [ 0.        ,  0.        ,  0.        ,  1.        ]])]","[array([[ 0.4061103 , -0.91380948,  0.00516391, -0.09856545],
       [ 0.91373561,  0.40614313,  0.01161863,  0.27990885],
       [-0.0127145 , -0.        ,  0.99991917,  0.08312332],
       [ 0.        ,  0.        ,  0.        ,  1.        ]])]","[array([[ 0.29766615, -0.95464964,  0.00623847, -0.01297824],
       [ 0.95444006,  0.29773152,  0.02000308,  0.21792891],
       [-0.02095332,  0.        ,  0.99978045,  0.08605435],
       [ 0.        ,  0.        ,  0.        ,  1.        ]])]","[array([[-0.39320687, -0.91932354,  0.01525043,  0.00350728],
       [ 0.91863287, -0.39350251, -0.03562894,  0.27431882],
       [ 0.03875561, -0.        ,  0.99924872,  0.08322557],
       [ 0.        ,  0.        ,  0.        ,  1.        ]])]","[array([[-0.39320687, -0.91932354,  0.01525043,  0.00350728],
       [ 0.91863287, -0.39350251, -0.03562894,  0.27431882],
       [ 0.03875561, -0.        ,  0.99924872,  0.08322557],
       [ 0.        ,  0.        ,  0.        ,  1.        ]])]"
14,"[array([[-0.53432257, -0.84480866, -0.02824401, -0.07418387],
       [ 0.84363088, -0.53506853,  0.04459388,  0.21941626],
       [-0.05278577,  0.        ,  0.99860586,  0.0857384 ],
       [ 0.        ,  0.        ,  0.        ,  1.        ]])]","[array([[ 0.3636712 , -0.9315186 ,  0.00404295, -0.10547658],
       [ 0.93146105,  0.36369368,  0.0103551 ,  0.28402716],
       [-0.01111637, -0.        ,  0.99993821,  0.0830005 ],
       [ 0.        ,  0.        ,  0.        ,  1.        ]])]","[array([[ 0.3636712 , -0.9315186 ,  0.00404295, -0.10547658],
       [ 0.93146105,  0.36369368,  0.0103551 ,  0.28402716],
       [-0.01111637, -0.        ,  0.99993821,  0.0830005 ],
       [ 0.        ,  0.        ,  0.        ,  1.        ]])]","[array([[ 0.23228673, -0.97261585,  0.00782882, -0.01668119],
       [ 0.97206392,  0.23241862,  0.03276171,  0.22565948],
       [-0.03368412,  0.        ,  0.99943253,  0.08629352],
       [ 0.        ,  0.        ,  0.        ,  1.        ]])]","[array([[-0.43500599, -0.90028714,  0.01590134, -0.00320276],
       [ 0.89968626, -0.43529652, -0.03288739,  0.28307465],
       [ 0.03652989, -0.        ,  0.99933256,  0.08325435],
       [ 0.        ,  0.        ,  0.        ,  1.        ]])]","[array([[-0.43500599, -0.90028714,  0.01590134, -0.00320276],
       [ 0.89968626, -0.43529652, -0.03288739,  0.28307465],
       [ 0.03652989, -0.        ,  0.99933256,  0.08325435],
       [ 0.        ,  0.        ,  0.        ,  1.        ]])]"
15,"[array([[-0.56709934, -0.82310333, -0.02998725, -0.07257478],
       [ 0.821955  , -0.56789163,  0.04346359,  0.21928044],
       [-0.05280453,  0.        ,  0.99860487,  0.08573582],
       [ 0.        ,  0.        ,  0.        ,  1.        ]])]","[array([[ 0.3222694 , -0.94664371,  0.0028504 , -0.10607706],
       [ 0.94660668,  0.322282  ,  0.00837254,  0.28245518],
       [-0.00884444, -0.        ,  0.99996089,  0.08277325],
       [ 0.        ,  0.        ,  0.        ,  1.        ]])]","[array([[ 0.3222694 , -0.94664371,  0.0028504 , -0.10607706],
       [ 0.94660668,  0.322282  ,  0.00837254,  0.28245518],
       [-0.00884444, -0.        ,  0.99996089,  0.08277325],
       [ 0.        ,  0.        ,  0.        ,  1.        ]])]","[array([[ 0.1952162 , -0.98073683,  0.00677522, -0.01538388],
       [ 0.9801467 ,  0.19533374,  0.03401719,  0.2277263 ],
       [-0.03468534,  0.        ,  0.99939828,  0.08632695],
       [ 0.        ,  0.        ,  0.        ,  1.        ]])]","[array([[-0.46727352, -0.88394052,  0.01745347, -0.00422488],
       [ 0.88332455, -0.46759936, -0.03299369,  0.28561179],
       [ 0.03732569, -0.        ,  0.99930315,  0.08318604],
       [ 0.        ,  0.        ,  0.        ,  1.        ]])]","[array([[-0.46727352, -0.88394052,  0.01745347, -0.00422488],
       [ 0.88332455, -0.46759936, -0.03299369,  0.28561179],
       [ 0.03732569, -0.        ,  0.99930315,  0.08318604],
       [ 0.        ,  0.        ,  0.        ,  1.        ]])]"
16,"[array([[-0.68141444, -0.73118597, -0.03227138, -0.06931156],
       [ 0.73036735, -0.68217819,  0.03458976,  0.21157299],
       [-0.04730637,  0.        ,  0.99888043,  0.08560366],
       [ 0.        ,  0.        ,  0.        ,  1.        ]])]","[array([[ 0.19587913, -0.98062277,  0.00321732, -0.11096176],
       [ 0.98049052,  0.19590555,  0.01610456,  0.26963798],
       [-0.01642279, -0.        ,  0.99986514,  0.08308224],
       [ 0.        ,  0.        ,  0.        ,  1.        ]])]","[array([[ 0.19587913, -0.98062277,  0.00321732, -0.11096176],
       [ 0.98049052,  0.19590555,  0.01610456,  0.26963798],
       [-0.01642279, -0.        ,  0.99986514,  0.08308224],
       [ 0.        ,  0.        ,  0.        ,  1.        ]])]","[array([[ 0.06906958, -0.99760876,  0.00248126, -0.01412694],
       [ 0.99696565,  0.06911413,  0.03581508,  0.22716636],
       [-0.03590093,  0.        ,  0.99935535,  0.08637318],
       [ 0.        ,  0.        ,  0.        ,  1.        ]])]","[array([[-0.57688213, -0.81651835,  0.02246746, -0.01042328],
       [ 0.8158998 , -0.57731948, -0.03177632,  0.28601524],
       [ 0.03891685, -0.        ,  0.99924245,  0.08306544],
       [ 0.        ,  0.        ,  0.        ,  1.        ]])]","[array([[-0.57688213, -0.81651835,  0.02246746, -0.01042328],
       [ 0.8158998 , -0.57731948, -0.03177632,  0.28601524],
       [ 0.03891685, -0.        ,  0.99924245,  0.08306544],
       [ 0.        ,  0.        ,  0.        ,  1.        ]])]"
17,"[array([[-0.79886574, -0.6006034 , -0.03300117, -0.06951727],
       [ 0.60009159, -0.79954709,  0.02478981,  0.2000731 ],
       [-0.04127483,  0.        ,  0.99914783,  0.08546256],
       [ 0.        ,  0.        ,  0.        ,  1.        ]])]","[array([[ 2.86453718e-02, -9.99589522e-01,  4.79558076e-04,
        -1.20865076e-01],
       [ 9.99449475e-01,  2.86493857e-02,  1.67319898e-02,
         2.50060429e-01],
       [-1.67388607e-02, -0.00000000e+00,  9.99859895e-01,
         8.29892958e-02],
       [ 0.00000000e+00,  0.00000000e+00,  0.00000000e+00,
         1.00000000e+00]])]","[array([[ 2.86453718e-02, -9.99589522e-01,  4.79558076e-04,
        -1.20865076e-01],
       [ 9.99449475e-01,  2.86493857e-02,  1.67319898e-02,
         2.50060429e-01],
       [-1.67388607e-02, -0.00000000e+00,  9.99859895e-01,
         8.29892958e-02],
       [ 0.00000000e+00,  0.00000000e+00,  0.00000000e+00,
         1.00000000e+00]])]","[array([[-0.09781157, -0.99519913, -0.00340521, -0.01833941],
       [ 0.99459658, -0.09787083,  0.03462585,  0.22452243],
       [-0.03479288, -0.        ,  0.99939454,  0.08627536],
       [ 0.        ,  0.        ,  0.        ,  1.        ]])]","[array([[-0.70623055, -0.70745811,  0.02722926, -0.02453142],
       [ 0.70693286, -0.70675527, -0.02725634,  0.28321165],
       [ 0.03852714, -0.        ,  0.99925755,  0.08288684],
       [ 0.        ,  0.        ,  0.        ,  1.        ]])]","[array([[-0.70623055, -0.70745811,  0.02722926, -0.02453142],
       [ 0.70693286, -0.70675527, -0.02725634,  0.28321165],
       [ 0.03852714, -0.        ,  0.99925755,  0.08288684],
       [ 0.        ,  0.        ,  0.        ,  1.        ]])]"
18,"[array([[-0.87782161, -0.47678575, -0.04587555, -0.07159223],
       [ 0.47613598, -0.87901954,  0.02488319,  0.18710271],
       [-0.05218945,  0.        ,  0.9986372 ,  0.08586604],
       [ 0.        ,  0.        ,  0.        ,  1.        ]])]","[array([[-0.13620833, -0.99067767, -0.0022483 , -0.12982862],
       [ 0.99054273, -0.13622688,  0.01635022,  0.22844672],
       [-0.01650407,  0.        ,  0.9998638 ,  0.08283283],
       [ 0.        ,  0.        ,  0.        ,  1.        ]])]","[array([[-0.13620833, -0.99067767, -0.0022483 , -0.12982862],
       [ 0.99054273, -0.13622688,  0.01635022,  0.22844672],
       [-0.01650407,  0.        ,  0.9998638 ,  0.08283283],
       [ 0.        ,  0.        ,  0.        ,  1.        ]])]","[array([[-0.26540181, -0.96407347, -0.01114562, -0.02426415],
       [ 0.96322447, -0.26563574,  0.04045087,  0.22000525],
       [-0.04195829, -0.        ,  0.99911936,  0.08646987],
       [ 0.        ,  0.        ,  0.        ,  1.        ]])]","[array([[-0.81301993, -0.58153824,  0.0284934 , -0.04025212],
       [ 0.58118143, -0.81351907, -0.0203683 ,  0.27702654],
       [ 0.03502487, -0.        ,  0.99938644,  0.08289921],
       [ 0.        ,  0.        ,  0.        ,  1.        ]])]","[array([[-0.81301993, -0.58153824,  0.0284934 , -0.04025212],
       [ 0.58118143, -0.81351907, -0.0203683 ,  0.27702654],
       [ 0.03502487, -0.        ,  0.99938644,  0.08289921],
       [ 0.        ,  0.        ,  0.        ,  1.        ]])]"
19,"[array([[-0.9011118 , -0.43099993, -0.04729258, -0.07873472],
       [ 0.43040758, -0.90235196,  0.02258885,  0.18492162],
       [-0.05241034,  0.        ,  0.99862563,  0.08578999],
       [ 0.        ,  0.        ,  0.        ,  1.        ]])]","[array([[-0.19036529, -0.98170817, -0.00318258, -0.13885207],
       [ 0.981571  , -0.19039189,  0.01641019,  0.22326228],
       [-0.01671596,  0.        ,  0.99986028,  0.08273157],
       [ 0.        ,  0.        ,  0.        ,  1.        ]])]","[array([[-0.19036529, -0.98170817, -0.00318258, -0.13885207],
       [ 0.981571  , -0.19039189,  0.01641019,  0.22326228],
       [-0.01671596,  0.        ,  0.99986028,  0.08273157],
       [ 0.        ,  0.        ,  0.        ,  1.        ]])]","[array([[-0.29926713, -0.95413119, -0.00853579, -0.03380133],
       [ 0.95374332, -0.29938883,  0.02720295,  0.22029207],
       [-0.0285107 , -0.        ,  0.99959349,  0.08585964],
       [ 0.        ,  0.        ,  0.        ,  1.        ]])]","[array([[-0.84043327, -0.54111471,  0.02944132, -0.05201655],
       [ 0.54078299, -0.84094879, -0.01894423,  0.27625305],
       [ 0.03500965, -0.        ,  0.99938697,  0.08280269],
       [ 0.        ,  0.        ,  0.        ,  1.        ]])]","[array([[-0.84043327, -0.54111471,  0.02944132, -0.05201655],
       [ 0.54078299, -0.84094879, -0.01894423,  0.27625305],
       [ 0.03500965, -0.        ,  0.99938697,  0.08280269],
       [ 0.        ,  0.        ,  0.        ,  1.        ]])]"
20,"[array([[-0.90674471, -0.41886685, -0.04862714, -0.09999353],
       [ 0.41826582, -0.90804767,  0.02243087,  0.1866708 ],
       [-0.0535513 ,  0.        ,  0.9985651 ,  0.08565055],
       [ 0.        ,  0.        ,  0.        ,  1.        ]])]","[array([[-0.20139324, -0.97950937, -0.00146807, -0.16052249],
       [ 0.97948335, -0.20139859,  0.00714   ,  0.22439714],
       [-0.00728936,  0.        ,  0.99997343,  0.0822578 ],
       [ 0.        ,  0.        ,  0.        ,  1.        ]])]","[array([[-0.20139324, -0.97950937, -0.00146807, -0.16052249],
       [ 0.97948335, -0.20139859,  0.00714   ,  0.22439714],
       [-0.00728936,  0.        ,  0.99997343,  0.0822578 ],
       [ 0.        ,  0.        ,  0.        ,  1.        ]])]","[array([[-0.32307485, -0.94625927, -0.0146983 , -0.05478317],
       [ 0.9452815 , -0.32340903,  0.04300562,  0.22224244],
       [-0.04544803, -0.        ,  0.9989667 ,  0.08635004],
       [ 0.        ,  0.        ,  0.        ,  1.        ]])]","[array([[-0.84588227, -0.53256183,  0.0293442 , -0.07419967],
       [ 0.53224166, -0.8463911 , -0.0184638 ,  0.27818684],
       [ 0.03466978, -0.        ,  0.99939882,  0.0826335 ],
       [ 0.        ,  0.        ,  0.        ,  1.        ]])]","[array([[-0.84588227, -0.53256183,  0.0293442 , -0.07419967],
       [ 0.53224166, -0.8463911 , -0.0184638 ,  0.27818684],
       [ 0.03466978, -0.        ,  0.99939882,  0.0826335 ],
       [ 0.        ,  0.        ,  0.        ,  1.        ]])]"
21,"[array([[-0.89743232, -0.43837403, -0.04943125, -0.13400202],
       [ 0.43771055, -0.89879264,  0.02410943,  0.19001852],
       [-0.05499739,  0.        ,  0.9984865 ,  0.08544694],
       [ 0.        ,  0.        ,  0.        ,  1.        ]])]","[array([[-0.17460778, -0.98463182, -0.00350604, -0.19380832],
       [ 0.98443339, -0.17464298,  0.01976696,  0.22910412],
       [-0.02007549,  0.        ,  0.99979847,  0.0824404 ],
       [ 0.        ,  0.        ,  0.        ,  1.        ]])]","[array([[-0.17460778, -0.98463182, -0.00350604, -0.19380832],
       [ 0.98443339, -0.17464298,  0.01976696,  0.22910412],
       [-0.02007549,  0.        ,  0.99979847,  0.0824404 ],
       [ 0.        ,  0.        ,  0.        ,  1.        ]])]","[array([[-0.29492999, -0.95544912, -0.01154484, -0.08830518],
       [ 0.95471795, -0.29515587,  0.0373718 ,  0.22453281],
       [-0.03911438, -0.        ,  0.99923474,  0.08583816],
       [ 0.        ,  0.        ,  0.        ,  1.        ]])]","[array([[-0.83290128, -0.55244533,  0.03285767, -0.10612086],
       [ 0.55201595, -0.83354913, -0.02177684,  0.28085159],
       [ 0.03941899, -0.        ,  0.99922277,  0.08223948],
       [ 0.        ,  0.        ,  0.        ,  1.        ]])]","[array([[-0.83290128, -0.55244533,  0.03285767, -0.10612086],
       [ 0.55201595, -0.83354913, -0.02177684,  0.28085159],
       [ 0.03941899, -0.        ,  0.99922277,  0.08223948],
       [ 0.        ,  0.        ,  0.        ,  1.        ]])]"
22,"[array([[-0.86645505, -0.49714477, -0.04585545, -0.17415443],
       [ 0.49645002, -0.86766761,  0.02627365,  0.1978458 ],
       [-0.05284909,  0.        ,  0.99860251,  0.08511982],
       [ 0.        ,  0.        ,  0.        ,  1.        ]])]","[array([[-0.10801451, -0.99414724, -0.00203315, -0.2314728 ],
       [ 0.99397117, -0.10803364,  0.01870944,  0.24072357],
       [-0.01881958,  0.        ,  0.9998229 ,  0.08214346],
       [ 0.        ,  0.        ,  0.        ,  1.        ]])]","[array([[-0.10801451, -0.99414724, -0.00203315, -0.2314728 ],
       [ 0.99397117, -0.10803364,  0.01870944,  0.24072357],
       [-0.01881958,  0.        ,  0.9998229 ,  0.08214346],
       [ 0.        ,  0.        ,  0.        ,  1.        ]])]","[array([[-0.23076136, -0.97297303, -0.00852478, -0.12643808],
       [ 0.9723098 , -0.23091877,  0.03591903,  0.22947286],
       [-0.03691678, -0.        ,  0.99931834,  0.08549594],
       [ 0.        ,  0.        ,  0.        ,  1.        ]])]","[array([[-0.79527158, -0.60539034,  0.03233647, -0.14057948],
       [ 0.60489051, -0.79592872, -0.02459541,  0.28675246],
       [ 0.04062735, -0.        ,  0.99917437,  0.08196505],
       [ 0.        ,  0.        ,  0.        ,  1.        ]])]","[array([[-0.79527158, -0.60539034,  0.03233647, -0.14057948],
       [ 0.60489051, -0.79592872, -0.02459541,  0.28675246],
       [ 0.04062735, -0.        ,  0.99917437,  0.08196505],
       [ 0.        ,  0.        ,  0.        ,  1.        ]])]"
23,"[array([[-0.79596912, -0.60379121, -0.04323577, -0.20353142],
       [ 0.60290244, -0.79714251,  0.03274869,  0.21203749],
       [-0.05423844,  0.        ,  0.99852801,  0.08500994],
       [ 0.        ,  0.        ,  0.        ,  1.        ]])]","[array([[ 1.66093234e-02, -9.99862011e-01,  2.97456683e-04,
        -2.55078556e-01],
       [ 9.99701706e-01,  1.66119867e-02,  1.79036766e-02,
         2.61721240e-01],
       [-1.79061474e-02, -0.00000000e+00,  9.99839672e-01,
         8.19894155e-02],
       [ 0.00000000e+00,  0.00000000e+00,  0.00000000e+00,
         1.00000000e+00]])]","[array([[ 1.66093234e-02, -9.99862011e-01,  2.97456683e-04,
        -2.55078556e-01],
       [ 9.99701706e-01,  1.66119867e-02,  1.79036766e-02,
         2.61721240e-01],
       [-1.79061474e-02, -0.00000000e+00,  9.99839672e-01,
         8.19894155e-02],
       [ 0.00000000e+00,  0.00000000e+00,  0.00000000e+00,
         1.00000000e+00]])]","[array([[-0.11378665, -0.99349496, -0.00451323, -0.15199245],
       [ 0.99271438, -0.11387612,  0.03937503,  0.23761555],
       [-0.03963284, -0.        ,  0.99921431,  0.08544278],
       [ 0.        ,  0.        ,  0.        ,  1.        ]])]","[array([[-0.71999526, -0.69362142,  0.02227449, -0.15889845],
       [ 0.69328973, -0.72033973, -0.0214483 ,  0.29626972],
       [ 0.0309222 , -0.        ,  0.99952179,  0.08216967],
       [ 0.        ,  0.        ,  0.        ,  1.        ]])]","[array([[-0.71999526, -0.69362142,  0.02227449, -0.15889845],
       [ 0.69328973, -0.72033973, -0.0214483 ,  0.29626972],
       [ 0.0309222 , -0.        ,  0.99952179,  0.08216967],
       [ 0.        ,  0.        ,  0.        ,  1.        ]])]"
24,"[array([[-0.72422595, -0.68866653, -0.03514514, -0.21695392],
       [ 0.68785707, -0.72507821,  0.03338023,  0.22531524],
       [-0.04847082,  0.        ,  0.9988246 ,  0.08460275],
       [ 0.        ,  0.        ,  0.        ,  1.        ]])]","[array([[ 0.12464554, -0.99219862,  0.00231938, -0.26255762],
       [ 0.99202689,  0.12466712,  0.01845942,  0.28029755],
       [-0.01860456, -0.        ,  0.99982692,  0.08200062],
       [ 0.        ,  0.        ,  0.        ,  1.        ]])]","[array([[ 0.12464554, -0.99219862,  0.00231938, -0.26255762],
       [ 0.99202689,  0.12466712,  0.01845942,  0.28029755],
       [-0.01860456, -0.        ,  0.99982692,  0.08200062],
       [ 0.        ,  0.        ,  0.        ,  1.        ]])]","[array([[-6.79120245e-03, -9.99976906e-01, -2.57511066e-04,
        -1.62597672e-01],
       [ 9.99258797e-01, -6.79608289e-03,  3.78902265e-02,
         2.45318288e-01],
       [-3.78911015e-02, -0.00000000e+00,  9.99281874e-01,
         8.53167607e-02],
       [ 0.00000000e+00,  0.00000000e+00,  0.00000000e+00,
         1.00000000e+00]])]","[array([[-0.64107414, -0.7671554 ,  0.02228309, -0.16316423],
       [ 0.76669239, -0.64146129, -0.02664945,  0.30429709],
       [ 0.03473801, -0.        ,  0.99939645,  0.08203333],
       [ 0.        ,  0.        ,  0.        ,  1.        ]])]","[array([[-0.64107414, -0.7671554 ,  0.02228309, -0.16316423],
       [ 0.76669239, -0.64146129, -0.02664945,  0.30429709],
       [ 0.03473801, -0.        ,  0.99939645,  0.08203333],
       [ 0.        ,  0.        ,  0.        ,  1.        ]])]"
25,"[array([[-0.60887034, -0.79258664, -0.03291378, -0.23126498],
       [ 0.79143114, -0.60975931,  0.04278249,  0.24406193],
       [-0.05397831,  0.        ,  0.99854211,  0.08464211],
       [ 0.        ,  0.        ,  0.        ,  1.        ]])]","[array([[ 0.27014476, -0.96280843,  0.00466289, -0.26820224],
       [ 0.96266503,  0.270185  ,  0.01661628,  0.30520308],
       [-0.01725814, -0.        ,  0.99985107,  0.08196481],
       [ 0.        ,  0.        ,  0.        ,  1.        ]])]","[array([[ 0.27014476, -0.96280843,  0.00466289, -0.26820224],
       [ 0.96266503,  0.270185  ,  0.01661628,  0.30520308],
       [-0.01725814, -0.        ,  0.99985107,  0.08196481],
       [ 0.        ,  0.        ,  0.        ,  1.        ]])]","[array([[ 0.15268173, -0.98826699,  0.00408076, -0.17471394],
       [ 0.98791419,  0.15273625,  0.02640422,  0.25599126],
       [-0.0267177 ,  0.        ,  0.99964302,  0.08497148],
       [ 0.        ,  0.        ,  0.        ,  1.        ]])]","[array([[-0.52139389, -0.85313908,  0.01738136, -0.16630034],
       [ 0.85266543, -0.52168353, -0.02842474,  0.31422909],
       [ 0.03331783, -0.        ,  0.99944481,  0.08207849],
       [ 0.        ,  0.        ,  0.        ,  1.        ]])]","[array([[-0.52139389, -0.85313908,  0.01738136, -0.16630034],
       [ 0.85266543, -0.52168353, -0.02842474,  0.31422909],
       [ 0.03331783, -0.        ,  0.99944481,  0.08207849],
       [ 0.        ,  0.        ,  0.        ,  1.        ]])]"
26,"[array([[-0.51520434, -0.85664129, -0.0270218 , -0.24670272],
       [ 0.85546547, -0.51591249,  0.04486805,  0.26219607],
       [-0.05237671,  0.        ,  0.9986274 ,  0.08450924],
       [ 0.        ,  0.        ,  0.        ,  1.        ]])]","[array([[ 0.38139975, -0.92440862,  0.00171047, -0.27626435],
       [ 0.92439933,  0.38140359,  0.00414568,  0.32741842],
       [-0.00448468, -0.        ,  0.99998994,  0.08131561],
       [ 0.        ,  0.        ,  0.        ,  1.        ]])]","[array([[ 0.38139975, -0.92440862,  0.00171047, -0.27626435],
