,LP,LD1,LD2,RP,RD1,RD2
0,"[array([[-0.39216369, -0.91962892, -0.02214271, -0.11573431],
       [ 0.91816649, -0.39278831,  0.05184237,  0.1175211 ],
       [-0.05637314,  0.        ,  0.99840977,  0.08606476],
       [ 0.        ,  0.        ,  0.        ,  1.        ]])]","[array([[ 0.93865598, -0.34441658,  0.01738312, -0.13033413],
       [ 0.34435753,  0.93881693,  0.00637721,  0.18629111],
       [-0.01851598, -0.        ,  0.99982856,  0.08371981],
       [ 0.        ,  0.        ,  0.        ,  1.        ]])]","[array([[ 0.93865598, -0.34441658,  0.01738312, -0.13033413],
       [ 0.34435753,  0.93881693,  0.00637721,  0.18629111],
       [-0.01851598, -0.        ,  0.99982856,  0.08371981],
       [ 0.        ,  0.        ,  0.        ,  1.        ]])]","[array([[ 0.604748  , -0.79627882,  0.01482893, -0.05641033],
       [ 0.79603954,  0.60492978,  0.01951956,  0.12843347],
       [-0.02451347,  0.        ,  0.9996995 ,  0.0856541 ],
       [ 0.        ,  0.        ,  0.        ,  1.        ]])]","[array([[-0.8520365 , -0.52210753,  0.03791473, -0.02127622],
       [ 0.52159137, -0.85287967, -0.02321027,  0.1652763 ],
       [ 0.04445495, -0.        ,  0.99901139,  0.08257933],
       [ 0.        ,  0.        ,  0.        ,  1.        ]])]","[array([[-0.8520365 , -0.52210753,  0.03791473, -0.02127622],
       [ 0.52159137, -0.85287967, -0.02321027,  0.1652763 ],
       [ 0.04445495, -0.        ,  0.99901139,  0.08257933],
       [ 0.        ,  0.        ,  0.        ,  1.        ]])]"
1,"[array([[-0.39243989, -0.91951203, -0.02210312, -0.1157238 ],
       [ 0.91805706, -0.39306185,  0.0517071 ,  0.11752144],
       [-0.05623319,  0.        ,  0.99841766,  0.08606062],
       [ 0.        ,  0.        ,  0.        ,  1.        ]])]","[array([[ 0.93866186, -0.34439327,  0.0175269 , -0.13033522],
       [ 0.34433324,  0.93882548,  0.00642947,  0.18629092],
       [-0.01866897, -0.        ,  0.99982572,  0.08372867],
       [ 0.        ,  0.        ,  0.        ,  1.        ]])]","[array([[ 0.93866186, -0.34439327,  0.0175269 , -0.13033522],
       [ 0.34433324,  0.93882548,  0.00642947,  0.18629092],
       [-0.01866897, -0.        ,  0.99982572,  0.08372867],
       [ 0.        ,  0.        ,  0.        ,  1.        ]])]","[array([[ 0.60483249, -0.79621335,  0.01489871, -0.05641964],
       [ 0.79597189,  0.60501596,  0.01960701,  0.12843775],
       [-0.02462532,  0.        ,  0.99969675,  0.08565061],
       [ 0.        ,  0.        ,  0.        ,  1.        ]])]","[array([[-0.85295933, -0.52067006,  0.03691976, -0.02121011],
       [ 0.520183  , -0.85375798, -0.02251577,  0.16533201],
       [ 0.04324383, -0.        ,  0.99906455,  0.08264585],
       [ 0.        ,  0.        ,  0.        ,  1.        ]])]","[array([[-0.85295933, -0.52067006,  0.03691976, -0.02121011],
       [ 0.520183  , -0.85375798, -0.02251577,  0.16533201],
       [ 0.04324383, -0.        ,  0.99906455,  0.08264585],
       [ 0.        ,  0.        ,  0.        ,  1.        ]])]"
2,"[array([[-0.39192465, -0.91973248, -0.02207336, -0.11574584],
       [ 0.91827725, -0.39254575,  0.05171776,  0.11751838],
       [-0.0562313 ,  0.        ,  0.99841777,  0.08606558],
       [ 0.        ,  0.        ,  0.        ,  1.        ]])]","[array([[ 0.93865164, -0.34441658,  0.01761605, -0.130337  ],
       [ 0.34435594,  0.93881693,  0.00646267,  0.18629116],
       [-0.0187641 , -0.        ,  0.99982394,  0.0837307 ],
       [ 0.        ,  0.        ,  0.        ,  1.        ]])]","[array([[ 0.93865164, -0.34441658,  0.01761605, -0.130337  ],
       [ 0.34435594,  0.93881693,  0.00646267,  0.18629116],
       [-0.0187641 , -0.        ,  0.99982394,  0.0837307 ],
       [ 0.        ,  0.        ,  0.        ,  1.        ]])]","[array([[ 0.60506725, -0.79603491,  0.01490116, -0.05642832],
       [ 0.79579362,  0.60525071,  0.01959823,  0.12843982],
       [-0.02461981,  0.        ,  0.99969689,  0.08564648],
       [ 0.        ,  0.        ,  0.        ,  1.        ]])]","[array([[-0.85288768, -0.52080064,  0.03673287, -0.02121218],
       [ 0.52031829, -0.85367833, -0.02240949,  0.1653228 ],
       [ 0.04302893, -0.        ,  0.99907383,  0.08264968],
       [ 0.        ,  0.        ,  0.        ,  1.        ]])]","[array([[-0.85288768, -0.52080064,  0.03673287, -0.02121218],
       [ 0.52031829, -0.85367833, -0.02240949,  0.1653228 ],
       [ 0.04302893, -0.        ,  0.99907383,  0.08264968],
       [ 0.        ,  0.        ,  0.        ,  1.        ]])]"
3,"[array([[-0.39188483, -0.91970464, -0.02386728, -0.11579342],
       [ 0.91800366, -0.39261096,  0.05590992,  0.11764077],
       [-0.06079117,  0.        ,  0.99815051,  0.08622872],
       [ 0.        ,  0.        ,  0.        ,  1.        ]])]","[array([[ 0.93870153, -0.34429257,  0.01738021, -0.13034103],
       [ 0.34423357,  0.93886241,  0.00637354,  0.18629525],
       [-0.01851198, -0.        ,  0.99982864,  0.08372468],
       [ 0.        ,  0.        ,  0.        ,  1.        ]])]","[array([[ 0.93870153, -0.34429257,  0.01738021, -0.13034103],
       [ 0.34423357,  0.93886241,  0.00637354,  0.18629525],
       [-0.01851198, -0.        ,  0.99982864,  0.08372468],
       [ 0.        ,  0.        ,  0.        ,  1.        ]])]","[array([[ 0.60489428, -0.79616695,  0.01486894, -0.05641861],
       [ 0.79592653,  0.605077  ,  0.01956472,  0.1284423 ],
       [-0.02457364,  0.        ,  0.99969802,  0.08564945],
       [ 0.        ,  0.        ,  0.        ,  1.        ]])]","[array([[-0.85288934, -0.52079441,  0.03678252, -0.02121304],
       [ 0.52031076, -0.85368213, -0.02243942,  0.16532699],
       [ 0.0430869 , -0.        ,  0.99907133,  0.08265084],
       [ 0.        ,  0.        ,  0.        ,  1.        ]])]","[array([[-0.85288934, -0.52079441,  0.03678252, -0.02121304],
       [ 0.52031076, -0.85368213, -0.02243942,  0.16532699],
       [ 0.0430869 , -0.        ,  0.99907133,  0.08265084],
       [ 0.        ,  0.        ,  0.        ,  1.        ]])]"
