,LP,LD1,LD2,RP,RD1,RD2
0,"[array([[-0.69651107, -0.71692627, -0.02981697, -0.16530819],
       [ 0.71627025, -0.697149  ,  0.03066284,  0.11742748],
       [-0.04276987,  0.        ,  0.99908495,  0.08478405],
       [ 0.        ,  0.        ,  0.        ,  1.        ]])]","[array([[ 0.20329242, -0.97907809,  0.00884843, -0.20977855],
       [ 0.97815198,  0.2034849 ,  0.0425747 ,  0.17438445],
       [-0.04348448, -0.        ,  0.9990541 ,  0.08347281],
       [ 0.        ,  0.        ,  0.        ,  1.        ]])]","[array([[ 0.20329242, -0.97907809,  0.00884843, -0.20977855],
       [ 0.97815198,  0.2034849 ,  0.0425747 ,  0.17438445],
       [-0.04348448, -0.        ,  0.9990541 ,  0.08347281],
       [ 0.        ,  0.        ,  0.        ,  1.        ]])]","[array([[ 0.61278368, -0.79011654,  0.01456064, -0.10673764],
       [ 0.78989358,  0.61295665,  0.01876903,  0.13008537],
       [-0.02375476,  0.        ,  0.99971782,  0.08503011],
       [ 0.        ,  0.        ,  0.        ,  1.        ]])]","[array([[-0.18316574, -0.98305478,  0.00732243, -0.07171333],
       [ 0.98227017, -0.18331204, -0.03926831,  0.17498727],
       [ 0.03994519, -0.        ,  0.99920187,  0.08199674],
       [ 0.        ,  0.        ,  0.        ,  1.        ]])]","[array([[-0.18316574, -0.98305478,  0.00732243, -0.07171333],
       [ 0.98227017, -0.18331204, -0.03926831,  0.17498727],
       [ 0.03994519, -0.        ,  0.99920187,  0.08199674],
       [ 0.        ,  0.        ,  0.        ,  1.        ]])]"
1,"[array([[-0.69650611, -0.71712502, -0.02471735, -0.16529556],
       [ 0.71667388, -0.69694455,  0.02543306,  0.11739776],
       [-0.0354653 ,  0.        ,  0.99937091,  0.08450142],
       [ 0.        ,  0.        ,  0.        ,  1.        ]])]","[array([[ 0.20298606, -0.979143  ,  0.00869725, -0.2097691 ],
       [ 0.97824547,  0.2031723 ,  0.04191443,  0.17438007],
       [-0.04280726, -0.        ,  0.99908335,  0.08344727],
       [ 0.        ,  0.        ,  0.        ,  1.        ]])]","[array([[ 0.20298606, -0.979143  ,  0.00869725, -0.2097691 ],
       [ 0.97824547,  0.2031723 ,  0.04191443,  0.17438007],
       [-0.04280726, -0.        ,  0.99908335,  0.08344727],
       [ 0.        ,  0.        ,  0.        ,  1.        ]])]","[array([[ 0.61466191, -0.78855719,  0.01919085, -0.10676487],
       [ 0.78817313,  0.61496142,  0.02460819,  0.1301397 ],
       [-0.0312066 ,  0.        ,  0.99951296,  0.08519203],
       [ 0.        ,  0.        ,  0.        ,  1.        ]])]","[array([[-0.18315817, -0.98305646,  0.00728498, -0.0717146 ],
       [ 0.98227979, -0.18330299, -0.03906943,  0.17498909],
       [ 0.03974281, -0.        ,  0.99920994,  0.08200218],
       [ 0.        ,  0.        ,  0.        ,  1.        ]])]","[array([[-0.18315817, -0.98305646,  0.00728498, -0.0717146 ],
       [ 0.98227979, -0.18330299, -0.03906943,  0.17498909],
       [ 0.03974281, -0.        ,  0.99920994,  0.08200218],
       [ 0.        ,  0.        ,  0.        ,  1.        ]])]"
2,"[array([[-0.69656942, -0.71706344, -0.02471963, -0.16529444],
       [ 0.71661234, -0.69700791,  0.02543091,  0.11739842],
       [-0.03546535,  0.        ,  0.99937091,  0.08450142],
       [ 0.        ,  0.        ,  0.        ,  1.        ]])]","[array([[ 0.20289962, -0.97916076,  0.00871437, -0.20976643],
       [ 0.97825892,  0.20308667,  0.04201538,  0.17437926],
       [-0.04290959, -0.        ,  0.99907896,  0.08345352],
       [ 0.        ,  0.        ,  0.        ,  1.        ]])]","[array([[ 0.20289962, -0.97916076,  0.00871437, -0.20976643],
       [ 0.97825892,  0.20308667,  0.04201538,  0.17437926],
       [-0.04290959, -0.        ,  0.99907896,  0.08345352],
       [ 0.        ,  0.        ,  0.        ,  1.        ]])]","[array([[ 0.61522428, -0.78819355,  0.01581205, -0.10680924],
       [ 0.78793335,  0.61542744,  0.02025089,  0.13019821],
       [-0.02569279,  0.        ,  0.99966989,  0.08510352],
       [ 0.        ,  0.        ,  0.        ,  1.        ]])]","[array([[-0.18302926, -0.98308023,  0.00731754, -0.07172302],
       [ 0.98229549, -0.18317548, -0.03927234,  0.17499034],
       [ 0.03994826, -0.        ,  0.99920175,  0.08199565],
       [ 0.        ,  0.        ,  0.        ,  1.        ]])]","[array([[-0.18302926, -0.98308023,  0.00731754, -0.07172302],
       [ 0.98229549, -0.18317548, -0.03927234,  0.17499034],
       [ 0.03994826, -0.        ,  0.99920175,  0.08199565],
       [ 0.        ,  0.        ,  0.        ,  1.        ]])]"
3,"[array([[-0.70078007, -0.71306709, -0.0210383 , -0.16495866],
       [ 0.71274597, -0.7010958 ,  0.02139754,  0.11743553],
       [-0.03000775,  0.        ,  0.99954967,  0.08426917],
       [ 0.        ,  0.        ,  0.        ,  1.        ]])]","[array([[ 0.19499948, -0.98077325,  0.00768329, -0.20931146],
       [ 0.98001282,  0.19515079,  0.03861406,  0.17433677],
       [-0.03937104, -0.        ,  0.99922466,  0.083125  ],
       [ 0.        ,  0.        ,  0.        ,  1.        ]])]","[array([[ 0.19499948, -0.98077325,  0.00768329, -0.20931146],
       [ 0.98001282,  0.19515079,  0.03861406,  0.17433677],
       [-0.03937104, -0.        ,  0.99922466,  0.083125  ],
       [ 0.        ,  0.        ,  0.        ,  1.        ]])]","[array([[ 0.61574648, -0.7876677 ,  0.02087725, -0.10693627],
       [ 0.78721535,  0.61610031,  0.026691  ,  0.13019327],
       [-0.03388612,  0.        ,  0.9994257 ,  0.08519205],
       [ 0.        ,  0.        ,  0.        ,  1.        ]])]","[array([[-0.18212813, -0.98324763,  0.00731002, -0.07175198],
       [ 0.98245661, -0.18227477, -0.03943253,  0.1750296 ],
       [ 0.04010437, -0.        ,  0.9991955 ,  0.08200068],
       [ 0.        ,  0.        ,  0.        ,  1.        ]])]","[array([[-0.18212813, -0.98324763,  0.00731002, -0.07175198],
       [ 0.98245661, -0.18227477, -0.03943253,  0.1750296 ],
       [ 0.04010437, -0.        ,  0.9991955 ,  0.08200068],
       [ 0.        ,  0.        ,  0.        ,  1.        ]])]"
4,"[array([[-0.70190564, -0.71167285, -0.02915854, -0.16502259],
       [ 0.71105957, -0.70251103,  0.02953881,  0.1175562 ],
       [-0.04150617,  0.        ,  0.99913825,  0.08470474],
       [ 0.        ,  0.        ,  0.        ,  1.        ]])]","[array([[ 0.18204717, -0.98328002,  0.00438613, -0.20871086],
       [ 0.98299475,  0.1821    ,  0.02368367,  0.17407022],
       [-0.02408639, -0.        ,  0.99970988,  0.08241095],
       [ 0.        ,  0.        ,  0.        ,  1.        ]])]","[array([[ 0.18204717, -0.98328002,  0.00438613, -0.20871086],
       [ 0.98299475,  0.1821    ,  0.02368367,  0.17407022],
       [-0.02408639, -0.        ,  0.99970988,  0.08241095],
       [ 0.        ,  0.        ,  0.        ,  1.        ]])]","[array([[ 0.61558693, -0.78779142,  0.02091436, -0.1069278 ],
       [ 0.78733715,  0.61594211,  0.02674951,  0.13018913],
       [-0.03395507,  0.        ,  0.99942336,  0.08519359],
       [ 0.        ,  0.        ,  0.        ,  1.        ]])]","[array([[-0.1847304 , -0.98276439,  0.00698792, -0.07160758],
       [ 0.98206201, -0.18486252, -0.0371491 ,  0.17499557],
       [ 0.03780062, -0.        ,  0.9992853 ,  0.08210094],
       [ 0.        ,  0.        ,  0.        ,  1.        ]])]","[array([[-0.1847304 , -0.98276439,  0.00698792, -0.07160758],
       [ 0.98206201, -0.18486252, -0.0371491 ,  0.17499557],
       [ 0.03780062, -0.        ,  0.9992853 ,  0.08210094],
       [ 0.        ,  0.        ,  0.        ,  1.        ]])]"
5,"[array([[-0.70296357, -0.71088421, -0.02204223, -0.16486692],
       [ 0.710535  , -0.70330906,  0.02227964,  0.11749688],
       [-0.03134074,  0.        ,  0.99950876,  0.08434103],
       [ 0.        ,  0.        ,  0.        ,  1.        ]])]","[array([[ 0.18176856, -0.98332896,  0.00493421, -0.20870022],
       [ 0.98296686,  0.18183552,  0.02668321,  0.17408791],
       [-0.02713559, -0.        ,  0.99963176,  0.08247391],
       [ 0.        ,  0.        ,  0.        ,  1.        ]])]","[array([[ 0.18176856, -0.98332896,  0.00493421, -0.20870022],
       [ 0.98296686,  0.18183552,  0.02668321,  0.17408791],
       [-0.02713559, -0.        ,  0.99963176,  0.08247391],
       [ 0.        ,  0.        ,  0.        ,  1.        ]])]","[array([[ 0.62332568, -0.78195195,  0.00403142, -0.10705932],
       [ 0.78193559,  0.62333871,  0.00505725,  0.13038177],
       [-0.00646747,  0.        ,  0.99997909,  0.08457587],
       [ 0.        ,  0.        ,  0.        ,  1.        ]])]","[array([[-0.1816703 , -0.98333162,  0.00740424, -0.07179869],
       [ 0.98251594, -0.18182112, -0.04004389,  0.17501195],
       [ 0.04072267, -0.        ,  0.99917049,  0.08193702],
       [ 0.        ,  0.        ,  0.        ,  1.        ]])]","[array([[-0.1816703 , -0.98333162,  0.00740424, -0.07179869],
       [ 0.98251594, -0.18182112, -0.04004389,  0.17501195],
       [ 0.04072267, -0.        ,  0.99917049,  0.08193702],
       [ 0.        ,  0.        ,  0.        ,  1.        ]])]"
6,"[array([[-0.70677163, -0.7070757 , -0.02275544, -0.1649213 ],
       [ 0.70670951, -0.70713786,  0.02275344,  0.11739101],
       [-0.03217963,  0.        ,  0.9994821 ,  0.08434882],
       [ 0.        ,  0.        ,  0.        ,  1.        ]])]","[array([[ 0.19439111, -0.98090818,  0.00558936, -0.20904372],
       [ 0.98050295,  0.19447145,  0.02819257,  0.17381113],
       [-0.02874129, -0.        ,  0.99958688,  0.08246297],
       [ 0.        ,  0.        ,  0.        ,  1.        ]])]","[array([[ 0.19439111, -0.98090818,  0.00558936, -0.20904372],
       [ 0.98050295,  0.19447145,  0.02819257,  0.17381113],
       [-0.02874129, -0.        ,  0.99958688,  0.08246297],
       [ 0.        ,  0.        ,  0.        ,  1.        ]])]","[array([[ 0.62031405, -0.7841972 ,  0.01566024, -0.10695378],
       [ 0.78394741,  0.62051169,  0.01979127,  0.13024462],
       [-0.02523762,  0.        ,  0.99968148,  0.08503132],
       [ 0.        ,  0.        ,  0.        ,  1.        ]])]","[array([[-0.17994037, -0.98364862,  0.0075405 , -0.07161406],
       [ 0.98278607, -0.1800983 , -0.04118419,  0.17490705],
       [ 0.04186881, -0.        ,  0.99912312,  0.08206457],
       [ 0.        ,  0.        ,  0.        ,  1.        ]])]","[array([[-0.17994037, -0.98364862,  0.0075405 , -0.07161406],
       [ 0.98278607, -0.1800983 , -0.04118419,  0.17490705],
       [ 0.04186881, -0.        ,  0.99912312,  0.08206457],
       [ 0.        ,  0.        ,  0.        ,  1.        ]])]"
7,"[array([[-0.73198551, -0.68115788, -0.01487118, -0.1648017 ],
       [ 0.68101735, -0.73213656,  0.0138357 ,  0.11672916],
       [-0.02031203,  0.        ,  0.99979369,  0.08456799],
       [ 0.        ,  0.        ,  0.        ,  1.        ]])]","[array([[ 2.15304442e-01, -9.76546974e-01, -6.46076723e-05,
        -2.10771143e-01],
       [ 9.76546930e-01,  2.15304452e-01, -2.93038190e-04,
         1.71608678e-01],
       [ 3.00075877e-04, -0.00000000e+00,  9.99999955e-01,
         8.34954576e-02],
       [ 0.00000000e+00,  0.00000000e+00,  0.00000000e+00,
         1.00000000e+00]])]","[array([[ 2.15304442e-01, -9.76546974e-01, -6.46076723e-05,
        -2.10771143e-01],
       [ 9.76546930e-01,  2.15304452e-01, -2.93038190e-04,
         1.71608678e-01],
       [ 3.00075877e-04, -0.00000000e+00,  9.99999955e-01,
         8.34954576e-02],
       [ 0.00000000e+00,  0.00000000e+00,  0.00000000e+00,
         1.00000000e+00]])]","[array([[ 0.6359765 , -0.77168028,  0.00659076, -0.10692954],
       [ 0.77163885,  0.63601065,  0.00799666,  0.13012688],
       [-0.01036266,  0.        ,  0.99994631,  0.08502612],
       [ 0.        ,  0.        ,  0.        ,  1.        ]])]","[array([[-0.18745147, -0.98221464,  0.01078608, -0.07071749],
       [ 0.98059265, -0.18776154, -0.05642393,  0.17375043],
       [ 0.05744562, -0.        ,  0.99834864,  0.08299723],
       [ 0.        ,  0.        ,  0.        ,  1.        ]])]","[array([[-0.18745147, -0.98221464,  0.01078608, -0.07071749],
       [ 0.98059265, -0.18776154, -0.05642393,  0.17375043],
       [ 0.05744562, -0.        ,  0.99834864,  0.08299723],
       [ 0.        ,  0.        ,  0.        ,  1.        ]])]"
8,"[array([[-0.73598691, -0.67689812, -0.01149806, -0.16467561],
       [ 0.67681553, -0.73607672,  0.01057365,  0.11675546],
       [-0.01562074,  0.        ,  0.99987799,  0.0844869 ],
       [ 0.        ,  0.        ,  0.        ,  1.        ]])]","[array([[ 2.14668876e-01, -9.76686840e-01, -3.00563151e-04,
        -2.10804561e-01],
       [ 9.76685883e-01,  2.14669087e-01, -1.36748182e-03,
         1.71536400e-01],
       [ 1.40012312e-03, -0.00000000e+00,  9.99999020e-01,
         8.35464761e-02],
       [ 0.00000000e+00,  0.00000000e+00,  0.00000000e+00,
         1.00000000e+00]])]","[array([[ 2.14668876e-01, -9.76686840e-01, -3.00563151e-04,
        -2.10804561e-01],
       [ 9.76685883e-01,  2.14669087e-01, -1.36748182e-03,
         1.71536400e-01],
       [ 1.40012312e-03, -0.00000000e+00,  9.99999020e-01,
         8.35464761e-02],
       [ 0.00000000e+00,  0.00000000e+00,  0.00000000e+00,
         1.00000000e+00]])]","[array([[ 0.63399173, -0.77331489,  0.00621058, -0.10694558],
       [ 0.77327779,  0.63402215,  0.00757503,  0.13010252],
       [-0.00979553,  0.        ,  0.99995202,  0.08501642],
       [ 0.        ,  0.        ,  0.        ,  1.        ]])]","[array([[-0.18932544, -0.98185376,  0.01091226, -0.07090094],
       [ 0.98022691, -0.18963965, -0.05649788,  0.17385524],
       [ 0.05754206, -0.        ,  0.99834308,  0.08302716],
       [ 0.        ,  0.        ,  0.        ,  1.        ]])]","[array([[-0.18932544, -0.98185376,  0.01091226, -0.07090094],
       [ 0.98022691, -0.18963965, -0.05649788,  0.17385524],
       [ 0.05754206, -0.        ,  0.99834308,  0.08302716],
       [ 0.        ,  0.        ,  0.        ,  1.        ]])]"
9,"[array([[-0.73784916, -0.67475177, -0.01699041, -0.16470048],
       [ 0.67457295, -0.73804475,  0.01553336,  0.11655531],
       [-0.02302084,  0.        ,  0.99973499,  0.08482667],
       [ 0.        ,  0.        ,  0.        ,  1.        ]])]","[array([[ 0.21080948, -0.97752648, -0.00115623, -0.21104861],
       [ 0.97751178,  0.21081265, -0.00536138,  0.17113578],
       [ 0.00548464, -0.        ,  0.99998496,  0.08365059],
       [ 0.        ,  0.        ,  0.        ,  1.        ]])]","[array([[ 0.21080948, -0.97752648, -0.00115623, -0.21104861],
       [ 0.97751178,  0.21081265, -0.00536138,  0.17113578],
       [ 0.00548464, -0.        ,  0.99998496,  0.08365059],
       [ 0.        ,  0.        ,  0.        ,  1.        ]])]","[array([[ 0.64177825, -0.76676941, -0.01361449, -0.10696591],
       [ 0.76659694,  0.64192264, -0.01626236,  0.13044229],
       [ 0.02120893,  0.        ,  0.99977507,  0.08393692],
       [ 0.        ,  0.        ,  0.        ,  1.        ]])]","[array([[-0.1864571 , -0.98238452,  0.01242607, -0.07076345],
       [ 0.98021023, -0.1868707 , -0.06532419,  0.17373384],
       [ 0.06649554, -0.        ,  0.99778672,  0.08293644],
       [ 0.        ,  0.        ,  0.        ,  1.        ]])]","[array([[-0.1864571 , -0.98238452,  0.01242607, -0.07076345],
       [ 0.98021023, -0.1868707 , -0.06532419,  0.17373384],
       [ 0.06649554, -0.        ,  0.99778672,  0.08293644],
       [ 0.        ,  0.        ,  0.        ,  1.        ]])]"
10,"[array([[-0.74030551, -0.67208023, -0.01599748, -0.16473407],
       [ 0.67192337, -0.74047833,  0.01451979,  0.11658498],
       [-0.02160425,  0.        ,  0.9997666 ,  0.08490194],
       [ 0.        ,  0.        ,  0.        ,  1.        ]])]","[array([[ 0.21192907, -0.97728401, -0.00142486, -0.21134212],
       [ 0.97726192,  0.21193386, -0.00657041,  0.17096977],
       [ 0.00672313, -0.        ,  0.9999774 ,  0.0839102 ],
       [ 0.        ,  0.        ,  0.        ,  1.        ]])]","[array([[ 0.21192907, -0.97728401, -0.00142486, -0.21134212],
       [ 0.97726192,  0.21193386, -0.00657041,  0.17096977],
       [ 0.00672313, -0.        ,  0.9999774 ,  0.0839102 ],
       [ 0.        ,  0.        ,  0.        ,  1.        ]])]","[array([[ 0.64053325, -0.76764603, -0.02089809, -0.1069898 ],
       [ 0.76723779,  0.64087407, -0.02503196,  0.13040163],
       [ 0.03260873,  0.        ,  0.99946819,  0.08371956],
       [ 0.        ,  0.        ,  0.        ,  1.        ]])]","[array([[-0.18701682, -0.98228696,  0.01170636, -0.07084231],
       [ 0.98036821, -0.18738284, -0.06136638,  0.17371578],
       [ 0.06247297, -0.        ,  0.99804666,  0.08325936],
       [ 0.        ,  0.        ,  0.        ,  1.        ]])]","[array([[-0.18701682, -0.98228696,  0.01170636, -0.07084231],
       [ 0.98036821, -0.18738284, -0.06136638,  0.17371578],
       [ 0.06247297, -0.        ,  0.99804666,  0.08325936],
       [ 0.        ,  0.        ,  0.        ,  1.        ]])]"
11,"[array([[-0.75443645, -0.65634127, -0.00646384, -0.16448751],
       [ 0.65631718, -0.75446414,  0.00562318,  0.11638347],
       [-0.00856746,  0.        ,  0.9999633 ,  0.08453391],
       [ 0.        ,  0.        ,  0.        ,  1.        ]])]","[array([[ 0.19885955, -0.98002676, -0.00155671, -0.21229285],
       [ 0.97999674,  0.19886565, -0.00767158,  0.169858  ],
       [ 0.00782793, -0.        ,  0.99996936,  0.08417107],
       [ 0.        ,  0.        ,  0.        ,  1.        ]])]","[array([[ 0.19885955, -0.98002676, -0.00155671, -0.21229285],
       [ 0.97999674,  0.19886565, -0.00767158,  0.169858  ],
       [ 0.00782793, -0.        ,  0.99996936,  0.08417107],
       [ 0.        ,  0.        ,  0.        ,  1.        ]])]","[array([[ 0.63469774, -0.77205775, -0.03294863, -0.10722924],
       [ 0.77101954,  0.63555238, -0.04002542,  0.13018269],
       [ 0.05184252,  0.        ,  0.99865527,  0.08350373],
       [ 0.        ,  0.        ,  0.        ,  1.        ]])]","[array([[-0.19961995, -0.97976999,  0.01423528, -0.07140192],
       [ 0.9772882 , -0.20012688, -0.06969227,  0.17369449],
       [ 0.07113126, -0.        ,  0.99746696,  0.08398603],
       [ 0.        ,  0.        ,  0.        ,  1.        ]])]","[array([[-0.19961995, -0.97976999,  0.01423528, -0.07140192],
       [ 0.9772882 , -0.20012688, -0.06969227,  0.17369449],
       [ 0.07113126, -0.        ,  0.99746696,  0.08398603],
       [ 0.        ,  0.        ,  0.        ,  1.        ]])]"
12,"[array([[-0.77730265, -0.62906852, -0.00856658, -0.16420908],
       [ 0.62903032, -0.77734985,  0.00693249,  0.11602737],
       [-0.01102024,  0.        ,  0.99993928,  0.08496185],
       [ 0.        ,  0.        ,  0.        ,  1.        ]])]","[array([[ 0.19560901, -0.98067897, -0.00242412, -0.21374842],
       [ 0.98060367,  0.19562403, -0.01215233,  0.16792311],
       [ 0.01239175, -0.        ,  0.99992322,  0.08463394],
       [ 0.        ,  0.        ,  0.        ,  1.        ]])]","[array([[ 0.19560901, -0.98067897, -0.00242412, -0.21374842],
       [ 0.98060367,  0.19562403, -0.01215233,  0.16792311],
       [ 0.01239175, -0.        ,  0.99992322,  0.08463394],
       [ 0.        ,  0.        ,  0.        ,  1.        ]])]","[array([[ 0.62918115, -0.7771346 , -0.01388858, -0.10728873],
       [ 0.77694533,  0.62933442, -0.01715033,  0.12970677],
       [ 0.02206868,  0.        ,  0.99975646,  0.08472566],
       [ 0.        ,  0.        ,  0.        ,  1.        ]])]","[array([[-0.20269922, -0.97912098,  0.01533423, -0.07153208],
       [ 0.97633122, -0.20327841, -0.07385964,  0.17365259],
       [ 0.07543464, -0.        ,  0.99715075,  0.08415318],
       [ 0.        ,  0.        ,  0.        ,  1.        ]])]","[array([[-0.20269922, -0.97912098,  0.01533423, -0.07153208],
       [ 0.97633122, -0.20327841, -0.07385964,  0.17365259],
       [ 0.07543464, -0.        ,  0.99715075,  0.08415318],
       [ 0.        ,  0.        ,  0.        ,  1.        ]])]"
13,"[array([[-0.69975405, -0.71372513, -0.0306711 , -0.16506813],
       [ 0.71304052, -0.7004259 ,  0.03125346,  0.11756455],
       [-0.04378921,  0.        ,  0.99904079,  0.08482088],
       [ 0.        ,  0.        ,  0.        ,  1.        ]])]","[array([[ 0.33313726, -0.94281486,  0.01094083, -0.20790843],
       [ 0.94230682,  0.33331687,  0.03094706,  0.17507057],
       [-0.03282411, -0.        ,  0.99946114,  0.08268981],
       [ 0.        ,  0.        ,  0.        ,  1.        ]])]","[array([[ 0.33313726, -0.94281486,  0.01094083, -0.20790843],
       [ 0.94230682,  0.33331687,  0.03094706,  0.17507057],
       [-0.03282411, -0.        ,  0.99946114,  0.08268981],
       [ 0.        ,  0.        ,  0.        ,  1.        ]])]","[array([[ 0.50998129, -0.86009665,  0.01236225, -0.10797494],
       [ 0.85984407,  0.51013111,  0.02084313,  0.12919891],
       [-0.02423347,  0.        ,  0.99970633,  0.08487183],
       [ 0.        ,  0.        ,  0.        ,  1.        ]])]","[array([[-0.35843999, -0.93349039,  0.0107924 , -0.0791301 ],
       [ 0.93306753, -0.35860242, -0.02809406,  0.17744167],
       [ 0.03009572, -0.        ,  0.99954702,  0.08177596],
       [ 0.        ,  0.        ,  0.        ,  1.        ]])]","[array([[-0.35843999, -0.93349039,  0.0107924 , -0.0791301 ],
       [ 0.93306753, -0.35860242, -0.02809406,  0.17744167],
       [ 0.03009572, -0.        ,  0.99954702,  0.08177596],
       [ 0.        ,  0.        ,  0.        ,  1.        ]])]"
14,"[array([[-0.70059293, -0.71317975, -0.02332769, -0.16497014],
       [ 0.71278473, -0.7009812 ,  0.02373365,  0.11755596],
       [-0.03327863,  0.        ,  0.99944611,  0.08441544],
       [ 0.        ,  0.        ,  0.        ,  1.        ]])]","[array([[ 0.33599813, -0.94180078,  0.01079587, -0.20797084],
       [ 0.941315  ,  0.33617153,  0.03024514,  0.17517395],
       [-0.03211416, -0.        ,  0.99948421,  0.08266123],
       [ 0.        ,  0.        ,  0.        ,  1.        ]])]","[array([[ 0.33599813, -0.94180078,  0.01079587, -0.20797084],
       [ 0.941315  ,  0.33617153,  0.03024514,  0.17517395],
       [-0.03211416, -0.        ,  0.99948421,  0.08266123],
       [ 0.        ,  0.        ,  0.        ,  1.        ]])]","[array([[ 0.5096812 , -0.86027504,  0.01232609, -0.1079768 ],
       [ 0.86002358,  0.50983023,  0.02079875,  0.12919922],
       [-0.02417686,  0.        ,  0.9997077 ,  0.08487256],
       [ 0.        ,  0.        ,  0.        ,  1.        ]])]","[array([[-0.35904133, -0.9332564 ,  0.01103722, -0.07914776],
       [ 0.93281575, -0.35921094, -0.0286755 ,  0.17744131],
       [ 0.03072628, -0.        ,  0.99952784,  0.0817509 ],
       [ 0.        ,  0.        ,  0.        ,  1.        ]])]","[array([[-0.35904133, -0.9332564 ,  0.01103722, -0.07914776],
       [ 0.93281575, -0.35921094, -0.0286755 ,  0.17744131],
       [ 0.03072628, -0.        ,  0.99952784,  0.0817509 ],
       [ 0.        ,  0.        ,  0.        ,  1.        ]])]"
15,"[array([[-0.69444399, -0.71876209, -0.03359472, -0.16520137],
       [ 0.71792251, -0.69525611,  0.03473053,  0.117538  ],
       [-0.04831992,  0.        ,  0.99883191,  0.08491737],
       [ 0.        ,  0.        ,  0.        ,  1.        ]])]","[array([[ 0.33514998, -0.94210746,  0.01039338, -0.20787125],
       [ 0.94165478,  0.3353111 ,  0.02920179,  0.17518528],
       [-0.03099624, -0.        ,  0.9995195 ,  0.08262468],
       [ 0.        ,  0.        ,  0.        ,  1.        ]])]","[array([[ 0.33514998, -0.94210746,  0.01039338, -0.20787125],
       [ 0.94165478,  0.3353111 ,  0.02920179,  0.17518528],
       [-0.03099624, -0.        ,  0.9995195 ,  0.08262468],
       [ 0.        ,  0.        ,  0.        ,  1.        ]])]","[array([[ 0.5076492 , -0.86137017,  0.01826799, -0.107914  ],
       [ 0.86081299,  0.50797779,  0.03097675,  0.12912109],
       [-0.03596218,  0.        ,  0.99935315,  0.08531455],
       [ 0.        ,  0.        ,  0.        ,  1.        ]])]","[array([[-0.35744619, -0.93388105,  0.00992055, -0.07924008],
       [ 0.93352158, -0.35758383, -0.02590893,  0.17745424],
       [ 0.02774329, -0.        ,  0.99961508,  0.08186276],
       [ 0.        ,  0.        ,  0.        ,  1.        ]])]","[array([[-0.35744619, -0.93388105,  0.00992055, -0.07924008],
       [ 0.93352158, -0.35758383, -0.02590893,  0.17745424],
       [ 0.02774329, -0.        ,  0.99961508,  0.08186276],
       [ 0.        ,  0.        ,  0.        ,  1.        ]])]"
16,"[array([[-0.69766265, -0.71598063, -0.02526973, -0.16506464],
       [ 0.71551143, -0.69812015,  0.02591623,  0.11757943],
       [-0.03619683,  0.        ,  0.99934468,  0.08446181],
       [ 0.        ,  0.        ,  0.        ,  1.        ]])]","[array([[ 0.33607383, -0.94177817,  0.01040433, -0.20783515],
       [ 0.94132719,  0.33623485,  0.02914203,  0.17522585],
       [-0.03094363, -0.        ,  0.99952113,  0.08262601],
       [ 0.        ,  0.        ,  0.        ,  1.        ]])]","[array([[ 0.33607383, -0.94177817,  0.01040433, -0.20783515],
       [ 0.94132719,  0.33623485,  0.02914203,  0.17522585],
       [-0.03094363, -0.        ,  0.99952113,  0.08262601],
       [ 0.        ,  0.        ,  0.        ,  1.        ]])]","[array([[ 0.50555274, -0.8626807 ,  0.01408641, -0.10774567],
       [ 0.86234602,  0.50574895,  0.02402787,  0.12919097],
       [-0.02785257,  0.        ,  0.99961204,  0.0849419 ],
       [ 0.        ,  0.        ,  0.        ,  1.        ]])]","[array([[-0.37012946, -0.92891254,  0.01121085, -0.07876143],
       [ 0.92848673, -0.37029921, -0.02812292,  0.17744051],
       [ 0.0302751 , -0.        ,  0.9995416 ,  0.08173525],
       [ 0.        ,  0.        ,  0.        ,  1.        ]])]","[array([[-0.37012946, -0.92891254,  0.01121085, -0.07876143],
       [ 0.92848673, -0.37029921, -0.02812292,  0.17744051],
       [ 0.0302751 , -0.        ,  0.9995416 ,  0.08173525],
       [ 0.        ,  0.        ,  0.        ,  1.        ]])]"
17,"[array([[-0.69755622, -0.71579035, -0.03255001, -0.16508086],
       [ 0.71501233, -0.69831524,  0.03336456,  0.11761839],
       [-0.0466122 ,  0.        ,  0.99891306,  0.08485611],
       [ 0.        ,  0.        ,  0.        ,  1.        ]])]","[array([[ 0.33690906, -0.94147866,  0.01049882, -0.20780736],
       [ 0.94102186,  0.33707261,  0.02932429,  0.17525633],
       [-0.03114706, -0.        ,  0.99951481,  0.08263548],
       [ 0.        ,  0.        ,  0.        ,  1.        ]])]","[array([[ 0.33690906, -0.94147866,  0.01049882, -0.20780736],
       [ 0.94102186,  0.33707261,  0.02932429,  0.17525633],
       [-0.03114706, -0.        ,  0.99951481,  0.08263548],
       [ 0.        ,  0.        ,  0.        ,  1.        ]])]","[array([[ 0.50609954, -0.86235599,  0.01433214, -0.10786904],
       [ 0.86201041,  0.50630243,  0.02441112,  0.1291714 ],
       [-0.02830748,  0.        ,  0.99959926,  0.08501109],
       [ 0.        ,  0.        ,  0.        ,  1.        ]])]","[array([[-0.36050997, -0.93266871,  0.01271406, -0.07923098],
       [ 0.93208924, -0.36073409, -0.03287188,  0.17745247],
       [ 0.03524497, -0.        ,  0.9993787 ,  0.08160821],
       [ 0.        ,  0.        ,  0.        ,  1.        ]])]","[array([[-0.36050997, -0.93266871,  0.01271406, -0.07923098],
       [ 0.93208924, -0.36073409, -0.03287188,  0.17745247],
       [ 0.03524497, -0.        ,  0.9993787 ,  0.08160821],
       [ 0.        ,  0.        ,  0.        ,  1.        ]])]"
18,"[array([[-0.697787  , -0.7158307 , -0.02607135, -0.16502715],
       [ 0.71533157, -0.69827388,  0.02672686,  0.11762671],
       [-0.03733685,  0.        ,  0.99930274,  0.08451335],
       [ 0.        ,  0.        ,  0.        ,  1.        ]])]","[array([[ 0.33731562, -0.9413331 ,  0.01049632, -0.20777864],
       [ 0.94087769,  0.33747889,  0.02927749,  0.17527974],
       [-0.03110215, -0.        ,  0.99951621,  0.08263305],
       [ 0.        ,  0.        ,  0.        ,  1.        ]])]","[array([[ 0.33731562, -0.9413331 ,  0.01049632, -0.20777864],
       [ 0.94087769,  0.33747889,  0.02927749,  0.17527974],
       [-0.03110215, -0.        ,  0.99951621,  0.08263305],
       [ 0.        ,  0.        ,  0.        ,  1.        ]])]","[array([[ 0.50369063, -0.86380207,  0.01190526, -0.10784091],
       [ 0.86356088,  0.50383131,  0.02041117,  0.12911374],
       [-0.02362946,  0.        ,  0.99972079,  0.0849093 ],
       [ 0.        ,  0.        ,  0.        ,  1.        ]])]","[array([[-0.36190336, -0.93215351,  0.01076029, -0.07922258],
       [ 0.93174177, -0.36206329, -0.027703  ,  0.17747024],
       [ 0.02971935, -0.        ,  0.99955828,  0.08180492],
       [ 0.        ,  0.        ,  0.        ,  1.        ]])]","[array([[-0.36190336, -0.93215351,  0.01076029, -0.07922258],
       [ 0.93174177, -0.36206329, -0.027703  ,  0.17747024],
       [ 0.02971935, -0.        ,  0.99955828,  0.08180492],
       [ 0.        ,  0.        ,  0.        ,  1.        ]])]"
19,"[array([[-0.69753651, -0.71607822, -0.025977  , -0.16502457],
       [ 0.71558217, -0.69802005,  0.02664904,  0.11763498],
       [-0.03721527,  0.        ,  0.99930727,  0.08451362],
       [ 0.        ,  0.        ,  0.        ,  1.        ]])]","[array([[ 0.33788044, -0.94113052,  0.01049582, -0.20775769],
       [ 0.94067677,  0.33804342,  0.02922092,  0.17530267],
       [-0.03104874, -0.        ,  0.99951787,  0.08263535],
       [ 0.        ,  0.        ,  0.        ,  1.        ]])]","[array([[ 0.33788044, -0.94113052,  0.01049582, -0.20775769],
       [ 0.94067677,  0.33804342,  0.02922092,  0.17530267],
       [-0.03104874, -0.        ,  0.99951787,  0.08263535],
       [ 0.        ,  0.        ,  0.        ,  1.        ]])]","[array([[ 0.5055357 , -0.86268744,  0.01428423, -0.10788035],
       [ 0.86234327,  0.50573746,  0.02436605,  0.12916593],
       [-0.02824435,  0.        ,  0.99960105,  0.08501467],
       [ 0.        ,  0.        ,  0.        ,  1.        ]])]","[array([[-0.36228367, -0.93200561,  0.01077395, -0.07924746],
       [ 0.93159375, -0.36244384, -0.02770465,  0.17747972],
       [ 0.02972584, -0.        ,  0.99955809,  0.08180972],
       [ 0.        ,  0.        ,  0.        ,  1.        ]])]","[array([[-0.36228367, -0.93200561,  0.01077395, -0.07924746],
       [ 0.93159375, -0.36244384, -0.02770465,  0.17747972],
       [ 0.02972584, -0.        ,  0.99955809,  0.08180972],
       [ 0.        ,  0.        ,  0.        ,  1.        ]])]"
20,"[array([[-0.69703009, -0.71656896, -0.02603811, -0.1650355 ],
       [ 0.71606951, -0.69751626,  0.02674934,  0.1176308 ],
       [-0.03732975,  0.        ,  0.999303  ,  0.08451419],
       [ 0.        ,  0.        ,  0.        ,  1.        ]])]","[array([[ 0.33828253, -0.94098573,  0.01052532, -0.20773582],
       [ 0.94053059,  0.33844623,  0.02926367,  0.17532214],
       [-0.03109896, -0.        ,  0.99951631,  0.08264095],
       [ 0.        ,  0.        ,  0.        ,  1.        ]])]","[array([[ 0.33828253, -0.94098573,  0.01052532, -0.20773582],
       [ 0.94053059,  0.33844623,  0.02926367,  0.17532214],
       [-0.03109896, -0.        ,  0.99951631,  0.08264095],
       [ 0.        ,  0.        ,  0.        ,  1.        ]])]","[array([[ 0.50518524, -0.86289129,  0.01436993, -0.10788131],
       [ 0.86254241,  0.50538957,  0.0245349 ,  0.12916038],
       [-0.02843337,  0.        ,  0.99959569,  0.08502191],
       [ 0.        ,  0.        ,  0.        ,  1.        ]])]","[array([[-0.3625284 , -0.93191038,  0.01077954, -0.07927336],
       [ 0.93149869, -0.36268863, -0.0276975 ,  0.17748537],
       [ 0.0297212 , -0.        ,  0.99955823,  0.08181387],
       [ 0.        ,  0.        ,  0.        ,  1.        ]])]","[array([[-0.3625284 , -0.93191038,  0.01077954, -0.07927336],
       [ 0.93149869, -0.36268863, -0.0276975 ,  0.17748537],
       [ 0.0297212 , -0.        ,  0.99955823,  0.08181387],
       [ 0.        ,  0.        ,  0.        ,  1.        ]])]"
21,"[array([[-0.69693378, -0.71666263, -0.02603791, -0.16503372],
       [ 0.71616299, -0.69742001,  0.02675633,  0.1176368 ],
       [-0.03733462,  0.        ,  0.99930282,  0.0845203 ],
       [ 0.        ,  0.        ,  0.        ,  1.        ]])]","[array([[ 0.33878917, -0.94080307,  0.01055826, -0.20772011],
       [ 0.94034653,  0.33895366,  0.02930561,  0.17534227],
       [-0.03114957, -0.        ,  0.99951473,  0.08264356],
       [ 0.        ,  0.        ,  0.        ,  1.        ]])]","[array([[ 0.33878917, -0.94080307,  0.01055826, -0.20772011],
       [ 0.94034653,  0.33895366,  0.02930561,  0.17534227],
       [-0.03114957, -0.        ,  0.99951473,  0.08264356],
       [ 0.        ,  0.        ,  0.        ,  1.        ]])]","[array([[ 0.50519957, -0.86288455,  0.01427062, -0.10789457],
       [ 0.8625405 ,  0.50540108,  0.02436461,  0.12916353],
       [-0.02823623,  0.        ,  0.99960128,  0.08501849],
       [ 0.        ,  0.        ,  0.        ,  1.        ]])]","[array([[-0.36315282, -0.9316668 ,  0.01081702, -0.07928216],
       [ 0.93125377, -0.36331389, -0.02773871,  0.17748856],
       [ 0.02977321, -0.        ,  0.99955668,  0.08181421],
       [ 0.        ,  0.        ,  0.        ,  1.        ]])]","[array([[-0.36315282, -0.9316668 ,  0.01081702, -0.07928216],
       [ 0.93125377, -0.36331389, -0.02773871,  0.17748856],
       [ 0.02977321, -0.        ,  0.99955668,  0.08181421],
       [ 0.        ,  0.        ,  0.        ,  1.        ]])]"
22,"[array([[-0.69665307, -0.71693768, -0.02597802, -0.16503414],
       [ 0.71643974, -0.69713726,  0.02671586,  0.11763281],
       [-0.03726385,  0.        ,  0.99930546,  0.08451771],
       [ 0.        ,  0.        ,  0.        ,  1.        ]])]","[array([[ 0.33925859, -0.940633  ,  0.01063839, -0.20771127],
       [ 0.94017087,  0.33942535,  0.02948166,  0.17535498],
       [-0.03134237, -0.        ,  0.99950871,  0.08265469],
       [ 0.        ,  0.        ,  0.        ,  1.        ]])]","[array([[ 0.33925859, -0.940633  ,  0.01063839, -0.20771127],
       [ 0.94017087,  0.33942535,  0.02948166,  0.17535498],
       [-0.03134237, -0.        ,  0.99950871,  0.08265469],
       [ 0.        ,  0.        ,  0.        ,  1.        ]])]","[array([[ 0.5048072 , -0.86311593,  0.01416281, -0.10789084],
       [ 0.86277643,  0.50500584,  0.02420595,  0.12915373],
       [-0.02804484,  0.        ,  0.99960667,  0.0850102 ],
       [ 0.        ,  0.        ,  0.        ,  1.        ]])]","[array([[-0.36335265, -0.93158841,  0.01085798, -0.07930373],
       [ 0.93117274, -0.36351485, -0.027826  ,  0.17748438],
       [ 0.02986942, -0.        ,  0.99955381,  0.08181615],
       [ 0.        ,  0.        ,  0.        ,  1.        ]])]","[array([[-0.36335265, -0.93158841,  0.01085798, -0.07930373],
       [ 0.93117274, -0.36351485, -0.027826  ,  0.17748438],
       [ 0.02986942, -0.        ,  0.99955381,  0.08181615],
       [ 0.        ,  0.        ,  0.        ,  1.        ]])]"
23,"[array([[-0.69646285, -0.71712414, -0.02593191, -0.16504252],
       [ 0.71662756, -0.69694546,  0.02668272,  0.11763779],
       [-0.03720795,  0.        ,  0.99930754,  0.08451646],
       [ 0.        ,  0.        ,  0.        ,  1.        ]])]","[array([[ 0.33957339, -0.94051967,  0.01061466, -0.20769877],
       [ 0.94006051,  0.33973925,  0.02938518,  0.1753699 ],
       [-0.03124356, -0.        ,  0.9995118 ,  0.08265355],
       [ 0.        ,  0.        ,  0.        ,  1.        ]])]","[array([[ 0.33957339, -0.94051967,  0.01061466, -0.20769877],
       [ 0.94006051,  0.33973925,  0.02938518,  0.1753699 ],
       [-0.03124356, -0.        ,  0.9995118 ,  0.08265355],
       [ 0.        ,  0.        ,  0.        ,  1.        ]])]","[array([[ 0.50203   , -0.86478268,  0.01080717, -0.10785042],
       [ 0.86458238,  0.5021463 ,  0.01861182,  0.1290939 ],
       [-0.02152196,  0.        ,  0.99976838,  0.08486709],
       [ 0.        ,  0.        ,  0.        ,  1.        ]])]","[array([[-0.36375215, -0.93143235,  0.01086985, -0.07931288],
       [ 0.93101676, -0.36391453, -0.02782118,  0.17749284],
       [ 0.02986924, -0.        ,  0.99955381,  0.08181816],
       [ 0.        ,  0.        ,  0.        ,  1.        ]])]","[array([[-0.36375215, -0.93143235,  0.01086985, -0.07931288],
       [ 0.93101676, -0.36391453, -0.02782118,  0.17749284],
       [ 0.02986924, -0.        ,  0.99955381,  0.08181816],
       [ 0.        ,  0.        ,  0.        ,  1.        ]])]"
24,"[array([[-0.6962992 , -0.71727849, -0.02605738, -0.16503794],
       [ 0.71677676, -0.6967866 ,  0.02682371,  0.11763725],
       [-0.03739651,  0.        ,  0.99930051,  0.08452168],
       [ 0.        ,  0.        ,  0.        ,  1.        ]])]","[array([[ 0.3400493 , -0.94034793,  0.01059466, -0.20769313],
       [ 0.93989186,  0.3402143 ,  0.02928351,  0.1753834 ],
       [-0.03114115, -0.        ,  0.999515  ,  0.08265129],
       [ 0.        ,  0.        ,  0.        ,  1.        ]])]","[array([[ 0.3400493 , -0.94034793,  0.01059466, -0.20769313],
       [ 0.93989186,  0.3402143 ,  0.02928351,  0.1753834 ],
       [-0.03114115, -0.        ,  0.999515  ,  0.08265129],
       [ 0.        ,  0.        ,  0.        ,  1.        ]])]","[array([[ 0.50421443, -0.86346263,  0.01414561, -0.10789063],
       [ 0.86312303,  0.50441282,  0.02421469,  0.12914471],
       [-0.02804371,  0.        ,  0.9996067 ,  0.08501518],
       [ 0.        ,  0.        ,  0.        ,  1.        ]])]","[array([[-0.36410967, -0.93129316,  0.01082581, -0.07932759],
       [ 0.9308818 , -0.36427058, -0.02767723,  0.17749324],
       [ 0.02971914, -0.        ,  0.99955829,  0.08182793],
       [ 0.        ,  0.        ,  0.        ,  1.        ]])]","[array([[-0.36410967, -0.93129316,  0.01082581, -0.07932759],
       [ 0.9308818 , -0.36427058, -0.02767723,  0.17749324],
       [ 0.02971914, -0.        ,  0.99955829,  0.08182793],
       [ 0.        ,  0.        ,  0.        ,  1.        ]])]"
25,"[array([[-0.69626479, -0.71730882, -0.02614192, -0.16503506],
       [ 0.71680376, -0.69675538,  0.02691308,  0.11764   ],
       [-0.03751951,  0.        ,  0.9992959 ,  0.08452644],
       [ 0.        ,  0.        ,  0.        ,  1.        ]])]","[array([[ 0.34028613, -0.94026198,  0.01061868, -0.20767828],
       [ 0.93980452,  0.34045177,  0.02932675,  0.17539425],
       [-0.03118998, -0.        ,  0.99951347,  0.08265384],
       [ 0.        ,  0.        ,  0.        ,  1.        ]])]","[array([[ 0.34028613, -0.94026198,  0.01061868, -0.20767828],
       [ 0.93980452,  0.34045177,  0.02932675,  0.17539425],
       [-0.03118998, -0.        ,  0.99951347,  0.08265384],
       [ 0.        ,  0.        ,  0.        ,  1.        ]])]","[array([[ 0.50172451, -0.86496244,  0.0106058 , -0.10785717],
       [ 0.86476926,  0.5018366 ,  0.0182801 ,  0.12908997],
       [-0.02113398,  0.        ,  0.99977665,  0.0848564 ],
       [ 0.        ,  0.        ,  0.        ,  1.        ]])]","[array([[-0.36434112, -0.93120128,  0.01094199, -0.07933997],
       [ 0.93078162, -0.36450539, -0.02795349,  0.1774952 ],
       [ 0.03001874, -0.        ,  0.99954934,  0.0818174 ],
       [ 0.        ,  0.        ,  0.        ,  1.        ]])]","[array([[-0.36434112, -0.93120128,  0.01094199, -0.07933997],
       [ 0.93078162, -0.36450539, -0.02795349,  0.1774952 ],
       [ 0.03001874, -0.        ,  0.99954934,  0.0818174 ],
       [ 0.        ,  0.        ,  0.        ,  1.        ]])]"
26,"[array([[-0.69607968, -0.71749345, -0.02600441, -0.1650363 ],
       [ 0.71699329, -0.69656525,  0.02678571,  0.11764192],
       [-0.03733235,  0.        ,  0.99930291,  0.08452224],
       [ 0.        ,  0.        ,  0.        ,  1.        ]])]","[array([[ 0.34054222, -0.94016876,  0.01066257, -0.207666  ],
       [ 0.93970826,  0.3407091 ,  0.0294228 ,  0.17540547],
       [-0.03129523, -0.        ,  0.99951018,  0.08266019],
       [ 0.        ,  0.        ,  0.        ,  1.        ]])]","[array([[ 0.34054222, -0.94016876,  0.01066257, -0.207666  ],
       [ 0.93970826,  0.3407091 ,  0.0294228 ,  0.17540547],
