,LP,LD1,LD2,RP,RD1,RD2
0,"[array([[-0.08284081, -0.99655565, -0.00377343, -0.03436419],
       [ 0.99552341, -0.08292671,  0.0453465 ,  0.25987298],
       [-0.04550323,  0.        ,  0.99896419,  0.08626127],
       [ 0.        ,  0.        ,  0.        ,  1.        ]])]","[array([[ 0.60614475, -0.79534927,  0.00284209, -0.03370047],
       [ 0.79534053,  0.60615142,  0.00372919,  0.33110385],
       [-0.00468874, -0.        ,  0.99998901,  0.0839511 ],
       [ 0.        ,  0.        ,  0.        ,  1.        ]])]","[array([[ 0.60614475, -0.79534927,  0.00284209, -0.03370047],
       [ 0.79534053,  0.60615142,  0.00372919,  0.33110385],
       [-0.00468874, -0.        ,  0.99998901,  0.0839511 ],
       [ 0.        ,  0.        ,  0.        ,  1.        ]])]","[array([[ 0.67688053, -0.73595892,  0.01404349,  0.02725024],
       [ 0.73580057,  0.6770262 ,  0.01526593,  0.26969267],
       [-0.02074291,  0.        ,  0.99978484,  0.08604964],
       [ 0.        ,  0.        ,  0.        ,  1.        ]])]","[array([[ 0.28138176, -0.95953774, -0.01056514,  0.06835242],
       [ 0.95886208,  0.28158004, -0.03600273,  0.31575591],
       [ 0.03752091,  0.        ,  0.99929584,  0.08303984],
       [ 0.        ,  0.        ,  0.        ,  1.        ]])]","[array([[ 0.28138176, -0.95953774, -0.01056514,  0.06835242],
       [ 0.95886208,  0.28158004, -0.03600273,  0.31575591],
       [ 0.03752091,  0.        ,  0.99929584,  0.08303984],
       [ 0.        ,  0.        ,  0.        ,  1.        ]])]"
1,"[array([[-0.08278031, -0.9965608 , -0.0037397 , -0.0343666 ],
       [ 0.99554542, -0.08286474,  0.04497502,  0.2598732 ],
       [-0.04513023,  0.        ,  0.99898111,  0.08625192],
       [ 0.        ,  0.        ,  0.        ,  1.        ]])]","[array([[ 0.60610344, -0.7953802 ,  0.00299261, -0.0336993 ],
       [ 0.7953705 ,  0.60611083,  0.00392711,  0.33110072],
       [-0.0049374 , -0.        ,  0.99998781,  0.08396201],
       [ 0.        ,  0.        ,  0.        ,  1.        ]])]","[array([[ 0.60610344, -0.7953802 ,  0.00299261, -0.0336993 ],
       [ 0.7953705 ,  0.60611083,  0.00392711,  0.33110072],
       [-0.0049374 , -0.        ,  0.99998781,  0.08396201],
       [ 0.        ,  0.        ,  0.        ,  1.        ]])]","[array([[ 0.67701464, -0.73583714,  0.01396021,  0.02724632],
       [ 0.73568075,  0.67715855,  0.01516991,  0.26969653],
       [-0.02061586,  0.        ,  0.99978747,  0.0860478 ],
       [ 0.        ,  0.        ,  0.        ,  1.        ]])]","[array([[ 0.28131811, -0.95955688, -0.01052175,  0.06834818],
       [ 0.95888643,  0.28151481, -0.0358639 ,  0.31575424],
       [ 0.03737548,  0.        ,  0.99930129,  0.08304146],
       [ 0.        ,  0.        ,  0.        ,  1.        ]])]","[array([[ 0.28131811, -0.95955688, -0.01052175,  0.06834818],
       [ 0.95888643,  0.28151481, -0.0358639 ,  0.31575424],
       [ 0.03737548,  0.        ,  0.99930129,  0.08304146],
       [ 0.        ,  0.        ,  0.        ,  1.        ]])]"
2,"[array([[-0.0827345 , -0.99656467, -0.00372286, -0.03436667],
       [ 0.99555728, -0.08281822,  0.04479778,  0.25987446],
       [-0.0449522 ,  0.        ,  0.99898914,  0.08624593],
       [ 0.        ,  0.        ,  0.        ,  1.        ]])]","[array([[ 0.60622028, -0.79529092,  0.00305274, -0.03371161],
       [ 0.79528084,  0.60622797,  0.00400479,  0.3311021 ],
       [-0.00503563, -0.        ,  0.99998732,  0.08397113],
       [ 0.        ,  0.        ,  0.        ,  1.        ]])]","[array([[ 0.60622028, -0.79529092,  0.00305274, -0.03371161],
       [ 0.79528084,  0.60622797,  0.00400479,  0.3311021 ],
       [-0.00503563, -0.        ,  0.99998732,  0.08397113],
       [ 0.        ,  0.        ,  0.        ,  1.        ]])]","[array([[ 0.67697828, -0.73587138,  0.01391822,  0.02725083],
       [ 0.73571591,  0.67712134,  0.01512583,  0.26969642],
       [-0.02055499,  0.        ,  0.99978872,  0.08604843],
       [ 0.        ,  0.        ,  0.        ,  1.        ]])]","[array([[ 0.2813046 , -0.95956086, -0.01052074,  0.06834955],
       [ 0.95889047,  0.28150126, -0.03586232,  0.31575693],
       [ 0.03737368,  0.        ,  0.99930136,  0.08304352],
       [ 0.        ,  0.        ,  0.        ,  1.        ]])]","[array([[ 0.2813046 , -0.95956086, -0.01052074,  0.06834955],
       [ 0.95889047,  0.28150126, -0.03586232,  0.31575693],
       [ 0.03737368,  0.        ,  0.99930136,  0.08304352],
       [ 0.        ,  0.        ,  0.        ,  1.        ]])]"
3,"[array([[-0.08267678, -0.99656939, -0.00374116, -0.03436702],
       [ 0.99555067, -0.08276138,  0.04504905,  0.25987325],
       [-0.04520412,  0.        ,  0.99897777,  0.08625157],
       [ 0.        ,  0.        ,  0.        ,  1.        ]])]","[array([[ 0.60624462, -0.7952726 ,  0.00299253, -0.03370431],
       [ 0.79526291,  0.60625201,  0.00392556,  0.33110477],
       [-0.00493611, -0.        ,  0.99998782,  0.08395997],
       [ 0.        ,  0.        ,  0.        ,  1.        ]])]","[array([[ 0.60624462, -0.7952726 ,  0.00299253, -0.03370431],
       [ 0.79526291,  0.60625201,  0.00392556,  0.33110477],
       [-0.00493611, -0.        ,  0.99998782,  0.08395997],
       [ 0.        ,  0.        ,  0.        ,  1.        ]])]","[array([[ 0.67693646, -0.73590817,  0.01400666,  0.02725044],
       [ 0.73575069,  0.67708136,  0.0152236 ,  0.26969528],
       [-0.02068682,  0.        ,  0.999786  ,  0.08604538],
       [ 0.        ,  0.        ,  0.        ,  1.        ]])]","[array([[ 0.28131462, -0.95955851, -0.01046686,  0.06834927],
       [ 0.95889501,  0.28150927, -0.03567757,  0.31575589],
       [ 0.03718123,  0.        ,  0.99930854,  0.08305064],
       [ 0.        ,  0.        ,  0.        ,  1.        ]])]","[array([[ 0.28131462, -0.95955851, -0.01046686,  0.06834927],
       [ 0.95889501,  0.28150927, -0.03567757,  0.31575589],
       [ 0.03718123,  0.        ,  0.99930854,  0.08305064],
       [ 0.        ,  0.        ,  0.        ,  1.        ]])]"
4,"[array([[-0.08262512, -0.99657368, -0.0037393 , -0.03437022],
       [ 0.99555469, -0.08270969,  0.04505507,  0.25987475],
       [-0.04520997,  0.        ,  0.99897751,  0.0862507 ],
       [ 0.        ,  0.        ,  0.        ,  1.        ]])]","[array([[ 0.606223  , -0.79528974,  0.00281165, -0.0337097 ],
       [ 0.79528119,  0.60622952,  0.0036885 ,  0.33110709],
       [-0.00463794, -0.        ,  0.99998924,  0.08395249],
       [ 0.        ,  0.        ,  0.        ,  1.        ]])]","[array([[ 0.606223  , -0.79528974,  0.00281165, -0.0337097 ],
       [ 0.79528119,  0.60622952,  0.0036885 ,  0.33110709],
       [-0.00463794, -0.        ,  0.99998924,  0.08395249],
       [ 0.        ,  0.        ,  0.        ,  1.        ]])]","[array([[ 0.67697194, -0.73587392,  0.01409172,  0.02725195],
       [ 0.73571454,  0.67711859,  0.01531449,  0.26969542],
       [-0.0208113 ,  0.        ,  0.99978342,  0.08605217],
       [ 0.        ,  0.        ,  0.        ,  1.        ]])]","[array([[ 0.2812725 , -0.95957043, -0.01050609,  0.06835444],
       [ 0.95890174,  0.28146864, -0.0358169 ,  0.31575112],
       [ 0.03732597,  0.        ,  0.99930314,  0.08304603],
       [ 0.        ,  0.        ,  0.        ,  1.        ]])]","[array([[ 0.2812725 , -0.95957043, -0.01050609,  0.06835444],
       [ 0.95890174,  0.28146864, -0.0358169 ,  0.31575112],
       [ 0.03732597,  0.        ,  0.99930314,  0.08304603],
       [ 0.        ,  0.        ,  0.        ,  1.        ]])]"
5,"[array([[-0.08258387, -0.9965771 , -0.00374073, -0.03437019],
       [ 0.99555631, -0.08266854,  0.04509484,  0.25987218],
       [-0.04524973,  0.        ,  0.99897571,  0.08625259],
       [ 0.        ,  0.        ,  0.        ,  1.        ]])]","[array([[ 0.60616727, -0.79533211,  0.0028416 , -0.03370811],
       [ 0.79532337,  0.60617393,  0.00372833,  0.3311005 ],
       [-0.00468776, -0.        ,  0.99998901,  0.08395607],
       [ 0.        ,  0.        ,  0.        ,  1.        ]])]","[array([[ 0.60616727, -0.79533211,  0.0028416 , -0.03370811],
       [ 0.79532337,  0.60617393,  0.00372833,  0.3311005 ],
       [-0.00468776, -0.        ,  0.99998901,  0.08395607],
       [ 0.        ,  0.        ,  0.        ,  1.        ]])]","[array([[ 0.67700274, -0.73584473,  0.01413612,  0.02725152],
       [ 0.73568437,  0.67715031,  0.01536142,  0.26969538],
       [-0.0208759 ,  0.        ,  0.99978207,  0.08605362],
       [ 0.        ,  0.        ,  0.        ,  1.        ]])]","[array([[ 0.28115268, -0.95960544, -0.010515  ,  0.06835877],
       [ 0.95893503,  0.28134924, -0.03586378,  0.31574542],
       [ 0.03737347,  0.        ,  0.99930137,  0.08304352],
       [ 0.        ,  0.        ,  0.        ,  1.        ]])]","[array([[ 0.28115268, -0.95960544, -0.010515  ,  0.06835877],
       [ 0.95893503,  0.28134924, -0.03586378,  0.31574542],
       [ 0.03737347,  0.        ,  0.99930137,  0.08304352],
       [ 0.        ,  0.        ,  0.        ,  1.        ]])]"
6,"[array([[-0.0827128 , -0.99656638, -0.00374676, -0.03436318],
       [ 0.9955455 , -0.08279762,  0.04509669,  0.25986796],
       [-0.04525207,  0.        ,  0.9989756 ,  0.08624865],
       [ 0.        ,  0.        ,  0.        ,  1.        ]])]","[array([[ 0.60608676, -0.7953928 ,  0.00302243, -0.03370183],
       [ 0.79538291,  0.6060943 ,  0.00396641,  0.33109425],
       [-0.00498673, -0.        ,  0.99998757,  0.08396458],
       [ 0.        ,  0.        ,  0.        ,  1.        ]])]","[array([[ 0.60608676, -0.7953928 ,  0.00302243, -0.03370183],
       [ 0.79538291,  0.6060943 ,  0.00396641,  0.33109425],
       [-0.00498673, -0.        ,  0.99998757,  0.08396458],
       [ 0.        ,  0.        ,  0.        ,  1.        ]])]","[array([[ 0.67699441, -0.73585232,  0.01413976,  0.02725464],
       [ 0.73569187,  0.67714205,  0.01536572,  0.26969214],
       [-0.02088153,  0.        ,  0.99978196,  0.08605075],
       [ 0.        ,  0.        ,  0.        ,  1.        ]])]","[array([[ 0.28138917, -0.95953539, -0.01058171,  0.06834021],
       [ 0.95885764,  0.28158806, -0.03605807,  0.31575516],
       [ 0.03757868,  0.        ,  0.99929367,  0.083031  ],
       [ 0.        ,  0.        ,  0.        ,  1.        ]])]","[array([[ 0.28138917, -0.95953539, -0.01058171,  0.06834021],
       [ 0.95885764,  0.28158806, -0.03605807,  0.31575516],
       [ 0.03757868,  0.        ,  0.99929367,  0.083031  ],
       [ 0.        ,  0.        ,  0.        ,  1.        ]])]"
7,"[array([[-0.08284712, -0.99655522, -0.00374811, -0.03436104],
       [ 0.99553692, -0.08293187,  0.04503932,  0.25986762],
       [-0.04519501,  0.        ,  0.99897818,  0.08624837],
       [ 0.        ,  0.        ,  0.        ,  1.        ]])]","[array([[ 0.60617616, -0.79532522,  0.00287239, -0.03370637],
       [ 0.79531629,  0.60618297,  0.00376863,  0.33109777],
       [-0.00473848, -0.        ,  0.99998877,  0.08395268],
       [ 0.        ,  0.        ,  0.        ,  1.        ]])]","[array([[ 0.60617616, -0.79532522,  0.00287239, -0.03370637],
       [ 0.79531629,  0.60618297,  0.00376863,  0.33109777],
       [-0.00473848, -0.        ,  0.99998877,  0.08395268],
       [ 0.        ,  0.        ,  0.        ,  1.        ]])]","[array([[ 0.67685748, -0.73597416,  0.01435229,  0.02725862],
       [ 0.73580876,  0.67700963,  0.01560232,  0.26968634],
       [-0.02119954,  0.        ,  0.99977526,  0.08606187],
       [ 0.        ,  0.        ,  0.        ,  1.        ]])]","[array([[ 0.28127197, -0.95957043, -0.01052017,  0.06835346],
       [ 0.95889995,  0.28146864, -0.03586491,  0.31574618],
       [ 0.03737601,  0.        ,  0.99930127,  0.08304244],
       [ 0.        ,  0.        ,  0.        ,  1.        ]])]","[array([[ 0.28127197, -0.95957043, -0.01052017,  0.06835346],
       [ 0.95889995,  0.28146864, -0.03586491,  0.31574618],
       [ 0.03737601,  0.        ,  0.99930127,  0.08304244],
       [ 0.        ,  0.        ,  0.        ,  1.        ]])]"
8,"[array([[-0.0828532 , -0.99655479, -0.00372793, -0.0343629 ],
       [ 0.99554756, -0.08293702,  0.04479409,  0.25986733],
       [-0.04494895,  0.        ,  0.99898929,  0.08624286],
       [ 0.        ,  0.        ,  0.        ,  1.        ]])]","[array([[ 0.60596359, -0.79548783,  0.00269041, -0.03369334],
       [ 0.79547999,  0.60596956,  0.00353184,  0.3310906 ],
       [-0.00443984, -0.        ,  0.99999014,  0.08394319],
       [ 0.        ,  0.        ,  0.        ,  1.        ]])]","[array([[ 0.60596359, -0.79548783,  0.00269041, -0.03369334],
       [ 0.79547999,  0.60596956,  0.00353184,  0.3310906 ],
       [-0.00443984, -0.        ,  0.99999014,  0.08394319],
       [ 0.        ,  0.        ,  0.        ,  1.        ]])]","[array([[ 0.67692646, -0.73591071,  0.01435252,  0.02725864],
       [ 0.73574535,  0.6770786 ,  0.01559963,  0.26969138],
       [-0.02119772,  0.        ,  0.9997753 ,  0.08605983],
       [ 0.        ,  0.        ,  0.        ,  1.        ]])]","[array([[ 0.28125635, -0.9595744 , -0.01057549,  0.0683569 ],
       [ 0.95889678,  0.2814551 , -0.03605536,  0.31574609],
       [ 0.03757433,  0.        ,  0.99929384,  0.08303414],
       [ 0.        ,  0.        ,  0.        ,  1.        ]])]","[array([[ 0.28125635, -0.9595744 , -0.01057549,  0.0683569 ],
       [ 0.95889678,  0.2814551 , -0.03605536,  0.31574609],
       [ 0.03757433,  0.        ,  0.99929384,  0.08303414],
       [ 0.        ,  0.        ,  0.        ,  1.        ]])]"
9,"[array([[-0.08284712, -0.99655522, -0.00374811, -0.03436104],
       [ 0.99553692, -0.08293187,  0.04503932,  0.25987162],
       [-0.04519501,  0.        ,  0.99897818,  0.08624837],
       [ 0.        ,  0.        ,  0.        ,  1.        ]])]","[array([[ 0.60626866, -0.79525427,  0.00299277, -0.03370299],
       [ 0.79524458,  0.60627605,  0.00392562,  0.33110246],
       [-0.00493631, -0.        ,  0.99998782,  0.08395997],
       [ 0.        ,  0.        ,  0.        ,  1.        ]])]","[array([[ 0.60626866, -0.79525427,  0.00299277, -0.03370299],
       [ 0.79524458,  0.60627605,  0.00392562,  0.33110246],
       [-0.00493631, -0.        ,  0.99998782,  0.08395997],
       [ 0.        ,  0.        ,  0.        ,  1.        ]])]","[array([[ 0.6768314 , -0.73599571,  0.01447645,  0.02726201],
       [ 0.73582742,  0.6769862 ,  0.01573829,  0.26969072],
       [-0.02138367,  0.        ,  0.99977134,  0.08606599],
       [ 0.        ,  0.        ,  0.        ,  1.        ]])]","[array([[ 0.28256586, -0.95918112, -0.01131834,  0.06829367],
       [ 0.95841257,  0.28279245, -0.03838978,  0.31576988],
       [ 0.04002349,  0.        ,  0.99919874,  0.08289925],
       [ 0.        ,  0.        ,  0.        ,  1.        ]])]","[array([[ 0.28256586, -0.95918112, -0.01131834,  0.06829367],
       [ 0.95841257,  0.28279245, -0.03838978,  0.31576988],
       [ 0.04002349,  0.        ,  0.99919874,  0.08289925],
       [ 0.        ,  0.        ,  0.        ,  1.        ]])]"
10,"[array([[-0.08253244, -0.99658138, -0.00373373, -0.03436739],
       [ 0.99556314, -0.08261685,  0.04503887,  0.25987662],
       [-0.04519337,  0.        ,  0.99897826,  0.08624933],
       [ 0.        ,  0.        ,  0.        ,  1.        ]])]","[array([[ 0.6063605 , -0.79518424,  0.0029954 , -0.03369759],
       [ 0.79517453,  0.6063679 ,  0.00392813,  0.33111011],
       [-0.0049399 , -0.        ,  0.9999878 ,  0.08395909],
       [ 0.        ,  0.        ,  0.        ,  1.        ]])]","[array([[ 0.6063605 , -0.79518424,  0.0029954 , -0.03369759],
       [ 0.79517453,  0.6063679 ,  0.00392813,  0.33111011],
       [-0.0049399 , -0.        ,  0.9999878 ,  0.08395909],
       [ 0.        ,  0.        ,  0.        ,  1.        ]])]","[array([[ 0.67696559, -0.73587392,  0.01439324,  0.02725909],
       [ 0.73570765,  0.67711859,  0.01564218,  0.26969558],
       [-0.02125661,  0.        ,  0.99977405,  0.08606015],
       [ 0.        ,  0.        ,  0.        ,  1.        ]])]","[array([[ 0.28146792, -0.95951227, -0.01058386,  0.06835603],
       [ 0.95883464,  0.28166684, -0.03605446,  0.31575598],
       [ 0.03757582,  0.        ,  0.99929378,  0.08302209],
       [ 0.        ,  0.        ,  0.        ,  1.        ]])]","[array([[ 0.28146792, -0.95951227, -0.01058386,  0.06835603],
       [ 0.95883464,  0.28166684, -0.03605446,  0.31575598],
       [ 0.03757582,  0.        ,  0.99929378,  0.08302209],
       [ 0.        ,  0.        ,  0.        ,  1.        ]])]"
11,"[array([[-0.08615978, -0.99627377, -0.00388221, -0.03451363],
       [ 0.99526397, -0.0862472 ,  0.04484484,  0.25965803],
       [-0.04501256,  0.        ,  0.99898642,  0.08623328],
       [ 0.        ,  0.        ,  0.        ,  1.        ]])]","[array([[ 0.60339865, -0.79743296,  0.00327797, -0.03407853],
       [ 0.79742119,  0.60340755,  0.004332  ,  0.33087634],
       [-0.00543243, -0.        ,  0.99998524,  0.08396475],
       [ 0.        ,  0.        ,  0.        ,  1.        ]])]","[array([[ 0.60339865, -0.79743296,  0.00327797, -0.03407853],
       [ 0.79742119,  0.60340755,  0.004332  ,  0.33087634],
       [-0.00543243, -0.        ,  0.99998524,  0.08396475],
       [ 0.        ,  0.        ,  0.        ,  1.        ]])]","[array([[ 0.67436202, -0.73826073,  0.01438639,  0.02707323],
       [ 0.73809279,  0.67451545,  0.01574598,  0.26968205],
       [-0.02132848,  0.        ,  0.99977252,  0.08606776],
       [ 0.        ,  0.        ,  0.        ,  1.        ]])]","[array([[ 0.27783999, -0.96057237, -0.01027929,  0.06803282],
       [ 0.95991563,  0.27803008, -0.03551414,  0.3158656 ],
       [ 0.03697186,  0.        ,  0.99931631,  0.08305029],
       [ 0.        ,  0.        ,  0.        ,  1.        ]])]","[array([[ 0.27783999, -0.96057237, -0.01027929,  0.06803282],
       [ 0.95991563,  0.27803008, -0.03551414,  0.3158656 ],
       [ 0.03697186,  0.        ,  0.99931631,  0.08305029],
       [ 0.        ,  0.        ,  0.        ,  1.        ]])]"
12,"[array([[-0.08581995, -0.99630311, -0.00387918, -0.03452358],
       [ 0.99528686, -0.08590757,  0.04498833,  0.25966538],
       [-0.04515526,  0.        ,  0.99897998,  0.08623548],
       [ 0.        ,  0.        ,  0.        ,  1.        ]])]","[array([[ 0.60312317, -0.79764295,  0.00285622, -0.03405771],
       [ 0.79763401,  0.60312994,  0.00377736,  0.33086532],
       [-0.00473566, -0.        ,  0.99998879,  0.08393359],
       [ 0.        ,  0.        ,  0.        ,  1.        ]])]","[array([[ 0.60312317, -0.79764295,  0.00285622, -0.03405771],
       [ 0.79763401,  0.60312994,  0.00377736,  0.33086532],
       [-0.00473566, -0.        ,  0.99998879,  0.08393359],
       [ 0.        ,  0.        ,  0.        ,  1.        ]])]","[array([[ 0.67452675, -0.73810763,  0.01451826,  0.0270729 ],
       [ 0.73793672,  0.67468298,  0.01588308,  0.26968403],
       [-0.02151864,  0.        ,  0.99976845,  0.08607202],
       [ 0.        ,  0.        ,  0.        ,  1.        ]])]","[array([[ 0.27784721, -0.96057026, -0.01028168,  0.06803762],
       [ 0.95991325,  0.27803738, -0.03552139,  0.31586677],
       [ 0.03697948,  0.        ,  0.99931602,  0.08304605],
       [ 0.        ,  0.        ,  0.        ,  1.        ]])]","[array([[ 0.27784721, -0.96057026, -0.01028168,  0.06803762],
       [ 0.95991325,  0.27803738, -0.03552139,  0.31586677],
       [ 0.03697948,  0.        ,  0.99931602,  0.08304605],
       [ 0.        ,  0.        ,  0.        ,  1.        ]])]"
13,"[array([[-0.08599403, -0.99628799, -0.00390797, -0.03452351],
       [ 0.9952608 , -0.08608278,  0.04522934,  0.25965697],
       [-0.04539786,  0.        ,  0.99896899,  0.08624591],
       [ 0.        ,  0.        ,  0.        ,  1.        ]])]","[array([[ 0.60367672, -0.79722295,  0.0031585 , -0.03408142],
       [ 0.79721204,  0.60368499,  0.0041711 ,  0.33087724],
       [-0.00523203, -0.        ,  0.99998631,  0.08395138],
       [ 0.        ,  0.        ,  0.        ,  1.        ]])]","[array([[ 0.60367672, -0.79722295,  0.0031585 , -0.03408142],
       [ 0.79721204,  0.60368499,  0.0041711 ,  0.33087724],
       [-0.00523203, -0.        ,  0.99998631,  0.08395138],
       [ 0.        ,  0.        ,  0.        ,  1.        ]])]","[array([[ 0.67446059, -0.7381656 ,  0.01464431,  0.02707186],
       [ 0.73799166,  0.67461956,  0.01602374,  0.26967624],
       [-0.02170751,  0.        ,  0.99976436,  0.08608025],
       [ 0.        ,  0.        ,  0.        ,  1.        ]])]","[array([[ 0.27779479, -0.96058576, -0.01024991,  0.06803607],
       [ 0.95993254,  0.27798382, -0.03541902,  0.31585742],
       [ 0.03687231,  0.        ,  0.99931999,  0.08305046],
       [ 0.        ,  0.        ,  0.        ,  1.        ]])]","[array([[ 0.27779479, -0.96058576, -0.01024991,  0.06803607],
       [ 0.95993254,  0.27798382, -0.03541902,  0.31585742],
       [ 0.03687231,  0.        ,  0.99931999,  0.08305046],
       [ 0.        ,  0.        ,  0.        ,  1.        ]])]"
14,"[array([[-0.08603554, -0.99628448, -0.00388739, -0.03451854],
       [ 0.99526906, -0.08612331,  0.04496978,  0.25965332],
       [-0.04513748,  0.        ,  0.99898078,  0.08623908],
       [ 0.        ,  0.        ,  0.        ,  1.        ]])]","[array([[ 0.60345382, -0.79739083,  0.00336853, -0.03407409],
       [ 0.79737841,  0.60346323,  0.00445103,  0.33087295],
       [-0.005582  , -0.        ,  0.99998442,  0.08396651],
       [ 0.        ,  0.        ,  0.        ,  1.        ]])]","[array([[ 0.60345382, -0.79739083,  0.00336853, -0.03407409],
       [ 0.79737841,  0.60346323,  0.00445103,  0.33087295],
       [-0.005582  , -0.        ,  0.99998442,  0.08396651],
       [ 0.        ,  0.        ,  0.        ,  1.        ]])]","[array([[ 0.67473394, -0.73791738,  0.01456193,  0.02706694],
       [ 0.73774559,  0.67489105,  0.01592184,  0.26968716],
       [-0.02157672,  0.        ,  0.9997672 ,  0.08607232],
       [ 0.        ,  0.        ,  0.        ,  1.        ]])]","[array([[ 0.27790836, -0.96055299, -0.01024249,  0.06803691],
       [ 0.95990127,  0.27809704, -0.03537777,  0.31586097],
       [ 0.03683062,  0.        ,  0.99932152,  0.08304779],
       [ 0.        ,  0.        ,  0.        ,  1.        ]])]","[array([[ 0.27790836, -0.96055299, -0.01024249,  0.06803691],
       [ 0.95990127,  0.27809704, -0.03537777,  0.31586097],
       [ 0.03683062,  0.        ,  0.99932152,  0.08304779],
       [ 0.        ,  0.        ,  0.        ,  1.        ]])]"
15,"[array([[-0.0757179 , -0.99712277, -0.00360267, -0.03550019],
       [ 0.995996  , -0.07580356,  0.04738965,  0.25181342],
       [-0.04752639,  0.        ,  0.99886998,  0.08631359],
       [ 0.        ,  0.        ,  0.        ,  1.        ]])]","[array([[ 0.61093872, -0.79167067,  0.00337991, -0.03438837],
       [ 0.79165856,  0.61094807,  0.00437971,  0.32301952],
       [-0.00553224, -0.        ,  0.9999847 ,  0.08396493],
       [ 0.        ,  0.        ,  0.        ,  1.        ]])]","[array([[ 0.61093872, -0.79167067,  0.00337991, -0.03438837],
       [ 0.79165856,  0.61094807,  0.00437971,  0.32301952],
       [-0.00553224, -0.        ,  0.9999847 ,  0.08396493],
       [ 0.        ,  0.        ,  0.        ,  1.        ]])]","[array([[ 0.6809896 , -0.73215571,  0.01418348,  0.02622895],
       [ 0.73199696,  0.68113729,  0.01524585,  0.26125336],
       [-0.02082323,  0.        ,  0.99978317,  0.08603444],
       [ 0.        ,  0.        ,  0.        ,  1.        ]])]","[array([[ 0.28756589, -0.9577007 , -0.01073482,  0.06755902],
       [ 0.9570341 ,  0.28776619, -0.03572602,  0.3070801 ],
       [ 0.03730395,  0.        ,  0.99930397,  0.08300573],
       [ 0.        ,  0.        ,  0.        ,  1.        ]])]","[array([[ 0.28756589, -0.9577007 , -0.01073482,  0.06755902],
       [ 0.9570341 ,  0.28776619, -0.03572602,  0.3070801 ],
       [ 0.03730395,  0.        ,  0.99930397,  0.08300573],
       [ 0.        ,  0.        ,  0.        ,  1.        ]])]"
16,"[array([[-0.08047294, -0.99674845, -0.00407837, -0.03862542],
       [ 0.99547085, -0.08057622,  0.05045047,  0.2314439 ],
       [-0.05061505,  0.        ,  0.99871824,  0.08639578],
       [ 0.        ,  0.        ,  0.        ,  1.        ]])]","[array([[ 0.60677088, -0.79486836,  0.00366   , -0.03786022],
       [ 0.7948539 ,  0.60678192,  0.0047945 ,  0.30265816],
       [-0.00603182, -0.        ,  0.99998181,  0.08395881],
       [ 0.        ,  0.        ,  0.        ,  1.        ]])]","[array([[ 0.60677088, -0.79486836,  0.00366   , -0.03786022],
       [ 0.7948539 ,  0.60678192,  0.0047945 ,  0.30265816],
       [-0.00603182, -0.        ,  0.99998181,  0.08395881],
       [ 0.        ,  0.        ,  0.        ,  1.        ]])]","[array([[ 0.6774547 , -0.73544992,  0.01298203,  0.0230589 ],
       [ 0.73531493,  0.67757908,  0.0140908 ,  0.24120646],
       [-0.01915943,  0.        ,  0.99981644,  0.08596017],
       [ 0.        ,  0.        ,  0.        ,  1.        ]])]","[array([[ 0.28232736, -0.95925774, -0.01076284,  0.0641782 ],
       [ 0.95856147,  0.28253244, -0.03654213,  0.28722757],
       [ 0.03809417,  0.        ,  0.99927415,  0.08294161],
       [ 0.        ,  0.        ,  0.        ,  1.        ]])]","[array([[ 0.28232736, -0.95925774, -0.01076284,  0.0641782 ],
       [ 0.95856147,  0.28253244, -0.03654213,  0.28722757],
       [ 0.03809417,  0.        ,  0.99927415,  0.08294161],
       [ 0.        ,  0.        ,  0.        ,  1.        ]])]"
17,"[array([[-0.0788034 , -0.99688124, -0.00422136, -0.04387733],
       [ 0.99545401, -0.07891638,  0.05332472,  0.20136916],
       [-0.05349155,  0.        ,  0.9985683 ,  0.08645621],
       [ 0.        ,  0.        ,  0.        ,  1.        ]])]","[array([[ 0.60666956, -0.79494935,  0.00275411, -0.04298236],
       [ 0.79494116,  0.60667581,  0.00360881,  0.27254791],
       [-0.00453967, -0.        ,  0.9999897 ,  0.08385036],
       [ 0.        ,  0.        ,  0.        ,  1.        ]])]","[array([[ 0.60666956, -0.79494935,  0.00275411, -0.04298236],
       [ 0.79494116,  0.60667581,  0.00360881,  0.27254791],
       [-0.00453967, -0.        ,  0.9999897 ,  0.08385036],
       [ 0.        ,  0.        ,  0.        ,  1.        ]])]","[array([[ 0.67799175, -0.73494965,  0.01327394,  0.01785031],
       [ 0.73480883,  0.67812168,  0.01438632,  0.21106661],
       [-0.01957457,  0.        ,  0.9998084 ,  0.08589847],
       [ 0.        ,  0.        ,  0.        ,  1.        ]])]","[array([[ 0.30007688, -0.95376272, -0.01704506,  0.05834832],
       [ 0.95222778,  0.30056059, -0.05408873,  0.25729686],
       [ 0.05671089,  0.        ,  0.99839064,  0.08212359],
       [ 0.        ,  0.        ,  0.        ,  1.        ]])]","[array([[ 0.30007688, -0.95376272, -0.01704506,  0.05834832],
       [ 0.95222778,  0.30056059, -0.05408873,  0.25729686],
       [ 0.05671089,  0.        ,  0.99839064,  0.08212359],
       [ 0.        ,  0.        ,  0.        ,  1.        ]])]"
18,"[array([[-0.08349418, -0.99649822, -0.00447344, -0.0441699 ],
       [ 0.99507103, -0.08361393,  0.05331378,  0.2000103 ],
       [-0.05350112,  0.        ,  0.99856779,  0.08644443],
       [ 0.        ,  0.        ,  0.        ,  1.        ]])]","[array([[ 0.60330086, -0.79750888,  0.00276879, -0.04361076],
       [ 0.79750048,  0.60330721,  0.00366005,  0.27119637],
       [-0.00458936, -0.        ,  0.99998947,  0.08384394],
       [ 0.        ,  0.        ,  0.        ,  1.        ]])]","[array([[ 0.60330086, -0.79750888,  0.00276879, -0.04361076],
       [ 0.79750048,  0.60330721,  0.00366005,  0.27119637],
       [-0.00458936, -0.        ,  0.99998947,  0.08384394],
       [ 0.        ,  0.        ,  0.        ,  1.        ]])]","[array([[ 0.67502583, -0.7376976 ,  0.01193193,  0.01748436],
       [ 0.73758238,  0.67513128,  0.0130377 ,  0.20998294],
       [-0.0176735 ,  0.        ,  0.99984381,  0.08585189],
       [ 0.        ,  0.        ,  0.        ,  1.        ]])]","[array([[ 0.29397259, -0.95567549, -0.01626259,  0.05787413],
       [ 0.95421651,  0.29442207, -0.05278735,  0.25638222],
       [ 0.05523565,  0.        ,  0.99847335,  0.08218851],
       [ 0.        ,  0.        ,  0.        ,  1.        ]])]","[array([[ 0.29397259, -0.95567549, -0.01626259,  0.05787413],
       [ 0.95421651,  0.29442207, -0.05278735,  0.25638222],
       [ 0.05523565,  0.        ,  0.99847335,  0.08218851],
       [ 0.        ,  0.        ,  0.        ,  1.        ]])]"
19,"[array([[-0.08342513, -0.99650386, -0.00450595, -0.04417951],
       [ 0.99505349, -0.08354672,  0.05374473,  0.20000846],
       [-0.05393328,  0.        ,  0.99854454,  0.08645611],
       [ 0.        ,  0.        ,  0.        ,  1.        ]])]","[array([[ 0.60308621, -0.79767162,  0.00264718, -0.04360566],
       [ 0.79766394,  0.60309202,  0.00350126,  0.2711882 ],
       [-0.00438935, -0.        ,  0.99999037,  0.08383958],
       [ 0.        ,  0.        ,  0.        ,  1.        ]])]","[array([[ 0.60308621, -0.79767162,  0.00264718, -0.04360566],
       [ 0.79766394,  0.60309202,  0.00350126,  0.2711882 ],
       [-0.00438935, -0.        ,  0.99999037,  0.08383958],
       [ 0.        ,  0.        ,  0.        ,  1.        ]])]","[array([[ 0.67500016, -0.73772658,  0.01158758,  0.01748567],
       [ 0.7376179 ,  0.67509962,  0.01266253,  0.20997687],
       [-0.01716425,  0.        ,  0.99985268,  0.08583948],
       [ 0.        ,  0.        ,  0.        ,  1.        ]])]","[array([[ 0.29474414, -0.95543241, -0.01657702,  0.05784794],
       [ 0.95392489,  0.29520993, -0.05365072,  0.25639933],
       [ 0.05615334,  0.        ,  0.99842216,  0.08217132],
       [ 0.        ,  0.        ,  0.        ,  1.        ]])]","[array([[ 0.29474414, -0.95543241, -0.01657702,  0.05784794],
       [ 0.95392489,  0.29520993, -0.05365072,  0.25639933],
       [ 0.05615334,  0.        ,  0.99842216,  0.08217132],
       [ 0.        ,  0.        ,  0.        ,  1.        ]])]"
20,"[array([[-0.08350972, -0.99649691, -0.00447511, -0.04417653],
       [ 0.99506919, -0.08362954,  0.05332363,  0.20000716],
       [-0.05351109,  0.        ,  0.99856726,  0.08644665],
       [ 0.        ,  0.        ,  0.        ,  1.        ]])]","[array([[ 0.60315807, -0.79761719,  0.0026779 , -0.0436037 ],
       [ 0.79760932,  0.60316401,  0.00354122,  0.27118826],
       [-0.00443975, -0.        ,  0.99999014,  0.08384118],
       [ 0.        ,  0.        ,  0.        ,  1.        ]])]","[array([[ 0.60315807, -0.79761719,  0.0026779 , -0.0436037 ],
       [ 0.79760932,  0.60316401,  0.00354122,  0.27118826],
       [-0.00443975, -0.        ,  0.99999014,  0.08384118],
       [ 0.        ,  0.        ,  0.        ,  1.        ]])]","[array([[ 0.67473137, -0.7379691 ,  0.01179728,  0.01749054],
       [ 0.73785633,  0.6748345 ,  0.01290098,  0.20996617],
       [-0.01748173,  0.        ,  0.99984718,  0.08584959],
       [ 0.        ,  0.        ,  0.        ,  1.        ]])]","[array([[ 0.29396287, -0.95567972, -0.01618953,  0.05787238],
       [ 0.95423369,  0.29440833, -0.05255289,  0.25637548],
       [ 0.05499007,  0.        ,  0.9984869 ,  0.08220932],
       [ 0.        ,  0.        ,  0.        ,  1.        ]])]","[array([[ 0.29396287, -0.95567972, -0.01618953,  0.05787238],
       [ 0.95423369,  0.29440833, -0.05255289,  0.25637548],
       [ 0.05499007,  0.        ,  0.9984869 ,  0.08220932],
       [ 0.        ,  0.        ,  0.        ,  1.        ]])]"
21,"[array([[-0.08254074, -0.99657797, -0.00440071, -0.04522316],
       [ 0.99516457, -0.08265797,  0.05305784,  0.19999808],
       [-0.05324003,  0.        ,  0.99858174,  0.08643558],
       [ 0.        ,  0.        ,  0.        ,  1.        ]])]","[array([[ 0.60388763, -0.79706378,  0.00301193, -0.04460941],
       [ 0.79705386,  0.60389514,  0.00397536,  0.27119522],
       [-0.00498751, -0.        ,  0.99998756,  0.0838496 ],
       [ 0.        ,  0.        ,  0.        ,  1.        ]])]","[array([[ 0.60388763, -0.79706378,  0.00301193, -0.04460941],
       [ 0.79705386,  0.60389514,  0.00397536,  0.27119522],
       [-0.00498751, -0.        ,  0.99998756,  0.0838496 ],
       [ 0.        ,  0.        ,  0.        ,  1.        ]])]","[array([[ 0.67500096, -0.73769223,  0.01355998,  0.01647496],
       [ 0.73754342,  0.67513715,  0.01481638,  0.20995287],
       [-0.02008477,  0.        ,  0.99979828,  0.0859149 ],
       [ 0.        ,  0.        ,  0.        ,  1.        ]])]","[array([[ 0.29421137, -0.95561113, -0.01571762,  0.05690543],
       [ 0.95425038,  0.29463091, -0.05097881,  0.25632501],
       [ 0.05334682,  0.        ,  0.99857604,  0.08228257],
       [ 0.        ,  0.        ,  0.        ,  1.        ]])]","[array([[ 0.29421137, -0.95561113, -0.01571762,  0.05690543],
       [ 0.95425038,  0.29463091, -0.05097881,  0.25632501],
       [ 0.05334682,  0.        ,  0.99857604,  0.08228257],
       [ 0.        ,  0.        ,  0.        ,  1.        ]])]"
22,"[array([[-0.08358091, -0.99649083, -0.00450034, -0.05052087],
       [ 0.99504946, -0.08370198,  0.05357755,  0.19985978],
       [-0.05376623,  0.        ,  0.99855355,  0.08642436],
       [ 0.        ,  0.        ,  0.        ,  1.        ]])]","[array([[ 0.60290172, -0.79781138,  0.00255452, -0.04995743],
       [ 0.79780422,  0.60290713,  0.00338034,  0.27103791],
       [-0.00423701, -0.        ,  0.99999102,  0.08380574],
       [ 0.        ,  0.        ,  0.        ,  1.        ]])]","[array([[ 0.60290172, -0.79781138,  0.00255452, -0.04995743],
       [ 0.79780422,  0.60290713,  0.00338034,  0.27103791],
       [-0.00423701, -0.        ,  0.99999102,  0.08380574],
       [ 0.        ,  0.        ,  0.        ,  1.        ]])]","[array([[ 0.67423252, -0.73839876,  0.0133338 ,  0.0111719 ],
       [ 0.73825441,  0.67436435,  0.01459992,  0.20983308],
       [-0.0197724 ,  0.        ,  0.99980451,  0.0858649 ],
       [ 0.        ,  0.        ,  0.        ,  1.        ]])]","[array([[ 0.29311384, -0.95594571, -0.01587691,  0.05157373],
       [ 0.95454642,  0.29354352, -0.0517043 ,  0.25627565],
       [ 0.05408706,  0.        ,  0.99853622,  0.08222403],
       [ 0.        ,  0.        ,  0.        ,  1.        ]])]","[array([[ 0.29311384, -0.95594571, -0.01587691,  0.05157373],
       [ 0.95454642,  0.29354352, -0.0517043 ,  0.25627565],
       [ 0.05408706,  0.        ,  0.99853622,  0.08222403],
       [ 0.        ,  0.        ,  0.        ,  1.        ]])]"
23,"[array([[-0.09523105, -0.99544838, -0.00368273, -0.06098205],
       [ 0.99470488, -0.09530223,  0.03846678,  0.19777155],
       [-0.03864267,  0.        ,  0.99925309,  0.0857496 ],
       [ 0.        ,  0.        ,  0.        ,  1.        ]])]","[array([[ 0.59655837, -0.8025658 ,  0.0024989 , -0.0611071 ],
       [ 0.80255876,  0.59656361,  0.00336181,  0.26895517],
       [-0.00418882, -0.        ,  0.99999123,  0.0837252 ],
       [ 0.        ,  0.        ,  0.        ,  1.        ]])]","[array([[ 0.59655837, -0.8025658 ,  0.0024989 , -0.0611071 ],
       [ 0.80255876,  0.59656361,  0.00336181,  0.26895517],
       [-0.00418882, -0.        ,  0.99999123,  0.0837252 ],
       [ 0.        ,  0.        ,  0.        ,  1.        ]])]","[array([[ 6.68534282e-01, -7.43572124e-01,  1.27440640e-02,
         4.64629491e-04],
       [ 7.43437058e-01,  6.68655739e-01,  1.41719126e-02,
         2.08211330e-01],
       [-1.90592307e-02,  0.00000000e+00,  9.99818356e-01,
         8.57769268e-02],
       [ 0.00000000e+00,  0.00000000e+00,  0.00000000e+00,
         1.00000000e+00]])]","[array([[ 0.2879156 , -0.95753087, -0.01546714,  0.04039323],
       [ 0.95615216,  0.28833076, -0.05136553,  0.25492091],
       [ 0.05364374,  0.        ,  0.99856014,  0.08214413],
       [ 0.        ,  0.        ,  0.        ,  1.        ]])]","[array([[ 0.2879156 , -0.95753087, -0.01546714,  0.04039323],
       [ 0.95615216,  0.28833076, -0.05136553,  0.25492091],
       [ 0.05364374,  0.        ,  0.99856014,  0.08214413],
       [ 0.        ,  0.        ,  0.        ,  1.        ]])]"
24,"[array([[-0.08831019, -0.99608132, -0.00482841, -0.07798428],
       [ 0.9945958 , -0.08844208,  0.05438008,  0.19562903],
       [-0.05459402,  0.        ,  0.99850863,  0.08625191],
       [ 0.        ,  0.        ,  0.        ,  1.        ]])]","[array([[ 0.59902887, -0.80072358,  0.00247969, -0.07777637],
       [ 0.80071672,  0.59903401,  0.00331459,  0.26681286],
       [-0.00413949, -0.        ,  0.99999143,  0.08360664],
       [ 0.        ,  0.        ,  0.        ,  1.        ]])]","[array([[ 0.59902887, -0.80072358,  0.00247969, -0.07777637],
       [ 0.80071672,  0.59903401,  0.00331459,  0.26681286],
       [-0.00413949, -0.        ,  0.99999143,  0.08360664],
       [ 0.        ,  0.        ,  0.        ,  1.        ]])]","[array([[ 0.67154043, -0.7408548 ,  0.01294678, -0.01638659],
       [ 0.74071715,  0.67166522,  0.01428045,  0.20590596],
       [-0.01927564,  0.        ,  0.99981421,  0.08565677],
       [ 0.        ,  0.        ,  0.        ,  1.        ]])]","[array([[ 0.28221595, -0.9592664 , -0.01273289,  0.02414662],
       [ 0.95829155,  0.28250304, -0.04323577,  0.25243575],
       [ 0.04507171,  0.        ,  0.99898375,  0.08240472],
       [ 0.        ,  0.        ,  0.        ,  1.        ]])]","[array([[ 0.28221595, -0.9592664 , -0.01273289,  0.02414662],
       [ 0.95829155,  0.28250304, -0.04323577,  0.25243575],
       [ 0.04507171,  0.        ,  0.99898375,  0.08240472],
       [ 0.        ,  0.        ,  0.        ,  1.        ]])]"
25,"[array([[-0.07267373, -0.99734789, -0.00396473, -0.09535994],
       [ 0.99586701, -0.0727818 ,  0.05432967,  0.19468769],
       [-0.05447414,  0.        ,  0.99851518,  0.08612622],
       [ 0.        ,  0.        ,  0.        ,  1.        ]])]","[array([[ 0.61179072, -0.79101726,  0.00195308, -0.09403252],
       [ 0.79101323,  0.61179384,  0.00252523,  0.26586785],
       [-0.00319239, -0.        ,  0.9999949 ,  0.08344652],
       [ 0.        ,  0.        ,  0.        ,  1.        ]])]","[array([[ 0.61179072, -0.79101726,  0.00195308, -0.09403252],
       [ 0.79101323,  0.61179384,  0.00252523,  0.26586785],
       [-0.00319239, -0.        ,  0.9999949 ,  0.08344652],
       [ 0.        ,  0.        ,  0.        ,  1.        ]])]","[array([[ 0.68372124, -0.72965798,  0.01115768, -0.03361807],
       [ 0.72956085,  0.68381227,  0.01190573,  0.20400667],
       [-0.01631687,  0.        ,  0.99986687,  0.0854585 ],
       [ 0.        ,  0.        ,  0.        ,  1.        ]])]","[array([[ 0.30139304, -0.9533495 , -0.01694009,  0.00754715],
       [ 0.95184719,  0.30186873, -0.05349952,  0.24997495],
       [ 0.05611742,  0.        ,  0.99842418,  0.08192947],
       [ 0.        ,  0.        ,  0.        ,  1.        ]])]","[array([[ 0.30139304, -0.9533495 , -0.01694009,  0.00754715],
       [ 0.95184719,  0.30186873, -0.05349952,  0.24997495],
       [ 0.05611742,  0.        ,  0.99842418,  0.08192947],
       [ 0.        ,  0.        ,  0.        ,  1.        ]])]"
26,"[array([[-0.06509866, -0.99787269, -0.00350004, -0.11177659],
       [ 0.99643354, -0.06519268,  0.05357348,  0.19349632],
       [-0.05368769,  0.        ,  0.99855778,  0.0859796 ],
       [ 0.        ,  0.        ,  0.        ,  1.        ]])]","[array([[ 0.61758102, -0.78650538,  0.00172639, -0.10991035],
       [ 0.7865023 ,  0.61758343,  0.00219859,  0.26465835],
       [-0.00279539, -0.        ,  0.99999609,  0.08333289],
       [ 0.        ,  0.        ,  0.        ,  1.        ]])]","[array([[ 0.61758102, -0.78650538,  0.00172639, -0.10991035],
       [ 0.7865023 ,  0.61758343,  0.00219859,  0.26465835],
       [-0.00279539, -0.        ,  0.99999609,  0.08333289],
       [ 0.        ,  0.        ,  0.        ,  1.        ]])]","[array([[ 0.68857448, -0.72505489,  0.01267254, -0.04994393],
       [ 0.72493213,  0.68869108,  0.01334166,  0.20231865],
       [-0.0184009 ,  0.        ,  0.99983069,  0.08539518],
