,LP,LD1,LD2,RP,RD1,RD2
0,"[array([[-0.35494587, -0.93476814, -0.01489797, -0.1413282 ],
       [ 0.93394584, -0.35525839,  0.03920006,  0.20235555],
       [-0.04193559,  0.        ,  0.99912032,  0.08531336],
       [ 0.        ,  0.        ,  0.        ,  1.        ]])]","[array([[ 0.33459661, -0.94223644,  0.01534926, -0.16167724],
       [ 0.94124657,  0.33494849,  0.04317867,  0.27108763],
       [-0.04582572, -0.        ,  0.99894945,  0.08469226],
       [ 0.        ,  0.        ,  0.        ,  1.        ]])]","[array([[ 0.33459661, -0.94223644,  0.01534926, -0.16167724],
       [ 0.94124657,  0.33494849,  0.04317867,  0.27108763],
       [-0.04582572, -0.        ,  0.99894945,  0.08469226],
       [ 0.        ,  0.        ,  0.        ,  1.        ]])]","[array([[ 0.31659798, -0.94853004,  0.00751514, -0.084012  ],
       [ 0.94826293,  0.31668716,  0.02250909,  0.19814151],
       [-0.0237305 ,  0.        ,  0.99971839,  0.08557456],
       [ 0.        ,  0.        ,  0.        ,  1.        ]])]","[array([[-0.27424569, -0.96146358,  0.01941846, -0.06635811],
       [ 0.95906241, -0.27493231, -0.06790815,  0.2550175 ],
       [ 0.07062998, -0.        ,  0.99750258,  0.08163297],
       [ 0.        ,  0.        ,  0.        ,  1.        ]])]","[array([[-0.27424569, -0.96146358,  0.01941846, -0.06635811],
       [ 0.95906241, -0.27493231, -0.06790815,  0.2550175 ],
       [ 0.07062998, -0.        ,  0.99750258,  0.08163297],
       [ 0.        ,  0.        ,  0.        ,  1.        ]])]"
1,"[array([[-0.35475576, -0.93483865, -0.01500157, -0.14133526],
       [ 0.93400393, -0.35507281,  0.03949625,  0.20234936],
       [-0.04224927,  0.        ,  0.9991071 ,  0.08532438],
       [ 0.        ,  0.        ,  0.        ,  1.        ]])]","[array([[ 0.33508328, -0.94206335,  0.01535708, -0.16169493],
       [ 0.94107553,  0.335435  ,  0.04313009,  0.27109726],
       [-0.04578258, -0.        ,  0.99895143,  0.08468889],
       [ 0.        ,  0.        ,  0.        ,  1.        ]])]","[array([[ 0.33508328, -0.94206335,  0.01535708, -0.16169493],
       [ 0.94107553,  0.335435  ,  0.04313009,  0.27109726],
       [-0.04578258, -0.        ,  0.99895143,  0.08468889],
       [ 0.        ,  0.        ,  0.        ,  1.        ]])]","[array([[ 0.31632912, -0.94861946,  0.00755035, -0.08400177],
       [ 0.94834935,  0.31641922,  0.02263582,  0.1981362 ],
       [-0.02386186,  0.        ,  0.99971527,  0.08557551],
       [ 0.        ,  0.        ,  0.        ,  1.        ]])]","[array([[-0.27514244, -0.96122889,  0.01832081, -0.06631837],
       [ 0.95910501, -0.27575173, -0.06386358,  0.25502887],
       [ 0.06643951, -0.        ,  0.99779045,  0.08184222],
       [ 0.        ,  0.        ,  0.        ,  1.        ]])]","[array([[-0.27514244, -0.96122889,  0.01832081, -0.06631837],
       [ 0.95910501, -0.27575173, -0.06386358,  0.25502887],
       [ 0.06643951, -0.        ,  0.99779045,  0.08184222],
       [ 0.        ,  0.        ,  0.        ,  1.        ]])]"
2,"[array([[-0.35460629, -0.93489619, -0.01494959, -0.14134226],
       [ 0.93406649, -0.35492128,  0.03937865,  0.20235368],
       [-0.04212087,  0.        ,  0.99911252,  0.08531851],
       [ 0.        ,  0.        ,  0.        ,  1.        ]])]","[array([[ 0.33463823, -0.94222194,  0.01533206, -0.16168049],
       [ 0.94123455,  0.33498928,  0.04312436,  0.27108619],
       [-0.0457688 , -0.        ,  0.99895206,  0.08468745],
       [ 0.        ,  0.        ,  0.        ,  1.        ]])]","[array([[ 0.33463823, -0.94222194,  0.01533206, -0.16168049],
       [ 0.94123455,  0.33498928,  0.04312436,  0.27108619],
       [-0.0457688 , -0.        ,  0.99895206,  0.08468745],
       [ 0.        ,  0.        ,  0.        ,  1.        ]])]","[array([[ 0.31659988, -0.94853004,  0.00743438, -0.08401204],
       [ 0.94826864,  0.31668716,  0.02226719,  0.19814138],
       [-0.02347547,  0.        ,  0.99972441,  0.08556585],
       [ 0.        ,  0.        ,  0.        ,  1.        ]])]","[array([[-0.27453186, -0.9613843 ,  0.01929995, -0.06634892],
       [ 0.95901735, -0.27520943, -0.06742019,  0.25501312],
       [ 0.07012824, -0.        ,  0.99753798,  0.08164992],
       [ 0.        ,  0.        ,  0.        ,  1.        ]])]","[array([[-0.27453186, -0.9613843 ,  0.01929995, -0.06634892],
       [ 0.95901735, -0.27520943, -0.06742019,  0.25501312],
       [ 0.07012824, -0.        ,  0.99753798,  0.08164992],
       [ 0.        ,  0.        ,  0.        ,  1.        ]])]"
3,"[array([[-0.35469525, -0.93486241, -0.0149518 , -0.14133389],
       [ 0.93403291, -0.35501025,  0.03937316,  0.20235042],
       [-0.04211653,  0.        ,  0.99911271,  0.08531741],
       [ 0.        ,  0.        ,  0.        ,  1.        ]])]","[array([[ 0.33484156, -0.94214874,  0.01539122, -0.16168363],
       [ 0.94115501,  0.3351951 ,  0.04326083,  0.27109065],
       [-0.04591719, -0.        ,  0.99894525,  0.08469017],
       [ 0.        ,  0.        ,  0.        ,  1.        ]])]","[array([[ 0.33484156, -0.94214874,  0.01539122, -0.16168363],
       [ 0.94115501,  0.3351951 ,  0.04326083,  0.27109065],
       [-0.04591719, -0.        ,  0.99894525,  0.08469017],
       [ 0.        ,  0.        ,  0.        ,  1.        ]])]","[array([[ 0.31661719, -0.94852361,  0.00751757, -0.08400937],
       [ 0.94825636,  0.31670642,  0.02251484,  0.19814183],
       [-0.02373672,  0.        ,  0.99971824,  0.0855717 ],
       [ 0.        ,  0.        ,  0.        ,  1.        ]])]","[array([[-0.27463812, -0.96135407,  0.0192941 , -0.06634613],
       [ 0.95899045, -0.27531502, -0.06737176,  0.25500752],
       [ 0.07008007, -0.        ,  0.99754137,  0.08165045],
       [ 0.        ,  0.        ,  0.        ,  1.        ]])]","[array([[-0.27463812, -0.96135407,  0.0192941 , -0.06634613],
       [ 0.95899045, -0.27531502, -0.06737176,  0.25500752],
       [ 0.07008007, -0.        ,  0.99754137,  0.08165045],
       [ 0.        ,  0.        ,  0.        ,  1.        ]])]"
4,"[array([[-0.35442085, -0.93496663, -0.0149419 , -0.14134122],
       [ 0.93413685, -0.35473568,  0.03938193,  0.20234622],
       [-0.04212122,  0.        ,  0.99911251,  0.08531752],
       [ 0.        ,  0.        ,  0.        ,  1.        ]])]","[array([[ 0.33494644, -0.94211107,  0.01541513, -0.1616878 ],
       [ 0.94111491,  0.33530097,  0.04331262,  0.2710894 ],
       [-0.045974  , -0.        ,  0.99894264,  0.08469497],
       [ 0.        ,  0.        ,  0.        ,  1.        ]])]","[array([[ 0.33494644, -0.94211107,  0.01541513, -0.1616878 ],
       [ 0.94111491,  0.33530097,  0.04331262,  0.2710894 ],
       [-0.045974  , -0.        ,  0.99894264,  0.08469497],
       [ 0.        ,  0.        ,  0.        ,  1.        ]])]","[array([[ 0.31648125, -0.94856837,  0.00759346, -0.08400172],
       [ 0.94829545,  0.31657233,  0.02275282,  0.19813276],
       [-0.02398648,  0.        ,  0.99971228,  0.0855803 ],
       [ 0.        ,  0.        ,  0.        ,  1.        ]])]","[array([[-0.27746594, -0.96055334,  0.01870639, -0.06620219],
       [ 0.95837776, -0.27809581, -0.06461257,  0.25505377],
       [ 0.06726599, -0.        ,  0.99773508,  0.08180494],
       [ 0.        ,  0.        ,  0.        ,  1.        ]])]","[array([[-0.27746594, -0.96055334,  0.01870639, -0.06620219],
       [ 0.95837776, -0.27809581, -0.06461257,  0.25505377],
       [ 0.06726599, -0.        ,  0.99773508,  0.08180494],
       [ 0.        ,  0.        ,  0.        ,  1.        ]])]"
5,"[array([[-0.35464882, -0.93488036, -0.01493086, -0.14133213],
       [ 0.93405295, -0.35496298,  0.03932401,  0.20234551],
       [-0.04206315,  0.        ,  0.99911495,  0.08531321],
       [ 0.        ,  0.        ,  0.        ,  1.        ]])]","[array([[ 0.33484287, -0.94214769,  0.01542664, -0.16168067],
       [ 0.9411494 ,  0.33519804,  0.04335995,  0.27108784],
       [-0.04602246, -0.        ,  0.99894041,  0.08469451],
       [ 0.        ,  0.        ,  0.        ,  1.        ]])]","[array([[ 0.33484287, -0.94214769,  0.01542664, -0.16168067],
       [ 0.9411494 ,  0.33519804,  0.04335995,  0.27108784],
       [-0.04602246, -0.        ,  0.99894041,  0.08469451],
       [ 0.        ,  0.        ,  0.        ,  1.        ]])]","[array([[ 0.31655881, -0.94854278,  0.00755675, -0.08400123],
       [ 0.94827264,  0.316649  ,  0.02263673,  0.19813395],
       [-0.02386474,  0.        ,  0.9997152 ,  0.08557157],
       [ 0.        ,  0.        ,  0.        ,  1.        ]])]","[array([[-0.27324505, -0.96172364,  0.02061042, -0.06638751],
       [ 0.95899942, -0.27402126, -0.07233572,  0.25502203],
       [ 0.07521466, -0.        ,  0.99716737,  0.08148517],
       [ 0.        ,  0.        ,  0.        ,  1.        ]])]","[array([[-0.27324505, -0.96172364,  0.02061042, -0.06638751],
       [ 0.95899942, -0.27402126, -0.07233572,  0.25502203],
       [ 0.07521466, -0.        ,  0.99716737,  0.08148517],
       [ 0.        ,  0.        ,  0.        ,  1.        ]])]"
6,"[array([[-0.35469601, -0.93486452, -0.01480086, -0.14133589],
       [ 0.93405167, -0.35500468,  0.03897638,  0.20234306],
       [-0.04169201,  0.        ,  0.99913051,  0.0853079 ],
       [ 0.        ,  0.        ,  0.        ,  1.        ]])]","[array([[ 0.3344954 , -0.94227264,  0.01533319, -0.16168518],
       [ 0.9412842 ,  0.33484665,  0.04314824,  0.27107497],
       [-0.04579167, -0.        ,  0.99895101,  0.08469718],
       [ 0.        ,  0.        ,  0.        ,  1.        ]])]","[array([[ 0.3344954 , -0.94227264,  0.01533319, -0.16168518],
       [ 0.9412842 ,  0.33484665,  0.04314824,  0.27107497],
       [-0.04579167, -0.        ,  0.99895101,  0.08469718],
       [ 0.        ,  0.        ,  0.        ,  1.        ]])]","[array([[ 0.31612099, -0.94868968,  0.00744406, -0.08399373],
       [ 0.94842676,  0.31620862,  0.02233368,  0.19812259],
       [-0.0235416 ,  0.        ,  0.99972286,  0.08557033],
       [ 0.        ,  0.        ,  0.        ,  1.        ]])]","[array([[-0.27419101, -0.96147484,  0.01963215, -0.06635401],
       [ 0.95901973, -0.27489294, -0.06866606,  0.25503839],
       [ 0.07141742, -0.        ,  0.99744652,  0.08169793],
       [ 0.        ,  0.        ,  0.        ,  1.        ]])]","[array([[-0.27419101, -0.96147484,  0.01963215, -0.06635401],
       [ 0.95901973, -0.27489294, -0.06866606,  0.25503839],
       [ 0.07141742, -0.        ,  0.99744652,  0.08169793],
       [ 0.        ,  0.        ,  0.        ,  1.        ]])]"
7,"[array([[-0.3593541 , -0.93311222, -0.01289249, -0.14140762],
       [ 0.93251227, -0.3595853 ,  0.0334556 ,  0.20195844],
       [-0.03585378,  0.        ,  0.99935705,  0.08559812],
       [ 0.        ,  0.        ,  0.        ,  1.        ]])]","[array([[ 0.32714562, -0.94494545,  0.0073376 , -0.16159249],
       [ 0.94470785,  0.3272279 ,  0.02118899,  0.27044882],
       [-0.02242351, -0.        ,  0.99974856,  0.08474907],
       [ 0.        ,  0.        ,  0.        ,  1.        ]])]","[array([[ 0.32714562, -0.94494545,  0.0073376 , -0.16159249],
       [ 0.94470785,  0.3272279 ,  0.02118899,  0.27044882],
       [-0.02242351, -0.        ,  0.99974856,  0.08474907],
       [ 0.        ,  0.        ,  0.        ,  1.        ]])]","[array([[ 0.31867557, -0.94785021,  0.00508547, -0.0840975 ],
       [ 0.94772954,  0.31871615,  0.01512401,  0.19780646],
       [-0.01595612,  0.        ,  0.99987269,  0.08586342],
       [ 0.        ,  0.        ,  0.        ,  1.        ]])]","[array([[-0.27763202, -0.96040758,  0.0231891 , -0.06636491],
       [ 0.95707494, -0.27859877, -0.07993928,  0.25458528],
       [ 0.08323475, -0.        ,  0.99652997,  0.08228913],
       [ 0.        ,  0.        ,  0.        ,  1.        ]])]","[array([[-0.27763202, -0.96040758,  0.0231891 , -0.06636491],
       [ 0.95707494, -0.27859877, -0.07993928,  0.25458528],
       [ 0.08323475, -0.        ,  0.99652997,  0.08228913],
       [ 0.        ,  0.        ,  0.        ,  1.        ]])]"
8,"[array([[-0.36617595, -0.93051543, -0.00749671, -0.14234727],
       [ 0.93032049, -0.36625268,  0.01904643,  0.2002647 ],
       [-0.02046868,  0.        ,  0.99979049,  0.0875475 ],
       [ 0.        ,  0.        ,  0.        ,  1.        ]])]","[array([[ 0.32418508, -0.94598615,  0.00377367, -0.16315502],
       [ 0.94592206,  0.32420705,  0.01101099,  0.26866461],
       [-0.01163969, -0.        ,  0.99993226,  0.08806314],
       [ 0.        ,  0.        ,  0.        ,  1.        ]])]","[array([[ 0.32418508, -0.94598615,  0.00377367, -0.16315502],
       [ 0.94592206,  0.32420705,  0.01101099,  0.26866461],
       [-0.01163969, -0.        ,  0.99993226,  0.08806314],
       [ 0.        ,  0.        ,  0.        ,  1.        ]])]","[array([[ 0.31777644, -0.94816506, -0.00107493, -0.08502416],
       [ 0.94815963,  0.31777826, -0.0032073 ,  0.19650151],
       [ 0.00338264,  0.        ,  0.99999428,  0.08779123],
       [ 0.        ,  0.        ,  0.        ,  1.        ]])]","[array([[-0.28931654, -0.9568395 ,  0.027461  , -0.06716928],
       [ 0.95255823, -0.29061687, -0.09041377,  0.25328067],
       [ 0.0944921 , -0.        ,  0.99552561,  0.08581415],
       [ 0.        ,  0.        ,  0.        ,  1.        ]])]","[array([[-0.28931654, -0.9568395 ,  0.027461  , -0.06716928],
       [ 0.95255823, -0.29061687, -0.09041377,  0.25328067],
       [ 0.0944921 , -0.        ,  0.99552561,  0.08581415],
       [ 0.        ,  0.        ,  0.        ,  1.        ]])]"
9,"[array([[-0.37060942, -0.92872331, -0.01103021, -0.14270658],
       [ 0.92831226, -0.37077352,  0.02762875,  0.20111826],
       [-0.02974917,  0.        ,  0.9995574 ,  0.08631738],
       [ 0.        ,  0.        ,  0.        ,  1.        ]])]","[array([[ 0.32624082, -0.94527189,  0.0052897 , -0.16408218],
       [ 0.94514766,  0.3262837 ,  0.01532472,  0.26949458],
       [-0.01621197, -0.        ,  0.99986858,  0.08603254],
       [ 0.        ,  0.        ,  0.        ,  1.        ]])]","[array([[ 0.32624082, -0.94527189,  0.0052897 , -0.16408218],
       [ 0.94514766,  0.3262837 ,  0.01532472,  0.26949458],
       [-0.01621197, -0.        ,  0.99986858,  0.08603254],
       [ 0.        ,  0.        ,  0.        ,  1.        ]])]","[array([[ 0.3142261 , -0.94934517,  0.00238727, -0.0853491 ],
       [ 0.94931778,  0.31423517,  0.00721227,  0.19764812],
       [-0.0075971 ,  0.        ,  0.99997114,  0.08659017],
       [ 0.        ,  0.        ,  0.        ,  1.        ]])]","[array([[-0.34250529, -0.93927222,  0.02139662, -0.06569332],
       [ 0.93744476, -0.34317297, -0.05856304,  0.25419963],
       [ 0.06234938, -0.        ,  0.99805438,  0.08470229],
       [ 0.        ,  0.        ,  0.        ,  1.        ]])]","[array([[-0.34250529, -0.93927222,  0.02139662, -0.06569332],
       [ 0.93744476, -0.34317297, -0.05856304,  0.25419963],
       [ 0.06234938, -0.        ,  0.99805438,  0.08470229],
       [ 0.        ,  0.        ,  0.        ,  1.        ]])]"
10,"[array([[-0.373458  , -0.92759131, -0.01017279, -0.14293489],
       [ 0.92724737, -0.37359653,  0.0252577 ,  0.20169   ],
       [-0.02722934,  0.        ,  0.99962921,  0.08529694],
       [ 0.        ,  0.        ,  0.        ,  1.        ]])]","[array([[ 3.06989109e-01, -9.51712858e-01,  5.67818198e-04,
        -1.63493962e-01],
       [ 9.51711230e-01,  3.06989635e-01,  1.76031963e-03,
         2.69598036e-01],
       [-1.84963313e-03, -0.00000000e+00,  9.99998289e-01,
         8.36258183e-02],
       [ 0.00000000e+00,  0.00000000e+00,  0.00000000e+00,
         1.00000000e+00]])]","[array([[ 3.06989109e-01, -9.51712858e-01,  5.67818198e-04,
        -1.63493962e-01],
       [ 9.51711230e-01,  3.06989635e-01,  1.76031963e-03,
         2.69598036e-01],
       [-1.84963313e-03, -0.00000000e+00,  9.99998289e-01,
         8.36258183e-02],
       [ 0.00000000e+00,  0.00000000e+00,  0.00000000e+00,
         1.00000000e+00]])]","[array([[ 0.31080482, -0.95046232,  0.00466382, -0.08561238],
       [ 0.95035533,  0.31083981,  0.01426067,  0.19840974],
       [-0.01500393,  0.        ,  0.99988743,  0.08578609],
       [ 0.        ,  0.        ,  0.        ,  1.        ]])]","[array([[-0.34176199, -0.93974924,  0.00837285, -0.06606852],
       [ 0.93946735, -0.34186453, -0.02301608,  0.2549173 ],
       [ 0.02449172, -0.        ,  0.99970003,  0.08481116],
       [ 0.        ,  0.        ,  0.        ,  1.        ]])]","[array([[-0.34176199, -0.93974924,  0.00837285, -0.06606852],
       [ 0.93946735, -0.34186453, -0.02301608,  0.2549173 ],
       [ 0.02449172, -0.        ,  0.99970003,  0.08481116],
       [ 0.        ,  0.        ,  0.        ,  1.        ]])]"
11,"[array([[-0.37264213, -0.92789104, -0.01249268, -0.14298758],
       [ 0.92737005, -0.37285148,  0.03108972,  0.20171973],
       [-0.03350579,  0.        ,  0.99943852,  0.08541553],
       [ 0.        ,  0.        ,  0.        ,  1.        ]])]","[array([[ 3.09353758e-01, -9.50946649e-01,  8.50049415e-04,
        -1.63477709e-01],
       [ 9.50943059e-01,  3.09354926e-01,  2.61302335e-03,
         2.69664108e-01],
       [-2.74781277e-03, -0.00000000e+00,  9.99996225e-01,
         8.36173804e-02],
       [ 0.00000000e+00,  0.00000000e+00,  0.00000000e+00,
         1.00000000e+00]])]","[array([[ 3.09353758e-01, -9.50946649e-01,  8.50049415e-04,
        -1.63477709e-01],
       [ 9.50943059e-01,  3.09354926e-01,  2.61302335e-03,
         2.69664108e-01],
       [-2.74781277e-03, -0.00000000e+00,  9.99996225e-01,
         8.36173804e-02],
       [ 0.00000000e+00,  0.00000000e+00,  0.00000000e+00,
         1.00000000e+00]])]","[array([[ 0.30838073, -0.95125068,  0.00484514, -0.08570108],
       [ 0.95113329,  0.30841879,  0.01494377,  0.19845083],
       [-0.0157096 ,  0.        ,  0.9998766 ,  0.0857799 ],
       [ 0.        ,  0.        ,  0.        ,  1.        ]])]","[array([[-0.29981753, -0.95373574,  0.02230682, -0.06908067],
       [ 0.95110692, -0.30064621, -0.07076361,  0.25563891],
       [ 0.07419625, -0.        ,  0.99724366,  0.08220256],
       [ 0.        ,  0.        ,  0.        ,  1.        ]])]","[array([[-0.29981753, -0.95373574,  0.02230682, -0.06908067],
       [ 0.95110692, -0.30064621, -0.07076361,  0.25563891],
       [ 0.07419625, -0.        ,  0.99724366,  0.08220256],
       [ 0.        ,  0.        ,  0.        ,  1.        ]])]"
12,"[array([[-0.37050441, -0.9287492 , -0.01230444, -0.14288322],
       [ 0.92823747, -0.37070867,  0.03082674,  0.20176567],
       [-0.03319167,  0.        ,  0.999449  ,  0.08540749],
       [ 0.        ,  0.        ,  0.        ,  1.        ]])]","[array([[ 3.10511052e-01, -9.50569648e-01,  4.80922623e-04,
        -1.63157815e-01],
       [ 9.50568508e-01,  3.10511424e-01,  1.47225001e-03,
         2.69735223e-01],
       [-1.54880814e-03, -0.00000000e+00,  9.99998801e-01,
         8.35752521e-02],
       [ 0.00000000e+00,  0.00000000e+00,  0.00000000e+00,
         1.00000000e+00]])]","[array([[ 3.10511052e-01, -9.50569648e-01,  4.80922623e-04,
        -1.63157815e-01],
       [ 9.50568508e-01,  3.10511424e-01,  1.47225001e-03,
         2.69735223e-01],
       [-1.54880814e-03, -0.00000000e+00,  9.99998801e-01,
         8.35752521e-02],
       [ 0.00000000e+00,  0.00000000e+00,  0.00000000e+00,
         1.00000000e+00]])]","[array([[ 0.30859218, -0.95118228,  0.00480934, -0.08558421],
       [ 0.95106679,  0.30862965,  0.01482216,  0.19840619],
       [-0.01558288,  0.        ,  0.99987858,  0.08577806],
       [ 0.        ,  0.        ,  0.        ,  1.        ]])]","[array([[-0.30080132, -0.95343641,  0.0218538 , -0.06884127],
       [ 0.95093006, -0.30159413, -0.06908691,  0.2555595 ],
       [ 0.07246095, -0.        ,  0.99737125,  0.08231874],
       [ 0.        ,  0.        ,  0.        ,  1.        ]])]","[array([[-0.30080132, -0.95343641,  0.0218538 , -0.06884127],
       [ 0.95093006, -0.30159413, -0.06908691,  0.2555595 ],
       [ 0.07246095, -0.        ,  0.99737125,  0.08231874],
       [ 0.        ,  0.        ,  0.        ,  1.        ]])]"
13,"[array([[-0.36819975, -0.9296669 , -0.01218218, -0.14276529],
       [ 0.92915847, -0.36840123,  0.03074195,  0.20180729],
       [-0.0330677 ,  0.        ,  0.99945311,  0.08541372],
       [ 0.        ,  0.        ,  0.        ,  1.        ]])]","[array([[ 3.11966215e-01, -9.50093134e-01,  3.43015944e-04,
        -1.62881945e-01],
       [ 9.50092559e-01,  3.11966404e-01,  1.04465445e-03,
         2.69799905e-01],
       [-1.09952847e-03, -0.00000000e+00,  9.99999396e-01,
         8.35879650e-02],
       [ 0.00000000e+00,  0.00000000e+00,  0.00000000e+00,
         1.00000000e+00]])]","[array([[ 3.11966215e-01, -9.50093134e-01,  3.43015944e-04,
        -1.62881945e-01],
       [ 9.50092559e-01,  3.11966404e-01,  1.04465445e-03,
         2.69799905e-01],
       [-1.09952847e-03, -0.00000000e+00,  9.99999396e-01,
         8.35879650e-02],
       [ 0.00000000e+00,  0.00000000e+00,  0.00000000e+00,
         1.00000000e+00]])]","[array([[ 0.3101929 , -0.95066273,  0.00455503, -0.08546445],
       [ 0.95056024,  0.31022634,  0.01395852,  0.19835771],
       [-0.01468293,  0.        ,  0.9998922 ,  0.0857619 ],
       [ 0.        ,  0.        ,  0.        ,  1.        ]])]","[array([[-0.32194676, -0.94669111,  0.01123489, -0.0672501 ],
       [ 0.9461152 , -0.32214273, -0.03301634,  0.25495107],
       [ 0.03487552, -0.        ,  0.99939166,  0.08428096],
       [ 0.        ,  0.        ,  0.        ,  1.        ]])]","[array([[-0.32194676, -0.94669111,  0.01123489, -0.0672501 ],
       [ 0.9461152 , -0.32214273, -0.03301634,  0.25495107],
       [ 0.03487552, -0.        ,  0.99939166,  0.08428096],
       [ 0.        ,  0.        ,  0.        ,  1.        ]])]"
14,"[array([[-0.36958509, -0.92911612, -0.01225141, -0.14285999],
       [ 0.92860606, -0.36978809,  0.03078244,  0.20176688],
       [-0.03313089,  0.        ,  0.99945102,  0.08542313],
       [ 0.        ,  0.        ,  0.        ,  1.        ]])]","[array([[ 3.12327757e-01, -9.49974369e-01,  2.65289917e-04,
        -1.63085907e-01],
       [ 9.49974026e-01,  3.12327869e-01,  8.06904045e-04,
         2.69747301e-01],
       [-8.49395595e-04, -0.00000000e+00,  9.99999639e-01,
         8.36000108e-02],
       [ 0.00000000e+00,  0.00000000e+00,  0.00000000e+00,
         1.00000000e+00]])]","[array([[ 3.12327757e-01, -9.49974369e-01,  2.65289917e-04,
        -1.63085907e-01],
       [ 9.49974026e-01,  3.12327869e-01,  8.06904045e-04,
         2.69747301e-01],
       [-8.49395595e-04, -0.00000000e+00,  9.99999639e-01,
         8.36000108e-02],
       [ 0.00000000e+00,  0.00000000e+00,  0.00000000e+00,
         1.00000000e+00]])]","[array([[ 0.30832918, -0.95127148,  0.00396145, -0.08554711],
       [ 0.95119297,  0.30835463,  0.01222103,  0.19837692],
       [-0.01284705,  0.        ,  0.99991747,  0.08573577],
       [ 0.        ,  0.        ,  0.        ,  1.        ]])]","[array([[-0.32835642, -0.94448879,  0.01108995, -0.06719999],
       [ 0.94395057, -0.32854364, -0.03188111,  0.2551069 ],
       [ 0.03375488, -0.        ,  0.99943014,  0.08434959],
       [ 0.        ,  0.        ,  0.        ,  1.        ]])]","[array([[-0.32835642, -0.94448879,  0.01108995, -0.06719999],
       [ 0.94395057, -0.32854364, -0.03188111,  0.2551069 ],
       [ 0.03375488, -0.        ,  0.99943014,  0.08434959],
       [ 0.        ,  0.        ,  0.        ,  1.        ]])]"
15,"[array([[-0.36612413, -0.93041162, -0.0169511 , -0.14268525],
       [ 0.92941602, -0.36651632,  0.04303082,  0.20174096],
       [-0.04624923,  0.        ,  0.99892993,  0.08594098],
       [ 0.        ,  0.        ,  0.        ,  1.        ]])]","[array([[ 3.16677294e-01, -9.48533273e-01,  3.48155361e-04,
        -1.62750738e-01],
       [ 9.48532700e-01,  3.16677485e-01,  1.04281788e-03,
         2.69865709e-01],
       [-1.09940042e-03, -0.00000000e+00,  9.99999396e-01,
         8.36309609e-02],
       [ 0.00000000e+00,  0.00000000e+00,  0.00000000e+00,
         1.00000000e+00]])]","[array([[ 3.16677294e-01, -9.48533273e-01,  3.48155361e-04,
        -1.62750738e-01],
       [ 9.48532700e-01,  3.16677485e-01,  1.04281788e-03,
         2.69865709e-01],
       [-1.09940042e-03, -0.00000000e+00,  9.99999396e-01,
         8.36309609e-02],
       [ 0.00000000e+00,  0.00000000e+00,  0.00000000e+00,
         1.00000000e+00]])]","[array([[ 0.31049587, -0.95056691,  0.00385502, -0.08535039],
       [ 0.95049365,  0.3105198 ,  0.01180102,  0.19830481],
       [-0.01241472,  0.        ,  0.99992293,  0.08572809],
       [ 0.        ,  0.        ,  0.        ,  1.        ]])]","[array([[-0.2882187 , -0.9572075 ,  0.02614927, -0.06913325],
       [ 0.95329207, -0.28940249, -0.08648952,  0.25550003],
       [ 0.09035608, -0.        ,  0.99590952,  0.08149168],
       [ 0.        ,  0.        ,  0.        ,  1.        ]])]","[array([[-0.2882187 , -0.9572075 ,  0.02614927, -0.06913325],
       [ 0.95329207, -0.28940249, -0.08648952,  0.25550003],
       [ 0.09035608, -0.        ,  0.99590952,  0.08149168],
       [ 0.        ,  0.        ,  0.        ,  1.        ]])]"
16,"[array([[-0.36723318, -0.92997862, -0.01671996, -0.14285648],
       [ 0.92901622, -0.36761361,  0.04229769,  0.20150243],
       [-0.04548244,  0.        ,  0.99896514,  0.08624381],
       [ 0.        ,  0.        ,  0.        ,  1.        ]])]","[array([[ 3.01742773e-01, -9.53389170e-01, -6.23419239e-04,
        -1.62575671e-01],
       [ 9.53387136e-01,  3.01743417e-01, -1.96975681e-03,
         2.69425134e-01],
       [ 2.06605746e-03, -0.00000000e+00,  9.99997866e-01,
         8.39312994e-02],
       [ 0.00000000e+00,  0.00000000e+00,  0.00000000e+00,
         1.00000000e+00]])]","[array([[ 3.01742773e-01, -9.53389170e-01, -6.23419239e-04,
        -1.62575671e-01],
       [ 9.53387136e-01,  3.01743417e-01, -1.96975681e-03,
         2.69425134e-01],
       [ 2.06605746e-03, -0.00000000e+00,  9.99997866e-01,
         8.39312994e-02],
       [ 0.00000000e+00,  0.00000000e+00,  0.00000000e+00,
         1.00000000e+00]])]","[array([[ 0.30911691, -0.95101995,  0.00279129, -0.08553652],
       [ 0.95098118,  0.30912951,  0.00858725,  0.19813155],
       [-0.00902952,  0.        ,  0.99995923,  0.08597826],
       [ 0.        ,  0.        ,  0.        ,  1.        ]])]","[array([[-0.32552437, -0.94544229,  0.01314394, -0.06723916],
       [ 0.94467252, -0.32578963, -0.03814375,  0.25481781],
       [ 0.04034487, -0.        ,  0.99918581,  0.08470303],
       [ 0.        ,  0.        ,  0.        ,  1.        ]])]","[array([[-0.32552437, -0.94544229,  0.01314394, -0.06723916],
       [ 0.94467252, -0.32578963, -0.03814375,  0.25481781],
       [ 0.04034487, -0.        ,  0.99918581,  0.08470303],
       [ 0.        ,  0.        ,  0.        ,  1.        ]])]"
17,"[array([[-0.36904096, -0.92923673, -0.01810696, -0.14297855],
       [ 0.92812024, -0.3694849 ,  0.04553813,  0.20167422],
       [-0.04900595,  0.        ,  0.99879849,  0.08602273],
       [ 0.        ,  0.        ,  0.        ,  1.        ]])]","[array([[ 3.13917739e-01, -9.49449922e-01,  7.05794494e-04,
        -1.63239109e-01],
       [ 9.49447523e-01,  3.13918532e-01,  2.13468292e-03,
         2.69751202e-01],
       [-2.24833650e-03, -0.00000000e+00,  9.99997472e-01,
         8.35824971e-02],
       [ 0.00000000e+00,  0.00000000e+00,  0.00000000e+00,
         1.00000000e+00]])]","[array([[ 3.13917739e-01, -9.49449922e-01,  7.05794494e-04,
        -1.63239109e-01],
       [ 9.49447523e-01,  3.13918532e-01,  2.13468292e-03,
         2.69751202e-01],
       [-2.24833650e-03, -0.00000000e+00,  9.99997472e-01,
         8.35824971e-02],
       [ 0.00000000e+00,  0.00000000e+00,  0.00000000e+00,
         1.00000000e+00]])]","[array([[ 0.30751485, -0.95153712,  0.00342535, -0.08567222],
       [ 0.95147809,  0.30753393,  0.01059835,  0.19835125],
       [-0.01113813,  0.        ,  0.99993797,  0.08577849],
       [ 0.        ,  0.        ,  0.        ,  1.        ]])]","[array([[-0.30962759, -0.95062947,  0.02084131, -0.068505  ],
       [ 0.94848323, -0.31032822, -0.06384327,  0.25522022],
       [ 0.06715894, -0.        ,  0.99774229,  0.08296735],
       [ 0.        ,  0.        ,  0.        ,  1.        ]])]","[array([[-0.30962759, -0.95062947,  0.02084131, -0.068505  ],
       [ 0.94848323, -0.31032822, -0.06384327,  0.25522022],
       [ 0.06715894, -0.        ,  0.99774229,  0.08296735],
       [ 0.        ,  0.        ,  0.        ,  1.        ]])]"
18,"[array([[-0.37365465, -0.92747444, -0.01316685, -0.14322316],
       [ 0.92689914, -0.37388657,  0.03266208,  0.2016645 ],
       [-0.03521615,  0.        ,  0.99937972,  0.08554384],
       [ 0.        ,  0.        ,  0.        ,  1.        ]])]","[array([[ 3.11155519e-01, -9.50358979e-01,  2.33258394e-04,
        -1.63708361e-01],
       [ 9.50358712e-01,  3.11155606e-01,  7.12438422e-04,
         2.69605793e-01],
       [-7.49651908e-04, -0.00000000e+00,  9.99999719e-01,
         8.36148389e-02],
       [ 0.00000000e+00,  0.00000000e+00,  0.00000000e+00,
         1.00000000e+00]])]","[array([[ 3.11155519e-01, -9.50358979e-01,  2.33258394e-04,
        -1.63708361e-01],
       [ 9.50358712e-01,  3.11155606e-01,  7.12438422e-04,
         2.69605793e-01],
       [-7.49651908e-04, -0.00000000e+00,  9.99999719e-01,
         8.36148389e-02],
       [ 0.00000000e+00,  0.00000000e+00,  0.00000000e+00,
         1.00000000e+00]])]","[array([[ 0.30483616, -0.95240183,  0.00238277, -0.0859859 ],
       [ 0.95237273,  0.30484547,  0.00744427,  0.19835235],
       [-0.00781631,  0.        ,  0.99996945,  0.08585909],
       [ 0.        ,  0.        ,  0.        ,  1.        ]])]","[array([[-0.30132434, -0.95318884,  0.02519278, -0.06943923],
       [ 0.94987476, -0.30237565, -0.07941605,  0.25536832],
       [ 0.08331618, -0.        ,  0.99652316,  0.08263155],
       [ 0.        ,  0.        ,  0.        ,  1.        ]])]","[array([[-0.30132434, -0.95318884,  0.02519278, -0.06943923],
       [ 0.94987476, -0.30237565, -0.07941605,  0.25536832],
       [ 0.08331618, -0.        ,  0.99652316,  0.08263155],
       [ 0.        ,  0.        ,  0.        ,  1.        ]])]"
19,"[array([[-0.37237785, -0.92789321, -0.01867965, -0.14293552],
       [ 0.92672796, -0.37284607,  0.0464876 ,  0.20168617],
       [-0.05010016,  0.        ,  0.9987442 ,  0.08612024],
       [ 0.        ,  0.        ,  0.        ,  1.        ]])]","[array([[ 3.13212904e-01, -9.49682913e-01,  2.03466891e-04,
        -1.63342743e-01],
       [ 9.49682713e-01,  3.13212970e-01,  6.16925377e-04,
         2.69687548e-01],
       [-6.49611958e-04, -0.00000000e+00,  9.99999789e-01,
         8.36496577e-02],
       [ 0.00000000e+00,  0.00000000e+00,  0.00000000e+00,
         1.00000000e+00]])]","[array([[ 3.13212904e-01, -9.49682913e-01,  2.03466891e-04,
        -1.63342743e-01],
       [ 9.49682713e-01,  3.13212970e-01,  6.16925377e-04,
         2.69687548e-01],
       [-6.49611958e-04, -0.00000000e+00,  9.99999789e-01,
         8.36496577e-02],
       [ 0.00000000e+00,  0.00000000e+00,  0.00000000e+00,
         1.00000000e+00]])]","[array([[ 0.30724237, -0.95162764,  0.00263867, -0.08575092],
       [ 0.95159255,  0.3072537 ,  0.0081725 ,  0.1983012 ],
       [-0.00858792,  0.        ,  0.99996312,  0.08586337],
       [ 0.        ,  0.        ,  0.        ,  1.        ]])]","[array([[-0.31082762, -0.95019536,  0.02269273, -0.06866587],
       [ 0.94767313, -0.31165489, -0.06918719,  0.25518574],
       [ 0.07281365, -0.        ,  0.99734556,  0.08300253],
       [ 0.        ,  0.        ,  0.        ,  1.        ]])]","[array([[-0.31082762, -0.95019536,  0.02269273, -0.06866587],
       [ 0.94767313, -0.31165489, -0.06918719,  0.25518574],
       [ 0.07281365, -0.        ,  0.99734556,  0.08300253],
       [ 0.        ,  0.        ,  0.        ,  1.        ]])]"
20,"[array([[-0.37785109, -0.92581138, -0.01009161, -0.14238924],
       [ 0.92548136, -0.37798583,  0.02471767,  0.20157863],
       [-0.02669839,  0.        ,  0.99964353,  0.08557704],
       [ 0.        ,  0.        ,  0.        ,  1.        ]])]","[array([[ 3.16512551e-01, -9.48588296e-01, -2.21462667e-04,
        -1.62970746e-01],
       [ 9.48588064e-01,  3.16512628e-01, -6.63723578e-04,
         2.69599206e-01],
       [ 6.99696149e-04, -0.00000000e+00,  9.99999755e-01,
         8.41127497e-02],
       [ 0.00000000e+00,  0.00000000e+00,  0.00000000e+00,
         1.00000000e+00]])]","[array([[ 3.16512551e-01, -9.48588296e-01, -2.21462667e-04,
        -1.62970746e-01],
       [ 9.48588064e-01,  3.16512628e-01, -6.63723578e-04,
         2.69599206e-01],
       [ 6.99696149e-04, -0.00000000e+00,  9.99999755e-01,
         8.41127497e-02],
       [ 0.00000000e+00,  0.00000000e+00,  0.00000000e+00,
         1.00000000e+00]])]","[array([[ 0.30934251, -0.9509487 ,  0.00194485, -0.08551894],
       [ 0.95092991,  0.30934862,  0.00597855,  0.19801564],
       [-0.00628693,  0.        ,  0.99998024,  0.08613683],
       [ 0.        ,  0.        ,  0.        ,  1.        ]])]","[array([[-0.29999903, -0.95363811,  0.02397786, -0.06863555],
       [ 0.95060659, -0.30095574, -0.07597861,  0.25487357],
       [ 0.07967237, -0.        ,  0.9968211 ,  0.08329942],
       [ 0.        ,  0.        ,  0.        ,  1.        ]])]","[array([[-0.29999903, -0.95363811,  0.02397786, -0.06863555],
       [ 0.95060659, -0.30095574, -0.07597861,  0.25487357],
       [ 0.07967237, -0.        ,  0.9968211 ,  0.08329942],
       [ 0.        ,  0.        ,  0.        ,  1.        ]])]"
21,"[array([[-0.37188348, -0.928147  , -0.01567859, -0.14263048],
       [ 0.92732323, -0.37221384,  0.03909589,  0.20198303],
       [-0.04212252,  0.        ,  0.99911245,  0.08543154],
       [ 0.        ,  0.        ,  0.        ,  1.        ]])]","[array([[ 0.31369996, -0.94951944,  0.00227293, -0.1628985 ],
       [ 0.94949452,  0.31370819,  0.00687963,  0.26991676],
       [-0.00724538, -0.        ,  0.99997375,  0.0830844 ],
       [ 0.        ,  0.        ,  0.        ,  1.        ]])]","[array([[ 0.31369996, -0.94951944,  0.00227293, -0.1628985 ],
       [ 0.94949452,  0.31370819,  0.00687963,  0.26991676],
       [-0.00724538, -0.        ,  0.99997375,  0.0830844 ],
       [ 0.        ,  0.        ,  0.        ,  1.        ]])]","[array([[ 0.30020988, -0.95387109,  0.00198996, -0.08515231],
       [ 0.95385014,  0.30021648,  0.00632267,  0.19833018],
       [-0.00662843,  0.        ,  0.99997803,  0.08545148],
       [ 0.        ,  0.        ,  0.        ,  1.        ]])]","[array([[-0.29480845, -0.9551986 ,  0.02614607, -0.06885407],
       [ 0.951464  , -0.29596561, -0.08438375,  0.25541992],
       [ 0.08834157, -0.        ,  0.99609024,  0.08204474],
       [ 0.        ,  0.        ,  0.        ,  1.        ]])]","[array([[-0.29480845, -0.9551986 ,  0.02614607, -0.06885407],
       [ 0.951464  , -0.29596561, -0.08438375,  0.25541992],
       [ 0.08834157, -0.        ,  0.99609024,  0.08204474],
       [ 0.        ,  0.        ,  0.        ,  1.        ]])]"
22,"[array([[-0.38265582, -0.92382725, -0.01085069, -0.14231504],
       [ 0.92345606, -0.38280963,  0.02618577,  0.20194112],
       [-0.02834488,  0.        ,  0.9995982 ,  0.08500993],
       [ 0.        ,  0.        ,  0.        ,  1.        ]])]","[array([[ 0.31356505, -0.94956437,  0.00211604, -0.16307141],
       [ 0.94954274,  0.31357219,  0.00640782,  0.26984262],
       [-0.00674817, -0.        ,  0.99997723,  0.08316459],
       [ 0.        ,  0.        ,  0.        ,  1.        ]])]","[array([[ 0.31356505, -0.94956437,  0.00211604, -0.16307141],
       [ 0.94954274,  0.31357219,  0.00640782,  0.26984262],
       [-0.00674817, -0.        ,  0.99997723,  0.08316459],
       [ 0.        ,  0.        ,  0.        ,  1.        ]])]","[array([[ 0.30492372, -0.95236975,  0.00365837, -0.08528257],
       [ 0.95230121,  0.30494566,  0.01142538,  0.19850585],
       [-0.01199679,  0.        ,  0.99992804,  0.08551073],
       [ 0.        ,  0.        ,  0.        ,  1.        ]])]","[array([[-0.31221077, -0.94981776,  0.01925222, -0.06844769],
       [ 0.94801707, -0.31280379, -0.0584587 ,  0.255312  ],
       [ 0.06154728, -0.        ,  0.99810417,  0.0828478 ],
       [ 0.        ,  0.        ,  0.        ,  1.        ]])]","[array([[-0.31221077, -0.94981776,  0.01925222, -0.06844769],
       [ 0.94801707, -0.31280379, -0.0584587 ,  0.255312  ],
       [ 0.06154728, -0.        ,  0.99810417,  0.0828478 ],
       [ 0.        ,  0.        ,  0.        ,  1.        ]])]"
23,"[array([[-0.37834036, -0.92560371, -0.01078609, -0.14213392],
       [ 0.92522779, -0.37849408,  0.02637729,  0.20204353],
       [-0.02849739,  0.        ,  0.99959387,  0.08510134],
       [ 0.        ,  0.        ,  0.        ,  1.        ]])]","[array([[ 0.31712257, -0.94838299,  0.00172765, -0.16262422],
       [ 0.94836891,  0.31712728,  0.00516661,  0.27001894],
       [-0.00544781, -0.        ,  0.99998516,  0.08337124],
       [ 0.        ,  0.        ,  0.        ,  1.        ]])]","[array([[ 0.31712257, -0.94838299,  0.00172765, -0.16262422],
       [ 0.94836891,  0.31712728,  0.00516661,  0.27001894],
       [-0.00544781, -0.        ,  0.99998516,  0.08337124],
       [ 0.        ,  0.        ,  0.        ,  1.        ]])]","[array([[ 0.30828508, -0.95128743,  0.00354073, -0.08507626],
       [ 0.95122469,  0.30830542,  0.01092506,  0.19847078],
       [-0.0114845 ,  0.        ,  0.99993405,  0.08554125],
       [ 0.        ,  0.        ,  0.        ,  1.        ]])]","[array([[-0.29800621, -0.9542637 ,  0.02393924, -0.06835953],
       [ 0.95119953, -0.2989662 , -0.07641115,  0.25538907],
       [ 0.08007341, -0.        ,  0.99678897,  0.08237067],
       [ 0.        ,  0.        ,  0.        ,  1.        ]])]","[array([[-0.29800621, -0.9542637 ,  0.02393924, -0.06835953],
       [ 0.95119953, -0.2989662 , -0.07641115,  0.25538907],
       [ 0.08007341, -0.        ,  0.99678897,  0.08237067],
       [ 0.        ,  0.        ,  0.        ,  1.        ]])]"
24,"[array([[-0.37123873, -0.92842464, -0.01447397, -0.14204008],
       [ 0.9277198 , -0.37152078,  0.03617022,  0.20220603],
       [-0.0389587 ,  0.        ,  0.99924082,  0.08529267],
       [ 0.        ,  0.        ,  0.        ,  1.        ]])]","[array([[ 0.32100085, -0.94707746,  0.00165189, -0.16221268],
       [ 0.94706492,  0.3210051 ,  0.00487367,  0.27023486],
       [-0.00514601, -0.        ,  0.99998676,  0.08327664],
       [ 0.        ,  0.        ,  0.        ,  1.        ]])]","[array([[ 0.32100085, -0.94707746,  0.00165189, -0.16221268],
       [ 0.94706492,  0.3210051 ,  0.00487367,  0.27023486],
       [-0.00514601, -0.        ,  0.99998676,  0.08327664],
       [ 0.        ,  0.        ,  0.        ,  1.        ]])]","[array([[ 0.31029119, -0.95063443,  0.00368269, -0.0848964 ],
       [ 0.95056748,  0.31031305,  0.01128181,  0.19846232],
       [-0.01186766,  0.        ,  0.99992958,  0.08549284],
       [ 0.        ,  0.        ,  0.        ,  1.        ]])]","[array([[-0.29617362, -0.95487137,  0.02240223, -0.06815916],
       [ 0.95215151, -0.29701965, -0.07201965,  0.25528756],
       [ 0.07542341, -0.        ,  0.9971516 ,  0.08224954],
       [ 0.        ,  0.        ,  0.        ,  1.        ]])]","[array([[-0.29617362, -0.95487137,  0.02240223, -0.06815916],
       [ 0.95215151, -0.29701965, -0.07201965,  0.25528756],
       [ 0.07542341, -0.        ,  0.9971516 ,  0.08224954],
       [ 0.        ,  0.        ,  0.        ,  1.        ]])]"
25,"[array([[-0.37146676, -0.92834747, -0.01354355, -0.1418811 ],
       [ 0.92773105, -0.37171357,  0.03382474,  0.20214258],
       [-0.03643544,  0.        ,  0.99933601,  0.08518215],
       [ 0.        ,  0.        ,  0.        ,  1.        ]])]","[array([[ 0.32264676, -0.94651747,  0.001935  , -0.1620255 ],
       [ 0.94650045,  0.32265256,  0.00567641,  0.27031822],
       [-0.00599715, -0.        ,  0.99998202,  0.08324271],
