,LP,LD1,LD2,RP,RD1,RD2
0,"[array([[-0.03203561, -0.99948607, -0.00115026, -0.11636056],
       [ 0.99884242, -0.03205625,  0.03586396,  0.07991229],
       [-0.0358824 ,  0.        ,  0.99935602,  0.08529977],
       [ 0.        ,  0.        ,  0.        ,  1.        ]])]","[array([[ 2.93231550e-01, -9.56041085e-01,  8.38376721e-04,
        -1.15542948e-01],
       [ 9.56037177e-01,  2.93232748e-01,  2.73340067e-03,
         1.49485565e-01],
       [-2.85908285e-03, -0.00000000e+00,  9.99995913e-01,
         8.32039188e-02],
       [ 0.00000000e+00,  0.00000000e+00,  0.00000000e+00,
         1.00000000e+00]])]","[array([[ 2.93231550e-01, -9.56041085e-01,  8.38376721e-04,
        -1.15542948e-01],
       [ 9.56037177e-01,  2.93232748e-01,  2.73340067e-03,
         1.49485565e-01],
       [-2.85908285e-03, -0.00000000e+00,  9.99995913e-01,
         8.32039188e-02],
       [ 0.00000000e+00,  0.00000000e+00,  0.00000000e+00,
         1.00000000e+00]])]","[array([[ 0.60621539, -0.79506568,  0.01932544, -0.05576043],
       [ 0.79466199,  0.60652335,  0.0253329 ,  0.08744247],
       [-0.03186265,  0.        ,  0.99949226,  0.08582972],
       [ 0.        ,  0.        ,  0.        ,  1.        ]])]","[array([[-0.12001609, -0.99275469,  0.00585358, -0.02014687],
       [ 0.99157599, -0.12015876, -0.04836243,  0.1338777 ],
       [ 0.04871539, -0.        ,  0.9988127 ,  0.08264785],
       [ 0.        ,  0.        ,  0.        ,  1.        ]])]","[array([[-0.12001609, -0.99275469,  0.00585358, -0.02014687],
       [ 0.99157599, -0.12015876, -0.04836243,  0.1338777 ],
       [ 0.04871539, -0.        ,  0.9988127 ,  0.08264785],
       [ 0.        ,  0.        ,  0.        ,  1.        ]])]"
1,"[array([[-0.03197404, -0.99948802, -0.00116426, -0.11636396],
       [ 0.99882608, -0.03199523,  0.03636997,  0.07991235],
       [-0.0363886 ,  0.        ,  0.99933772,  0.0853181 ],
       [ 0.        ,  0.        ,  0.        ,  1.        ]])]","[array([[ 2.93065806e-01, -9.56091879e-01,  8.67258020e-04,
        -1.15538906e-01],
       [ 9.56087693e-01,  2.93067089e-01,  2.82931240e-03,
         1.49483213e-01],
       [-2.95924740e-03, -0.00000000e+00,  9.99995621e-01,
         8.32081041e-02],
       [ 0.00000000e+00,  0.00000000e+00,  0.00000000e+00,
         1.00000000e+00]])]","[array([[ 2.93065806e-01, -9.56091879e-01,  8.67258020e-04,
        -1.15538906e-01],
       [ 9.56087693e-01,  2.93067089e-01,  2.82931240e-03,
         1.49483213e-01],
       [-2.95924740e-03, -0.00000000e+00,  9.99995621e-01,
         8.32081041e-02],
       [ 0.00000000e+00,  0.00000000e+00,  0.00000000e+00,
         1.00000000e+00]])]","[array([[ 0.60582453, -0.79536464,  0.01928021, -0.05575233],
       [ 0.79496217,  0.60613125,  0.02529947,  0.08743026],
       [-0.03180865,  0.        ,  0.99949398,  0.08582651],
       [ 0.        ,  0.        ,  0.        ,  1.        ]])]","[array([[-0.11999381, -0.99275781,  0.00578069, -0.02014562],
       [ 0.9916078 , -0.12013297, -0.0477706 ,  0.13387904],
       [ 0.04811909, -0.        ,  0.99884161,  0.08267581],
       [ 0.        ,  0.        ,  0.        ,  1.        ]])]","[array([[-0.11999381, -0.99275781,  0.00578069, -0.02014562],
       [ 0.9916078 , -0.12013297, -0.0477706 ,  0.13387904],
       [ 0.04811909, -0.        ,  0.99884161,  0.08267581],
       [ 0.        ,  0.        ,  0.        ,  1.        ]])]"
2,"[array([[-0.03191498, -0.99948991, -0.00116427, -0.1163653 ],
       [ 0.9988255 , -0.03193621,  0.03643765,  0.07991403],
       [-0.03645625,  0.        ,  0.99933525,  0.08531662],
       [ 0.        ,  0.        ,  0.        ,  1.        ]])]","[array([[ 2.93093916e-01, -9.56083262e-01,  8.67424399e-04,
        -1.15537761e-01],
       [ 9.56079075e-01,  2.93095199e-01,  2.82955828e-03,
         1.49485614e-01],
       [-2.95953124e-03, -0.00000000e+00,  9.99995621e-01,
         8.32061131e-02],
       [ 0.00000000e+00,  0.00000000e+00,  0.00000000e+00,
         1.00000000e+00]])]","[array([[ 2.93093916e-01, -9.56083262e-01,  8.67424399e-04,
        -1.15537761e-01],
       [ 9.56079075e-01,  2.93095199e-01,  2.82955828e-03,
         1.49485614e-01],
       [-2.95953124e-03, -0.00000000e+00,  9.99995621e-01,
         8.32061131e-02],
       [ 0.00000000e+00,  0.00000000e+00,  0.00000000e+00,
         1.00000000e+00]])]","[array([[ 0.60605766, -0.79514933,  0.02077615, -0.05575564],
       [ 0.79468252,  0.60641367,  0.02724237,  0.08743803],
       [-0.03426069,  0.        ,  0.99941293,  0.08588144],
       [ 0.        ,  0.        ,  0.        ,  1.        ]])]","[array([[-0.11989103, -0.9927699 ,  0.00583661, -0.02015105],
       [ 0.99159556, -0.12003302, -0.04827344,  0.13388381],
       [ 0.04862501, -0.        ,  0.9988171 ,  0.08265272],
       [ 0.        ,  0.        ,  0.        ,  1.        ]])]","[array([[-0.11989103, -0.9927699 ,  0.00583661, -0.02015105],
       [ 0.99159556, -0.12003302, -0.04827344,  0.13388381],
       [ 0.04862501, -0.        ,  0.9988171 ,  0.08265272],
       [ 0.        ,  0.        ,  0.        ,  1.        ]])]"
3,"[array([[-0.03197023, -0.99948815, -0.00115792, -0.11636304],
       [ 0.99883323, -0.03199119,  0.03617657,  0.07991024],
       [-0.03619509,  0.        ,  0.99934474,  0.08531077],
       [ 0.        ,  0.        ,  0.        ,  1.        ]])]","[array([[ 2.93277353e-01, -9.56027022e-01,  8.53205787e-04,
        -1.15543341e-01],
       [ 9.56022976e-01,  2.93278594e-01,  2.78127284e-03,
         1.49484223e-01],
       [-2.90919898e-03, -0.00000000e+00,  9.99995768e-01,
         8.32035125e-02],
       [ 0.00000000e+00,  0.00000000e+00,  0.00000000e+00,
         1.00000000e+00]])]","[array([[ 2.93277353e-01, -9.56027022e-01,  8.53205787e-04,
        -1.15543341e-01],
       [ 9.56022976e-01,  2.93278594e-01,  2.78127284e-03,
         1.49484223e-01],
       [-2.90919898e-03, -0.00000000e+00,  9.99995768e-01,
         8.32035125e-02],
       [ 0.00000000e+00,  0.00000000e+00,  0.00000000e+00,
         1.00000000e+00]])]","[array([[ 0.60644927, -0.79499189,  0.01439398, -0.05575902],
       [ 0.79476805,  0.60662006,  0.0188637 ,  0.08744095],
       [-0.02372817,  0.        ,  0.99971845,  0.08564451],
       [ 0.        ,  0.        ,  0.        ,  1.        ]])]","[array([[-0.12001646, -0.99275488,  0.00581338, -0.02014386],
       [ 0.9915923 , -0.12015717, -0.04803095,  0.1338822 ],
       [ 0.04838148, -0.        ,  0.99882893,  0.08266347],
       [ 0.        ,  0.        ,  0.        ,  1.        ]])]","[array([[-0.12001646, -0.99275488,  0.00581338, -0.02014386],
       [ 0.9915923 , -0.12015717, -0.04803095,  0.1338822 ],
       [ 0.04838148, -0.        ,  0.99882893,  0.08266347],
       [ 0.        ,  0.        ,  0.        ,  1.        ]])]"
4,"[array([[-0.03222648, -0.99947992, -0.00116124, -0.11635621],
       [ 0.99883167, -0.03224739,  0.03599168,  0.07990836],
       [-0.03601041,  0.        ,  0.99935141,  0.08530563],
       [ 0.        ,  0.        ,  0.        ,  1.        ]])]","[array([[ 2.93576704e-01, -9.55935070e-01,  9.27858138e-04,
        -1.15545447e-01],
       [ 9.55930296e-01,  2.93578170e-01,  3.02124689e-03,
         1.49487518e-01],
       [-3.16051475e-03, -0.00000000e+00,  9.99995006e-01,
         8.32185044e-02],
       [ 0.00000000e+00,  0.00000000e+00,  0.00000000e+00,
         1.00000000e+00]])]","[array([[ 2.93576704e-01, -9.55935070e-01,  9.27858138e-04,
        -1.15545447e-01],
       [ 9.55930296e-01,  2.93578170e-01,  3.02124689e-03,
         1.49487518e-01],
       [-3.16051475e-03, -0.00000000e+00,  9.99995006e-01,
         8.32185044e-02],
       [ 0.00000000e+00,  0.00000000e+00,  0.00000000e+00,
         1.00000000e+00]])]","[array([[ 0.60648698, -0.7949632 ,  0.01438981, -0.05575961],
       [ 0.79473953,  0.60665766,  0.01885639,  0.08743892],
       [-0.02371982,  0.        ,  0.99971865,  0.08564432],
       [ 0.        ,  0.        ,  0.        ,  1.        ]])]","[array([[-0.12007233, -0.99274791,  0.00585049, -0.02013998],
       [ 0.99157156, -0.12021477, -0.04831408,  0.13387507],
       [ 0.04866702, -0.        ,  0.99881506,  0.08265039],
       [ 0.        ,  0.        ,  0.        ,  1.        ]])]","[array([[-0.12007233, -0.99274791,  0.00585049, -0.02013998],
       [ 0.99157156, -0.12021477, -0.04831408,  0.13387507],
       [ 0.04866702, -0.        ,  0.99881506,  0.08265039],
       [ 0.        ,  0.        ,  0.        ,  1.        ]])]"
5,"[array([[-0.03316718, -0.9994491 , -0.00119704, -0.11635679],
       [ 0.99879881, -0.03318878,  0.03604787,  0.07989138],
       [-0.03606773,  0.        ,  0.99934935,  0.08530692],
       [ 0.        ,  0.        ,  0.        ,  1.        ]])]","[array([[ 2.92592809e-01, -9.56236624e-01,  9.83360087e-04,
        -1.15607516e-01],
       [ 9.56231223e-01,  2.92594462e-01,  3.21374822e-03,
         1.49472522e-01],
       [-3.36082946e-03, -0.00000000e+00,  9.99994352e-01,
         8.32208744e-02],
       [ 0.00000000e+00,  0.00000000e+00,  0.00000000e+00,
         1.00000000e+00]])]","[array([[ 2.92592809e-01, -9.56236624e-01,  9.83360087e-04,
        -1.15607516e-01],
       [ 9.56231223e-01,  2.92594462e-01,  3.21374822e-03,
         1.49472522e-01],
       [-3.36082946e-03, -0.00000000e+00,  9.99994352e-01,
         8.32208744e-02],
       [ 0.00000000e+00,  0.00000000e+00,  0.00000000e+00,
         1.00000000e+00]])]","[array([[ 0.60498604, -0.7960043 ,  0.01921061, -0.05575623],
       [ 0.7956033 ,  0.60529097,  0.02526343,  0.08741744],
       [-0.03173781,  0.        ,  0.99949623,  0.08582593],
       [ 0.        ,  0.        ,  0.        ,  1.        ]])]","[array([[-0.12129   , -0.99259974,  0.00587295, -0.02019622],
       [ 0.99143817, -0.12143211, -0.04800617,  0.13389657],
       [ 0.04836407, -0.        ,  0.99882977,  0.08266002],
       [ 0.        ,  0.        ,  0.        ,  1.        ]])]","[array([[-0.12129   , -0.99259974,  0.00587295, -0.02019622],
       [ 0.99143817, -0.12143211, -0.04800617,  0.13389657],
       [ 0.04836407, -0.        ,  0.99882977,  0.08266002],
       [ 0.        ,  0.        ,  0.        ,  1.        ]])]"
6,"[array([[-0.03284168, -0.99945986, -0.00119115, -0.1163712 ],
       [ 0.99880312, -0.03286327,  0.03622604,  0.07989299],
       [-0.03624562,  0.        ,  0.99934291,  0.0853129 ],
       [ 0.        ,  0.        ,  0.        ,  1.        ]])]","[array([[ 2.92491103e-01, -9.56267825e-01,  8.94828221e-04,
        -1.15605422e-01],
       [ 9.56263350e-01,  2.92492472e-01,  2.92552978e-03,
         1.49472042e-01],
       [-3.05932052e-03, -0.00000000e+00,  9.99995320e-01,
         8.32092864e-02],
       [ 0.00000000e+00,  0.00000000e+00,  0.00000000e+00,
         1.00000000e+00]])]","[array([[ 2.92491103e-01, -9.56267825e-01,  8.94828221e-04,
        -1.15605422e-01],
       [ 9.56263350e-01,  2.92492472e-01,  2.92552978e-03,
         1.49472042e-01],
       [-3.05932052e-03, -0.00000000e+00,  9.99995320e-01,
         8.32092864e-02],
       [ 0.00000000e+00,  0.00000000e+00,  0.00000000e+00,
         1.00000000e+00]])]","[array([[ 0.60535684, -0.79572025,  0.019297  , -0.05576401],
       [ 0.79531627,  0.60566433,  0.02535235,  0.08742819],
       [-0.03186089,  0.        ,  0.99949231,  0.08582968],
       [ 0.        ,  0.        ,  0.        ,  1.        ]])]","[array([[-0.12095136, -0.99264097,  0.00588806, -0.02020956],
       [ 0.99146685, -0.12109459, -0.04826584,  0.1339013 ],
       [ 0.04862366, -0.        ,  0.99881717,  0.08264877],
       [ 0.        ,  0.        ,  0.        ,  1.        ]])]","[array([[-0.12095136, -0.99264097,  0.00588806, -0.02020956],
       [ 0.99146685, -0.12109459, -0.04826584,  0.1339013 ],
       [ 0.04862366, -0.        ,  0.99881717,  0.08264877],
       [ 0.        ,  0.        ,  0.        ,  1.        ]])]"
7,"[array([[-0.03346954, -0.99943901, -0.00120538, -0.1163509 ],
       [ 0.9987915 , -0.03349124,  0.03597059,  0.07988711],
       [-0.03599078,  0.        ,  0.99935212,  0.08530719],
       [ 0.        ,  0.        ,  0.        ,  1.        ]])]","[array([[ 2.92321614e-01, -9.56319637e-01,  9.09067439e-04,
        -1.15600266e-01],
       [ 9.56315012e-01,  2.92323028e-01,  2.97396702e-03,
         1.49471636e-01],
       [-3.10980440e-03, -0.00000000e+00,  9.99995165e-01,
         8.32088918e-02],
       [ 0.00000000e+00,  0.00000000e+00,  0.00000000e+00,
         1.00000000e+00]])]","[array([[ 2.92321614e-01, -9.56319637e-01,  9.09067439e-04,
        -1.15600266e-01],
       [ 9.56315012e-01,  2.92323028e-01,  2.97396702e-03,
         1.49471636e-01],
       [-3.10980440e-03, -0.00000000e+00,  9.99995165e-01,
         8.32088918e-02],
       [ 0.00000000e+00,  0.00000000e+00,  0.00000000e+00,
         1.00000000e+00]])]","[array([[ 0.60527993, -0.79577414,  0.01948649, -0.05576377],
       [ 0.79536207,  0.60559352,  0.02560603,  0.08742753],
       [-0.03217751,  0.        ,  0.99948217,  0.08583778],
       [ 0.        ,  0.        ,  0.        ,  1.        ]])]","[array([[-0.12122613, -0.99260748,  0.005884  , -0.02019436],
       [ 0.99144031, -0.12136885, -0.04812193,  0.13390538],
       [ 0.04848032, -0.        ,  0.99882414,  0.08265733],
       [ 0.        ,  0.        ,  0.        ,  1.        ]])]","[array([[-0.12122613, -0.99260748,  0.005884  , -0.02019436],
       [ 0.99144031, -0.12136885, -0.04812193,  0.13390538],
       [ 0.04848032, -0.        ,  0.99882414,  0.08265733],
       [ 0.        ,  0.        ,  0.        ,  1.        ]])]"
8,"[array([[-0.03286038, -0.99945924, -0.00119043, -0.11637278],
       [ 0.99880405, -0.03288193,  0.0361836 ,  0.07991976],
       [-0.03620318,  0.        ,  0.99934445,  0.08530895],
       [ 0.        ,  0.        ,  0.        ,  1.        ]])]","[array([[ 2.92353175e-01, -9.56309901e-01,  9.97086907e-04,
        -1.15601226e-01],
       [ 9.56304339e-01,  2.92354876e-01,  3.26152960e-03,
         1.49486119e-01],
       [-3.41053627e-03, -0.00000000e+00,  9.99994184e-01,
         8.32104551e-02],
       [ 0.00000000e+00,  0.00000000e+00,  0.00000000e+00,
         1.00000000e+00]])]","[array([[ 2.92353175e-01, -9.56309901e-01,  9.97086907e-04,
        -1.15601226e-01],
       [ 9.56304339e-01,  2.92354876e-01,  3.26152960e-03,
         1.49486119e-01],
       [-3.41053627e-03, -0.00000000e+00,  9.99994184e-01,
         8.32104551e-02],
       [ 0.00000000e+00,  0.00000000e+00,  0.00000000e+00,
         1.00000000e+00]])]","[array([[ 0.60534203, -0.79573623,  0.01910167, -0.05576682],
       [ 0.79534036,  0.60564333,  0.0250971 ,  0.08743246],
       [-0.03153947,  0.        ,  0.99950251,  0.08582148],
       [ 0.        ,  0.        ,  0.        ,  1.        ]])]","[array([[-0.12117592, -0.99261359,  0.00588775, -0.02020404],
       [ 0.99144396, -0.12131887, -0.04817269,  0.13391095],
       [ 0.04853116, -0.        ,  0.99882167,  0.08265671],
       [ 0.        ,  0.        ,  0.        ,  1.        ]])]","[array([[-0.12117592, -0.99261359,  0.00588775, -0.02020404],
       [ 0.99144396, -0.12131887, -0.04817269,  0.13391095],
       [ 0.04853116, -0.        ,  0.99882167,  0.08265671],
       [ 0.        ,  0.        ,  0.        ,  1.        ]])]"
9,"[array([[-0.03373752, -0.99942996, -0.00123905, -0.1163728 ],
       [ 0.99875662, -0.03376026,  0.03668045,  0.07991283],
       [-0.03670137,  0.        ,  0.99932628,  0.08531511],
       [ 0.        ,  0.        ,  0.        ,  1.        ]])]","[array([[ 0.29150308, -0.95656934,  0.00102344, -0.11566636],
       [ 0.95656345,  0.29150488,  0.0033584 ,  0.14948105],
       [-0.00351088, -0.        ,  0.99999384,  0.08319665],
       [ 0.        ,  0.        ,  0.        ,  1.        ]])]","[array([[ 0.29150308, -0.95656934,  0.00102344, -0.11566636],
       [ 0.95656345,  0.29150488,  0.0033584 ,  0.14948105],
       [-0.00351088, -0.        ,  0.99999384,  0.08319665],
       [ 0.        ,  0.        ,  0.        ,  1.        ]])]","[array([[ 0.60460386, -0.79628942,  0.01942496, -0.0557732 ],
       [ 0.79587876,  0.60491582,  0.02557032,  0.08742194],
       [-0.03211185,  0.        ,  0.99948428,  0.08584331],
       [ 0.        ,  0.        ,  0.        ,  1.        ]])]","[array([[-0.12175499, -0.99254238,  0.00594542, -0.02026965],
       [ 0.99136115, -0.12190007, -0.04840917,  0.13392959],
       [ 0.0487729 , -0.        ,  0.99880989,  0.08265002],
       [ 0.        ,  0.        ,  0.        ,  1.        ]])]","[array([[-0.12175499, -0.99254238,  0.00594542, -0.02026965],
       [ 0.99136115, -0.12190007, -0.04840917,  0.13392959],
       [ 0.0487729 , -0.        ,  0.99880989,  0.08265002],
       [ 0.        ,  0.        ,  0.        ,  1.        ]])]"
10,"[array([[-0.03694129, -0.99931656, -0.00132359, -0.11636474],
       [ 0.99867574, -0.036965  ,  0.03578211,  0.07986819],
       [-0.03580658,  0.        ,  0.99935874,  0.08529907],
       [ 0.        ,  0.        ,  0.        ,  1.        ]])]","[array([[ 2.88041261e-01, -9.57617480e-01,  9.97353713e-04,
        -1.15872991e-01],
       [ 9.57611739e-01,  2.88042988e-01,  3.31576671e-03,
         1.49440140e-01],
       [-3.46251690e-03, -0.00000000e+00,  9.99994005e-01,
         8.32231080e-02],
       [ 0.00000000e+00,  0.00000000e+00,  0.00000000e+00,
         1.00000000e+00]])]","[array([[ 2.88041261e-01, -9.57617480e-01,  9.97353713e-04,
        -1.15872991e-01],
       [ 9.57611739e-01,  2.88042988e-01,  3.31576671e-03,
         1.49440140e-01],
       [-3.46251690e-03, -0.00000000e+00,  9.99994005e-01,
         8.32231080e-02],
       [ 0.00000000e+00,  0.00000000e+00,  0.00000000e+00,
         1.00000000e+00]])]","[array([[ 0.60174543, -0.79848546,  0.01798342, -0.05583566],
       [ 0.79812912,  0.60201409,  0.02385243,  0.08734678],
       [-0.02987209,  0.        ,  0.99955373,  0.08577113],
       [ 0.        ,  0.        ,  0.        ,  1.        ]])]","[array([[-0.12591748, -0.99202156,  0.00616586, -0.02048012],
       [ 0.99083435, -0.12606835, -0.04851862,  0.13401603],
       [ 0.04890884, -0.        ,  0.99880325,  0.0826807 ],
       [ 0.        ,  0.        ,  0.        ,  1.        ]])]","[array([[-0.12591748, -0.99202156,  0.00616586, -0.02048012],
       [ 0.99083435, -0.12606835, -0.04851862,  0.13401603],
       [ 0.04890884, -0.        ,  0.99880325,  0.0826807 ],
       [ 0.        ,  0.        ,  0.        ,  1.        ]])]"
11,"[array([[-0.03625065, -0.99934187, -0.00131039, -0.1163745 ],
       [ 0.99868959, -0.03627432,  0.03610078,  0.07987773],
       [-0.03612456,  0.        ,  0.9993473 ,  0.08531119],
       [ 0.        ,  0.        ,  0.        ,  1.        ]])]","[array([[ 2.88483302e-01, -9.57484478e-01,  9.26469795e-04,
        -1.15853449e-01],
       [ 9.57479541e-01,  2.88484789e-01,  3.07496437e-03,
         1.49449332e-01],
       [-3.21150310e-03, -0.00000000e+00,  9.99994843e-01,
         8.32241258e-02],
       [ 0.00000000e+00,  0.00000000e+00,  0.00000000e+00,
         1.00000000e+00]])]","[array([[ 2.88483302e-01, -9.57484478e-01,  9.26469795e-04,
        -1.15853449e-01],
       [ 9.57479541e-01,  2.88484789e-01,  3.07496437e-03,
         1.49449332e-01],
       [-3.21150310e-03, -0.00000000e+00,  9.99994843e-01,
         8.32241258e-02],
       [ 0.00000000e+00,  0.00000000e+00,  0.00000000e+00,
         1.00000000e+00]])]","[array([[ 0.60208083, -0.79816141,  0.02090549, -0.05580929],
       [ 0.7976807 ,  0.60244367,  0.02769712,  0.08739764],
       [-0.03470115,  0.        ,  0.99939773,  0.08589531],
       [ 0.        ,  0.        ,  0.        ,  1.        ]])]","[array([[-0.12569262, -0.99205001,  0.0061754 , -0.02046866],
       [ 0.99085485, -0.12584423, -0.04868165,  0.13403046],
       [ 0.04907177, -0.        ,  0.99879525,  0.08264452],
       [ 0.        ,  0.        ,  0.        ,  1.        ]])]","[array([[-0.12569262, -0.99205001,  0.0061754 , -0.02046866],
       [ 0.99085485, -0.12584423, -0.04868165,  0.13403046],
       [ 0.04907177, -0.        ,  0.99879525,  0.08264452],
       [ 0.        ,  0.        ,  0.        ,  1.        ]])]"
12,"[array([[-0.05307238, -0.99858875, -0.00195493, -0.11636913],
       [ 0.99791198, -0.05310837,  0.03675835,  0.07969166],
       [-0.0368103 ,  0.        ,  0.99932227,  0.08532655],
       [ 0.        ,  0.        ,  0.        ,  1.        ]])]","[array([[ 0.27609463, -0.96112598,  0.00293202, -0.11717188],
       [ 0.96107179,  0.2761102 ,  0.01020622,  0.14929741],
       [-0.01061902, -0.        ,  0.99994362,  0.08357768],
       [ 0.        ,  0.        ,  0.        ,  1.        ]])]","[array([[ 0.27609463, -0.96112598,  0.00293202, -0.11717188],
       [ 0.96107179,  0.2761102 ,  0.01020622,  0.14929741],
       [-0.01061902, -0.        ,  0.99994362,  0.08357768],
       [ 0.        ,  0.        ,  0.        ,  1.        ]])]","[array([[ 0.58453753, -0.81121727,  0.01556999, -0.05593019],
       [ 0.81092964,  0.58474486,  0.02160026,  0.08717979],
       [-0.02662698,  0.        ,  0.99964544,  0.08573144],
       [ 0.        ,  0.        ,  0.        ,  1.        ]])]","[array([[-0.1391626 , -0.99024424,  0.00707958, -0.02164249],
       [ 0.98896533, -0.13934256, -0.05031134,  0.13458294],
       [ 0.050807  , -0.        ,  0.99870849,  0.08259534],
       [ 0.        ,  0.        ,  0.        ,  1.        ]])]","[array([[-0.1391626 , -0.99024424,  0.00707958, -0.02164249],
       [ 0.98896533, -0.13934256, -0.05031134,  0.13458294],
       [ 0.050807  , -0.        ,  0.99870849,  0.08259534],
       [ 0.        ,  0.        ,  0.        ,  1.        ]])]"
13,"[array([[-0.16643236, -0.98603045, -0.00664988, -0.11627601],
       [ 0.98524432, -0.16656516,  0.0393659 ,  0.07865585],
       [-0.03992362,  0.        ,  0.99920273,  0.08545529],
       [ 0.        ,  0.        ,  0.        ,  1.        ]])]","[array([[ 0.23380461, -0.97228298,  0.00110198, -0.12443326],
       [ 0.97227218,  0.23380721,  0.00458256,  0.14812388],
       [-0.0047132 , -0.        ,  0.99998889,  0.08338788],
       [ 0.        ,  0.        ,  0.        ,  1.        ]])]","[array([[ 0.23380461, -0.97228298,  0.00110198, -0.12443326],
       [ 0.97227218,  0.23380721,  0.00458256,  0.14812388],
       [-0.0047132 , -0.        ,  0.99998889,  0.08338788],
       [ 0.        ,  0.        ,  0.        ,  1.        ]])]","[array([[ 0.50168675, -0.86480497,  0.02056139, -0.05666193],
       [ 0.86407956,  0.50210792,  0.03541388,  0.08641583],
       [-0.04095013,  0.        ,  0.99916119,  0.08603728],
       [ 0.        ,  0.        ,  0.        ,  1.        ]])]","[array([[-0.21828429, -0.9758176 ,  0.01148792, -0.02746005],
       [ 0.97446903, -0.21858637, -0.0512846 ,  0.13704532],
       [ 0.05255552, -0.        ,  0.998618  ,  0.08235773],
       [ 0.        ,  0.        ,  0.        ,  1.        ]])]","[array([[-0.21828429, -0.9758176 ,  0.01148792, -0.02746005],
       [ 0.97446903, -0.21858637, -0.0512846 ,  0.13704532],
       [ 0.05255552, -0.        ,  0.998618  ,  0.08235773],
       [ 0.        ,  0.        ,  0.        ,  1.        ]])]"
14,"[array([[-0.25544702, -0.96676295, -0.01078062, -0.11613592],
       [ 0.96590315, -0.25567441,  0.04076398,  0.07784347],
       [-0.04216544,  0.        ,  0.99911064,  0.08553751],
       [ 0.        ,  0.        ,  0.        ,  1.        ]])]","[array([[ 0.22169167, -0.97511216,  0.00301292, -0.1301788 ],
       [ 0.97502212,  0.22171214,  0.01325112,  0.146791  ],
       [-0.01358933, -0.        ,  0.99990766,  0.08365914],
       [ 0.        ,  0.        ,  0.        ,  1.        ]])]","[array([[ 0.22169167, -0.97511216,  0.00301292, -0.1301788 ],
       [ 0.97502212,  0.22171214,  0.01325112,  0.146791  ],
       [-0.01358933, -0.        ,  0.99990766,  0.08365914],
       [ 0.        ,  0.        ,  0.        ,  1.        ]])]","[array([[ 0.43471897, -0.9004488 ,  0.01453873, -0.05713419],
       [ 0.89994565,  0.43496202,  0.03009776,  0.08566751],
       [-0.03342528,  0.        ,  0.99944122,  0.08575073],
       [ 0.        ,  0.        ,  0.        ,  1.        ]])]","[array([[-0.26230621, -0.96486948,  0.01491103, -0.03217162],
       [ 0.96331428, -0.26272968, -0.05476045,  0.13870007],
       [ 0.05675426, -0.        ,  0.99838818,  0.08220021],
       [ 0.        ,  0.        ,  0.        ,  1.        ]])]","[array([[-0.26230621, -0.96486948,  0.01491103, -0.03217162],
       [ 0.96331428, -0.26272968, -0.05476045,  0.13870007],
       [ 0.05675426, -0.        ,  0.99838818,  0.08220021],
       [ 0.        ,  0.        ,  0.        ,  1.        ]])]"
15,"[array([[-0.37579722, -0.92656456, -0.01595515, -0.11580581],
       [ 0.92573058, -0.37613577,  0.03930356,  0.07672709],
       [-0.04241858,  0.        ,  0.99909993,  0.08555218],
       [ 0.        ,  0.        ,  0.        ,  1.        ]])]","[array([[ 0.21598795, -0.976389  ,  0.00370437, -0.13792217],
       [ 0.97624543,  0.21601972,  0.0167434 ,  0.14420748],
       [-0.01714829, -0.        ,  0.99985296,  0.08381332],
       [ 0.        ,  0.        ,  0.        ,  1.        ]])]","[array([[ 0.21598795, -0.976389  ,  0.00370437, -0.13792217],
       [ 0.97624543,  0.21601972,  0.0167434 ,  0.14420748],
       [-0.01714829, -0.        ,  0.99985296,  0.08381332],
       [ 0.        ,  0.        ,  0.        ,  1.        ]])]","[array([[ 0.32718826, -0.94489448,  0.01105699, -0.05773996],
       [ 0.94435539,  0.32737504,  0.03191351,  0.08447989],
       [-0.03377468,  0.        ,  0.99942947,  0.08577455],
       [ 0.        ,  0.        ,  0.        ,  1.        ]])]","[array([[-0.29157719, -0.9564359 ,  0.01459809, -0.03910484],
       [ 0.95523945, -0.2919424 , -0.04782498,  0.14107618],
       [ 0.05000333, -0.        ,  0.99874905,  0.08261889],
       [ 0.        ,  0.        ,  0.        ,  1.        ]])]","[array([[-0.29157719, -0.9564359 ,  0.01459809, -0.03910484],
       [ 0.95523945, -0.2919424 , -0.04782498,  0.14107618],
       [ 0.05000333, -0.        ,  0.99874905,  0.08261889],
       [ 0.        ,  0.        ,  0.        ,  1.        ]])]"
16,"[array([[-0.44706255, -0.89431408, -0.01836871, -0.11553562],
       [ 0.89356015, -0.44743975,  0.03671421,  0.07606163],
       [-0.04105292,  0.        ,  0.99915697,  0.08549759],
       [ 0.        ,  0.        ,  0.        ,  1.        ]])]","[array([[ 0.21202659, -0.97725052,  0.00511296, -0.14273007],
       [ 0.9769665 ,  0.21208823,  0.02355925,  0.14219986],
       [-0.02410769, -0.        ,  0.99970937,  0.08412062],
       [ 0.        ,  0.        ,  0.        ,  1.        ]])]","[array([[ 0.21202659, -0.97725052,  0.00511296, -0.14273007],
       [ 0.9769665 ,  0.21208823,  0.02355925,  0.14219986],
       [-0.02410769, -0.        ,  0.99970937,  0.08412062],
       [ 0.        ,  0.        ,  0.        ,  1.        ]])]","[array([[ 0.25241445, -0.96758417,  0.00823525, -0.05810839],
       [ 0.96706961,  0.25254875,  0.03155153,  0.08361501],
       [-0.03260857,  0.        ,  0.9994682 ,  0.08573843],
       [ 0.        ,  0.        ,  0.        ,  1.        ]])]","[array([[-0.29555896, -0.95522236,  0.01396926, -0.04399453],
       [ 0.95415722, -0.29588889, -0.04509716,  0.14237033],
       [ 0.04721117, -0.        ,  0.99888493,  0.08267068],
       [ 0.        ,  0.        ,  0.        ,  1.        ]])]","[array([[-0.29555896, -0.95522236,  0.01396926, -0.04399453],
       [ 0.95415722, -0.29588889, -0.04509716,  0.14237033],
       [ 0.04721117, -0.        ,  0.99888493,  0.08267068],
       [ 0.        ,  0.        ,  0.        ,  1.        ]])]"
17,"[array([[-0.56438275, -0.82523651, -0.02137309, -0.11494689],
       [ 0.8246454 , -0.5647873 ,  0.03122919,  0.07493649],
       [-0.03784272,  0.        ,  0.99928371,  0.08538668],
       [ 0.        ,  0.        ,  0.        ,  1.        ]])]","[array([[ 0.18423896, -0.98286594,  0.00552739, -0.1501937 ],
       [ 0.98242391,  0.18432185,  0.02947391,  0.13741537],
       [-0.02998772, -0.        ,  0.99955027,  0.08433961],
       [ 0.        ,  0.        ,  0.        ,  1.        ]])]","[array([[ 0.18423896, -0.98286594,  0.00552739, -0.1501937 ],
       [ 0.98242391,  0.18432185,  0.02947391,  0.13741537],
       [-0.02998772, -0.        ,  0.99955027,  0.08433961],
       [ 0.        ,  0.        ,  0.        ,  1.        ]])]","[array([[ 0.12066198, -0.99268699,  0.00363573, -0.05850693],
       [ 0.99223667,  0.12071674,  0.02989759,  0.08207926],
       [-0.03011784,  0.        ,  0.99954635,  0.08568964],
       [ 0.        ,  0.        ,  0.        ,  1.        ]])]","[array([[-0.3106831 , -0.9504182 ,  0.01346294, -0.05225053],
       [ 0.94952712, -0.31097466, -0.0411462 ,  0.14370914],
       [ 0.04329273, -0.        ,  0.99906243,  0.08279029],
       [ 0.        ,  0.        ,  0.        ,  1.        ]])]","[array([[-0.3106831 , -0.9504182 ,  0.01346294, -0.05225053],
       [ 0.94952712, -0.31097466, -0.0411462 ,  0.14370914],
       [ 0.04329273, -0.        ,  0.99906243,  0.08279029],
       [ 0.        ,  0.        ,  0.        ,  1.        ]])]"
18,"[array([[-0.64069063, -0.76751187, -0.02100105, -0.11445398],
       [ 0.76709987, -0.64103474,  0.02514458,  0.07419119],
       [-0.03276117,  0.        ,  0.99946321,  0.08522585],
       [ 0.        ,  0.        ,  0.        ,  1.        ]])]","[array([[ 0.16091381, -0.98695598,  0.00496322, -0.15512536],
       [ 0.98648685,  0.16099033,  0.03042714,  0.13348317],
       [-0.03082928, -0.        ,  0.99952466,  0.08433837],
       [ 0.        ,  0.        ,  0.        ,  1.        ]])]","[array([[ 0.16091381, -0.98695598,  0.00496322, -0.15512536],
       [ 0.98648685,  0.16099033,  0.03042714,  0.13348317],
       [-0.03082928, -0.        ,  0.99952466,  0.08433837],
       [ 0.        ,  0.        ,  0.        ,  1.        ]])]","[array([[ 2.48801496e-02, -9.99690186e-01,  7.14306614e-04,
        -5.86555658e-02],
       [ 9.99278439e-01,  2.48904013e-02,  2.86891843e-02,
         8.09830653e-02],
       [-2.86980754e-02,  0.00000000e+00,  9.99588125e-01,
         8.56428369e-02],
       [ 0.00000000e+00,  0.00000000e+00,  0.00000000e+00,
         1.00000000e+00]])]","[array([[-0.31457682, -0.9491348 ,  0.01358529, -0.05823506],
       [ 0.94825096, -0.31487003, -0.04095108,  0.14405516],
       [ 0.04314569, -0.        ,  0.99906879,  0.08275097],
       [ 0.        ,  0.        ,  0.        ,  1.        ]])]","[array([[-0.31457682, -0.9491348 ,  0.01358529, -0.05823506],
       [ 0.94825096, -0.31487003, -0.04095108,  0.14405516],
       [ 0.04314569, -0.        ,  0.99906879,  0.08275097],
       [ 0.        ,  0.        ,  0.        ,  1.        ]])]"
19,"[array([[-0.73408797, -0.67874313, -0.02055759, -0.11367413],
       [ 0.67847714, -0.73437576,  0.01900025,  0.07326059],
       [-0.02799329,  0.        ,  0.99960811,  0.08508605],
       [ 0.        ,  0.        ,  0.        ,  1.        ]])]","[array([[ 0.14033387, -0.99009355,  0.00460022, -0.16104904],
       [ 0.98956202,  0.14040925,  0.0324384 ,  0.12759677],
       [-0.03276297, -0.        ,  0.99946315,  0.08438486],
       [ 0.        ,  0.        ,  0.        ,  1.        ]])]","[array([[ 0.14033387, -0.99009355,  0.00460022, -0.16104904],
       [ 0.98956202,  0.14040925,  0.0324384 ,  0.12759677],
       [-0.03276297, -0.        ,  0.99946315,  0.08438486],
       [ 0.        ,  0.        ,  0.        ,  1.        ]])]","[array([[-0.08837944, -0.99608471, -0.00207825, -0.05870455],
       [ 0.99580943, -0.08840387,  0.02341651,  0.07968728],
       [-0.02350855, -0.        ,  0.99972364,  0.08551959],
       [ 0.        ,  0.        ,  0.        ,  1.        ]])]","[array([[-0.32986683, -0.94392025,  0.01422771, -0.06506614],
       [ 0.94304347, -0.33017352, -0.04067505,  0.14366433],
       [ 0.04309162, -0.        ,  0.99907112,  0.08265569],
       [ 0.        ,  0.        ,  0.        ,  1.        ]])]","[array([[-0.32986683, -0.94392025,  0.01422771, -0.06506614],
       [ 0.94304347, -0.33017352, -0.04067505,  0.14366433],
       [ 0.04309162, -0.        ,  0.99907112,  0.08265569],
       [ 0.        ,  0.        ,  0.        ,  1.        ]])]"
20,"[array([[-0.80128896, -0.59787367, -0.02197889, -0.11288094],
       [ 0.59764889, -0.80159034,  0.01639316,  0.07262057],
       [-0.02741911,  0.        ,  0.99962403,  0.08510619],
       [ 0.        ,  0.        ,  0.        ,  1.        ]])]","[array([[ 0.16332933, -0.98652035,  0.01005628, -0.16617421],
       [ 0.98465573,  0.16363862,  0.06062582,  0.12332332],
       [-0.0614542 , -0.        ,  0.9981099 ,  0.08581224],
       [ 0.        ,  0.        ,  0.        ,  1.        ]])]","[array([[ 0.16332933, -0.98652035,  0.01005628, -0.16617421],
       [ 0.98465573,  0.16363862,  0.06062582,  0.12332332],
       [-0.0614542 , -0.        ,  0.9981099 ,  0.08581224],
       [ 0.        ,  0.        ,  0.        ,  1.        ]])]","[array([[-0.14770456, -0.98902705, -0.00297517, -0.05880403],
       [ 0.98882647, -0.14773453,  0.01991766,  0.07901914],
       [-0.02013864, -0.        ,  0.9997972 ,  0.08544011],
       [ 0.        ,  0.        ,  0.        ,  1.        ]])]","[array([[-0.36381583, -0.93136362,  0.01413682, -0.06886491],
       [ 0.93066129, -0.36409039, -0.03616279,  0.14300273],
       [ 0.03882778, -0.        ,  0.99924592,  0.08263728],
       [ 0.        ,  0.        ,  0.        ,  1.        ]])]","[array([[-0.36381583, -0.93136362,  0.01413682, -0.06886491],
       [ 0.93066129, -0.36409039, -0.03616279,  0.14300273],
       [ 0.03882778, -0.        ,  0.99924592,  0.08263728],
       [ 0.        ,  0.        ,  0.        ,  1.        ]])]"
21,"[array([[-0.8082547 , -0.58824998, -0.02619745, -0.11286244],
       [ 0.58794122, -0.80867915,  0.01905657,  0.07243839],
       [-0.03239535,  0.        ,  0.99947513,  0.08519466],
       [ 0.        ,  0.        ,  0.        ,  1.        ]])]","[array([[ 0.16490242, -0.98625705,  0.01020939, -0.16679905],
       [ 0.98437227,  0.16521816,  0.06094416,  0.12244844],
       [-0.06179339, -0.        ,  0.99808896,  0.08584803],
       [ 0.        ,  0.        ,  0.        ,  1.        ]])]","[array([[ 0.16490242, -0.98625705,  0.01020939, -0.16679905],
       [ 0.98437227,  0.16521816,  0.06094416,  0.12244844],
       [-0.06179339, -0.        ,  0.99808896,  0.08584803],
       [ 0.        ,  0.        ,  0.        ,  1.        ]])]","[array([[-0.15889699, -0.98728909, -0.0034635 , -0.0587429 ],
       [ 0.98705464, -0.15893473,  0.02151495,  0.07890143],
       [-0.02179195, -0.        ,  0.99976253,  0.08548414],
       [ 0.        ,  0.        ,  0.        ,  1.        ]])]","[array([[-0.36923272, -0.92922685,  0.01430592, -0.06944527],
       [ 0.92853017, -0.36950976, -0.03597591,  0.14287598],
       [ 0.03871596, -0.        ,  0.99925026,  0.08262783],
       [ 0.        ,  0.        ,  0.        ,  1.        ]])]","[array([[-0.36923272, -0.92922685,  0.01430592, -0.06944527],
       [ 0.92853017, -0.36950976, -0.03597591,  0.14287598],
       [ 0.03871596, -0.        ,  0.99925026,  0.08262783],
       [ 0.        ,  0.        ,  0.        ,  1.        ]])]"
22,"[array([[-0.80816274, -0.58831699, -0.02749734, -0.11283926],
       [ 0.58797675, -0.8086304 ,  0.02000562,  0.07244415],
       [-0.03400483,  0.        ,  0.99942167,  0.08526571],
       [ 0.        ,  0.        ,  0.        ,  1.        ]])]","[array([[ 0.16963532, -0.98545178,  0.01042337, -0.16677294],
       [ 0.98359671,  0.16995525,  0.06043784,  0.12250842],
       [-0.06133009, -0.        ,  0.99811754,  0.0858773 ],
       [ 0.        ,  0.        ,  0.        ,  1.        ]])]","[array([[ 0.16963532, -0.98545178,  0.01042337, -0.16677294],
       [ 0.98359671,  0.16995525,  0.06043784,  0.12250842],
       [-0.06133009, -0.        ,  0.99811754,  0.0858773 ],
       [ 0.        ,  0.        ,  0.        ,  1.        ]])]","[array([[-0.15448513, -0.98799021, -0.00311269, -0.05881695],
       [ 0.98778972, -0.15451648,  0.01990277,  0.07890218],
       [-0.02014471, -0.        ,  0.99979707,  0.08542324],
       [ 0.        ,  0.        ,  0.        ,  1.        ]])]","[array([[-0.36764073, -0.92985677,  0.01437631, -0.06932256],
       [ 0.92914665, -0.36792171, -0.03633358,  0.14291421],
       [ 0.03907438, -0.        ,  0.9992363 ,  0.08261543],
       [ 0.        ,  0.        ,  0.        ,  1.        ]])]","[array([[-0.36764073, -0.92985677,  0.01437631, -0.06932256],
       [ 0.92914665, -0.36792171, -0.03633358,  0.14291421],
       [ 0.03907438, -0.        ,  0.9992363 ,  0.08261543],
       [ 0.        ,  0.        ,  0.        ,  1.        ]])]"
23,"[array([[-0.80143695, -0.59737855, -0.02894275, -0.11291899],
       [ 0.59698939, -0.80195939,  0.02155941,  0.07251515],
       [-0.03609004,  0.        ,  0.99934854,  0.08533442],
       [ 0.        ,  0.        ,  0.        ,  1.        ]])]","[array([[ 0.18318763, -0.98301827,  0.01083424, -0.16625195],
       [ 0.98130352,  0.18350773,  0.0580371 ,  0.12318033],
       [-0.0590397 , -0.        ,  0.99825564,  0.08584546],
       [ 0.        ,  0.        ,  0.        ,  1.        ]])]","[array([[ 0.18318763, -0.98301827,  0.01083424, -0.16625195],
       [ 0.98130352,  0.18350773,  0.0580371 ,  0.12318033],
       [-0.0590397 , -0.        ,  0.99825564,  0.08584546],
       [ 0.        ,  0.        ,  0.        ,  1.        ]])]","[array([[-0.14800453, -0.98898097, -0.00336081, -0.0586749 ],
       [ 0.9887261 , -0.14804269,  0.02245149,  0.07898066],
       [-0.02270164, -0.        ,  0.99974228,  0.08552252],
       [ 0.        ,  0.        ,  0.        ,  1.        ]])]","[array([[-0.35949233, -0.93304215,  0.0140572 , -0.06862447],
       [ 0.93232964, -0.35976706, -0.03645682,  0.14311112],
       [ 0.03907307, -0.        ,  0.99923636,  0.08268748],
       [ 0.        ,  0.        ,  0.        ,  1.        ]])]","[array([[-0.35949233, -0.93304215,  0.0140572 , -0.06862447],
       [ 0.93232964, -0.35976706, -0.03645682,  0.14311112],
       [ 0.03907307, -0.        ,  0.99923636,  0.08268748],
       [ 0.        ,  0.        ,  0.        ,  1.        ]])]"
24,"[array([[-0.74247198, -0.66907186, -0.03283605, -0.11352932],
       [ 0.66841851, -0.74319772,  0.02956101,  0.07321355],
       [-0.04418211,  0.        ,  0.99902349,  0.08558668],
       [ 0.        ,  0.        ,  0.        ,  1.        ]])]","[array([[ 0.24847198, -0.96861534,  0.00678217, -0.16097118],
       [ 0.96825471,  0.24856453,  0.02642902,  0.12754904],
       [-0.02728536, -0.        ,  0.99962769,  0.08445667],
       [ 0.        ,  0.        ,  0.        ,  1.        ]])]","[array([[ 0.24847198, -0.96861534,  0.00678217, -0.16097118],
       [ 0.96825471,  0.24856453,  0.02642902,  0.12754904],
       [-0.02728536, -0.        ,  0.99962769,  0.08445667],
       [ 0.        ,  0.        ,  0.        ,  1.        ]])]","[array([[-0.0673121 , -0.99773   , -0.00197993, -0.05857406],
       [ 0.99729867, -0.06734122,  0.02933468,  0.07965486],
       [-0.02940142, -0.        ,  0.99956768,  0.08572859],
       [ 0.        ,  0.        ,  0.        ,  1.        ]])]","[array([[-0.28911546, -0.95722955,  0.0111281 , -0.06329303],
       [ 0.95652127, -0.28932954, -0.03681667,  0.14423634],
       [ 0.0384617 , -0.        ,  0.99926008,  0.08281192],
       [ 0.        ,  0.        ,  0.        ,  1.        ]])]","[array([[-0.28911546, -0.95722955,  0.0111281 , -0.06329303],
       [ 0.95652127, -0.28932954, -0.03681667,  0.14423634],
       [ 0.0384617 , -0.        ,  0.99926008,  0.08281192],
       [ 0.        ,  0.        ,  0.        ,  1.        ]])]"
25,"[array([[-0.6179666 , -0.78587658, -0.02269987, -0.11445289],
       [ 0.78534691, -0.61838338,  0.02884828,  0.07466312],
       [-0.03670841,  0.        ,  0.99932602,  0.08541127],
       [ 0.        ,  0.        ,  0.        ,  1.        ]])]","[array([[ 0.28412255, -0.9587623 ,  0.00701682, -0.15272153],
