,LP,LD1,LD2,RP,RD1,RD2
0,"[array([[-0.5887469 , -0.80817422, -0.01521529, -0.11453005],
       [ 0.80790448, -0.58894348,  0.02087909,  0.11567371],
       [-0.02583488,  0.        ,  0.99966622,  0.0853477 ],
       [ 0.        ,  0.        ,  0.        ,  1.        ]])]","[array([[ 0.69291507, -0.72095615,  0.00953626, -0.146416  ],
       [ 0.72088788,  0.69298069,  0.00992124,  0.17980318],
       [-0.01376122, -0.        ,  0.99990531,  0.08369561],
       [ 0.        ,  0.        ,  0.        ,  1.        ]])]","[array([[ 0.69291507, -0.72095615,  0.00953626, -0.146416  ],
       [ 0.72088788,  0.69298069,  0.00992124,  0.17980318],
       [-0.01376122, -0.        ,  0.99990531,  0.08369561],
       [ 0.        ,  0.        ,  0.        ,  1.        ]])]","[array([[ 0.69519345, -0.71866047,  0.01527071, -0.05437644],
       [ 0.71848716,  0.69536115,  0.01578238,  0.12915122],
       [-0.02196083,  0.        ,  0.99975883,  0.08593292],
       [ 0.        ,  0.        ,  0.        ,  1.        ]])]","[array([[-0.53456285, -0.84454076,  0.03151911, -0.01564234],
       [ 0.84307653, -0.53549127, -0.04970981,  0.16436016],
       [ 0.05886017, -0.        ,  0.99826624,  0.08245425],
       [ 0.        ,  0.        ,  0.        ,  1.        ]])]","[array([[-0.53456285, -0.84454076,  0.03151911, -0.01564234],
       [ 0.84307653, -0.53549127, -0.04970981,  0.16436016],
       [ 0.05886017, -0.        ,  0.99826624,  0.08245425],
       [ 0.        ,  0.        ,  0.        ,  1.        ]])]"
1,"[array([[-0.58868458, -0.80822029, -0.01517997, -0.11454097],
       [ 0.80795171, -0.58888027,  0.02083405,  0.11567337],
       [-0.02577769,  0.        ,  0.9996677 ,  0.08535142],
       [ 0.        ,  0.        ,  0.        ,  1.        ]])]","[array([[ 0.69311917, -0.72075806,  0.0096765 , -0.1464216 ],
       [ 0.72068783,  0.69318671,  0.01006139,  0.17980947],
       [-0.01395945, -0.        ,  0.99990256,  0.08370491],
       [ 0.        ,  0.        ,  0.        ,  1.        ]])]","[array([[ 0.69311917, -0.72075806,  0.0096765 , -0.1464216 ],
       [ 0.72068783,  0.69318671,  0.01006139,  0.17980947],
       [-0.01395945, -0.        ,  0.99990256,  0.08370491],
       [ 0.        ,  0.        ,  0.        ,  1.        ]])]","[array([[ 0.69500806, -0.71884458,  0.0150419 , -0.05437193],
       [ 0.71867628,  0.69517082,  0.01555414,  0.12914429],
       [-0.0216377 ,  0.        ,  0.99976588,  0.08592368],
       [ 0.        ,  0.        ,  0.        ,  1.        ]])]","[array([[-0.53452856, -0.84456352,  0.03149104, -0.01564274],
       [ 0.84310166, -0.53545538, -0.04967022,  0.16436086],
       [ 0.0588117 , -0.        ,  0.99826909,  0.08245679],
       [ 0.        ,  0.        ,  0.        ,  1.        ]])]","[array([[-0.53452856, -0.84456352,  0.03149104, -0.01564274],
       [ 0.84310166, -0.53545538, -0.04967022,  0.16436086],
       [ 0.0588117 , -0.        ,  0.99826909,  0.08245679],
       [ 0.        ,  0.        ,  0.        ,  1.        ]])]"
2,"[array([[-0.59242231, -0.8054841 , -0.01520439, -0.11424512],
       [ 0.80521895, -0.59261739,  0.02066577,  0.11580207],
       [-0.02565633,  0.        ,  0.99967082,  0.0852057 ],
       [ 0.        ,  0.        ,  0.        ,  1.        ]])]","[array([[ 0.69270885, -0.72115521,  0.00946605, -0.14640234],
       [ 0.72108789,  0.69277352,  0.00985385,  0.17978789],
       [-0.01366398, -0.        ,  0.99990664,  0.08368351],
       [ 0.        ,  0.        ,  0.        ,  1.        ]])]","[array([[ 0.69270885, -0.72115521,  0.00946605, -0.14640234],
       [ 0.72108789,  0.69277352,  0.00985385,  0.17978789],
       [-0.01366398, -0.        ,  0.99990664,  0.08368351],
       [ 0.        ,  0.        ,  0.        ,  1.        ]])]","[array([[ 0.69715014, -0.71640285,  0.02736121, -0.05446424],
       [ 0.71585173,  0.69768686,  0.0280952 ,  0.12917689],
       [-0.03921704,  0.        ,  0.99923072,  0.08642146],
       [ 0.        ,  0.        ,  0.        ,  1.        ]])]","[array([[-0.53354326, -0.84511497,  0.03335075, -0.01554966],
       [ 0.84346875, -0.53458459, -0.05272359,  0.16435516],
       [ 0.0623863 , -0.        ,  0.99805208,  0.08222612],
       [ 0.        ,  0.        ,  0.        ,  1.        ]])]","[array([[-0.53354326, -0.84511497,  0.03335075, -0.01554966],
       [ 0.84346875, -0.53458459, -0.05272359,  0.16435516],
       [ 0.0623863 , -0.        ,  0.99805208,  0.08222612],
       [ 0.        ,  0.        ,  0.        ,  1.        ]])]"
3,"[array([[-0.59241245, -0.80549203, -0.0151682 , -0.11424143],
       [ 0.80522813, -0.5926066 ,  0.02061716,  0.11580499],
       [-0.02559574,  0.        ,  0.99967238,  0.08519934],
       [ 0.        ,  0.        ,  0.        ,  1.        ]])]","[array([[ 0.68000323, -0.73317039,  0.00753599, -0.14589237],
       [ 0.73312537,  0.68004498,  0.00812471,  0.17900582],
       [-0.01108161, -0.        ,  0.9999386 ,  0.0835544 ],
       [ 0.        ,  0.        ,  0.        ,  1.        ]])]","[array([[ 0.68000323, -0.73317039,  0.00753599, -0.14589237],
       [ 0.73312537,  0.68004498,  0.00812471,  0.17900582],
       [-0.01108161, -0.        ,  0.9999386 ,  0.0835544 ],
       [ 0.        ,  0.        ,  0.        ,  1.        ]])]","[array([[ 0.69698176, -0.71656595,  0.02737997, -0.05444891],
       [ 0.71601369,  0.69751934,  0.02812762,  0.12918078],
       [-0.03925335,  0.        ,  0.99922929,  0.08641728],
       [ 0.        ,  0.        ,  0.        ,  1.        ]])]","[array([[-0.49769134, -0.86678501,  0.03141772, -0.01697871],
       [ 0.86506309, -0.498682  , -0.05460876,  0.16416112],
       [ 0.06300151, -0.        ,  0.99801343,  0.08220955],
       [ 0.        ,  0.        ,  0.        ,  1.        ]])]","[array([[-0.49769134, -0.86678501,  0.03141772, -0.01697871],
       [ 0.86506309, -0.498682  , -0.05460876,  0.16416112],
       [ 0.06300151, -0.        ,  0.99801343,  0.08220955],
       [ 0.        ,  0.        ,  0.        ,  1.        ]])]"
4,"[array([[-0.59299796, -0.80505426, -0.01552627, -0.11425934],
       [ 0.80477845, -0.59320118,  0.02107125,  0.1157903 ],
       [-0.0261737 ,  0.        ,  0.99965741,  0.08521629],
       [ 0.        ,  0.        ,  0.        ,  1.        ]])]","[array([[ 0.66887868, -0.74335091, -0.00554412, -0.14565842],
       [ 0.74332537,  0.66890166, -0.00616119,  0.17859831],
       [ 0.0082884 , -0.        ,  0.99996565,  0.08292043],
       [ 0.        ,  0.        ,  0.        ,  1.        ]])]","[array([[ 0.66887868, -0.74335091, -0.00554412, -0.14565842],
       [ 0.74332537,  0.66890166, -0.00616119,  0.17859831],
       [ 0.0082884 , -0.        ,  0.99996565,  0.08292043],
       [ 0.        ,  0.        ,  0.        ,  1.        ]])]","[array([[ 0.69696135, -0.71659143,  0.02723247, -0.05446668],
       [ 0.71604504,  0.69749317,  0.02797813,  0.12916884],
       [-0.03904335,  0.        ,  0.99923752,  0.08642157],
       [ 0.        ,  0.        ,  0.        ,  1.        ]])]","[array([[-0.52946476, -0.8478222 ,  0.02940388, -0.01584958],
       [ 0.84651781, -0.5302806 , -0.04701145,  0.16426338],
       [ 0.05544966, -0.        ,  0.99846148,  0.0824057 ],
       [ 0.        ,  0.        ,  0.        ,  1.        ]])]","[array([[-0.52946476, -0.8478222 ,  0.02940388, -0.01584958],
       [ 0.84651781, -0.5302806 , -0.04701145,  0.16426338],
       [ 0.05544966, -0.        ,  0.99846148,  0.0824057 ],
       [ 0.        ,  0.        ,  0.        ,  1.        ]])]"
5,"[array([[-0.58787448, -0.8086762 , -0.02112807, -0.1142713 ],
       [ 0.80815444, -0.58825403,  0.02904488,  0.11590495],
       [-0.03591658,  0.        ,  0.99935479,  0.08538853],
       [ 0.        ,  0.        ,  0.        ,  1.        ]])]","[array([[ 0.69564192, -0.71827042,  0.01303548, -0.14583863],
       [ 0.71814434,  0.69576405,  0.01345715,  0.17939995],
       [-0.01873549, -0.        ,  0.99982448,  0.08389979],
       [ 0.        ,  0.        ,  0.        ,  1.        ]])]","[array([[ 0.69564192, -0.71827042,  0.01303548, -0.14583863],
       [ 0.71814434,  0.69576405,  0.01345715,  0.17939995],
       [-0.01873549, -0.        ,  0.99982448,  0.08389979],
       [ 0.        ,  0.        ,  0.        ,  1.        ]])]","[array([[ 0.71753232, -0.69650811,  0.00488045, -0.05432323],
       [ 0.696492  ,  0.71754892,  0.00473734,  0.12893283],
       [-0.00680156,  0.        ,  0.99997687,  0.08606435],
       [ 0.        ,  0.        ,  0.        ,  1.        ]])]","[array([[-0.5520206 , -0.83269481,  0.04350403, -0.0142413 ],
       [ 0.83012094, -0.5537322 , -0.06542076,  0.16202834],
       [ 0.07856511, -0.        ,  0.99690898,  0.08300363],
       [ 0.        ,  0.        ,  0.        ,  1.        ]])]","[array([[-0.5520206 , -0.83269481,  0.04350403, -0.0142413 ],
       [ 0.83012094, -0.5537322 , -0.06542076,  0.16202834],
       [ 0.07856511, -0.        ,  0.99690898,  0.08300363],
       [ 0.        ,  0.        ,  0.        ,  1.        ]])]"
6,"[array([[-0.59066613, -0.80667487, -0.01972776, -0.11425401],
       [ 0.80622532, -0.59099548,  0.02692726,  0.11584898],
       [-0.03338056,  0.        ,  0.99944271,  0.08534772],
       [ 0.        ,  0.        ,  0.        ,  1.        ]])]","[array([[ 0.69838693, -0.71565383,  0.00976138, -0.14604115],
       [ 0.71558394,  0.69845514,  0.01000174,  0.17928448],
       [-0.01397567, -0.        ,  0.99990234,  0.08397043],
       [ 0.        ,  0.        ,  0.        ,  1.        ]])]","[array([[ 0.69838693, -0.71565383,  0.00976138, -0.14604115],
       [ 0.71558394,  0.69845514,  0.01000174,  0.17928448],
       [-0.01397567, -0.        ,  0.99990234,  0.08397043],
       [ 0.        ,  0.        ,  0.        ,  1.        ]])]","[array([[ 0.72847725, -0.68486682,  0.01668351, -0.05428208],
       [ 0.68468729,  0.72866826,  0.01568064,  0.12917694],
       [-0.02289589,  0.        ,  0.99973785,  0.08642887],
       [ 0.        ,  0.        ,  0.        ,  1.        ]])]","[array([[-0.54419021, -0.8373988 ,  0.05118847, -0.01405098],
       [ 0.83371858, -0.54659239, -0.07842254,  0.1617001 ],
       [ 0.09365016, -0.        ,  0.99560517,  0.08243792],
       [ 0.        ,  0.        ,  0.        ,  1.        ]])]","[array([[-0.54419021, -0.8373988 ,  0.05118847, -0.01405098],
       [ 0.83371858, -0.54659239, -0.07842254,  0.1617001 ],
       [ 0.09365016, -0.        ,  0.99560517,  0.08243792],
       [ 0.        ,  0.        ,  0.        ,  1.        ]])]"
7,"[array([[-0.5875992 , -0.80891836, -0.0194491 , -0.11427822],
       [ 0.80847562, -0.58792098,  0.02675995,  0.11586955],
       [-0.03308115,  0.        ,  0.99945267,  0.08541602],
       [ 0.        ,  0.        ,  0.        ,  1.        ]])]","[array([[ 0.70358553, -0.71060774, -0.00201076, -0.14560075],
       [ 0.71060484,  0.7035884 , -0.00203082,  0.17954991],
       [ 0.00285786, -0.        ,  0.99999592,  0.08328112],
       [ 0.        ,  0.        ,  0.        ,  1.        ]])]","[array([[ 0.70358553, -0.71060774, -0.00201076, -0.14560075],
       [ 0.71060484,  0.7035884 , -0.00203082,  0.17954991],
       [ 0.00285786, -0.        ,  0.99999592,  0.08328112],
       [ 0.        ,  0.        ,  0.        ,  1.        ]])]","[array([[ 0.72701101, -0.68642919,  0.01643047, -0.05432911],
       [ 0.68625395,  0.72719665,  0.01550936,  0.12919178],
       [-0.02259426,  0.        ,  0.99974472,  0.08641011],
       [ 0.        ,  0.        ,  0.        ,  1.        ]])]","[array([[-0.55913277, -0.82824633,  0.03712898, -0.01372196],
       [ 0.82642624, -0.56036418, -0.0548785 ,  0.16183064],
       [ 0.06625866, -0.        ,  0.99780248,  0.08323897],
       [ 0.        ,  0.        ,  0.        ,  1.        ]])]","[array([[-0.55913277, -0.82824633,  0.03712898, -0.01372196],
       [ 0.82642624, -0.56036418, -0.0548785 ,  0.16183064],
       [ 0.06625866, -0.        ,  0.99780248,  0.08323897],
       [ 0.        ,  0.        ,  0.        ,  1.        ]])]"
8,"[array([[-0.58476583, -0.81097929, -0.01901345, -0.11431113],
       [ 0.81055094, -0.58507486,  0.02635477,  0.11589543],
       [-0.03249747,  0.        ,  0.99947182,  0.08541694],
       [ 0.        ,  0.        ,  0.        ,  1.        ]])]","[array([[ 0.69493472, -0.71899582,  0.01052378, -0.14506741],
       [ 0.71891339,  0.6950144 ,  0.0108869 ,  0.17927912],
       [-0.01514181, -0.        ,  0.99988536,  0.08389651],
       [ 0.        ,  0.        ,  0.        ,  1.        ]])]","[array([[ 0.69493472, -0.71899582,  0.01052378, -0.14506741],
       [ 0.71891339,  0.6950144 ,  0.0108869 ,  0.17927912],
       [-0.01514181, -0.        ,  0.99988536,  0.08389651],
       [ 0.        ,  0.        ,  0.        ,  1.        ]])]","[array([[ 0.72661416, -0.68684171,  0.01674302, -0.05432488],
       [ 0.68665944,  0.72680704,  0.01582236,  0.12917524],
       [-0.0230364 ,  0.        ,  0.99973463,  0.08642902],
       [ 0.        ,  0.        ,  0.        ,  1.        ]])]","[array([[-0.56033029, -0.82743152,  0.03724304, -0.01367668],
       [ 0.82560986, -0.56156663, -0.05487517,  0.16183907],
       [ 0.06631989, -0.        ,  0.99779841,  0.08328203],
       [ 0.        ,  0.        ,  0.        ,  1.        ]])]","[array([[-0.56033029, -0.82743152,  0.03724304, -0.01367668],
       [ 0.82560986, -0.56156663, -0.05487517,  0.16183907],
       [ 0.06631989, -0.        ,  0.99779841,  0.08328203],
       [ 0.        ,  0.        ,  0.        ,  1.        ]])]"
9,"[array([[-0.58328723, -0.81199298, -0.02105736, -0.11431279],
       [ 0.81146436, -0.5836672 ,  0.02929482,  0.11595398],
       [-0.03607768,  0.        ,  0.99934899,  0.08544414],
       [ 0.        ,  0.        ,  0.        ,  1.        ]])]","[array([[ 0.69343547, -0.72034127,  0.01599037, -0.14486378],
       [ 0.72014983,  0.69361982,  0.01660639,  0.17931152],
       [-0.0230535 , -0.        ,  0.99973423,  0.0838291 ],
       [ 0.        ,  0.        ,  0.        ,  1.        ]])]","[array([[ 0.69343547, -0.72034127,  0.01599037, -0.14486378],
       [ 0.72014983,  0.69361982,  0.01660639,  0.17931152],
       [-0.0230535 , -0.        ,  0.99973423,  0.0838291 ],
       [ 0.        ,  0.        ,  0.        ,  1.        ]])]","[array([[ 0.71909236, -0.69489393,  0.00534798, -0.05431485],
       [ 0.69487472,  0.71911225,  0.00516787,  0.12897093],
       [-0.00743691,  0.        ,  0.99997235,  0.08606859],
       [ 0.        ,  0.        ,  0.        ,  1.        ]])]","[array([[-0.56760713, -0.82248026,  0.03672012, -0.0136642 ],
       [ 0.82076453, -0.56879366, -0.0530976 ,  0.16199078],
       [ 0.0645579 , -0.        ,  0.99791396,  0.08335606],
       [ 0.        ,  0.        ,  0.        ,  1.        ]])]","[array([[-0.56760713, -0.82248026,  0.03672012, -0.0136642 ],
       [ 0.82076453, -0.56879366, -0.0530976 ,  0.16199078],
       [ 0.0645579 , -0.        ,  0.99791396,  0.08335606],
       [ 0.        ,  0.        ,  0.        ,  1.        ]])]"
10,"[array([[-0.58106365, -0.8135758 , -0.02143486, -0.1143416 ],
       [ 0.8130228 , -0.58145888,  0.0299916 ,  0.11596219],
       [-0.03686392,  0.        ,  0.99932029,  0.08547775],
       [ 0.        ,  0.        ,  0.        ,  1.        ]])]","[array([[ 0.7099435 , -0.70421456,  0.00787855, -0.14506917],
       [ 0.7041712 ,  0.70998722,  0.0078145 ,  0.1798473 ],
       [-0.01109675, -0.        ,  0.99993843,  0.08356288],
       [ 0.        ,  0.        ,  0.        ,  1.        ]])]","[array([[ 0.7099435 , -0.70421456,  0.00787855, -0.14506917],
       [ 0.7041712 ,  0.70998722,  0.0078145 ,  0.1798473 ],
       [-0.01109675, -0.        ,  0.99993843,  0.08356288],
       [ 0.        ,  0.        ,  0.        ,  1.        ]])]","[array([[ 0.7185607 , -0.69544578,  0.0050689 , -0.05431384],
       [ 0.69542847,  0.71857858,  0.00490572,  0.12895079],
       [-0.00705406,  0.        ,  0.99997512,  0.08607501],
       [ 0.        ,  0.        ,  0.        ,  1.        ]])]","[array([[-0.56820439, -0.82203815,  0.03737715, -0.01368213],
       [ 0.82026536, -0.56943242, -0.05395802,  0.16199787],
       [ 0.06563931, -0.        ,  0.99784342,  0.08339867],
       [ 0.        ,  0.        ,  0.        ,  1.        ]])]","[array([[-0.56820439, -0.82203815,  0.03737715, -0.01368213],
       [ 0.82026536, -0.56943242, -0.05395802,  0.16199787],
       [ 0.06563931, -0.        ,  0.99784342,  0.08339867],
       [ 0.        ,  0.        ,  0.        ,  1.        ]])]"
11,"[array([[-0.57557272, -0.81746824, -0.02148774, -0.11438487],
       [ 0.81689916, -0.57597368,  0.03049713,  0.11599276],
       [-0.03730681,  0.        ,  0.99930386,  0.08552867],
       [ 0.        ,  0.        ,  0.        ,  1.        ]])]","[array([[ 0.71421861, -0.69990013,  0.00561905, -0.1446387 ],
       [ 0.69987847,  0.71424072,  0.00550623,  0.18004795],
       [-0.00786716, -0.        ,  0.99996905,  0.08357718],
       [ 0.        ,  0.        ,  0.        ,  1.        ]])]","[array([[ 0.71421861, -0.69990013,  0.00561905, -0.1446387 ],
       [ 0.69987847,  0.71424072,  0.00550623,  0.18004795],
       [-0.00786716, -0.        ,  0.99996905,  0.08357718],
       [ 0.        ,  0.        ,  0.        ,  1.        ]])]","[array([[ 0.72753411, -0.68587643,  0.01635986, -0.05423692],
       [ 0.68570309,  0.72771802,  0.01541922,  0.12917075],
       [-0.02248104,  0.        ,  0.99974727,  0.08640158],
       [ 0.        ,  0.        ,  0.        ,  1.        ]])]","[array([[-0.55605089, -0.83016595,  0.04039686, -0.01365236],
       [ 0.82798379, -0.55751636, -0.06015267,  0.16175027],
       [ 0.07245861, -0.        ,  0.99737142,  0.08322882],
       [ 0.        ,  0.        ,  0.        ,  1.        ]])]","[array([[-0.55605089, -0.83016595,  0.04039686, -0.01365236],
       [ 0.82798379, -0.55751636, -0.06015267,  0.16175027],
       [ 0.07245861, -0.        ,  0.99737142,  0.08322882],
       [ 0.        ,  0.        ,  0.        ,  1.        ]])]"
12,"[array([[-0.57514883, -0.81780092, -0.0201364 , -0.11437015],
       [ 0.81730017, -0.57550122,  0.0286143 ,  0.11597015],
       [-0.03498932,  0.        ,  0.99938769,  0.08550076],
       [ 0.        ,  0.        ,  0.        ,  1.        ]])]","[array([[ 0.71510748, -0.69899545,  0.00516234, -0.1445919 ],
       [ 0.69897724,  0.71512611,  0.0050459 ,  0.18006559],
       [-0.00721878, -0.        ,  0.99997394,  0.08367056],
       [ 0.        ,  0.        ,  0.        ,  1.        ]])]","[array([[ 0.71510748, -0.69899545,  0.00516234, -0.1445919 ],
       [ 0.69897724,  0.71512611,  0.0050459 ,  0.18006559],
       [-0.00721878, -0.        ,  0.99997394,  0.08367056],
       [ 0.        ,  0.        ,  0.        ,  1.        ]])]","[array([[ 0.72927655, -0.68401609,  0.01666442, -0.05423144],
       [ 0.68383758,  0.72946692,  0.01562611,  0.12917606],
       [-0.02284466,  0.        ,  0.99973903,  0.08643172],
       [ 0.        ,  0.        ,  0.        ,  1.        ]])]","[array([[-0.55444128, -0.83122924,  0.04065496, -0.01356117],
       [ 0.82900357, -0.55592981, -0.06078752,  0.16163465],
       [ 0.07312967, -0.        ,  0.99732244,  0.08324548],
       [ 0.        ,  0.        ,  0.        ,  1.        ]])]","[array([[-0.55444128, -0.83122924,  0.04065496, -0.01356117],
       [ 0.82900357, -0.55592981, -0.06078752,  0.16163465],
       [ 0.07312967, -0.        ,  0.99732244,  0.08324548],
       [ 0.        ,  0.        ,  0.        ,  1.        ]])]"
13,"[array([[-0.5744799 , -0.81828797, -0.019433  , -0.11437468],
       [ 0.8178202 , -0.57480849,  0.0276645 ,  0.11593638],
       [-0.03380778,  0.        ,  0.99942835,  0.08551629],
       [ 0.        ,  0.        ,  0.        ,  1.        ]])]","[array([[ 0.71769038, -0.69635558,  0.00307044, -0.14457315],
       [ 0.6963492 ,  0.71769695,  0.00297914,  0.18009073],
       [-0.00427818, -0.        ,  0.99999085,  0.08381405],
       [ 0.        ,  0.        ,  0.        ,  1.        ]])]","[array([[ 0.71769038, -0.69635558,  0.00307044, -0.14457315],
       [ 0.6963492 ,  0.71769695,  0.00297914,  0.18009073],
       [-0.00427818, -0.        ,  0.99999085,  0.08381405],
       [ 0.        ,  0.        ,  0.        ,  1.        ]])]","[array([[ 0.72857356, -0.68495207,  0.00460822, -0.054089  ],
       [ 0.68493837,  0.72858813,  0.00433223,  0.1290216 ],
       [-0.00632487,  0.        ,  0.99998   ,  0.08606068],
       [ 0.        ,  0.        ,  0.        ,  1.        ]])]","[array([[-0.54644182, -0.83652793,  0.04027859, -0.01322641],
       [ 0.83426461, -0.54792428, -0.06149419,  0.16141743],
       [ 0.07351123, -0.        ,  0.99729439,  0.08324134],
       [ 0.        ,  0.        ,  0.        ,  1.        ]])]","[array([[-0.54644182, -0.83652793,  0.04027859, -0.01322641],
       [ 0.83426461, -0.54792428, -0.06149419,  0.16141743],
       [ 0.07351123, -0.        ,  0.99729439,  0.08324134],
       [ 0.        ,  0.        ,  0.        ,  1.        ]])]"
14,"[array([[-0.46378   , -0.88555155, -0.02658125, -0.11480848],
       [ 0.88410063, -0.46454112,  0.05067165,  0.11745099],
       [-0.05722044,  0.        ,  0.99836157,  0.08553174],
       [ 0.        ,  0.        ,  0.        ,  1.        ]])]","[array([[ 0.81202101, -0.583301  ,  0.01954039, -0.13628012],
       [ 0.58313218,  0.81225608,  0.01403243,  0.18488055],
       [-0.02405694, -0.        ,  0.99971059,  0.08261601],
       [ 0.        ,  0.        ,  0.        ,  1.        ]])]","[array([[ 0.81202101, -0.583301  ,  0.01954039, -0.13628012],
       [ 0.58313218,  0.81225608,  0.01403243,  0.18488055],
       [-0.02405694, -0.        ,  0.99971059,  0.08261601],
       [ 0.        ,  0.        ,  0.        ,  1.        ]])]","[array([[ 0.66283398, -0.74845502,  0.02159172, -0.05455602],
       [ 0.74805823,  0.66318556,  0.02436788,  0.12932727],
       [-0.03255758,  0.        ,  0.99946986,  0.08558529],
       [ 0.        ,  0.        ,  0.        ,  1.        ]])]","[array([[-0.62495297, -0.78032859,  0.02282704, -0.01712901],
       [ 0.77980857, -0.62536972, -0.0284833 ,  0.16478525],
       [ 0.03650168, -0.        ,  0.99933359,  0.08190225],
       [ 0.        ,  0.        ,  0.        ,  1.        ]])]","[array([[-0.62495297, -0.78032859,  0.02282704, -0.01712901],
       [ 0.77980857, -0.62536972, -0.0284833 ,  0.16478525],
       [ 0.03650168, -0.        ,  0.99933359,  0.08190225],
       [ 0.        ,  0.        ,  0.        ,  1.        ]])]"
15,"[array([[-0.4624082 , -0.88627443, -0.02638719, -0.11482743],
       [ 0.88483492, -0.46316048,  0.05049285,  0.11745925],
       [-0.05697203,  0.        ,  0.99837578,  0.08553017],
       [ 0.        ,  0.        ,  0.        ,  1.        ]])]","[array([[ 0.81292752, -0.58205349,  0.01904175, -0.13621834],
       [ 0.58189388,  0.8131505 ,  0.01363009,  0.18503395],
       [-0.02341726, -0.        ,  0.99972578,  0.08256167],
       [ 0.        ,  0.        ,  0.        ,  1.        ]])]","[array([[ 0.81292752, -0.58205349,  0.01904175, -0.13621834],
       [ 0.58189388,  0.8131505 ,  0.01363009,  0.18503395],
       [-0.02341726, -0.        ,  0.99972578,  0.08256167],
       [ 0.        ,  0.        ,  0.        ,  1.        ]])]","[array([[ 0.66238908, -0.74885631,  0.02132935, -0.05455262],
       [ 0.74846837,  0.6627324 ,  0.02410115,  0.12932206],
       [-0.03218395,  0.        ,  0.99948196,  0.08557892],
       [ 0.        ,  0.        ,  0.        ,  1.        ]])]","[array([[-0.62592799, -0.77957017,  0.02201135, -0.01715858],
       [ 0.77908859, -0.6263149 , -0.02739738,  0.16475615],
       [ 0.03514421, -0.        ,  0.99938225,  0.08200941],
       [ 0.        ,  0.        ,  0.        ,  1.        ]])]","[array([[-0.62592799, -0.77957017,  0.02201135, -0.01715858],
       [ 0.77908859, -0.6263149 , -0.02739738,  0.16475615],
       [ 0.03514421, -0.        ,  0.99938225,  0.08200941],
       [ 0.        ,  0.        ,  0.        ,  1.        ]])]"
16,"[array([[-0.46148903, -0.88675741, -0.02625208, -0.11483251],
       [ 0.88532612, -0.46223511,  0.05036231,  0.11746677],
       [-0.05679379,  0.        ,  0.99838593,  0.08552918],
       [ 0.        ,  0.        ,  0.        ,  1.        ]])]","[array([[ 0.81170039, -0.58391503,  0.01362758, -0.13607669],
       [ 0.58383276,  0.81181478,  0.00980193,  0.18496528],
       [-0.01678657, -0.        ,  0.9998591 ,  0.08230881],
       [ 0.        ,  0.        ,  0.        ,  1.        ]])]","[array([[ 0.81170039, -0.58391503,  0.01362758, -0.13607669],
       [ 0.58383276,  0.81181478,  0.00980193,  0.18496528],
       [-0.01678657, -0.        ,  0.9998591 ,  0.08230881],
       [ 0.        ,  0.        ,  0.        ,  1.        ]])]","[array([[ 0.66232294, -0.74891607,  0.02128478, -0.05455566],
       [ 0.74852965,  0.66266486,  0.02405517,  0.12931809],
       [-0.03211998,  0.        ,  0.99948402,  0.08557849],
       [ 0.        ,  0.        ,  0.        ,  1.        ]])]","[array([[-0.63150728, -0.77500734,  0.02371038, -0.01690342],
       [ 0.77446166, -0.63195223, -0.0290777 ,  0.16486878],
       [ 0.03751926, -0.        ,  0.9992959 ,  0.08188389],
       [ 0.        ,  0.        ,  0.        ,  1.        ]])]","[array([[-0.63150728, -0.77500734,  0.02371038, -0.01690342],
       [ 0.77446166, -0.63195223, -0.0290777 ,  0.16486878],
       [ 0.03751926, -0.        ,  0.9992959 ,  0.08188389],
       [ 0.        ,  0.        ,  0.        ,  1.        ]])]"
17,"[array([[-0.46064098, -0.8872023 , -0.02611459, -0.11484257],
       [ 0.88578001, -0.46138063,  0.05021652,  0.11747232],
       [-0.05660098,  0.        ,  0.99839688,  0.08552486],
       [ 0.        ,  0.        ,  0.        ,  1.        ]])]","[array([[ 0.81395489, -0.58069051,  0.01661221, -0.13612687],
       [ 0.5805696 ,  0.8141244 ,  0.01184899,  0.18510445],
       [-0.020405  , -0.        ,  0.9997918 ,  0.08250188],
       [ 0.        ,  0.        ,  0.        ,  1.        ]])]","[array([[ 0.81395489, -0.58069051,  0.01661221, -0.13612687],
       [ 0.5805696 ,  0.8141244 ,  0.01184899,  0.18510445],
       [-0.020405  , -0.        ,  0.9997918 ,  0.08250188],
       [ 0.        ,  0.        ,  0.        ,  1.        ]])]","[array([[ 0.66229146, -0.74893682,  0.02153274, -0.05456214],
       [ 0.7485413 ,  0.66264141,  0.02433693,  0.12932162],
       [-0.03249531,  0.        ,  0.99947189,  0.08558889],
       [ 0.        ,  0.        ,  0.        ,  1.        ]])]","[array([[-0.63063078, -0.77572084,  0.02370639, -0.0169671 ],
       [ 0.77517333, -0.63107621, -0.02913996,  0.16485519],
       [ 0.03756501, -0.        ,  0.99929419,  0.08189043],
       [ 0.        ,  0.        ,  0.        ,  1.        ]])]","[array([[-0.63063078, -0.77572084,  0.02370639, -0.0169671 ],
       [ 0.77517333, -0.63107621, -0.02913996,  0.16485519],
       [ 0.03756501, -0.        ,  0.99929419,  0.08189043],
       [ 0.        ,  0.        ,  0.        ,  1.        ]])]"
18,"[array([[-0.45692288, -0.88917427, -0.02430218, -0.11508028],
       [ 0.88791928, -0.4575687 ,  0.04722542,  0.11737876],
       [-0.05311154,  0.        ,  0.99858859,  0.0854687 ],
       [ 0.        ,  0.        ,  0.        ,  1.        ]])]","[array([[ 0.81296291, -0.58214081,  0.01426115, -0.13609085],
       [ 0.58205126,  0.81308799,  0.01021045,  0.18501967],
       [-0.01753949, -0.        ,  0.99984617,  0.08245076],
       [ 0.        ,  0.        ,  0.        ,  1.        ]])]","[array([[ 0.81296291, -0.58214081,  0.01426115, -0.13609085],
       [ 0.58205126,  0.81308799,  0.01021045,  0.18501967],
       [-0.01753949, -0.        ,  0.99984617,  0.08245076],
       [ 0.        ,  0.        ,  0.        ,  1.        ]])]","[array([[ 0.66635193, -0.74517994,  0.0261143 , -0.05477676],
       [ 0.74460836,  0.66686344,  0.02918117,  0.12942819],
       [-0.0391599 ,  0.        ,  0.99923296,  0.08586518],
       [ 0.        ,  0.        ,  0.        ,  1.        ]])]","[array([[-0.63052229, -0.77581749,  0.023428  , -0.01712288],
       [ 0.77528249, -0.63095739, -0.02880678,  0.16484035],
       [ 0.03713087, -0.        ,  0.99931041,  0.08200924],
       [ 0.        ,  0.        ,  0.        ,  1.        ]])]","[array([[-0.63052229, -0.77581749,  0.023428  , -0.01712288],
       [ 0.77528249, -0.63095739, -0.02880678,  0.16484035],
       [ 0.03713087, -0.        ,  0.99931041,  0.08200924],
       [ 0.        ,  0.        ,  0.        ,  1.        ]])]"
19,"[array([[-0.45661098, -0.88934198, -0.02402604, -0.11507418],
       [ 0.88811339, -0.45724264,  0.04673092,  0.11738213],
       [-0.0525455 ,  0.        ,  0.99861853,  0.08545302],
       [ 0.        ,  0.        ,  0.        ,  1.        ]])]","[array([[ 0.81346177, -0.58144623,  0.01415049, -0.13605559],
       [ 0.58135827,  0.81358484,  0.01011296,  0.18503994],
       [-0.01739277, -0.        ,  0.99984873,  0.08244409],
       [ 0.        ,  0.        ,  0.        ,  1.        ]])]","[array([[ 0.81346177, -0.58144623,  0.01415049, -0.13605559],
       [ 0.58135827,  0.81358484,  0.01011296,  0.18503994],
       [-0.01739277, -0.        ,  0.99984873,  0.08244409],
       [ 0.        ,  0.        ,  0.        ,  1.        ]])]","[array([[ 0.66640484, -0.74512354,  0.02637243, -0.05477944],
       [ 0.74454075,  0.66692647,  0.02946459,  0.12943626],
       [-0.03954323,  0.        ,  0.99921786,  0.08587677],
       [ 0.        ,  0.        ,  0.        ,  1.        ]])]","[array([[-0.6306887 , -0.77567918,  0.02352803, -0.01712969],
       [ 0.77513999, -0.63112741, -0.02891683,  0.16484555],
       [ 0.03727937, -0.        ,  0.99930488,  0.08200552],
       [ 0.        ,  0.        ,  0.        ,  1.        ]])]","[array([[-0.6306887 , -0.77567918,  0.02352803, -0.01712969],
       [ 0.77513999, -0.63112741, -0.02891683,  0.16484555],
       [ 0.03727937, -0.        ,  0.99930488,  0.08200552],
       [ 0.        ,  0.        ,  0.        ,  1.        ]])]"
20,"[array([[-0.45620398, -0.88954833, -0.02411838, -0.11508064],
       [ 0.8883078 , -0.45684107,  0.04696265,  0.11738734],
       [-0.05279381,  0.        ,  0.99860543,  0.08546158],
       [ 0.        ,  0.        ,  0.        ,  1.        ]])]","[array([[ 0.81396337, -0.58074168,  0.01423803, -0.13603637],
       [ 0.58065286,  0.81408789,  0.01015691,  0.18505763],
       [-0.01748954, -0.        ,  0.99984705,  0.08245017],
       [ 0.        ,  0.        ,  0.        ,  1.        ]])]","[array([[ 0.81396337, -0.58074168,  0.01423803, -0.13603637],
       [ 0.58065286,  0.81408789,  0.01015691,  0.18505763],
       [-0.01748954, -0.        ,  0.99984705,  0.08245017],
       [ 0.        ,  0.        ,  0.        ,  1.        ]])]","[array([[ 0.66605212, -0.74544692,  0.02614304, -0.05477241],
       [ 0.74487336,  0.66656499,  0.02923683,  0.1294186 ],
       [-0.03922053,  0.        ,  0.99923058,  0.08586554],
       [ 0.        ,  0.        ,  0.        ,  1.        ]])]","[array([[-0.63070459, -0.77566208,  0.0236655 , -0.01715695],
       [ 0.77511662, -0.63114843, -0.02908417,  0.164849  ],
       [ 0.03749593, -0.        ,  0.99929678,  0.08199963],
       [ 0.        ,  0.        ,  0.        ,  1.        ]])]","[array([[-0.63070459, -0.77566208,  0.0236655 , -0.01715695],
       [ 0.77511662, -0.63114843, -0.02908417,  0.164849  ],
       [ 0.03749593, -0.        ,  0.99929678,  0.08199963],
       [ 0.        ,  0.        ,  0.        ,  1.        ]])]"
21,"[array([[-0.45598591, -0.88966525, -0.02392913, -0.11507386],
       [ 0.88844274, -0.45661335,  0.0466235 ,  0.11738791],
       [-0.05240567,  0.        ,  0.99862588,  0.08545189],
       [ 0.        ,  0.        ,  0.        ,  1.        ]])]","[array([[ 0.81419074, -0.58042478,  0.0141602 , -0.13600418],
       [ 0.58033701,  0.81431387,  0.01009308,  0.1850557 ],
       [-0.01738912, -0.        ,  0.9998488 ,  0.08245097],
       [ 0.        ,  0.        ,  0.        ,  1.        ]])]","[array([[ 0.81419074, -0.58042478,  0.0141602 , -0.13600418],
       [ 0.58033701,  0.81431387,  0.01009308,  0.1850557 ],
       [-0.01738912, -0.        ,  0.9998488 ,  0.08245097],
       [ 0.        ,  0.        ,  0.        ,  1.        ]])]","[array([[ 0.66599256, -0.74550326,  0.02605377, -0.05477557],
       [ 0.74493346,  0.66650198,  0.02914196,  0.1294197 ],
       [-0.03909032,  0.        ,  0.99923568,  0.08586362],
       [ 0.        ,  0.        ,  0.        ,  1.        ]])]","[array([[-0.63080781, -0.77557916,  0.0236321 , -0.01716252],
       [ 0.77503547, -0.63125032, -0.02903533,  0.16484418],
       [ 0.03743696, -0.        ,  0.99929899,  0.0820065 ],
       [ 0.        ,  0.        ,  0.        ,  1.        ]])]","[array([[-0.63080781, -0.77557916,  0.0236321 , -0.01716252],
       [ 0.77503547, -0.63125032, -0.02903533,  0.16484418],
       [ 0.03743696, -0.        ,  0.99929899,  0.0820065 ],
       [ 0.        ,  0.        ,  0.        ,  1.        ]])]"
22,"[array([[-0.45556614, -0.88988305, -0.02382514, -0.11508474],
       [ 0.8886686 , -0.45618872,  0.04647548,  0.11738868],
       [-0.05222651,  0.        ,  0.99863526,  0.08544887],
       [ 0.        ,  0.        ,  0.        ,  1.        ]])]","[array([[ 0.81451451, -0.5799701 ,  0.0141706 , -0.13598343],
       [ 0.57988234,  0.81463776,  0.01008856,  0.18507061],
       [-0.01739497, -0.        ,  0.9998487 ,  0.08245716],
       [ 0.        ,  0.        ,  0.        ,  1.        ]])]","[array([[ 0.81451451, -0.5799701 ,  0.0141706 , -0.13598343],
       [ 0.57988234,  0.81463776,  0.01008856,  0.18507061],
       [-0.01739497, -0.        ,  0.9998487 ,  0.08245716],
       [ 0.        ,  0.        ,  0.        ,  1.        ]])]","[array([[ 0.66598428, -0.74550326,  0.02626458, -0.05478539],
       [ 0.7449242 ,  0.66650198,  0.02937775,  0.1294229 ],
       [-0.0394066 ,  0.        ,  0.99922326,  0.08587771],
       [ 0.        ,  0.        ,  0.        ,  1.        ]])]","[array([[-0.63104448, -0.77538527,  0.02367593, -0.01717033],
       [ 0.77484011, -0.63148847, -0.02907095,  0.16485212],
       [ 0.03749226, -0.        ,  0.99929692,  0.08200675],
       [ 0.        ,  0.        ,  0.        ,  1.        ]])]","[array([[-0.63104448, -0.77538527,  0.02367593, -0.01717033],
       [ 0.77484011, -0.63148847, -0.02907095,  0.16485212],
       [ 0.03749226, -0.        ,  0.99929692,  0.08200675],
       [ 0.        ,  0.        ,  0.        ,  1.        ]])]"
23,"[array([[-0.45515706, -0.89008826, -0.02397796, -0.11509224],
       [ 0.88885572, -0.4557882 ,  0.04682547,  0.11739704],
       [-0.05260767,  0.        ,  0.99861526,  0.08546341],
       [ 0.        ,  0.        ,  0.        ,  1.        ]])]","[array([[ 0.81479633, -0.57956804,  0.01441613, -0.13596358],
       [ 0.57947735,  0.81492385,  0.01025265,  0.18507878],
       [-0.01769015, -0.        ,  0.99984352,  0.08247155],
       [ 0.        ,  0.        ,  0.        ,  1.        ]])]","[array([[ 0.81479633, -0.57956804,  0.01441613, -0.13596358],
       [ 0.57947735,  0.81492385,  0.01025265,  0.18507878],
       [-0.01769015, -0.        ,  0.99984352,  0.08247155],
       [ 0.        ,  0.        ,  0.        ,  1.        ]])]","[array([[ 0.66570647, -0.7457486 ,  0.02634223, -0.05477834],
       [ 0.74516544,  0.66622745,  0.02948645,  0.12941706],
       [-0.03953939,  0.        ,  0.99921801,  0.08587868],
       [ 0.        ,  0.        ,  0.        ,  1.        ]])]","[array([[-0.63115812, -0.7752869 ,  0.02386737, -0.01717237],
       [ 0.77473317, -0.63160923, -0.02929669,  0.16485286],
       [ 0.03778819, -0.        ,  0.99928577,  0.08199534],
       [ 0.        ,  0.        ,  0.        ,  1.        ]])]","[array([[-0.63115812, -0.7752869 ,  0.02386737, -0.01717237],
       [ 0.77473317, -0.63160923, -0.02929669,  0.16485286],
       [ 0.03778819, -0.        ,  0.99928577,  0.08199534],
       [ 0.        ,  0.        ,  0.        ,  1.        ]])]"
24,"[array([[-0.45488459, -0.89022855, -0.02394041, -0.11509293],
       [ 0.88899819, -0.45551414,  0.04678764,  0.11739497],
       [-0.05255689,  0.        ,  0.99861793,  0.08546227],
       [ 0.        ,  0.        ,  0.        ,  1.        ]])]","[array([[ 0.81504043, -0.57923161,  0.01413684, -0.13594183],
       [ 0.5791445 ,  0.81516302,  0.01004524,  0.18508244],
       [-0.01734235, -0.        ,  0.99984961,  0.08245949],
       [ 0.        ,  0.        ,  0.        ,  1.        ]])]","[array([[ 0.81504043, -0.57923161,  0.01413684, -0.13594183],
       [ 0.5791445 ,  0.81516302,  0.01004524,  0.18508244],
       [-0.01734235, -0.        ,  0.99984961,  0.08245949],
       [ 0.        ,  0.        ,  0.        ,  1.        ]])]","[array([[ 0.66585587, -0.74562259,  0.0261326 , -0.05478757],
       [ 0.74504901,  0.66636849,  0.02924066,  0.12942292],
       [-0.03921644,  0.        ,  0.99923074,  0.08587145],
       [ 0.        ,  0.        ,  0.        ,  1.        ]])]","[array([[-0.63115068, -0.77530057,  0.02361853, -0.01718979],
       [ 0.77475829, -0.63159245, -0.02899252,  0.16485329],
       [ 0.0373952 , -0.        ,  0.99930055,  0.08201583],
       [ 0.        ,  0.        ,  0.        ,  1.        ]])]","[array([[-0.63115068, -0.77530057,  0.02361853, -0.01718979],
       [ 0.77475829, -0.63159245, -0.02899252,  0.16485329],
       [ 0.0373952 , -0.        ,  0.99930055,  0.08201583],
       [ 0.        ,  0.        ,  0.        ,  1.        ]])]"
25,"[array([[-0.45438544, -0.89048575, -0.02385362, -0.11510504],
       [ 0.88926125, -0.45501112,  0.04668305,  0.1173928 ],
       [-0.05242425,  0.        ,  0.9986249 ,  0.0854583 ],
       [ 0.        ,  0.        ,  0.        ,  1.        ]])]","[array([[ 0.81533068, -0.57881991,  0.01426139, -0.13592421],
       [ 0.57873138,  0.8154554 ,  0.0101229 ,  0.18509089],
       [-0.01748886, -0.        ,  0.99984706,  0.08246515],
       [ 0.        ,  0.        ,  0.        ,  1.        ]])]","[array([[ 0.81533068, -0.57881991,  0.01426139, -0.13592421],
       [ 0.57873138,  0.8154554 ,  0.0101229 ,  0.18509089],
       [-0.01748886, -0.        ,  0.99984706,  0.08246515],
       [ 0.        ,  0.        ,  0.        ,  1.        ]])]","[array([[ 0.66595834, -0.74552808,  0.02621775, -0.05479003],
       [ 0.74495102,  0.66647421,  0.02932756,  0.12942406],
       [-0.03933797,  0.        ,  0.99922596,  0.08587617],
       [ 0.        ,  0.        ,  0.        ,  1.        ]])]","[array([[-0.63141555, -0.77508377,  0.02365507, -0.01718539],
       [ 0.77454042, -0.63185849, -0.02901704,  0.16485356],
       [ 0.03743729, -0.        ,  0.99929898,  0.08201649],
       [ 0.        ,  0.        ,  0.        ,  1.        ]])]","[array([[-0.63141555, -0.77508377,  0.02365507, -0.01718539],
       [ 0.77454042, -0.63185849, -0.02901704,  0.16485356],
       [ 0.03743729, -0.        ,  0.99929898,  0.08201649],
       [ 0.        ,  0.        ,  0.        ,  1.        ]])]"
26,"[array([[-0.45450494, -0.89042334, -0.02390704, -0.11508965],
       [ 0.88919408, -0.45513326,  0.04677177,  0.11739691],
       [-0.05252756,  0.        ,  0.99861947,  0.08546262],
       [ 0.        ,  0.        ,  0.        ,  1.        ]])]","[array([[ 0.81560206, -0.57844027,  0.01414679, -0.13590813],
       [ 0.57835327,  0.81572474,  0.01003166,  0.18510113],
       [-0.0173426 , -0.        ,  0.99984961,  0.08246549],
       [ 0.        ,  0.        ,  0.        ,  1.        ]])]","[array([[ 0.81560206, -0.57844027,  0.01414679, -0.13590813],
       [ 0.57835327,  0.81572474,  0.01003166,  0.18510113],
       [-0.0173426 , -0.        ,  0.99984961,  0.08246549],
       [ 0.        ,  0.        ,  0.        ,  1.        ]])]","[array([[ 0.66554052, -0.74590278,  0.02617003, -0.05478399],
       [ 0.7453268 ,  0.66605484,  0.02930734,  0.12941492],
       [-0.0392911 ,  0.        ,  0.99922781,  0.08587612],
       [ 0.        ,  0.        ,  0.        ,  1.        ]])]","[array([[-0.63154952, -0.77497441,  0.02366135, -0.01718962],
