,LP,LD1,LD2,RP,RD1,RD2
0,"[array([[-0.23366415, -0.97220766, -0.01460555, -0.16442979],
       [ 0.97031397, -0.23412018,  0.06065104,  0.19489085],
       [-0.06238486,  0.        ,  0.99805217,  0.08583342],
       [ 0.        ,  0.        ,  0.        ,  1.        ]])]","[array([[ 0.3556216 , -0.93461222,  0.00576948, -0.17611052],
       [ 0.93448924,  0.35566839,  0.01516082,  0.26488175],
       [-0.01622151, -0.        ,  0.99986842,  0.08257984],
       [ 0.        ,  0.        ,  0.        ,  1.        ]])]","[array([[ 0.3556216 , -0.93461222,  0.00576948, -0.17611052],
       [ 0.93448924,  0.35566839,  0.01516082,  0.26488175],
       [-0.01622151, -0.        ,  0.99986842,  0.08257984],
       [ 0.        ,  0.        ,  0.        ,  1.        ]])]","[array([[ 0.47674458, -0.87879568,  0.02080292, -0.10455039],
       [ 0.87796024,  0.47719823,  0.0383101 ,  0.19722182],
       [-0.04359387,  0.        ,  0.99904934,  0.0858455 ],
       [ 0.        ,  0.        ,  0.        ,  1.        ]])]","[array([[-0.42786347, -0.90354188,  0.02334346, -0.07765564],
       [ 0.90220014, -0.42849979, -0.04922241,  0.24604916],
       [ 0.05447718, -0.        ,  0.99851502,  0.08147363],
       [ 0.        ,  0.        ,  0.        ,  1.        ]])]","[array([[-0.42786347, -0.90354188,  0.02334346, -0.07765564],
       [ 0.90220014, -0.42849979, -0.04922241,  0.24604916],
       [ 0.05447718, -0.        ,  0.99851502,  0.08147363],
       [ 0.        ,  0.        ,  0.        ,  1.        ]])]"
1,"[array([[-0.23397174, -0.972134  , -0.01458472, -0.16442306],
       [ 0.97025077, -0.23442587,  0.06048097,  0.19488879],
       [-0.06221465,  0.        ,  0.99806279,  0.08582661],
       [ 0.        ,  0.        ,  0.        ,  1.        ]])]","[array([[ 0.35647362, -0.93427926,  0.00698673, -0.17613812],
       [ 0.93409987,  0.35654209,  0.01830795,  0.26489306],
       [-0.0195958 , -0.        ,  0.99980798,  0.08268415],
       [ 0.        ,  0.        ,  0.        ,  1.        ]])]","[array([[ 0.35647362, -0.93427926,  0.00698673, -0.17613812],
       [ 0.93409987,  0.35654209,  0.01830795,  0.26489306],
       [-0.0195958 , -0.        ,  0.99980798,  0.08268415],
       [ 0.        ,  0.        ,  0.        ,  1.        ]])]","[array([[ 0.47715417, -0.87857126,  0.02089106, -0.10456157],
       [ 0.87773039,  0.47761129,  0.03842934,  0.19723064],
       [-0.04374072,  0.        ,  0.99904292,  0.08584979],
       [ 0.        ,  0.        ,  0.        ,  1.        ]])]","[array([[-0.42771123, -0.90361342,  0.02336432, -0.07765847],
       [ 0.90226822, -0.42834891, -0.04928764,  0.24604507],
       [ 0.05454506, -0.        ,  0.99851131,  0.08146947],
       [ 0.        ,  0.        ,  0.        ,  1.        ]])]","[array([[-0.42771123, -0.90361342,  0.02336432, -0.07765847],
       [ 0.90226822, -0.42834891, -0.04928764,  0.24604507],
       [ 0.05454506, -0.        ,  0.99851131,  0.08146947],
       [ 0.        ,  0.        ,  0.        ,  1.        ]])]"
2,"[array([[-0.23398582, -0.97213058, -0.01458648, -0.1644237 ],
       [ 0.97024714, -0.23444003,  0.0604844 ,  0.19488771],
       [-0.06221839,  0.        ,  0.99806256,  0.08582869],
       [ 0.        ,  0.        ,  0.        ,  1.        ]])]","[array([[ 0.35548162, -0.93466612,  0.00566134, -0.17610431],
       [ 0.93454762,  0.3555267 ,  0.01488345,  0.26487026],
       [-0.01592381, -0.        ,  0.99987321,  0.08256538],
       [ 0.        ,  0.        ,  0.        ,  1.        ]])]","[array([[ 0.35548162, -0.93466612,  0.00566134, -0.17610431],
       [ 0.93454762,  0.3555267 ,  0.01488345,  0.26487026],
       [-0.01592381, -0.        ,  0.99987321,  0.08256538],
       [ 0.        ,  0.        ,  0.        ,  1.        ]])]","[array([[ 0.47709332, -0.87861004,  0.02064861, -0.10455155],
       [ 0.8777883 ,  0.47753995,  0.03799071,  0.19722771],
       [-0.04323955,  0.        ,  0.99906473,  0.08583957],
       [ 0.        ,  0.        ,  0.        ,  1.        ]])]","[array([[-0.42770771, -0.90360021,  0.0239327 , -0.0776594 ],
       [ 0.90218892, -0.42837677, -0.05048265,  0.24604121],
       [ 0.05586835, -0.        ,  0.99843814,  0.08142239],
       [ 0.        ,  0.        ,  0.        ,  1.        ]])]","[array([[-0.42770771, -0.90360021,  0.0239327 , -0.0776594 ],
       [ 0.90218892, -0.42837677, -0.05048265,  0.24604121],
       [ 0.05586835, -0.        ,  0.99843814,  0.08142239],
       [ 0.        ,  0.        ,  0.        ,  1.        ]])]"
3,"[array([[-0.26100646, -0.96529505, -0.00900566, -0.16354069],
       [ 0.96472097, -0.26116177,  0.03328633,  0.19489354],
       [-0.03448306,  0.        ,  0.99940528,  0.08507642],
       [ 0.        ,  0.        ,  0.        ,  1.        ]])]","[array([[ 0.3545438 , -0.93502215,  0.00568134, -0.17619409],
       [ 0.93490212,  0.35458932,  0.01498122,  0.26484576],
       [-0.01602232, -0.        ,  0.99987163,  0.08256851],
       [ 0.        ,  0.        ,  0.        ,  1.        ]])]","[array([[ 0.3545438 , -0.93502215,  0.00568134, -0.17619409],
       [ 0.93490212,  0.35458932,  0.01498122,  0.26484576],
       [-0.01602232, -0.        ,  0.99987163,  0.08256851],
       [ 0.        ,  0.        ,  0.        ,  1.        ]])]","[array([[ 0.47541311, -0.87949189,  0.02182638, -0.10453574],
       [ 0.87856648,  0.47591387,  0.04033529,  0.19725585],
       [-0.04586204,  0.        ,  0.99894778,  0.08594131],
       [ 0.        ,  0.        ,  0.        ,  1.        ]])]","[array([[-0.43007221, -0.90241061,  0.02632477, -0.07772085],
       [ 0.90072482, -0.43087713, -0.05513347,  0.24607939],
       [ 0.06109577, -0.        ,  0.99813191,  0.08133415],
       [ 0.        ,  0.        ,  0.        ,  1.        ]])]","[array([[-0.43007221, -0.90241061,  0.02632477, -0.07772085],
       [ 0.90072482, -0.43087713, -0.05513347,  0.24607939],
       [ 0.06109577, -0.        ,  0.99813191,  0.08133415],
       [ 0.        ,  0.        ,  0.        ,  1.        ]])]"
4,"[array([[-0.25259706, -0.96747953, -0.0133449 , -0.16373791],
       [ 0.96613219, -0.25294933,  0.05104153,  0.19494434],
       [-0.05275722,  0.        ,  0.99860737,  0.08548476],
       [ 0.        ,  0.        ,  0.        ,  1.        ]])]","[array([[ 0.35517063, -0.93478491,  0.00556726, -0.17616296],
       [ 0.93467009,  0.35521426,  0.01465086,  0.26485596],
       [-0.01567297, -0.        ,  0.99987717,  0.0825654 ],
       [ 0.        ,  0.        ,  0.        ,  1.        ]])]","[array([[ 0.35517063, -0.93478491,  0.00556726, -0.17616296],
       [ 0.93467009,  0.35521426,  0.01465086,  0.26485596],
       [-0.01567297, -0.        ,  0.99987717,  0.0825654 ],
       [ 0.        ,  0.        ,  0.        ,  1.        ]])]","[array([[ 0.46786426, -0.88360731,  0.01847016, -0.10434217],
       [ 0.88291958,  0.4682287 ,  0.03485555,  0.19713013],
       [-0.03944688,  0.        ,  0.99922167,  0.08569561],
       [ 0.        ,  0.        ,  0.        ,  1.        ]])]","[array([[-0.4337151 , -0.90057688,  0.02919754, -0.07778379],
       [ 0.89854311, -0.43469677, -0.06048959,  0.24617025],
       [ 0.0671676 , -0.        ,  0.99774171,  0.08117307],
       [ 0.        ,  0.        ,  0.        ,  1.        ]])]","[array([[-0.4337151 , -0.90057688,  0.02919754, -0.07778379],
       [ 0.89854311, -0.43469677, -0.06048959,  0.24617025],
       [ 0.0671676 , -0.        ,  0.99774171,  0.08117307],
       [ 0.        ,  0.        ,  0.        ,  1.        ]])]"
5,"[array([[-0.2764638 , -0.96100786, -0.00562745, -0.16305868],
       [ 0.96080883, -0.27652107,  0.01955737,  0.19451146],
       [-0.02035089,  0.        ,  0.9997929 ,  0.08435286],
       [ 0.        ,  0.        ,  0.        ,  1.        ]])]","[array([[ 0.35356673, -0.9353915 ,  0.00577234, -0.17650268],
       [ 0.93526686,  0.35361384,  0.0152692 ,  0.26467678],
       [-0.01632386, -0.        ,  0.99986676,  0.0826101 ],
       [ 0.        ,  0.        ,  0.        ,  1.        ]])]","[array([[ 0.35356673, -0.9353915 ,  0.00577234, -0.17650268],
       [ 0.93526686,  0.35361384,  0.0152692 ,  0.26467678],
       [-0.01632386, -0.        ,  0.99986676,  0.0826101 ],
       [ 0.        ,  0.        ,  0.        ,  1.        ]])]","[array([[ 0.46549829, -0.88465348,  0.02644941, -0.10498546],
       [ 0.88322889,  0.4662491 ,  0.05018468,  0.19724963],
       [-0.05672807,  0.        ,  0.99838967,  0.08633371],
       [ 0.        ,  0.        ,  0.        ,  1.        ]])]","[array([[-0.44490906, -0.895064  ,  0.03027165, -0.07859202],
       [ 0.89299933, -0.44593771, -0.06075975,  0.24643498],
       [ 0.06788314, -0.        ,  0.99769328,  0.08116032],
       [ 0.        ,  0.        ,  0.        ,  1.        ]])]","[array([[-0.44490906, -0.895064  ,  0.03027165, -0.07859202],
       [ 0.89299933, -0.44593771, -0.06075975,  0.24643498],
       [ 0.06788314, -0.        ,  0.99769328,  0.08116032],
       [ 0.        ,  0.        ,  0.        ,  1.        ]])]"
6,"[array([[-0.27643773, -0.96102874, -0.00243932, -0.1626545 ],
       [ 0.96099132, -0.27644849,  0.00847992,  0.19461619],
       [-0.00882379,  0.        ,  0.99996107,  0.08412665],
       [ 0.        ,  0.        ,  0.        ,  1.        ]])]","[array([[ 0.3605553 , -0.93272083,  0.00563324, -0.1757329 ],
       [ 0.93260701,  0.36059931,  0.01457087,  0.26492179],
       [-0.01562189, -0.        ,  0.99987797,  0.08271078],
       [ 0.        ,  0.        ,  0.        ,  1.        ]])]","[array([[ 0.3605553 , -0.93272083,  0.00563324, -0.1757329 ],
       [ 0.93260701,  0.36059931,  0.01457087,  0.26492179],
       [-0.01562189, -0.        ,  0.99987797,  0.08271078],
       [ 0.        ,  0.        ,  0.        ,  1.        ]])]","[array([[ 0.48299377, -0.87554094,  0.01204494, -0.10484049],
       [ 0.87526882,  0.48314393,  0.02182753,  0.19736088],
       [-0.02493034,  0.        ,  0.99968919,  0.08544044],
       [ 0.        ,  0.        ,  0.        ,  1.        ]])]","[array([[-0.44163652, -0.89696277,  0.02037081, -0.0778562 ],
       [ 0.89601011, -0.44210608, -0.04132913,  0.24619492],
       [ 0.04607675, -0.        ,  0.9989379 ,  0.08217976],
       [ 0.        ,  0.        ,  0.        ,  1.        ]])]","[array([[-0.44163652, -0.89696277,  0.02037081, -0.0778562 ],
       [ 0.89601011, -0.44210608, -0.04132913,  0.24619492],
       [ 0.04607675, -0.        ,  0.9989379 ,  0.08217976],
       [ 0.        ,  0.        ,  0.        ,  1.        ]])]"
7,"[array([[-0.25254427, -0.96753359, -0.01000677, -0.1631907 ],
       [ 0.96677495, -0.25274245,  0.03830731,  0.1947783 ],
       [-0.03959275,  0.        ,  0.9992159 ,  0.08481088],
       [ 0.        ,  0.        ,  0.        ,  1.        ]])]","[array([[ 0.35869937, -0.93344401,  0.00412809, -0.17533114],
       [ 0.9333822 ,  0.35872313,  0.01074182,  0.2649507 ],
       [-0.01150773, -0.        ,  0.99993378,  0.08248695],
       [ 0.        ,  0.        ,  0.        ,  1.        ]])]","[array([[ 0.35869937, -0.93344401,  0.00412809, -0.17533114],
       [ 0.9333822 ,  0.35872313,  0.01074182,  0.2649507 ],
       [-0.01150773, -0.        ,  0.99993378,  0.08248695],
       [ 0.        ,  0.        ,  0.        ,  1.        ]])]","[array([[ 0.4836778 , -0.87475313,  0.02937256, -0.10457582],
       [ 0.87314461,  0.48456884,  0.05302392,  0.19714111],
       [-0.06061587,  0.        ,  0.99816117,  0.0866118 ],
       [ 0.        ,  0.        ,  0.        ,  1.        ]])]","[array([[-0.42878676, -0.90298555,  0.02755032, -0.07750263],
       [ 0.9011274 , -0.42967092, -0.05789905,  0.24588817],
       [ 0.06411957, -0.        ,  0.99794222,  0.082122  ],
       [ 0.        ,  0.        ,  0.        ,  1.        ]])]","[array([[-0.42878676, -0.90298555,  0.02755032, -0.07750263],
       [ 0.9011274 , -0.42967092, -0.05789905,  0.24588817],
       [ 0.06411957, -0.        ,  0.99794222,  0.082122  ],
       [ 0.        ,  0.        ,  0.        ,  1.        ]])]"
8,"[array([[-0.25002457, -0.96818794, -0.00999181, -0.16298759],
       [ 0.96741573, -0.25022414,  0.03866114,  0.19491459],
       [-0.03993144,  0.        ,  0.99920242,  0.08481846],
       [ 0.        ,  0.        ,  0.        ,  1.        ]])]","[array([[ 0.36130425, -0.93243871,  0.00415739, -0.17492345],
       [ 0.93237699,  0.36132817,  0.01072851,  0.26512039],
       [-0.01150586, -0.        ,  0.99993381,  0.08245389],
       [ 0.        ,  0.        ,  0.        ,  1.        ]])]","[array([[ 0.36130425, -0.93243871,  0.00415739, -0.17492345],
       [ 0.93237699,  0.36132817,  0.01072851,  0.26512039],
       [-0.01150586, -0.        ,  0.99993381,  0.08245389],
       [ 0.        ,  0.        ,  0.        ,  1.        ]])]","[array([[ 0.4741961 , -0.88013208,  0.02248497, -0.10441916],
       [ 0.87914432,  0.47472888,  0.04168641,  0.19670239],
       [-0.04736381,  0.        ,  0.9988777 ,  0.08634595],
       [ 0.        ,  0.        ,  0.        ,  1.        ]])]","[array([[-0.40759748, -0.91276951,  0.02676045, -0.07865298],
       [ 0.91080862, -0.408475  , -0.05979832,  0.24580075],
       [ 0.06551306, -0.        ,  0.99785171,  0.08133368],
       [ 0.        ,  0.        ,  0.        ,  1.        ]])]","[array([[-0.40759748, -0.91276951,  0.02676045, -0.07865298],
       [ 0.91080862, -0.408475  , -0.05979832,  0.24580075],
       [ 0.06551306, -0.        ,  0.99785171,  0.08133368],
       [ 0.        ,  0.        ,  0.        ,  1.        ]])]"
9,"[array([[-0.24929121, -0.96837732, -0.00996316, -0.16298017],
       [ 0.96760486, -0.24949022,  0.03867127,  0.1949287 ],
       [-0.03993409,  0.        ,  0.99920232,  0.08481452],
       [ 0.        ,  0.        ,  0.        ,  1.        ]])]","[array([[ 0.36201646, -0.93216207,  0.00423846, -0.17485985],
       [ 0.93209818,  0.36204127,  0.01091294,  0.26514146],
       [-0.01170713, -0.        ,  0.99993147,  0.08245129],
       [ 0.        ,  0.        ,  0.        ,  1.        ]])]","[array([[ 0.36201646, -0.93216207,  0.00423846, -0.17485985],
       [ 0.93209818,  0.36204127,  0.01091294,  0.26514146],
       [-0.01170713, -0.        ,  0.99993147,  0.08245129],
       [ 0.        ,  0.        ,  0.        ,  1.        ]])]","[array([[ 0.48531428, -0.87398494,  0.02490729, -0.10460666],
       [ 0.87283619,  0.48595301,  0.04479568,  0.1969723 ],
       [-0.05125452,  0.        ,  0.99868562,  0.0864021 ],
       [ 0.        ,  0.        ,  0.        ,  1.        ]])]","[array([[-0.40021389, -0.91575374,  0.03498477, -0.07904481],
       [ 0.91227483, -0.40174009, -0.07974668,  0.24592273],
       [ 0.08708311, -0.        ,  0.99620105,  0.08044176],
       [ 0.        ,  0.        ,  0.        ,  1.        ]])]","[array([[-0.40021389, -0.91575374,  0.03498477, -0.07904481],
       [ 0.91227483, -0.40174009, -0.07974668,  0.24592273],
       [ 0.08708311, -0.        ,  0.99620105,  0.08044176],
       [ 0.        ,  0.        ,  0.        ,  1.        ]])]"
10,"[array([[-0.24895171, -0.96846448, -0.0099797 , -0.16297877],
       [ 0.96768728, -0.24915165,  0.03879158,  0.1949337 ],
       [-0.04005473,  0.        ,  0.99919749,  0.08481323],
       [ 0.        ,  0.        ,  0.        ,  1.        ]])]","[array([[ 0.35920007, -0.93325918,  0.00161754, -0.17475923],
       [ 0.93324972,  0.35920371,  0.00420259,  0.26509508],
       [-0.00450314, -0.        ,  0.99998986,  0.0822192 ],
       [ 0.        ,  0.        ,  0.        ,  1.        ]])]","[array([[ 0.35920007, -0.93325918,  0.00161754, -0.17475923],
       [ 0.93324972,  0.35920371,  0.00420259,  0.26509508],
       [-0.00450314, -0.        ,  0.99998986,  0.0822192 ],
       [ 0.        ,  0.        ,  0.        ,  1.        ]])]","[array([[ 0.47402875, -0.88020784,  0.02304125, -0.10441109],
       [ 0.87916986,  0.4745884 ,  0.04273406,  0.19672557],
       [-0.04854997,  0.        ,  0.99882075,  0.08634452],
       [ 0.        ,  0.        ,  0.        ,  1.        ]])]","[array([[-0.40958398, -0.91173353,  0.03135179, -0.07846557],
       [ 0.90907419, -0.41078215, -0.06958549,  0.24579819],
       [ 0.07632218, -0.        ,  0.99708321,  0.08098495],
       [ 0.        ,  0.        ,  0.        ,  1.        ]])]","[array([[-0.40958398, -0.91173353,  0.03135179, -0.07846557],
       [ 0.90907419, -0.41078215, -0.06958549,  0.24579819],
       [ 0.07632218, -0.        ,  0.99708321,  0.08098495],
       [ 0.        ,  0.        ,  0.        ,  1.        ]])]"
11,"[array([[-0.24877647, -0.96850974, -0.00995758, -0.16298521],
       [ 0.96773485, -0.24897567,  0.03873478,  0.19493764],
       [-0.03999421,  0.        ,  0.99919991,  0.08481287],
       [ 0.        ,  0.        ,  0.        ,  1.        ]])]","[array([[ 0.3650406 , -0.93097688,  0.00523626, -0.17490969],
       [ 0.93088111,  0.36507815,  0.01335286,  0.26519783],
       [-0.01434285, -0.        ,  0.99989714,  0.0825191 ],
       [ 0.        ,  0.        ,  0.        ,  1.        ]])]","[array([[ 0.3650406 , -0.93097688,  0.00523626, -0.17490969],
       [ 0.93088111,  0.36507815,  0.01335286,  0.26519783],
       [-0.01434285, -0.        ,  0.99989714,  0.0825191 ],
       [ 0.        ,  0.        ,  0.        ,  1.        ]])]","[array([[ 0.46492077, -0.88493863,  0.027061  , -0.10438006],
       [ 0.88344339,  0.46570766,  0.05142137,  0.19662802],
       [-0.05810727,  0.        ,  0.99831035,  0.0865476 ],
       [ 0.        ,  0.        ,  0.        ,  1.        ]])]","[array([[-0.42848387, -0.90314076,  0.02717255, -0.0779984 ],
       [ 0.90133021, -0.42934459, -0.05715836,  0.24605221],
       [ 0.06328843, -0.        ,  0.99799528,  0.08152143],
       [ 0.        ,  0.        ,  0.        ,  1.        ]])]","[array([[-0.42848387, -0.90314076,  0.02717255, -0.0779984 ],
       [ 0.90133021, -0.42934459, -0.05715836,  0.24605221],
       [ 0.06328843, -0.        ,  0.99799528,  0.08152143],
       [ 0.        ,  0.        ,  0.        ,  1.        ]])]"
12,"[array([[-0.24864142, -0.96854418, -0.00998041, -0.16298962],
       [ 0.96776487, -0.24884164,  0.03884587,  0.19493649],
       [-0.04010748,  0.        ,  0.99919537,  0.08481541],
       [ 0.        ,  0.        ,  0.        ,  1.        ]])]","[array([[ 0.36606413, -0.93057183,  0.005756  , -0.17493741],
       [ 0.93045681,  0.36610938,  0.01463053,  0.26521697],
       [-0.01572208, -0.        ,  0.9998764 ,  0.08256696],
       [ 0.        ,  0.        ,  0.        ,  1.        ]])]","[array([[ 0.36606413, -0.93057183,  0.005756  , -0.17493741],
       [ 0.93045681,  0.36610938,  0.01463053,  0.26521697],
       [-0.01572208, -0.        ,  0.9998764 ,  0.08256696],
       [ 0.        ,  0.        ,  0.        ,  1.        ]])]","[array([[ 0.47672536, -0.87881436,  0.02045132, -0.10465713],
       [ 0.8780068 ,  0.47716383,  0.03766613,  0.19689648],
       [-0.04286017,  0.        ,  0.99908108,  0.08618607],
       [ 0.        ,  0.        ,  0.        ,  1.        ]])]","[array([[-0.43703027, -0.89917095,  0.02227438, -0.07772404],
       [ 0.89800533, -0.43759753, -0.04576917,  0.24607146],
       [ 0.05090153, -0.        ,  0.99870368,  0.08201733],
       [ 0.        ,  0.        ,  0.        ,  1.        ]])]","[array([[-0.43703027, -0.89917095,  0.02227438, -0.07772404],
       [ 0.89800533, -0.43759753, -0.04576917,  0.24607146],
       [ 0.05090153, -0.        ,  0.99870368,  0.08201733],
       [ 0.        ,  0.        ,  0.        ,  1.        ]])]"
13,"[array([[-0.24920512, -0.96840066, -0.00984704, -0.16296536],
       [ 0.96764555, -0.24939959,  0.03823535,  0.19492482],
       [-0.03948299,  0.        ,  0.99922024,  0.08480142],
       [ 0.        ,  0.        ,  0.        ,  1.        ]])]","[array([[ 0.36515447, -0.93093242,  0.00520074, -0.17491211],
       [ 0.93083801,  0.3651915 ,  0.01325752,  0.26519271],
       [-0.01424112, -0.        ,  0.99989859,  0.08254487],
       [ 0.        ,  0.        ,  0.        ,  1.        ]])]","[array([[ 0.36515447, -0.93093242,  0.00520074, -0.17491211],
       [ 0.93083801,  0.3651915 ,  0.01325752,  0.26519271],
       [-0.01424112, -0.        ,  0.99989859,  0.08254487],
       [ 0.        ,  0.        ,  0.        ,  1.        ]])]","[array([[ 0.47684563, -0.8787674 ,  0.01964931, -0.1046594 ],
       [ 0.87802228,  0.4772503 ,  0.03618054,  0.1969039 ],
       [-0.04117191,  0.        ,  0.99915208,  0.08614225],
       [ 0.        ,  0.        ,  0.        ,  1.        ]])]","[array([[-0.43745359, -0.898965  ,  0.02227759, -0.07776074],
       [ 0.89780157, -0.43802047, -0.04572108,  0.24608313],
       [ 0.05085969, -0.        ,  0.99870581,  0.08201266],
       [ 0.        ,  0.        ,  0.        ,  1.        ]])]","[array([[-0.43745359, -0.898965  ,  0.02227759, -0.07776074],
       [ 0.89780157, -0.43802047, -0.04572108,  0.24608313],
       [ 0.05085969, -0.        ,  0.99870581,  0.08201266],
       [ 0.        ,  0.        ,  0.        ,  1.        ]])]"
14,"[array([[-0.24884334, -0.96849509, -0.0097086 , -0.16295054],
       [ 0.96775882, -0.24903266,  0.03775702,  0.19493046],
       [-0.03898525,  0.        ,  0.99923979,  0.08479827],
       [ 0.        ,  0.        ,  0.        ,  1.        ]])]","[array([[ 0.36220064, -0.93209493,  0.00312194, -0.17475141],
       [ 0.9320603 ,  0.36221409,  0.00803377,  0.26514245],
       [-0.00861905, -0.        ,  0.99996286,  0.08239909],
       [ 0.        ,  0.        ,  0.        ,  1.        ]])]","[array([[ 0.36220064, -0.93209493,  0.00312194, -0.17475141],
       [ 0.9320603 ,  0.36221409,  0.00803377,  0.26514245],
       [-0.00861905, -0.        ,  0.99996286,  0.08239909],
       [ 0.        ,  0.        ,  0.        ,  1.        ]])]","[array([[ 0.47639187, -0.87901809,  0.01944176, -0.10465646],
       [ 0.87828701,  0.47678841,  0.03584328,  0.19690187],
       [-0.0407765 ,  0.        ,  0.99916829,  0.08613039],
       [ 0.        ,  0.        ,  0.        ,  1.        ]])]","[array([[-0.42367102, -0.90541939,  0.02680671, -0.07856578],
       [ 0.90361243, -0.42451824, -0.05717379,  0.246037  ],
       [ 0.06314619, -0.        ,  0.99800429,  0.08139395],
       [ 0.        ,  0.        ,  0.        ,  1.        ]])]","[array([[-0.42367102, -0.90541939,  0.02680671, -0.07856578],
       [ 0.90361243, -0.42451824, -0.05717379,  0.246037  ],
       [ 0.06314619, -0.        ,  0.99800429,  0.08139395],
       [ 0.        ,  0.        ,  0.        ,  1.        ]])]"
15,"[array([[-0.24104905, -0.97043571, -0.01224271, -0.16343521],
       [ 0.96918648, -0.24135975,  0.04922428,  0.19527176],
       [-0.0507239 ,  0.        ,  0.99871271,  0.08533322],
       [ 0.        ,  0.        ,  0.        ,  1.        ]])]","[array([[ 0.3699207 , -0.92904643,  0.00560418, -0.17513119],
       [ 0.92893984,  0.36996314,  0.01407314,  0.26522755],
       [-0.01514794, -0.        ,  0.99988526,  0.0827617 ],
       [ 0.        ,  0.        ,  0.        ,  1.        ]])]","[array([[ 0.3699207 , -0.92904643,  0.00560418, -0.17513119],
       [ 0.92893984,  0.36996314,  0.01407314,  0.26522755],
       [-0.01514794, -0.        ,  0.99988526,  0.0827617 ],
       [ 0.        ,  0.        ,  0.        ,  1.        ]])]","[array([[ 0.47121303, -0.88187671,  0.01586696, -0.10441183],
       [ 0.88137718,  0.47148009,  0.02967825,  0.19712254],
       [-0.03365351,  0.        ,  0.99943356,  0.08561884],
       [ 0.        ,  0.        ,  0.        ,  1.        ]])]","[array([[-0.43747915, -0.89897925,  0.02117333, -0.07782913],
       [ 0.8979282 , -0.43799123, -0.04345836,  0.2460035 ],
       [ 0.0483419 , -0.        ,  0.99883085,  0.08192573],
       [ 0.        ,  0.        ,  0.        ,  1.        ]])]","[array([[-0.43747915, -0.89897925,  0.02117333, -0.07782913],
       [ 0.8979282 , -0.43799123, -0.04345836,  0.2460035 ],
       [ 0.0483419 , -0.        ,  0.99883085,  0.08192573],
       [ 0.        ,  0.        ,  0.        ,  1.        ]])]"
16,"[array([[-0.24675281, -0.96902045, -0.01060286, -0.16319334],
       [ 0.96812709, -0.2469805 ,  0.0416    ,  0.19518755],
       [-0.04292995,  0.        ,  0.99907808,  0.08503663],
       [ 0.        ,  0.        ,  0.        ,  1.        ]])]","[array([[ 0.36713172, -0.93015207,  0.005606  , -0.17502547],
       [ 0.93004365,  0.36717451,  0.01420152,  0.2651959 ],
       [-0.01526795, -0.        ,  0.99988344,  0.08270252],
       [ 0.        ,  0.        ,  0.        ,  1.        ]])]","[array([[ 0.36713172, -0.93015207,  0.005606  , -0.17502547],
       [ 0.93004365,  0.36717451,  0.01420152,  0.2651959 ],
       [-0.01526795, -0.        ,  0.99988344,  0.08270252],
       [ 0.        ,  0.        ,  0.        ,  1.        ]])]","[array([[ 0.4713206 , -0.88181491,  0.01610454, -0.10442769],
       [ 0.88130059,  0.47159566,  0.03011313,  0.19712628],
       [-0.03414904,  0.        ,  0.99941675,  0.08563994],
       [ 0.        ,  0.        ,  0.        ,  1.        ]])]","[array([[-0.43786887, -0.89883116,  0.01932348, -0.0778427 ],
       [ 0.89795719, -0.43829504, -0.03962751,  0.2460354 ],
       [ 0.04408783, -0.        ,  0.99902766,  0.08214801],
       [ 0.        ,  0.        ,  0.        ,  1.        ]])]","[array([[-0.43786887, -0.89883116,  0.01932348, -0.0778427 ],
       [ 0.89795719, -0.43829504, -0.03962751,  0.2460354 ],
       [ 0.04408783, -0.        ,  0.99902766,  0.08214801],
       [ 0.        ,  0.        ,  0.        ,  1.        ]])]"
17,"[array([[-0.23864014, -0.97104274, -0.01126433, -0.16352007],
       [ 0.96996278, -0.23890584,  0.04578433,  0.19519028],
       [-0.04714966,  0.        ,  0.99888784,  0.08520115],
       [ 0.        ,  0.        ,  0.        ,  1.        ]])]","[array([[ 0.36714825, -0.93014532,  0.00564328, -0.17502497],
       [ 0.93003547,  0.36719161,  0.01429518,  0.26519523],
       [-0.01536876, -0.        ,  0.99988189,  0.08270473],
       [ 0.        ,  0.        ,  0.        ,  1.        ]])]","[array([[ 0.36714825, -0.93014532,  0.00564328, -0.17502497],
       [ 0.93003547,  0.36719161,  0.01429518,  0.26519523],
       [-0.01536876, -0.        ,  0.99988189,  0.08270473],
       [ 0.        ,  0.        ,  0.        ,  1.        ]])]","[array([[ 0.4704239 , -0.88231068,  0.01513988, -0.104426  ],
       [ 0.8818541 ,  0.47066746,  0.02838113,  0.19704164],
       [-0.03216682,  0.        ,  0.99948251,  0.08556454],
       [ 0.        ,  0.        ,  0.        ,  1.        ]])]","[array([[-0.43772921, -0.89886136,  0.02100957, -0.07783455],
       [ 0.8978278 , -0.43823311, -0.04309279,  0.24600137],
       [ 0.04794153, -0.        ,  0.99885014,  0.08194546],
       [ 0.        ,  0.        ,  0.        ,  1.        ]])]","[array([[-0.43772921, -0.89886136,  0.02100957, -0.07783455],
       [ 0.8978278 , -0.43823311, -0.04309279,  0.24600137],
       [ 0.04794153, -0.        ,  0.99885014,  0.08194546],
       [ 0.        ,  0.        ,  0.        ,  1.        ]])]"
18,"[array([[-0.23836658, -0.97111137, -0.01113925, -0.16352998],
       [ 0.97005273, -0.23862672,  0.04533211,  0.19518144],
       [-0.04668065,  0.        ,  0.99890986,  0.08518765],
       [ 0.        ,  0.        ,  0.        ,  1.        ]])]","[array([[ 0.36724454, -0.93010752,  0.00560716, -0.17502186],
       [ 0.92999913,  0.36728735,  0.01419939,  0.26519782],
       [-0.0152664 , -0.        ,  0.99988346,  0.08270247],
       [ 0.        ,  0.        ,  0.        ,  1.        ]])]","[array([[ 0.36724454, -0.93010752,  0.00560716, -0.17502186],
       [ 0.92999913,  0.36728735,  0.01419939,  0.26519782],
       [-0.0152664 , -0.        ,  0.99988346,  0.08270247],
       [ 0.        ,  0.        ,  0.        ,  1.        ]])]","[array([[ 0.47011881, -0.88250108,  0.01342189, -0.10440386],
       [ 0.88214164,  0.47031037,  0.02518515,  0.19705803],
       [-0.02853838,  0.        ,  0.9995927 ,  0.08543126],
       [ 0.        ,  0.        ,  0.        ,  1.        ]])]","[array([[-0.43780472, -0.89886058,  0.01940812, -0.07784614],
       [ 0.89797866, -0.4382347 , -0.03980787,  0.24603655],
       [ 0.04428704, -0.        ,  0.99901885,  0.08214167],
       [ 0.        ,  0.        ,  0.        ,  1.        ]])]","[array([[-0.43780472, -0.89886058,  0.01940812, -0.07784614],
       [ 0.89797866, -0.4382347 , -0.03980787,  0.24603655],
       [ 0.04428704, -0.        ,  0.99901885,  0.08214167],
       [ 0.        ,  0.        ,  0.        ,  1.        ]])]"
19,"[array([[-0.2382052 , -0.97115124, -0.01111502, -0.16354005],
       [ 0.97009572, -0.23846439,  0.04526616,  0.19518432],
       [-0.04661083,  0.        ,  0.99891312,  0.08518908],
       [ 0.        ,  0.        ,  0.        ,  1.        ]])]","[array([[ 0.36745115, -0.930026  ,  0.00559353, -0.17503406],
       [ 0.92991827,  0.36749372,  0.0141557 ,  0.26520632],
       [-0.01522076, -0.        ,  0.99988416,  0.08270102],
       [ 0.        ,  0.        ,  0.        ,  1.        ]])]","[array([[ 0.36745115, -0.930026  ,  0.00559353, -0.17503406],
       [ 0.92991827,  0.36749372,  0.0141557 ,  0.26520632],
       [-0.01522076, -0.        ,  0.99988416,  0.08270102],
       [ 0.        ,  0.        ,  0.        ,  1.        ]])]","[array([[ 0.46983359, -0.88265084,  0.01356086, -0.1043998 ],
       [ 0.88228341,  0.47002925,  0.02546545,  0.19704936],
       [-0.02885111,  0.        ,  0.99958372,  0.08543926],
       [ 0.        ,  0.        ,  0.        ,  1.        ]])]","[array([[-0.43790467, -0.8988109 ,  0.01945436, -0.07784828],
       [ 0.89792523, -0.4383366 , -0.03989123,  0.24604085],
       [ 0.04438223, -0.        ,  0.99901462,  0.08213565],
       [ 0.        ,  0.        ,  0.        ,  1.        ]])]","[array([[-0.43790467, -0.8988109 ,  0.01945436, -0.07784828],
       [ 0.89792523, -0.4383366 , -0.03989123,  0.24604085],
       [ 0.04438223, -0.        ,  0.99901462,  0.08213565],
       [ 0.        ,  0.        ,  0.        ,  1.        ]])]"
20,"[array([[-0.23829023, -0.97112977, -0.01116804, -0.1635339 ],
       [ 0.97006496, -0.2385518 ,  0.0454644 ,  0.19518702],
       [-0.04681599,  0.        ,  0.99890353,  0.08519268],
       [ 0.        ,  0.        ,  0.        ,  1.        ]])]","[array([[ 0.36732204, -0.93007691,  0.00560876, -0.17502519],
       [ 0.9299685 ,  0.36736486,  0.01419999,  0.26520014],
       [-0.01526754, -0.        ,  0.99988344,  0.08270451],
       [ 0.        ,  0.        ,  0.        ,  1.        ]])]","[array([[ 0.36732204, -0.93007691,  0.00560876, -0.17502519],
       [ 0.9299685 ,  0.36736486,  0.01419999,  0.26520014],
       [-0.01526754, -0.        ,  0.99988344,  0.08270451],
       [ 0.        ,  0.        ,  0.        ,  1.        ]])]","[array([[ 0.46989216, -0.88262096,  0.01347617, -0.10439685],
       [ 0.8822582 ,  0.47008536,  0.02530254,  0.19705342],
       [-0.0286675 ,  0.        ,  0.999589  ,  0.08543615],
       [ 0.        ,  0.        ,  0.        ,  1.        ]])]","[array([[-0.43753609, -0.89894991,  0.02124234, -0.07784991],
       [ 0.89789232, -0.43805144, -0.04359259,  0.24600882],
       [ 0.04849279, -0.        ,  0.99882353,  0.08192593],
       [ 0.        ,  0.        ,  0.        ,  1.        ]])]","[array([[-0.43753609, -0.89894991,  0.02124234, -0.07784991],
       [ 0.89789232, -0.43805144, -0.04359259,  0.24600882],
       [ 0.04849279, -0.        ,  0.99882353,  0.08192593],
       [ 0.        ,  0.        ,  0.        ,  1.        ]])]"
21,"[array([[-0.23821832, -0.97114767, -0.01114628, -0.16353971],
       [ 0.97008633, -0.23847895,  0.04539051,  0.19518337],
       [-0.04673904,  0.        ,  0.99890713,  0.08519295],
       [ 0.        ,  0.        ,  0.        ,  1.        ]])]","[array([[ 0.36726821, -0.93009761,  0.00570061, -0.17503057],
       [ 0.92998559,  0.36731245,  0.01443492,  0.26520236],
       [-0.01551979, -0.        ,  0.99987956,  0.08271553],
       [ 0.        ,  0.        ,  0.        ,  1.        ]])]","[array([[ 0.36726821, -0.93009761,  0.00570061, -0.17503057],
       [ 0.92998559,  0.36731245,  0.01443492,  0.26520236],
       [-0.01551979, -0.        ,  0.99987956,  0.08271553],
       [ 0.        ,  0.        ,  0.        ,  1.        ]])]","[array([[ 0.47009389, -0.88251344,  0.01348226, -0.10440841],
       [ 0.88215071,  0.47028718,  0.02530002,  0.19705962],
       [-0.02866815,  0.        ,  0.99958898,  0.08543717],
       [ 0.        ,  0.        ,  0.        ,  1.        ]])]","[array([[-0.43794594, -0.89879209,  0.01939416, -0.07785271],
       [ 0.89791207, -0.43837516, -0.03976348,  0.24604174],
       [ 0.04424102, -0.        ,  0.99902089,  0.08214414],
       [ 0.        ,  0.        ,  0.        ,  1.        ]])]","[array([[-0.43794594, -0.89879209,  0.01939416, -0.07785271],
       [ 0.89791207, -0.43837516, -0.03976348,  0.24604174],
       [ 0.04424102, -0.        ,  0.99902089,  0.08214414],
       [ 0.        ,  0.        ,  0.        ,  1.        ]])]"
22,"[array([[-0.2381012 , -0.97117679, -0.01111118, -0.16354667],
       [ 0.97012105, -0.23836032,  0.04527147,  0.19518894],
       [-0.04661506,  0.        ,  0.99891293,  0.08518718],
       [ 0.        ,  0.        ,  0.        ,  1.        ]])]","[array([[ 0.36741609, -0.93003953,  0.00564767, -0.17503401],
       [ 0.92992967,  0.36745949,  0.01429424,  0.2652108 ],
       [-0.0153695 , -0.        ,  0.99988188,  0.08270775],
       [ 0.        ,  0.        ,  0.        ,  1.        ]])]","[array([[ 0.36741609, -0.93003953,  0.00564767, -0.17503401],
       [ 0.92992967,  0.36745949,  0.01429424,  0.2652108 ],
       [-0.0153695 , -0.        ,  0.99988188,  0.08270775],
       [ 0.        ,  0.        ,  0.        ,  1.        ]])]","[array([[ 0.46996907, -0.88258043,  0.01344878, -0.10440621],
       [ 0.88221928,  0.47016145,  0.02524586,  0.19705797],
       [-0.0286046 ,  0.        ,  0.9995908 ,  0.08543674],
       [ 0.        ,  0.        ,  0.        ,  1.        ]])]","[array([[-0.43784636, -0.89884032,  0.01940736, -0.07786154],
       [ 0.89795865, -0.43827627, -0.03980164,  0.24604262],
       [ 0.04428111, -0.        ,  0.99901911,  0.08214286],
       [ 0.        ,  0.        ,  0.        ,  1.        ]])]","[array([[-0.43784636, -0.89884032,  0.01940736, -0.07786154],
       [ 0.89795865, -0.43827627, -0.03980164,  0.24604262],
       [ 0.04428111, -0.        ,  0.99901911,  0.08214286],
       [ 0.        ,  0.        ,  0.        ,  1.        ]])]"
23,"[array([[-0.2380832 , -0.97118036, -0.01118453, -0.16354111],
       [ 0.9701105 , -0.23834576,  0.04557325,  0.19518834],
       [-0.04692563,  0.        ,  0.99889839,  0.08519713],
       [ 0.        ,  0.        ,  0.        ,  1.        ]])]","[array([[ 0.36705394, -0.93018266,  0.00562277, -0.17501714],
       [ 0.93007354,  0.36709701,  0.01424747,  0.2651976 ],
       [-0.01531686, -0.        ,  0.99988269,  0.08270808],
       [ 0.        ,  0.        ,  0.        ,  1.        ]])]","[array([[ 0.36705394, -0.93018266,  0.00562277, -0.17501714],
       [ 0.93007354,  0.36709701,  0.01424747,  0.2651976 ],
       [-0.01531686, -0.        ,  0.99988269,  0.08270808],
       [ 0.        ,  0.        ,  0.        ,  1.        ]])]","[array([[ 0.47004597, -0.88253989,  0.01342137, -0.10440457],
       [ 0.88218034,  0.47023754,  0.02518918,  0.19706252],
       [-0.02854169,  0.        ,  0.9995926 ,  0.08543333],
       [ 0.        ,  0.        ,  0.        ,  1.        ]])]","[array([[-0.43776228, -0.89884162,  0.02116422, -0.07784623],
       [ 0.897793  , -0.43827359, -0.04340503,  0.24600892],
       [ 0.04828996, -0.        ,  0.99883336,  0.08193538],
       [ 0.        ,  0.        ,  0.        ,  1.        ]])]","[array([[-0.43776228, -0.89884162,  0.02116422, -0.07784623],
       [ 0.897793  , -0.43827359, -0.04340503,  0.24600892],
       [ 0.04828996, -0.        ,  0.99883336,  0.08193538],
       [ 0.        ,  0.        ,  0.        ,  1.        ]])]"
24,"[array([[-0.2381867 , -0.97115508, -0.01117629, -0.16353951],
       [ 0.97008774, -0.23844876,  0.04551883,  0.19518168],
       [-0.04687082,  0.        ,  0.99890096,  0.08519591],
       [ 0.        ,  0.        ,  0.        ,  1.        ]])]","[array([[ 0.3670619 , -0.93017952,  0.00562378, -0.17501838],
       [ 0.93007036,  0.36710498,  0.01424968,  0.26519673],
       [-0.01531928, -0.        ,  0.99988265,  0.08270515],
       [ 0.        ,  0.        ,  0.        ,  1.        ]])]","[array([[ 0.3670619 , -0.93017952,  0.00562378, -0.17501838],
       [ 0.93007036,  0.36710498,  0.01424968,  0.26519673],
       [-0.01531928, -0.        ,  0.99988265,  0.08270515],
       [ 0.        ,  0.        ,  0.        ,  1.        ]])]","[array([[ 0.4705082 , -0.88226663,  0.01508742, -0.1044345 ],
       [ 0.88181338,  0.47075004,  0.02827643,  0.19704929],
       [-0.03204975,  0.        ,  0.99948627,  0.08556591],
       [ 0.        ,  0.        ,  0.        ,  1.        ]])]","[array([[-0.43792341, -0.89880125,  0.01947805, -0.07785555],
       [ 0.89791351, -0.43835637, -0.03993759,  0.24603995],
       [ 0.04443428, -0.        ,  0.99901231,  0.08213599],
       [ 0.        ,  0.        ,  0.        ,  1.        ]])]","[array([[-0.43792341, -0.89880125,  0.01947805, -0.07785555],
       [ 0.89791351, -0.43835637, -0.03993759,  0.24603995],
       [ 0.04443428, -0.        ,  0.99901231,  0.08213599],
       [ 0.        ,  0.        ,  0.        ,  1.        ]])]"
25,"[array([[-0.23805558, -0.97118751, -0.01115192, -0.16354181],
       [ 0.9701236 , -0.23831665,  0.0454463 ,  0.19518238],
       [-0.04679457,  0.        ,  0.99890453,  0.0851962 ],
       [ 0.        ,  0.        ,  0.        ,  1.        ]])]","[array([[ 0.36713855, -0.93014892,  0.00568053, -0.17501768],
       [ 0.9300376 ,  0.3671825 ,  0.01438995,  0.26520013],
       [-0.01547059, -0.        ,  0.99988032,  0.08271296],
       [ 0.        ,  0.        ,  0.        ,  1.        ]])]","[array([[ 0.36713855, -0.93014892,  0.00568053, -0.17501768],
       [ 0.9300376 ,  0.3671825 ,  0.01438995,  0.26520013],
       [-0.01547059, -0.        ,  0.99988032,  0.08271296],
       [ 0.        ,  0.        ,  0.        ,  1.        ]])]","[array([[ 0.4701805 , -0.88244098,  0.01510655, -0.10442471],
       [ 0.88198587,  0.47042312,  0.02833754,  0.19704052],
       [-0.03211268,  0.        ,  0.99948425,  0.08556932],
       [ 0.        ,  0.        ,  0.        ,  1.        ]])]","[array([[-0.43800165, -0.89876121,  0.01956643, -0.07785051],
       [ 0.89786577, -0.43843847, -0.04010949,  0.24604134],
       [ 0.04462753, -0.        ,  0.9990037 ,  0.08212884],
       [ 0.        ,  0.        ,  0.        ,  1.        ]])]","[array([[-0.43800165, -0.89876121,  0.01956643, -0.07785051],
       [ 0.89786577, -0.43843847, -0.04010949,  0.24604134],
       [ 0.04462753, -0.        ,  0.9990037 ,  0.08212884],
       [ 0.        ,  0.        ,  0.        ,  1.        ]])]"
26,"[array([[-0.2381874 , -0.97115508, -0.01116134, -0.16353449],
       [ 0.97009059, -0.23844876,  0.04545795,  0.19518762],
       [-0.04680813,  0.        ,  0.9989039 ,  0.0851975 ],
       [ 0.        ,  0.        ,  0.        ,  1.        ]])]","[array([[ 0.36716449, -0.93013857,  0.00569894, -0.17501545],
       [ 0.93002655,  0.36720871,  0.01443541,  0.26520159],
       [-0.01551963, -0.        ,  0.99987956,  0.08271652],
       [ 0.        ,  0.        ,  0.        ,  1.        ]])]","[array([[ 0.36716449, -0.93013857,  0.00569894, -0.17501545],
       [ 0.93002655,  0.36720871,  0.01443541,  0.26520159],
       [-0.01551963, -0.        ,  0.99987956,  0.08271652],
       [ 0.        ,  0.        ,  0.        ,  1.        ]])]","[array([[ 0.47011795, -0.88250108,  0.01345183, -0.10440584],
       [ 0.88214003,  0.47031037,  0.02524132,  0.19706107],
       [-0.02860203,  0.        ,  0.99959088,  0.08543669],
       [ 0.        ,  0.        ,  0.        ,  1.        ]])]","[array([[-0.43806375, -0.89873226,  0.01950588, -0.07784614],
