,LP,LD1,LD2,RP,RD1,RD2
0,"[array([[-0.33214178, -0.94297272, -0.02200641, -0.11578634],
       [ 0.94090975, -0.33287001,  0.06234099,  0.08153123],
       [-0.06611112,  0.        ,  0.99781227,  0.08539889],
       [ 0.        ,  0.        ,  0.        ,  1.        ]])]","[array([[ 0.34762133, -0.93762345,  0.00465551, -0.13369866],
       [ 0.93753938,  0.3476525 ,  0.01255597,  0.15023168],
       [-0.01339127, -0.        ,  0.99991033,  0.08206784],
       [ 0.        ,  0.        ,  0.        ,  1.        ]])]","[array([[ 0.34762133, -0.93762345,  0.00465551, -0.13369866],
       [ 0.93753938,  0.3476525 ,  0.01255597,  0.15023168],
       [-0.01339127, -0.        ,  0.99991033,  0.08206784],
       [ 0.        ,  0.        ,  0.        ,  1.        ]])]","[array([[ 0.39699466, -0.91779163,  0.00733287, -0.05737208],
       [ 0.9176351 ,  0.39706238,  0.0169496 ,  0.0895879 ],
       [-0.01846781,  0.        ,  0.99982946,  0.08577768],
       [ 0.        ,  0.        ,  0.        ,  1.        ]])]","[array([[-0.26467158, -0.96426875,  0.01160726, -0.03450614],
       [ 0.9633428 , -0.26492598, -0.0422477 ,  0.14396697],
       [ 0.0438132 , -0.        ,  0.99903974,  0.08318374],
       [ 0.        ,  0.        ,  0.        ,  1.        ]])]","[array([[-0.26467158, -0.96426875,  0.01160726, -0.03450614],
       [ 0.9633428 , -0.26492598, -0.0422477 ,  0.14396697],
       [ 0.0438132 , -0.        ,  0.99903974,  0.08318374],
       [ 0.        ,  0.        ,  0.        ,  1.        ]])]"
1,"[array([[-0.33268137, -0.94278349, -0.02196351, -0.1157651 ],
       [ 0.94073558, -0.33340559,  0.06210703,  0.08153203],
       [-0.06587624,  0.        ,  0.9978278 ,  0.08539163],
       [ 0.        ,  0.        ,  0.        ,  1.        ]])]","[array([[ 0.34762674, -0.93762162,  0.00462144, -0.13369683],
       [ 0.93753877,  0.34765745,  0.01246388,  0.15023573],
       [-0.01329309, -0.        ,  0.99991164,  0.08206572],
       [ 0.        ,  0.        ,  0.        ,  1.        ]])]","[array([[ 0.34762674, -0.93762162,  0.00462144, -0.13369683],
       [ 0.93753877,  0.34765745,  0.01246388,  0.15023573],
       [-0.01329309, -0.        ,  0.99991164,  0.08206572],
       [ 0.        ,  0.        ,  0.        ,  1.        ]])]","[array([[ 0.40112958, -0.91599924,  0.00635998, -0.0575258 ],
       [ 0.91588413,  0.40118   ,  0.0145215 ,  0.08967167],
       [-0.01585318,  0.        ,  0.99987433,  0.08568211],
       [ 0.        ,  0.        ,  0.        ,  1.        ]])]","[array([[-0.26487341, -0.96421304,  0.01163164, -0.03449695],
       [ 0.96328467, -0.26512868, -0.04230165,  0.14397203],
       [ 0.04387168, -0.        ,  0.99903717,  0.08318088],
       [ 0.        ,  0.        ,  0.        ,  1.        ]])]","[array([[-0.26487341, -0.96421304,  0.01163164, -0.03449695],
       [ 0.96328467, -0.26512868, -0.04230165,  0.14397203],
       [ 0.04387168, -0.        ,  0.99903717,  0.08318088],
       [ 0.        ,  0.        ,  0.        ,  1.        ]])]"
2,"[array([[-0.33214202, -0.94297155, -0.0220531 , -0.11578332],
       [ 0.94089984, -0.33287334,  0.06247254,  0.08153341],
       [-0.06625072,  0.        ,  0.99780301,  0.08540102],
       [ 0.        ,  0.        ,  0.        ,  1.        ]])]","[array([[ 0.34763814, -0.93761739,  0.00462108, -0.13369917],
       [ 0.93753456,  0.34766885,  0.01246244,  0.15023591],
       [-0.0132916 , -0.        ,  0.99991166,  0.08206467],
       [ 0.        ,  0.        ,  0.        ,  1.        ]])]","[array([[ 0.34763814, -0.93761739,  0.00462108, -0.13369917],
       [ 0.93753456,  0.34766885,  0.01246244,  0.15023591],
       [-0.0132916 , -0.        ,  0.99991166,  0.08206467],
       [ 0.        ,  0.        ,  0.        ,  1.        ]])]","[array([[ 0.39691927, -0.91782465,  0.00728102, -0.05737269],
       [ 0.91767026,  0.39698604,  0.0168336 ,  0.08958844],
       [-0.01834076,  0.        ,  0.99983179,  0.08577583],
       [ 0.        ,  0.        ,  0.        ,  1.        ]])]","[array([[-0.26495446, -0.96419106,  0.01160792, -0.03449508],
       [ 0.96326705, -0.26520861, -0.0422017 ,  0.14397149],
       [ 0.04376902, -0.        ,  0.99904168,  0.08318815],
       [ 0.        ,  0.        ,  0.        ,  1.        ]])]","[array([[-0.26495446, -0.96419106,  0.01160792, -0.03449508],
       [ 0.96326705, -0.26520861, -0.0422017 ,  0.14397149],
       [ 0.04376902, -0.        ,  0.99904168,  0.08318815],
       [ 0.        ,  0.        ,  0.        ,  1.        ]])]"
3,"[array([[-0.33254133, -0.94283174, -0.0220129 , -0.11576779],
       [ 0.94077281, -0.33326912,  0.06227538,  0.08152575],
       [-0.06605143,  0.        ,  0.99781622,  0.08539355],
       [ 0.        ,  0.        ,  0.        ,  1.        ]])]","[array([[ 0.34773105, -0.93758284,  0.00464033, -0.13370097],
       [ 0.93749937,  0.34776201,  0.01251054,  0.15023645],
       [-0.0133434 , -0.        ,  0.99991097,  0.08206632],
       [ 0.        ,  0.        ,  0.        ,  1.        ]])]","[array([[ 0.34773105, -0.93758284,  0.00464033, -0.13370097],
       [ 0.93749937,  0.34776201,  0.01251054,  0.15023645],
       [-0.0133434 , -0.        ,  0.99991097,  0.08206632],
       [ 0.        ,  0.        ,  0.        ,  1.        ]])]","[array([[ 0.39685245, -0.91785455,  0.00715304, -0.05736945],
       [ 0.91770549,  0.39691691,  0.01654112,  0.08958203],
       [-0.0180215 ,  0.        ,  0.9998376 ,  0.08576968],
       [ 0.        ,  0.        ,  0.        ,  1.        ]])]","[array([[-0.26493722, -0.96419584,  0.01160422, -0.03449669],
       [ 0.96327229, -0.26519123, -0.04219123,  0.14396456],
       [ 0.04375795, -0.        ,  0.99904216,  0.0831875 ],
       [ 0.        ,  0.        ,  0.        ,  1.        ]])]","[array([[-0.26493722, -0.96419584,  0.01160422, -0.03449669],
       [ 0.96327229, -0.26519123, -0.04219123,  0.14396456],
       [ 0.04375795, -0.        ,  0.99904216,  0.0831875 ],
       [ 0.        ,  0.        ,  0.        ,  1.        ]])]"
4,"[array([[-0.33239634, -0.94288342, -0.0219893 , -0.11577162],
       [ 0.94082698, -0.33312288,  0.06223934,  0.0815342 ],
       [-0.06600958,  0.        ,  0.99781899,  0.08539761],
       [ 0.        ,  0.        ,  0.        ,  1.        ]])]","[array([[ 0.34772702, -0.93758468,  0.00456977, -0.13368585],
       [ 0.93750373,  0.34775704,  0.01232052,  0.15023829],
       [-0.0131407 , -0.        ,  0.99991366,  0.08206187],
       [ 0.        ,  0.        ,  0.        ,  1.        ]])]","[array([[ 0.34772702, -0.93758468,  0.00456977, -0.13368585],
       [ 0.93750373,  0.34775704,  0.01232052,  0.15023829],
       [-0.0131407 , -0.        ,  0.99991366,  0.08206187],
       [ 0.        ,  0.        ,  0.        ,  1.        ]])]","[array([[ 0.40077922, -0.91615299,  0.00630224, -0.05752631],
       [ 0.91603974,  0.40082877,  0.01440469,  0.08966907],
       [-0.01572302,  0.        ,  0.99987639,  0.0856782 ],
       [ 0.        ,  0.        ,  0.        ,  1.        ]])]","[array([[-0.2733825 , -0.96186555,  0.00875611, -0.03422909],
       [ 0.96137257, -0.27352268, -0.03079158,  0.14391942],
       [ 0.03201235, -0.        ,  0.99948747,  0.08355101],
       [ 0.        ,  0.        ,  0.        ,  1.        ]])]","[array([[-0.2733825 , -0.96186555,  0.00875611, -0.03422909],
       [ 0.96137257, -0.27352268, -0.03079158,  0.14391942],
       [ 0.03201235, -0.        ,  0.99948747,  0.08355101],
       [ 0.        ,  0.        ,  0.        ,  1.        ]])]"
5,"[array([[-0.33569703, -0.94170738, -0.02224212, -0.11577131],
       [ 0.93964715, -0.33643307,  0.06225775,  0.08148798],
       [-0.06611157,  0.        ,  0.99781224,  0.0853869 ],
       [ 0.        ,  0.        ,  0.        ,  1.        ]])]","[array([[ 0.34370429, -0.93906755,  0.00441525, -0.1339186 ],
       [ 0.93899008,  0.34373265,  0.01206233,  0.15012391],
       [-0.01284501, -0.        ,  0.9999175 ,  0.08204047],
       [ 0.        ,  0.        ,  0.        ,  1.        ]])]","[array([[ 0.34370429, -0.93906755,  0.00441525, -0.1339186 ],
       [ 0.93899008,  0.34373265,  0.01206233,  0.15012391],
       [-0.01284501, -0.        ,  0.9999175 ,  0.08204047],
       [ 0.        ,  0.        ,  0.        ,  1.        ]])]","[array([[ 0.39744789, -0.91760916,  0.00534929, -0.05767361],
       [ 0.91752606,  0.39748388,  0.01234908,  0.08960009],
       [-0.01345789,  0.        ,  0.99990944,  0.08557646],
       [ 0.        ,  0.        ,  0.        ,  1.        ]])]","[array([[-0.27871756, -0.96033237,  0.00884704, -0.03459835],
       [ 0.95984894, -0.27885793, -0.03046749,  0.14401751],
       [ 0.03172599, -0.        ,  0.9994966 ,  0.08355911],
       [ 0.        ,  0.        ,  0.        ,  1.        ]])]","[array([[-0.27871756, -0.96033237,  0.00884704, -0.03459835],
       [ 0.95984894, -0.27885793, -0.03046749,  0.14401751],
       [ 0.03172599, -0.        ,  0.9994966 ,  0.08355911],
       [ 0.        ,  0.        ,  0.        ,  1.        ]])]"
6,"[array([[-0.33343622, -0.94248263, -0.02338348, -0.11579777],
       [ 0.94017355, -0.33425514,  0.06593323,  0.08159096],
       [-0.06995697,  0.        ,  0.99755001,  0.08530204],
       [ 0.        ,  0.        ,  0.        ,  1.        ]])]","[array([[ 0.34615487, -0.93815967,  0.00576621, -0.13377844],
       [ 0.93802953,  0.34620289,  0.01562558,  0.15026257],
       [-0.01665557, -0.        ,  0.99986129,  0.08161065],
       [ 0.        ,  0.        ,  0.        ,  1.        ]])]","[array([[ 0.34615487, -0.93815967,  0.00576621, -0.13377844],
       [ 0.93802953,  0.34620289,  0.01562558,  0.15026257],
       [-0.01665557, -0.        ,  0.99986129,  0.08161065],
       [ 0.        ,  0.        ,  0.        ,  1.        ]])]","[array([[ 0.4028987 , -0.91520688,  0.00830747, -0.05779339],
       [ 0.91501239,  0.40298433,  0.01886688,  0.08969521],
       [-0.02061488,  0.        ,  0.99978749,  0.08577077],
       [ 0.        ,  0.        ,  0.        ,  1.        ]])]","[array([[-0.27732432, -0.96073854,  0.00852473, -0.03448924],
       [ 0.96028496, -0.27745531, -0.02951841,  0.14401993],
       [ 0.03072471, -0.        ,  0.99952788,  0.08342195],
       [ 0.        ,  0.        ,  0.        ,  1.        ]])]","[array([[-0.27732432, -0.96073854,  0.00852473, -0.03448924],
       [ 0.96028496, -0.27745531, -0.02951841,  0.14401993],
       [ 0.03072471, -0.        ,  0.99952788,  0.08342195],
       [ 0.        ,  0.        ,  0.        ,  1.        ]])]"
7,"[array([[-0.33350388, -0.94237472, -0.02655278, -0.11586203],
       [ 0.93940201, -0.33455924,  0.07479293,  0.08170478],
       [-0.07936644,  0.        ,  0.99684551,  0.08530881],
       [ 0.        ,  0.        ,  0.        ,  1.        ]])]","[array([[ 0.34558934, -0.93835853,  0.00716052, -0.13387935],
       [ 0.93815718,  0.34566351,  0.01943838,  0.15033309],
       [-0.0207153 , -0.        ,  0.99978542,  0.08105375],
       [ 0.        ,  0.        ,  0.        ,  1.        ]])]","[array([[ 0.34558934, -0.93835853,  0.00716052, -0.13387935],
       [ 0.93815718,  0.34566351,  0.01943838,  0.15033309],
       [-0.0207153 , -0.        ,  0.99978542,  0.08105375],
       [ 0.        ,  0.        ,  0.        ,  1.        ]])]","[array([[ 0.39304389, -0.91941626,  0.01379278, -0.057242  ],
       [ 0.91885067,  0.39328582,  0.03224451,  0.08980916],
       [-0.03507064,  0.        ,  0.99938484,  0.08559958],
       [ 0.        ,  0.        ,  0.        ,  1.        ]])]","[array([[-0.28007977, -0.95994383,  0.00794732, -0.03441569],
       [ 0.95955761, -0.2801925 , -0.02722763,  0.14421742],
       [ 0.02836378, -0.        ,  0.99959767,  0.08220103],
       [ 0.        ,  0.        ,  0.        ,  1.        ]])]","[array([[-0.28007977, -0.95994383,  0.00794732, -0.03441569],
       [ 0.95955761, -0.2801925 , -0.02722763,  0.14421742],
       [ 0.02836378, -0.        ,  0.99959767,  0.08220103],
       [ 0.        ,  0.        ,  0.        ,  1.        ]])]"
8,"[array([[-0.35961245, -0.93267938, -0.02807238, -0.11593391],
       [ 0.92985052, -0.36070649,  0.0725868 ,  0.08133531],
       [-0.0778261 ,  0.        ,  0.99696695,  0.0853313 ],
       [ 0.        ,  0.        ,  0.        ,  1.        ]])]","[array([[ 0.31692573, -0.9484321 ,  0.00588411, -0.13587718],
       [ 0.94826868,  0.31698035,  0.01760575,  0.14939247],
       [-0.01856301, -0.        ,  0.99982769,  0.0811873 ],
       [ 0.        ,  0.        ,  0.        ,  1.        ]])]","[array([[ 0.31692573, -0.9484321 ,  0.00588411, -0.13587718],
       [ 0.94826868,  0.31698035,  0.01760575,  0.14939247],
       [-0.01856301, -0.        ,  0.99982769,  0.0811873 ],
       [ 0.        ,  0.        ,  0.        ,  1.        ]])]","[array([[ 0.36571635, -0.93056065,  0.01756213, -0.05732477],
       [ 0.92948955,  0.36613778,  0.04463519,  0.08964791],
       [-0.04796591,  0.        ,  0.99884897,  0.08561944],
       [ 0.        ,  0.        ,  0.        ,  1.        ]])]","[array([[-0.30716191, -0.95162308,  0.00806649, -0.03618307],
       [ 0.95129511, -0.30726781, -0.02498229,  0.14467088],
       [ 0.0262523 , -0.        ,  0.99965535,  0.08131518],
       [ 0.        ,  0.        ,  0.        ,  1.        ]])]","[array([[-0.30716191, -0.95162308,  0.00806649, -0.03618307],
       [ 0.95129511, -0.30726781, -0.02498229,  0.14467088],
       [ 0.0262523 , -0.        ,  0.99965535,  0.08131518],
       [ 0.        ,  0.        ,  0.        ,  1.        ]])]"
9,"[array([[-0.38804266, -0.92118415, -0.02902855, -0.11586631],
       [ 0.91861736, -0.38912693,  0.06871957,  0.08097065],
       [-0.07459917,  0.        ,  0.9972136 ,  0.08530302],
       [ 0.        ,  0.        ,  0.        ,  1.        ]])]","[array([[ 0.29744251, -0.95472534,  0.00524194, -0.13778794],
       [ 0.95457711,  0.2974887 ,  0.01682288,  0.14847715],
       [-0.01762065, -0.        ,  0.99984474,  0.08138834],
       [ 0.        ,  0.        ,  0.        ,  1.        ]])]","[array([[ 0.29744251, -0.95472534,  0.00524194, -0.13778794],
       [ 0.95457711,  0.2974887 ,  0.01682288,  0.14847715],
       [-0.01762065, -0.        ,  0.99984474,  0.08138834],
       [ 0.        ,  0.        ,  0.        ,  1.        ]])]","[array([[ 0.33865115, -0.94074222,  0.01787375, -0.05746487],
       [ 0.93943467,  0.3391225 ,  0.04958265,  0.08958038],
       [-0.05270588,  0.        ,  0.99861008,  0.08559961],
       [ 0.        ,  0.        ,  0.        ,  1.        ]])]","[array([[-0.33210335, -0.94320571,  0.00838818, -0.03793619],
       [ 0.94290499, -0.33220927, -0.02381564,  0.14510774],
       [ 0.02524967, -0.        ,  0.99968118,  0.08103006],
       [ 0.        ,  0.        ,  0.        ,  1.        ]])]","[array([[-0.33210335, -0.94320571,  0.00838818, -0.03793619],
       [ 0.94290499, -0.33220927, -0.02381564,  0.14510774],
       [ 0.02524967, -0.        ,  0.99968118,  0.08103006],
       [ 0.        ,  0.        ,  0.        ,  1.        ]])]"
10,"[array([[-0.43853468, -0.89813575, -0.03224124, -0.11570912],
       [ 0.89571823, -0.43971828,  0.06585355,  0.08041312],
       [-0.07332249,  0.        ,  0.99730828,  0.08532342],
       [ 0.        ,  0.        ,  0.        ,  1.        ]])]","[array([[ 0.27602991, -0.96113829,  0.00454694, -0.14112987],
       [ 0.96100791,  0.27606736,  0.01583034,  0.14672625],
       [-0.0164704 , -0.        ,  0.99986435,  0.08152276],
       [ 0.        ,  0.        ,  0.        ,  1.        ]])]","[array([[ 0.27602991, -0.96113829,  0.00454694, -0.14112987],
       [ 0.96100791,  0.27606736,  0.01583034,  0.14672625],
       [-0.0164704 , -0.        ,  0.99986435,  0.08152276],
       [ 0.        ,  0.        ,  0.        ,  1.        ]])]","[array([[ 0.29460907, -0.95546864,  0.01688677, -0.05779603],
       [ 0.95390291,  0.29509265,  0.05467699,  0.08919552],
       [-0.05722531,  0.        ,  0.99836129,  0.08559685],
       [ 0.        ,  0.        ,  0.        ,  1.        ]])]","[array([[-0.37288364, -0.92782897,  0.00954909, -0.04083295],
       [ 0.92752488, -0.37300589, -0.02375276,  0.14562988],
       [ 0.02560037, -0.        ,  0.99967226,  0.08073891],
       [ 0.        ,  0.        ,  0.        ,  1.        ]])]","[array([[-0.37288364, -0.92782897,  0.00954909, -0.04083295],
       [ 0.92752488, -0.37300589, -0.02375276,  0.14562988],
       [ 0.02560037, -0.        ,  0.99967226,  0.08073891],
       [ 0.        ,  0.        ,  0.        ,  1.        ]])]"
11,"[array([[-0.50733227, -0.86099896, -0.03598271, -0.11536462],
       [ 0.85884151, -0.50860671,  0.06091361,  0.07973255],
       [-0.0707476 ,  0.        ,  0.99749425,  0.08526275],
       [ 0.        ,  0.        ,  0.        ,  1.        ]])]","[array([[ 0.26379803, -0.96456873,  0.00421567, -0.14548334],
       [ 0.96444558,  0.26383171,  0.01541248,  0.14423387],
       [-0.01597862, -0.        ,  0.99987233,  0.08160212],
       [ 0.        ,  0.        ,  0.        ,  1.        ]])]","[array([[ 0.26379803, -0.96456873,  0.00421567, -0.14548334],
       [ 0.96444558,  0.26383171,  0.01541248,  0.14423387],
       [-0.01597862, -0.        ,  0.99987233,  0.08160212],
       [ 0.        ,  0.        ,  0.        ,  1.        ]])]","[array([[ 0.23744532, -0.97129701,  0.01420672, -0.05812804],
       [ 0.96956314,  0.23786995,  0.05801046,  0.08861188],
       [-0.05972474,  0.        ,  0.99821488,  0.08560083],
       [ 0.        ,  0.        ,  0.        ,  1.        ]])]","[array([[-0.41430189, -0.91007449,  0.01087951, -0.04466772],
       [ 0.90976087, -0.41444472, -0.02389019,  0.14613399],
       [ 0.02625081, -0.        ,  0.99965539,  0.08063522],
       [ 0.        ,  0.        ,  0.        ,  1.        ]])]","[array([[-0.41430189, -0.91007449,  0.01087951, -0.04466772],
       [ 0.90976087, -0.41444472, -0.02389019,  0.14613399],
       [ 0.02625081, -0.        ,  0.99965539,  0.08063522],
       [ 0.        ,  0.        ,  0.        ,  1.        ]])]"
12,"[array([[-0.58593691, -0.80933841, -0.04061114, -0.11490624],
       [ 0.80740142, -0.5873426 ,  0.05596079,  0.07894819],
       [-0.06914387,  0.        ,  0.9976067 ,  0.08521682],
       [ 0.        ,  0.        ,  0.        ,  1.        ]])]","[array([[ 0.25702485, -0.96639457,  0.00444451, -0.15053117],
       [ 0.96625012,  0.25706328,  0.01670855,  0.14088203],
       [-0.01728957, -0.        ,  0.99985052,  0.08169981],
       [ 0.        ,  0.        ,  0.        ,  1.        ]])]","[array([[ 0.25702485, -0.96639457,  0.00444451, -0.15053117],
       [ 0.96625012,  0.25706328,  0.01670855,  0.14088203],
       [-0.01728957, -0.        ,  0.99985052,  0.08169981],
       [ 0.        ,  0.        ,  0.        ,  1.        ]])]","[array([[ 0.16386146, -0.98643321,  0.00994761, -0.05845309],
       [ 0.98462051,  0.16416313,  0.05977382,  0.08780345],
       [-0.06059592,  0.        ,  0.99816238,  0.08557735],
       [ 0.        ,  0.        ,  0.        ,  1.        ]])]","[array([[-0.4436107 , -0.89614525,  0.01154319, -0.04953018],
       [ 0.89584201, -0.44376086, -0.02331071,  0.14673251],
       [ 0.0260122 , -0.        ,  0.99966163,  0.08060681],
       [ 0.        ,  0.        ,  0.        ,  1.        ]])]","[array([[-0.4436107 , -0.89614525,  0.01154319, -0.04953018],
       [ 0.89584201, -0.44376086, -0.02331071,  0.14673251],
       [ 0.0260122 , -0.        ,  0.99966163,  0.08060681],
       [ 0.        ,  0.        ,  0.        ,  1.        ]])]"
13,"[array([[-0.65917364, -0.75111315, -0.03632013, -0.11465942],
       [ 0.74997557, -0.66017349,  0.04132327,  0.07808407],
       [-0.05501604,  0.        ,  0.99848547,  0.08489636],
       [ 0.        ,  0.        ,  0.        ,  1.        ]])]","[array([[ 0.24338741, -0.9699241 ,  0.00313277, -0.15509938],
       [ 0.96984376,  0.24340758,  0.0124834 ,  0.1364283 ],
       [-0.01287049, -0.        ,  0.99991717,  0.08151328],
       [ 0.        ,  0.        ,  0.        ,  1.        ]])]","[array([[ 0.24338741, -0.9699241 ,  0.00313277, -0.15509938],
       [ 0.96984376,  0.24340758,  0.0124834 ,  0.1364283 ],
       [-0.01287049, -0.        ,  0.99991717,  0.08151328],
       [ 0.        ,  0.        ,  0.        ,  1.        ]])]","[array([[ 0.08030721, -0.99675799,  0.00492463, -0.05867311],
       [ 0.99488914,  0.08045807,  0.06100903,  0.08686355],
       [-0.06120746,  0.        ,  0.99812507,  0.08556905],
       [ 0.        ,  0.        ,  0.        ,  1.        ]])]","[array([[-0.45650407, -0.88965347,  0.01098825, -0.05483591],
       [ 0.88939585, -0.45663629, -0.02140815,  0.14720246],
       [ 0.02406347, -0.        ,  0.99971043,  0.08051378],
       [ 0.        ,  0.        ,  0.        ,  1.        ]])]","[array([[-0.45650407, -0.88965347,  0.01098825, -0.05483591],
       [ 0.88939585, -0.45663629, -0.02140815,  0.14720246],
       [ 0.02406347, -0.        ,  0.99971043,  0.08051378],
       [ 0.        ,  0.        ,  0.        ,  1.        ]])]"
14,"[array([[-0.69269913, -0.71949882, -0.04989361, -0.11473584],
       [ 0.71763966, -0.69449367,  0.05169002,  0.07761001],
       [-0.0718417 ,  0.        ,  0.99741605,  0.08531225],
       [ 0.        ,  0.        ,  0.        ,  1.        ]])]","[array([[ 0.23534374, -0.9719086 ,  0.00264663, -0.15763152],
       [ 0.97184714,  0.23535862,  0.0109292 ,  0.13398337],
       [-0.01124509, -0.        ,  0.99993677,  0.08143059],
       [ 0.        ,  0.        ,  0.        ,  1.        ]])]","[array([[ 0.23534374, -0.9719086 ,  0.00264663, -0.15763152],
       [ 0.97184714,  0.23535862,  0.0109292 ,  0.13398337],
       [-0.01124509, -0.        ,  0.99993677,  0.08143059],
       [ 0.        ,  0.        ,  0.        ,  1.        ]])]","[array([[ 0.03583663, -0.99935537,  0.00213974, -0.05883902],
       [ 0.99757874,  0.03590046,  0.05956356,  0.08629485],
       [-0.05960198,  0.        ,  0.99822222,  0.08551008],
       [ 0.        ,  0.        ,  0.        ,  1.        ]])]","[array([[-0.46088827, -0.88739662,  0.01045137, -0.05780946],
       [ 0.88716855, -0.46100676, -0.02011794,  0.1472932 ],
       [ 0.02267075, -0.        ,  0.99974299,  0.08049207],
       [ 0.        ,  0.        ,  0.        ,  1.        ]])]","[array([[-0.46088827, -0.88739662,  0.01045137, -0.05780946],
       [ 0.88716855, -0.46100676, -0.02011794,  0.1472932 ],
       [ 0.02267075, -0.        ,  0.99974299,  0.08049207],
       [ 0.        ,  0.        ,  0.        ,  1.        ]])]"
15,"[array([[-0.74249102, -0.66826293, -0.04617082, -0.11458969],
       [ 0.66697464, -0.74392517,  0.04147494,  0.07690362],
       [-0.0620638 ,  0.        ,  0.99807218,  0.08512023],
       [ 0.        ,  0.        ,  0.        ,  1.        ]])]","[array([[ 0.22529994, -0.97428819,  0.00156888, -0.16106884],
       [ 0.97426457,  0.22530541,  0.00678432,  0.13015926],
       [-0.00696336, -0.        ,  0.99997576,  0.08119043],
       [ 0.        ,  0.        ,  0.        ,  1.        ]])]","[array([[ 0.22529994, -0.97428819,  0.00156888, -0.16106884],
       [ 0.97426457,  0.22530541,  0.00678432,  0.13015926],
       [-0.00696336, -0.        ,  0.99997576,  0.08119043],
       [ 0.        ,  0.        ,  0.        ,  1.        ]])]","[array([[-0.02917541, -0.99957273, -0.00177693, -0.05888768],
       [ 0.99772394, -0.02922947,  0.06076657,  0.08548457],
       [-0.06079254, -0.        ,  0.99815042,  0.08554775],
       [ 0.        ,  0.        ,  0.        ,  1.        ]])]","[array([[-0.46708666, -0.88412777,  0.01217148, -0.0619564 ],
       [ 0.88382774, -0.46724521, -0.02303104,  0.14716066],
       [ 0.02604945, -0.        ,  0.99966066,  0.08030663],
       [ 0.        ,  0.        ,  0.        ,  1.        ]])]","[array([[-0.46708666, -0.88412777,  0.01217148, -0.0619564 ],
       [ 0.88382774, -0.46724521, -0.02303104,  0.14716066],
       [ 0.02604945, -0.        ,  0.99966066,  0.08030663],
       [ 0.        ,  0.        ,  0.        ,  1.        ]])]"
16,"[array([[-0.77965102, -0.62402844, -0.05227619, -0.11325714],
       [ 0.62263039, -0.78140163,  0.04174784,  0.07700564],
       [-0.06690054,  0.        ,  0.99775965,  0.08515357],
       [ 0.        ,  0.        ,  0.        ,  1.        ]])]","[array([[ 0.21480779, -0.97665549,  0.0012914 , -0.16232384],
       [ 0.97663784,  0.21481167,  0.00587145,  0.12854957],
       [-0.00601179, -0.        ,  0.99998193,  0.08116717],
       [ 0.        ,  0.        ,  0.        ,  1.        ]])]","[array([[ 0.21480779, -0.97665549,  0.0012914 , -0.16232384],
       [ 0.97663784,  0.21481167,  0.00587145,  0.12854957],
       [-0.00601179, -0.        ,  0.99998193,  0.08116717],
       [ 0.        ,  0.        ,  0.        ,  1.        ]])]","[array([[-0.05431652, -0.99851873, -0.00317221, -0.05904516],
       [ 0.99682018, -0.05440907,  0.05821669,  0.08510235],
       [-0.05830305, -0.        ,  0.99829893,  0.08544199],
       [ 0.        ,  0.        ,  0.        ,  1.        ]])]","[array([[-0.46862157, -0.8833295 ,  0.0110822 , -0.06368161],
       [ 0.88308261, -0.46875259, -0.02088359,  0.14707663],
       [ 0.0236419 , -0.        ,  0.99972049,  0.08031319],
       [ 0.        ,  0.        ,  0.        ,  1.        ]])]","[array([[-0.46862157, -0.8833295 ,  0.0110822 , -0.06368161],
       [ 0.88308261, -0.46875259, -0.02088359,  0.14707663],
       [ 0.0236419 , -0.        ,  0.99972049,  0.08031319],
       [ 0.        ,  0.        ,  0.        ,  1.        ]])]"
17,"[array([[-0.78891557, -0.61232279, -0.05170127, -0.11322946],
       [ 0.61101212, -0.79060787,  0.04004243,  0.07690016],
       [-0.06539432,  0.        ,  0.9978595 ,  0.08505283],
       [ 0.        ,  0.        ,  0.        ,  1.        ]])]","[array([[ 0.20339036, -0.97909215,  0.00330456, -0.16288773],
       [ 0.97896295,  0.20341721,  0.01590558,  0.12744636],
       [-0.01624524, -0.        ,  0.99986804,  0.0816826 ],
       [ 0.        ,  0.        ,  0.        ,  1.        ]])]","[array([[ 0.20339036, -0.97909215,  0.00330456, -0.16288773],
       [ 0.97896295,  0.20341721,  0.01590558,  0.12744636],
       [-0.01624524, -0.        ,  0.99986804,  0.0816826 ],
       [ 0.        ,  0.        ,  0.        ,  1.        ]])]","[array([[-0.07111471, -0.99745902, -0.00426714, -0.05899848],
       [ 0.99566821, -0.07124261,  0.05974371,  0.08491475],
       [-0.05989591, -0.        ,  0.99820463,  0.08551767],
       [ 0.        ,  0.        ,  0.        ,  1.        ]])]","[array([[-0.46481919, -0.88534516,  0.0103477 , -0.06464625],
       [ 0.88512586, -0.46493435, -0.01970447,  0.14707115],
       [ 0.02225626, -0.        ,  0.9997523 ,  0.08038525],
       [ 0.        ,  0.        ,  0.        ,  1.        ]])]","[array([[-0.46481919, -0.88534516,  0.0103477 , -0.06464625],
       [ 0.88512586, -0.46493435, -0.01970447,  0.14707115],
       [ 0.02225626, -0.        ,  0.9997523 ,  0.08038525],
       [ 0.        ,  0.        ,  0.        ,  1.        ]])]"
18,"[array([[-0.79128199, -0.60932397, -0.05096196, -0.11320234],
       [ 0.60806417, -0.79292137,  0.03916194,  0.07687288],
       [-0.06427113,  0.        ,  0.99793247,  0.08502767],
       [ 0.        ,  0.        ,  0.        ,  1.        ]])]","[array([[ 0.20159006, -0.9794646 ,  0.00324747, -0.16304415],
       [ 0.97933753,  0.20161622,  0.01577643,  0.12726334],
       [-0.0161072 , -0.        ,  0.99987027,  0.08171721],
       [ 0.        ,  0.        ,  0.        ,  1.        ]])]","[array([[ 0.20159006, -0.9794646 ,  0.00324747, -0.16304415],
       [ 0.97933753,  0.20161622,  0.01577643,  0.12726334],
       [-0.0161072 , -0.        ,  0.99987027,  0.08171721],
       [ 0.        ,  0.        ,  0.        ,  1.        ]])]","[array([[-0.07051931, -0.99750238, -0.0040032 , -0.0591612 ],
       [ 0.99589901, -0.07063284,  0.05653461,  0.084832  ],
       [-0.05667617, -0.        ,  0.99839261,  0.08538955],
       [ 0.        ,  0.        ,  0.        ,  1.        ]])]","[array([[-0.4626763 , -0.88647011,  0.01006885, -0.06485886],
       [ 0.88626027, -0.46278585, -0.01928697,  0.14708762],
       [ 0.02175704, -0.        ,  0.99976329,  0.08037713],
       [ 0.        ,  0.        ,  0.        ,  1.        ]])]","[array([[-0.4626763 , -0.88647011,  0.01006885, -0.06485886],
       [ 0.88626027, -0.46278585, -0.01928697,  0.14708762],
       [ 0.02175704, -0.        ,  0.99976329,  0.08037713],
       [ 0.        ,  0.        ,  0.        ,  1.        ]])]"
19,"[array([[-0.78662175, -0.6159054 , -0.0434369 , -0.1132016 ],
       [ 0.61496853, -0.78782012,  0.03395828,  0.07692325],
       [-0.05513555,  0.        ,  0.99847888,  0.08486704],
       [ 0.        ,  0.        ,  0.        ,  1.        ]])]","[array([[ 0.21002862, -0.97769062,  0.00300604, -0.16266352],
       [ 0.97759049,  0.21005013,  0.0139918 ,  0.12763685],
       [-0.01431107, -0.        ,  0.99989759,  0.08163009],
       [ 0.        ,  0.        ,  0.        ,  1.        ]])]","[array([[ 0.21002862, -0.97769062,  0.00300604, -0.16266352],
       [ 0.97759049,  0.21005013,  0.0139918 ,  0.12763685],
       [-0.01431107, -0.        ,  0.99989759,  0.08163009],
       [ 0.        ,  0.        ,  0.        ,  1.        ]])]","[array([[-0.06791441, -0.99768321, -0.00398022, -0.05893216],
       [ 0.99597423, -0.06803095,  0.05837054,  0.0849374 ],
       [-0.05850609, -0.        ,  0.99828705,  0.08546554],
       [ 0.        ,  0.        ,  0.        ,  1.        ]])]","[array([[-0.45818779, -0.88879709,  0.01018263, -0.06435559],
       [ 0.88857768, -0.45830092, -0.01974748,  0.14717959],
       [ 0.02221821, -0.        ,  0.99975315,  0.08035846],
       [ 0.        ,  0.        ,  0.        ,  1.        ]])]","[array([[-0.45818779, -0.88879709,  0.01018263, -0.06435559],
       [ 0.88857768, -0.45830092, -0.01974748,  0.14717959],
       [ 0.02221821, -0.        ,  0.99975315,  0.08035846],
       [ 0.        ,  0.        ,  0.        ,  1.        ]])]"
20,"[array([[-0.7366087 , -0.67355113, -0.06112682, -0.11437461],
       [ 0.67124389, -0.73914063,  0.05570258,  0.07742641],
       [-0.08269985,  0.        ,  0.9965745 ,  0.08521648],
       [ 0.        ,  0.        ,  0.        ,  1.        ]])]","[array([[ 0.27576986, -0.96121939,  0.00287386, -0.16002897],
       [ 0.9611672 ,  0.27578483,  0.01001654,  0.13141891],
       [-0.01042066, -0.        ,  0.9999457 ,  0.08050138],
       [ 0.        ,  0.        ,  0.        ,  1.        ]])]","[array([[ 0.27576986, -0.96121939,  0.00287386, -0.16002897],
       [ 0.9611672 ,  0.27578483,  0.01001654,  0.13141891],
       [-0.01042066, -0.        ,  0.9999457 ,  0.08050138],
       [ 0.        ,  0.        ,  0.        ,  1.        ]])]","[array([[-1.10533179e-02, -9.99938717e-01, -6.22216583e-04,
        -5.87508618e-02],
       [ 9.98358158e-01, -1.10708171e-02,  5.61998673e-02,
         8.55395238e-02],
       [-5.62033116e-02, -0.00000000e+00,  9.98419345e-01,
         8.54029542e-02],
       [ 0.00000000e+00,  0.00000000e+00,  0.00000000e+00,
         1.00000000e+00]])]","[array([[-0.41151535, -0.91136634,  0.00815532, -0.0606001 ],
       [ 0.91118742, -0.41159616, -0.01805771,  0.14790579],
       [ 0.01981389, -0.        ,  0.99980369,  0.08050192],
       [ 0.        ,  0.        ,  0.        ,  1.        ]])]","[array([[-0.41151535, -0.91136634,  0.00815532, -0.0606001 ],
       [ 0.91118742, -0.41159616, -0.01805771,  0.14790579],
       [ 0.01981389, -0.        ,  0.99980369,  0.08050192],
       [ 0.        ,  0.        ,  0.        ,  1.        ]])]"
21,"[array([[-0.66028705, -0.74898312, -0.05518424, -0.11418325],
       [ 0.74638093, -0.66258908,  0.06237964,  0.07880012],
       [-0.08328577,  0.        ,  0.9965257 ,  0.0850836 ],
       [ 0.        ,  0.        ,  0.        ,  1.        ]])]","[array([[ 0.34726866, -0.9377548 ,  0.00451837, -0.15385204],
       [ 0.93767543,  0.34729806,  0.01220025,  0.13772476],
       [-0.01301007, -0.        ,  0.99991537,  0.08043472],
       [ 0.        ,  0.        ,  0.        ,  1.        ]])]","[array([[ 0.34726866, -0.9377548 ,  0.00451837, -0.15385204],
       [ 0.93767543,  0.34729806,  0.01220025,  0.13772476],
       [-0.01301007, -0.        ,  0.99991537,  0.08043472],
       [ 0.        ,  0.        ,  0.        ,  1.        ]])]","[array([[ 0.08745506, -0.99615647,  0.00488781, -0.05827588],
       [ 0.9946043 ,  0.08759154,  0.05558778,  0.08662524],
       [-0.05580226,  0.        ,  0.99844184,  0.08553597],
       [ 0.        ,  0.        ,  0.        ,  1.        ]])]","[array([[-0.33562012, -0.94197585,  0.00637418, -0.05368145],
       [ 0.94180601, -0.33568064, -0.01788702,  0.14853196],
       [ 0.01898883, -0.        ,  0.9998197 ,  0.08082916],
       [ 0.        ,  0.        ,  0.        ,  1.        ]])]","[array([[-0.33562012, -0.94197585,  0.00637418, -0.05368145],
       [ 0.94180601, -0.33568064, -0.01788702,  0.14853196],
       [ 0.01898883, -0.        ,  0.9998197 ,  0.08082916],
       [ 0.        ,  0.        ,  0.        ,  1.        ]])]"
22,"[array([[-0.51938767, -0.85332606, -0.04550905, -0.1150813 ],
       [ 0.85006916, -0.52137762,  0.07448356,  0.08024678],
       [-0.08728616,  0.        ,  0.99618328,  0.08517421],
       [ 0.        ,  0.        ,  0.        ,  1.        ]])]","[array([[ 0.37822612, -0.92569368,  0.00601852, -0.14529521],
       [ 0.9255765 ,  0.378274  ,  0.01472822,  0.1449839 ],
       [-0.01591047, -0.        ,  0.99987342,  0.08041495],
       [ 0.        ,  0.        ,  0.        ,  1.        ]])]","[array([[ 0.37822612, -0.92569368,  0.00601852, -0.14529521],
       [ 0.9255765 ,  0.378274  ,  0.01472822,  0.1449839 ],
       [-0.01591047, -0.        ,  0.99987342,  0.08041495],
       [ 0.        ,  0.        ,  0.        ,  1.        ]])]","[array([[ 0.21782142, -0.97595208,  0.00844819, -0.05804777],
       [ 0.97521886,  0.21798519,  0.03782381,  0.08793172],
       [-0.03875581,  0.        ,  0.99924871,  0.08547713],
       [ 0.        ,  0.        ,  0.        ,  1.        ]])]","[array([[-0.24988428, -0.96825231,  0.00673198, -0.04569215],
       [ 0.96790113, -0.24997494, -0.02607565,  0.14834859],
       [ 0.02693064, -0.        ,  0.9996373 ,  0.08153761],
       [ 0.        ,  0.        ,  0.        ,  1.        ]])]","[array([[-0.24988428, -0.96825231,  0.00673198, -0.04569215],
       [ 0.96790113, -0.24997494, -0.02607565,  0.14834859],
       [ 0.02693064, -0.        ,  0.9996373 ,  0.08153761],
       [ 0.        ,  0.        ,  0.        ,  1.        ]])]"
23,"[array([[-0.40491457, -0.9136431 , -0.03606219, -0.1155696 ],
       [ 0.91004105, -0.40651727,  0.08104937,  0.08138795],
       [-0.0887101 ,  0.        ,  0.99605749,  0.08521811],
       [ 0.        ,  0.        ,  0.        ,  1.        ]])]","[array([[ 0.38244144, -0.92395993,  0.00604938, -0.13800846],
       [ 0.92384436,  0.38248928,  0.01461318,  0.14890395],
       [-0.01581581, -0.        ,  0.99987492,  0.08032694],
       [ 0.        ,  0.        ,  0.        ,  1.        ]])]","[array([[ 0.38244144, -0.92395993,  0.00604938, -0.13800846],
       [ 0.92384436,  0.38248928,  0.01461318,  0.14890395],
       [-0.01581581, -0.        ,  0.99987492,  0.08032694],
       [ 0.        ,  0.        ,  0.        ,  1.        ]])]","[array([[ 0.32254178, -0.94652013,  0.00815184, -0.0578463 ],
       [ 0.94621797,  0.32264478,  0.02391446,  0.08903819],
       [-0.02526567,  0.        ,  0.99968077,  0.08530695],
       [ 0.        ,  0.        ,  0.        ,  1.        ]])]","[array([[-0.22264846, -0.9748812 ,  0.00585703, -0.0391204 ],
       [ 0.97454406, -0.22272548, -0.02563651,  0.14696702],
       [ 0.02629706, -0.        ,  0.99965417,  0.08225275],
       [ 0.        ,  0.        ,  0.        ,  1.        ]])]","[array([[-0.22264846, -0.9748812 ,  0.00585703, -0.0391204 ],
       [ 0.97454406, -0.22272548, -0.02563651,  0.14696702],
       [ 0.02629706, -0.        ,  0.99965417,  0.08225275],
       [ 0.        ,  0.        ,  0.        ,  1.        ]])]"
24,"[array([[-0.28135382, -0.95927227, -0.02523386, -0.1158934 ],
       [ 0.95543728, -0.28248313,  0.08569057,  0.08262496],
       [-0.08932873,  0.        ,  0.9960022 ,  0.08522896],
       [ 0.        ,  0.        ,  0.        ,  1.        ]])]","[array([[ 0.39163993, -0.92009696,  0.00630499, -0.13022559],
       [ 0.91997775,  0.39169068,  0.01481067,  0.15205932],
       [-0.01609685, -0.        ,  0.99987044,  0.08023188],
       [ 0.        ,  0.        ,  0.        ,  1.        ]])]","[array([[ 0.39163993, -0.92009696,  0.00630499, -0.13022559],
       [ 0.91997775,  0.39169068,  0.01481067,  0.15205932],
       [-0.01609685, -0.        ,  0.99987044,  0.08023188],
       [ 0.        ,  0.        ,  0.        ,  1.        ]])]","[array([[ 0.41980126, -0.90755173,  0.01080582, -0.05700907],
       [ 0.90725122,  0.41994031,  0.02335293,  0.09007254],
       [-0.02573179,  0.        ,  0.99966888,  0.08549239],
       [ 0.        ,  0.        ,  0.        ,  1.        ]])]","[array([[-0.19041334, -0.98168835,  0.00554443, -0.03214307],
       [ 0.98127245, -0.19049405, -0.02857257,  0.14461724],
       [ 0.02910554, -0.        ,  0.99957634,  0.08282844],
       [ 0.        ,  0.        ,  0.        ,  1.        ]])]","[array([[-0.19041334, -0.98168835,  0.00554443, -0.03214307],
       [ 0.98127245, -0.19049405, -0.02857257,  0.14461724],
       [ 0.02910554, -0.        ,  0.99957634,  0.08282844],
       [ 0.        ,  0.        ,  0.        ,  1.        ]])]"
25,"[array([[-0.18268602, -0.98303353, -0.0164589 , -0.11601684],
       [ 0.97906805, -0.18342594,  0.08820811,  0.08359841],
       [-0.08973052,  0.        ,  0.99596608,  0.08523596],
       [ 0.        ,  0.        ,  0.        ,  1.        ]])]","[array([[ 0.3966479 , -0.91794243,  0.00722034, -0.12404114],
       [ 0.91779039,  0.39671361,  0.0167069 ,  0.15379148],
       [-0.01820038, -0.        ,  0.99983436,  0.08019977],
       [ 0.        ,  0.        ,  0.        ,  1.        ]])]","[array([[ 0.3966479 , -0.91794243,  0.00722034, -0.12404114],
       [ 0.91779039,  0.39671361,  0.0167069 ,  0.15379148],
       [-0.01820038, -0.        ,  0.99983436,  0.08019977],
       [ 0.        ,  0.        ,  0.        ,  1.        ]])]","[array([[ 0.51233855, -0.85873366,  0.00925828, -0.05651964],
       [ 0.85859349,  0.51242219,  0.01551532,  0.09125325],
       [-0.01806767,  0.        ,  0.99983677,  0.08541272],
       [ 0.        ,  0.        ,  0.        ,  1.        ]])]","[array([[-0.16859117, -0.98567228,  0.00521253, -0.02666779],
       [ 0.9852015 , -0.16867173, -0.0304606 ,  0.14203136],
       [ 0.03090337, -0.        ,  0.99952238,  0.08301727],
       [ 0.        ,  0.        ,  0.        ,  1.        ]])]","[array([[-0.16859117, -0.98567228,  0.00521253, -0.02666779],
       [ 0.9852015 , -0.16867173, -0.0304606 ,  0.14203136],
       [ 0.03090337, -0.        ,  0.99952238,  0.08301727],
       [ 0.        ,  0.        ,  0.        ,  1.        ]])]"
26,"[array([[-0.11760352, -0.9930072 , -0.01030093, -0.11601214],
       [ 0.98921977, -0.11805379,  0.0866461 ,  0.08422862],
       [-0.08725626,  0.        ,  0.9961859 ,  0.08520654],
       [ 0.        ,  0.        ,  0.        ,  1.        ]])]","[array([[ 0.39779257, -0.91744034,  0.00801827, -0.11988429],
       [ 0.91725402,  0.39787337,  0.01848901,  0.15456775],
       [-0.02015282, -0.        ,  0.99979691,  0.08023386],
       [ 0.        ,  0.        ,  0.        ,  1.        ]])]","[array([[ 0.39779257, -0.91744034,  0.00801827, -0.11988429],
       [ 0.91725402,  0.39787337,  0.01848901,  0.15456775],
       [-0.02015282, -0.        ,  0.99979691,  0.08023386],
       [ 0.        ,  0.        ,  0.        ,  1.        ]])]","[array([[ 0.56488561, -0.8251383 ,  0.00714424, -0.05584454],
       [ 0.82507231,  0.56493079,  0.01043489,  0.09168414],
       [-0.01264623,  0.        ,  0.99992003,  0.08535228],
