,LP,LD1,LD2,RP,RD1,RD2
0,"[array([[-0.41007432, -0.9118769 , -0.01787635, -0.07496493],
       [ 0.91101169, -0.41046378,  0.0397137 ,  0.24574131],
       [-0.0435516 ,  0.        ,  0.99905118,  0.08540356],
       [ 0.        ,  0.        ,  0.        ,  1.        ]])]","[array([[ 0.26592249, -0.96398424,  0.00442774, -0.09807926],
       [ 0.96385065,  0.26595935,  0.0160486 ,  0.31277337],
       [-0.01664819, -0.        ,  0.99986141,  0.08285041],
       [ 0.        ,  0.        ,  0.        ,  1.        ]])]","[array([[ 0.26592249, -0.96398424,  0.00442774, -0.09807926],
       [ 0.96385065,  0.26595935,  0.0160486 ,  0.31277337],
       [-0.01664819, -0.        ,  0.99986141,  0.08285041],
       [ 0.        ,  0.        ,  0.        ,  1.        ]])]","[array([[ 0.32547271, -0.94551471,  0.00833357, -0.01666603],
       [ 0.94520493,  0.32557938,  0.0242015 ,  0.25361793],
       [-0.02559611,  0.        ,  0.99967237,  0.08578235],
       [ 0.        ,  0.        ,  0.        ,  1.        ]])]","[array([[-0.25436562, -0.96709533,  0.00497606,  0.00324527],
       [ 0.96691033, -0.25441429, -0.01891529,  0.31088806],
       [ 0.01955887, -0.        ,  0.99980871,  0.08365503],
       [ 0.        ,  0.        ,  0.        ,  1.        ]])]","[array([[-0.25436562, -0.96709533,  0.00497606,  0.00324527],
       [ 0.96691033, -0.25441429, -0.01891529,  0.31088806],
       [ 0.01955887, -0.        ,  0.99980871,  0.08365503],
       [ 0.        ,  0.        ,  0.        ,  1.        ]])]"
1,"[array([[-0.41009549, -0.91186633, -0.01792975, -0.07496634],
       [ 0.91099606, -0.41048726,  0.03982957,  0.2457404 ],
       [-0.04367918,  0.        ,  0.99904561,  0.08540841],
       [ 0.        ,  0.        ,  0.        ,  1.        ]])]","[array([[ 0.26601468, -0.96395868,  0.00445568, -0.09808408],
       [ 0.96382349,  0.266052  ,  0.01614381,  0.31277165],
       [-0.01674741, -0.        ,  0.99985975,  0.08285557],
       [ 0.        ,  0.        ,  0.        ,  1.        ]])]","[array([[ 0.26601468, -0.96395868,  0.00445568, -0.09808408],
       [ 0.96382349,  0.266052  ,  0.01614381,  0.31277165],
       [-0.01674741, -0.        ,  0.99985975,  0.08285557],
       [ 0.        ,  0.        ,  0.        ,  1.        ]])]","[array([[ 0.32553349, -0.94549374,  0.00833832, -0.01666721],
       [ 0.94518373,  0.32564026,  0.02421023,  0.25362294],
       [-0.02560591,  0.        ,  0.99967211,  0.08577957],
       [ 0.        ,  0.        ,  0.        ,  1.        ]])]","[array([[-0.25422439, -0.96713234,  0.00499899,  0.00323827],
       [ 0.96694542, -0.25427354, -0.01901371,  0.31088787],
       [ 0.01965989, -0.        ,  0.99980673,  0.08365182],
       [ 0.        ,  0.        ,  0.        ,  1.        ]])]","[array([[-0.25422439, -0.96713234,  0.00499899,  0.00323827],
       [ 0.96694542, -0.25427354, -0.01901371,  0.31088787],
       [ 0.01965989, -0.        ,  0.99980673,  0.08365182],
       [ 0.        ,  0.        ,  0.        ,  1.        ]])]"
2,"[array([[-0.41022428, -0.9118088 , -0.01790975, -0.0749618 ],
       [ 0.91094106, -0.41061505,  0.03977026,  0.24574817],
       [-0.04361688,  0.        ,  0.99904833,  0.08540502],
       [ 0.        ,  0.        ,  0.        ,  1.        ]])]","[array([[ 0.2660776 , -0.9639415 ,  0.00441549, -0.098091  ],
       [ 0.9638088 ,  0.26611423,  0.01599418,  0.31277339],
       [-0.01659248, -0.        ,  0.99986234,  0.08285064],
       [ 0.        ,  0.        ,  0.        ,  1.        ]])]","[array([[ 0.2660776 , -0.9639415 ,  0.00441549, -0.098091  ],
       [ 0.9638088 ,  0.26611423,  0.01599418,  0.31277339],
       [-0.01659248, -0.        ,  0.99986234,  0.08285064],
       [ 0.        ,  0.        ,  0.        ,  1.        ]])]","[array([[ 0.32520695, -0.9456062 ,  0.00832813, -0.01666089],
       [ 0.94529628,  0.32531357,  0.02420781,  0.25361952],
       [-0.02560031,  0.        ,  0.99967226,  0.08578145],
       [ 0.        ,  0.        ,  0.        ,  1.        ]])]","[array([[-0.25394423, -0.9672057 ,  0.00504586,  0.00321835],
       [ 0.96701482, -0.25399436, -0.01921455,  0.31089851],
       [ 0.01986604, -0.        ,  0.99980265,  0.08364026],
       [ 0.        ,  0.        ,  0.        ,  1.        ]])]","[array([[-0.25394423, -0.9672057 ,  0.00504586,  0.00321835],
       [ 0.96701482, -0.25399436, -0.01921455,  0.31089851],
       [ 0.01986604, -0.        ,  0.99980265,  0.08364026],
       [ 0.        ,  0.        ,  0.        ,  1.        ]])]"
3,"[array([[-0.40253246, -0.91523363, -0.01774898, -0.07643306],
       [ 0.91434522, -0.40292358,  0.04031649,  0.24810941],
       [-0.04405049,  0.        ,  0.99902931,  0.08540973],
       [ 0.        ,  0.        ,  0.        ,  1.        ]])]","[array([[ 0.27726179, -0.96078298,  0.00468609, -0.09897345],
       [ 0.96064579,  0.27730138,  0.01623619,  0.31535732],
       [-0.01689891, -0.        ,  0.9998572 ,  0.08285839],
       [ 0.        ,  0.        ,  0.        ,  1.        ]])]","[array([[ 0.27726179, -0.96078298,  0.00468609, -0.09897345],
       [ 0.96064579,  0.27730138,  0.01623619,  0.31535732],
       [-0.01689891, -0.        ,  0.9998572 ,  0.08285839],
       [ 0.        ,  0.        ,  0.        ,  1.        ]])]","[array([[ 0.33352738, -0.94270342,  0.00835151, -0.01804451],
       [ 0.94240802,  0.33363193,  0.02359786,  0.25552704],
       [-0.02503211,  0.        ,  0.99968665,  0.08575172],
       [ 0.        ,  0.        ,  0.        ,  1.        ]])]","[array([[-0.2663523 , -0.9638744 ,  0.00160819,  0.00362273],
       [ 0.96385683, -0.26635716, -0.0058196 ,  0.31233794],
       [ 0.00603771, -0.        ,  0.99998177,  0.084352  ],
       [ 0.        ,  0.        ,  0.        ,  1.        ]])]","[array([[-0.2663523 , -0.9638744 ,  0.00160819,  0.00362273],
       [ 0.96385683, -0.26635716, -0.0058196 ,  0.31233794],
       [ 0.00603771, -0.        ,  0.99998177,  0.084352  ],
       [ 0.        ,  0.        ,  0.        ,  1.        ]])]"
4,"[array([[-0.41726148, -0.90857793, -0.0194679 , -0.08835042],
       [ 0.90759064, -0.41771538,  0.04234488,  0.26305346],
       [-0.04660567,  0.        ,  0.99891337,  0.08537297],
       [ 0.        ,  0.        ,  0.        ,  1.        ]])]","[array([[ 0.25892674, -0.96588834,  0.00408049, -0.11190537],
       [ 0.96576842,  0.2589589 ,  0.01521979,  0.32986988],
       [-0.0157573 , -0.        ,  0.99987585,  0.08272208],
       [ 0.        ,  0.        ,  0.        ,  1.        ]])]","[array([[ 0.25892674, -0.96588834,  0.00408049, -0.11190537],
       [ 0.96576842,  0.2589589 ,  0.01521979,  0.32986988],
       [-0.0157573 , -0.        ,  0.99987585,  0.08272208],
       [ 0.        ,  0.        ,  0.        ,  1.        ]])]","[array([[ 0.31980417, -0.94745019,  0.00796397, -0.03011523],
       [ 0.94715655,  0.31990332,  0.02358671,  0.27157484],
       [-0.02489494,  0.        ,  0.99969007,  0.08565465],
       [ 0.        ,  0.        ,  0.        ,  1.        ]])]","[array([[-0.26339246, -0.96467707,  0.00474981, -0.01045543],
       [ 0.96452025, -0.26343528, -0.01739341,  0.32890902],
       [ 0.01803029, -0.        ,  0.99983744,  0.08365064],
       [ 0.        ,  0.        ,  0.        ,  1.        ]])]","[array([[-0.26339246, -0.96467707,  0.00474981, -0.01045543],
       [ 0.96452025, -0.26343528, -0.01739341,  0.32890902],
       [ 0.01803029, -0.        ,  0.99983744,  0.08365064],
       [ 0.        ,  0.        ,  0.        ,  1.        ]])]"
5,"[array([[-0.44247729, -0.89654543, -0.02049705, -0.10161871],
       [ 0.89558505, -0.44295179,  0.04148654,  0.27733532],
       [-0.04627377,  0.        ,  0.9989288 ,  0.08526653],
       [ 0.        ,  0.        ,  0.        ,  1.        ]])]","[array([[ 0.22847097, -0.97354797,  0.00231553, -0.12696934],
       [ 0.97349798,  0.22848271,  0.00986632,  0.34342894],
       [-0.01013439, -0.        ,  0.99994865,  0.08243427],
       [ 0.        ,  0.        ,  0.        ,  1.        ]])]","[array([[ 0.22847097, -0.97354797,  0.00231553, -0.12696934],
       [ 0.97349798,  0.22848271,  0.00986632,  0.34342894],
       [-0.01013439, -0.        ,  0.99994865,  0.08243427],
       [ 0.        ,  0.        ,  0.        ,  1.        ]])]","[array([[ 0.28782224, -0.95765233,  0.00776981, -0.04350638],
       [ 0.95730358,  0.28792709,  0.02584258,  0.28740975],
       [-0.02698535,  0.        ,  0.99963583,  0.08560047],
       [ 0.        ,  0.        ,  0.        ,  1.        ]])]","[array([[-0.30310804, -0.95294921,  0.00365001, -0.02484322],
       [ 0.95288012, -0.30313002, -0.01147453,  0.34518437],
       [ 0.01204107, -0.        ,  0.9999275 ,  0.08383709],
       [ 0.        ,  0.        ,  0.        ,  1.        ]])]","[array([[-0.30310804, -0.95294921,  0.00365001, -0.02484322],
       [ 0.95288012, -0.30313002, -0.01147453,  0.34518437],
       [ 0.01204107, -0.        ,  0.9999275 ,  0.08383709],
       [ 0.        ,  0.        ,  0.        ,  1.        ]])]"
6,"[array([[-0.45955897, -0.88788805, -0.02145595, -0.11140961],
       [ 0.88692193, -0.46005957,  0.04140873,  0.28959777],
       [-0.04663733,  0.        ,  0.99891189,  0.08521168],
       [ 0.        ,  0.        ,  0.        ,  1.        ]])]","[array([[ 0.20224699, -0.9793316 ,  0.00240394, -0.13776145],
       [ 0.97926242,  0.20226127,  0.01163967,  0.35509563],
       [-0.01188533, -0.        ,  0.99992937,  0.08242095],
       [ 0.        ,  0.        ,  0.        ,  1.        ]])]","[array([[ 0.20224699, -0.9793316 ,  0.00240394, -0.13776145],
       [ 0.97926242,  0.20226127,  0.01163967,  0.35509563],
       [-0.01188533, -0.        ,  0.99992937,  0.08242095],
       [ 0.        ,  0.        ,  0.        ,  1.        ]])]","[array([[ 0.27002819, -0.96282914,  0.00669535, -0.05349474],
       [ 0.9625333 ,  0.27011118,  0.023866  ,  0.30074349],
       [-0.02478737,  0.        ,  0.99969275,  0.08549224],
       [ 0.        ,  0.        ,  0.        ,  1.        ]])]","[array([[-0.30477283, -0.95239909,  0.00703525, -0.03691171],
       [ 0.95214545, -0.30485402, -0.02197894,  0.35904203],
       [ 0.02307745, -0.        ,  0.99973368,  0.08319214],
       [ 0.        ,  0.        ,  0.        ,  1.        ]])]","[array([[-0.30477283, -0.95239909,  0.00703525, -0.03691171],
       [ 0.95214545, -0.30485402, -0.02197894,  0.35904203],
       [ 0.02307745, -0.        ,  0.99973368,  0.08319214],
       [ 0.        ,  0.        ,  0.        ,  1.        ]])]"
7,"[array([[-0.48698747, -0.8731021 , -0.02314997, -0.11964702],
       [ 0.87211726, -0.4875374 ,  0.04145792,  0.30382984],
       [-0.04748347,  0.        ,  0.99887202,  0.08517763],
       [ 0.        ,  0.        ,  0.        ,  1.        ]])]","[array([[ 1.71809426e-01, -9.85129901e-01,  7.73900556e-04,
        -1.48076624e-01],
       [ 9.85119907e-01,  1.71811169e-01,  4.43738659e-03,
         3.68439337e-01],
       [-4.50436698e-03, -0.00000000e+00,  9.99989855e-01,
         8.21032389e-02],
       [ 0.00000000e+00,  0.00000000e+00,  0.00000000e+00,
         1.00000000e+00]])]","[array([[ 1.71809426e-01, -9.85129901e-01,  7.73900556e-04,
        -1.48076624e-01],
       [ 9.85119907e-01,  1.71811169e-01,  4.43738659e-03,
         3.68439337e-01],
       [-4.50436698e-03, -0.00000000e+00,  9.99989855e-01,
         8.21032389e-02],
       [ 0.00000000e+00,  0.00000000e+00,  0.00000000e+00,
         1.00000000e+00]])]","[array([[ 0.24463825, -0.96958917,  0.00699705, -0.062277  ],
       [ 0.96919283,  0.2447383 ,  0.0277205 ,  0.31686513],
       [-0.02858995,  0.        ,  0.99959122,  0.08559341],
       [ 0.        ,  0.        ,  0.        ,  1.        ]])]","[array([[-0.33287913, -0.94293105,  0.00851624, -0.04750575],
       [ 0.94262262, -0.33298805, -0.02411568,  0.37563802],
       [ 0.02557523, -0.        ,  0.9996729 ,  0.08297871],
       [ 0.        ,  0.        ,  0.        ,  1.        ]])]","[array([[-0.33287913, -0.94293105,  0.00851624, -0.04750575],
       [ 0.94262262, -0.33298805, -0.02411568,  0.37563802],
       [ 0.02557523, -0.        ,  0.9996729 ,  0.08297871],
       [ 0.        ,  0.        ,  0.        ,  1.        ]])]"
8,"[array([[-0.51648575, -0.85585836, -0.02736661, -0.12648111],
       [ 0.85465946, -0.51721027,  0.04528514,  0.31659536],
       [-0.05291196,  0.        ,  0.99859918,  0.08523523],
       [ 0.        ,  0.        ,  0.        ,  1.        ]])]","[array([[ 0.15598419, -0.98775647,  0.00246857, -0.1575462 ],
       [ 0.9876328 ,  0.15600372,  0.01563002,  0.38041729],
       [-0.01582376, -0.        ,  0.9998748 ,  0.0824052 ],
       [ 0.        ,  0.        ,  0.        ,  1.        ]])]","[array([[ 0.15598419, -0.98775647,  0.00246857, -0.1575462 ],
       [ 0.9876328 ,  0.15600372,  0.01563002,  0.38041729],
       [-0.01582376, -0.        ,  0.9998748 ,  0.0824052 ],
       [ 0.        ,  0.        ,  0.        ,  1.        ]])]","[array([[ 0.21454334, -0.97669389,  0.00634027, -0.06963393],
       [ 0.97626768,  0.214637  ,  0.02885105,  0.33142651],
       [-0.0295395 ,  0.        ,  0.99956361,  0.08555168],
       [ 0.        ,  0.        ,  0.        ,  1.        ]])]","[array([[-0.36009059, -0.93286134,  0.01022137, -0.05688896],
       [ 0.93248575, -0.36023563, -0.02646912,  0.39056171],
       [ 0.02837412, -0.        ,  0.99959737,  0.0827557 ],
       [ 0.        ,  0.        ,  0.        ,  1.        ]])]","[array([[-0.36009059, -0.93286134,  0.01022137, -0.05688896],
       [ 0.93248575, -0.36023563, -0.02646912,  0.39056171],
       [ 0.02837412, -0.        ,  0.99959737,  0.0827557 ],
       [ 0.        ,  0.        ,  0.        ,  1.        ]])]"
9,"[array([[-0.50655677, -0.8618795 , -0.02374775, -0.12300401],
       [ 0.86093394, -0.50711313,  0.04036122,  0.31975867],
       [-0.0468293 ,  0.        ,  0.99890291,  0.08515698],
       [ 0.        ,  0.        ,  0.        ,  1.        ]])]","[array([[ 0.16831645, -0.98572994,  0.00246012, -0.15322025],
       [ 0.98562467,  0.16833442,  0.0144059 ,  0.38397664],
       [-0.01461445, -0.        ,  0.9998932 ,  0.08247674],
       [ 0.        ,  0.        ,  0.        ,  1.        ]])]","[array([[ 0.16831645, -0.98572994,  0.00246012, -0.15322025],
       [ 0.98562467,  0.16833442,  0.0144059 ,  0.38397664],
       [-0.01461445, -0.        ,  0.9998932 ,  0.08247674],
       [ 0.        ,  0.        ,  0.        ,  1.        ]])]","[array([[ 0.22881807, -0.9734464 ,  0.00666229, -0.06593786],
       [ 0.97303405,  0.22891504,  0.02833096,  0.33326566],
       [-0.02910377,  0.        ,  0.9995764 ,  0.08556692],
       [ 0.        ,  0.        ,  0.        ,  1.        ]])]","[array([[-0.3519063 , -0.9359928 ,  0.0089127 , -0.05218928],
       [ 0.93569274, -0.35201915, -0.02369822,  0.39218371],
       [ 0.0253188 , -0.        ,  0.99967943,  0.08291086],
       [ 0.        ,  0.        ,  0.        ,  1.        ]])]","[array([[-0.3519063 , -0.9359928 ,  0.0089127 , -0.05218928],
       [ 0.93569274, -0.35201915, -0.02369822,  0.39218371],
       [ 0.0253188 , -0.        ,  0.99967943,  0.08291086],
       [ 0.        ,  0.        ,  0.        ,  1.        ]])]"
10,"[array([[-0.43794196, -0.89875581, -0.02109126, -0.10025745],
       [ 0.89771534, -0.43844954,  0.04323391,  0.32371381],
       [-0.04810418,  0.        ,  0.99884232,  0.08535853],
       [ 0.        ,  0.        ,  0.        ,  1.        ]])]","[array([[ 0.23865714, -0.97110112,  0.00232151, -0.12516325],
       [ 0.97105518,  0.23866844,  0.00944583,  0.38999145],
       [-0.00972693, -0.        ,  0.99995269,  0.08251932],
       [ 0.        ,  0.        ,  0.        ,  1.        ]])]","[array([[ 0.23865714, -0.97110112,  0.00232151, -0.12516325],
       [ 0.97105518,  0.23866844,  0.00944583,  0.38999145],
       [-0.00972693, -0.        ,  0.99995269,  0.08251932],
       [ 0.        ,  0.        ,  0.        ,  1.        ]])]","[array([[ 0.30438398, -0.95251067,  0.00859178, -0.04228773],
       [ 0.95213144,  0.30450522,  0.02687561,  0.33275274],
       [-0.02821555,  0.        ,  0.99960186,  0.08571703],
       [ 0.        ,  0.        ,  0.        ,  1.        ]])]","[array([[-0.28497722, -0.95852083,  0.00508012, -0.02355139],
       [ 0.95836856, -0.28502249, -0.01708428,  0.39037482],
       [ 0.01782359, -0.        ,  0.99984115,  0.08353121],
       [ 0.        ,  0.        ,  0.        ,  1.        ]])]","[array([[-0.28497722, -0.95852083,  0.00508012, -0.02355139],
       [ 0.95836856, -0.28502249, -0.01708428,  0.39037482],
       [ 0.01782359, -0.        ,  0.99984115,  0.08353121],
       [ 0.        ,  0.        ,  0.        ,  1.        ]])]"
11,"[array([[-0.33192287, -0.94320299, -0.01397618, -0.07271486],
       [ 0.94236796, -0.33221698,  0.03968002,  0.31839199],
       [-0.04206944,  0.        ,  0.99911469,  0.08542836],
       [ 0.        ,  0.        ,  0.        ,  1.        ]])]","[array([[ 0.35640191, -0.9343169 ,  0.0054414 , -0.09003801],
       [ 0.93420803,  0.35644344,  0.01426311,  0.38723118],
       [-0.01526582, -0.        ,  0.99988347,  0.08295745],
       [ 0.        ,  0.        ,  0.        ,  1.        ]])]","[array([[ 0.35640191, -0.9343169 ,  0.0054414 , -0.09003801],
       [ 0.93420803,  0.35644344,  0.01426311,  0.38723118],
       [-0.01526582, -0.        ,  0.99988347,  0.08295745],
       [ 0.        ,  0.        ,  0.        ,  1.        ]])]","[array([[ 0.41254962, -0.91085848,  0.0118168 , -0.01411898],
       [ 0.91048506,  0.41271883,  0.02607934,  0.32073101],
       [-0.02863161,  0.        ,  0.99959003,  0.08596735],
       [ 0.        ,  0.        ,  0.        ,  1.        ]])]","[array([[-0.16753603, -0.98585707,  0.00418416,  0.01087711],
       [ 0.98554976, -0.16758827, -0.02461382,  0.37564218],
       [ 0.02496693, -0.        ,  0.99968828,  0.08345605],
       [ 0.        ,  0.        ,  0.        ,  1.        ]])]","[array([[-0.16753603, -0.98585707,  0.00418416,  0.01087711],
       [ 0.98554976, -0.16758827, -0.02461382,  0.37564218],
       [ 0.02496693, -0.        ,  0.99968828,  0.08345605],
       [ 0.        ,  0.        ,  0.        ,  1.        ]])]"
12,"[array([[-0.2434589 , -0.96986877, -0.00907344, -0.04832578],
       [ 0.96919591, -0.24362792,  0.03612083,  0.29580174],
       [-0.03724301,  0.        ,  0.99930624,  0.08549524],
       [ 0.        ,  0.        ,  0.        ,  1.        ]])]","[array([[ 0.4627018 , -0.88641441,  0.0132865 , -0.06005178],
       [ 0.88604919,  0.46289252,  0.02544294,  0.36664965],
       [-0.02870321, -0.        ,  0.99958798,  0.08393076],
       [ 0.        ,  0.        ,  0.        ,  1.        ]])]","[array([[ 0.4627018 , -0.88641441,  0.0132865 , -0.06005178],
       [ 0.88604919,  0.46289252,  0.02544294,  0.36664965],
       [-0.02870321, -0.        ,  0.99958798,  0.08393076],
       [ 0.        ,  0.        ,  0.        ,  1.        ]])]","[array([[ 0.49862232, -0.86664415,  0.01742734,  0.01009539],
       [ 0.8661153 ,  0.49892677,  0.03027157,  0.29269299],
       [-0.03492965,  0.        ,  0.99938977,  0.08639342],
       [ 0.        ,  0.        ,  0.        ,  1.        ]])]","[array([[-0.07070592, -0.99749508,  0.0020588 ,  0.04009689],
       [ 0.99707249, -0.07073589, -0.02903255,  0.34499848],
       [ 0.02910545, -0.        ,  0.99957635,  0.08348845],
       [ 0.        ,  0.        ,  0.        ,  1.        ]])]","[array([[-0.07070592, -0.99749508,  0.0020588 ,  0.04009689],
       [ 0.99707249, -0.07073589, -0.02903255,  0.34499848],
       [ 0.02910545, -0.        ,  0.99957635,  0.08348845],
       [ 0.        ,  0.        ,  0.        ,  1.        ]])]"
13,"[array([[-0.16007971, -0.98708938, -0.00538943, -0.02059936],
       [ 0.98653043, -0.16017041,  0.03321371,  0.27191378],
       [-0.03364813,  0.        ,  0.99943374,  0.08566272],
       [ 0.        ,  0.        ,  0.        ,  1.        ]])]","[array([[ 0.52568104, -0.85063653,  0.00877101, -0.02569052],
       [ 0.85051816,  0.52575421,  0.01419093,  0.34311142],
       [-0.01668272, -0.        ,  0.99986083,  0.08359551],
       [ 0.        ,  0.        ,  0.        ,  1.        ]])]","[array([[ 0.52568104, -0.85063653,  0.00877101, -0.02569052],
       [ 0.85051816,  0.52575421,  0.01419093,  0.34311142],
       [-0.01668272, -0.        ,  0.99986083,  0.08359551],
       [ 0.        ,  0.        ,  0.        ,  1.        ]])]","[array([[ 0.56899762, -0.82214149,  0.01803   ,  0.03750595],
       [ 0.82172905,  0.56928321,  0.02603838,  0.26383266],
       [-0.03167141,  0.        ,  0.99949834,  0.08644944],
       [ 0.        ,  0.        ,  0.        ,  1.        ]])]","[array([[ 2.18548543e-02, -9.99760835e-01, -7.99112869e-04,
         7.14593042e-02],
       [ 9.99093181e-01,  2.18694590e-02, -3.65313906e-02,
         3.13473542e-01],
       [ 3.65401297e-02,  0.00000000e+00,  9.99332186e-01,
         8.34700239e-02],
       [ 0.00000000e+00,  0.00000000e+00,  0.00000000e+00,
         1.00000000e+00]])]","[array([[ 2.18548543e-02, -9.99760835e-01, -7.99112869e-04,
         7.14593042e-02],
       [ 9.99093181e-01,  2.18694590e-02, -3.65313906e-02,
         3.13473542e-01],
       [ 3.65401297e-02,  0.00000000e+00,  9.99332186e-01,
         8.34700239e-02],
       [ 0.00000000e+00,  0.00000000e+00,  0.00000000e+00,
         1.00000000e+00]])]"
14,"[array([[-0.05728971, -0.99835566, -0.00196395,  0.00809099],
       [ 0.99776955, -0.05732336,  0.03420454,  0.25473191],
       [-0.03426088,  0.        ,  0.99941292,  0.08589744],
       [ 0.        ,  0.        ,  0.        ,  1.        ]])]","[array([[ 0.60700515, -0.79466631,  0.00708558,  0.01057624],
       [ 0.79461217,  0.6070465 ,  0.00927551,  0.32588504],
       [-0.01167221, -0.        ,  0.99993188,  0.08362118],
       [ 0.        ,  0.        ,  0.        ,  1.        ]])]","[array([[ 0.60700515, -0.79466631,  0.00708558,  0.01057624],
       [ 0.79461217,  0.6070465 ,  0.00927551,  0.32588504],
       [-0.01167221, -0.        ,  0.99993188,  0.08362118],
       [ 0.        ,  0.        ,  0.        ,  1.        ]])]","[array([[ 0.65015606, -0.75969753,  0.0125201 ,  0.06502119],
       [ 0.75955671,  0.6502766 ,  0.01462683,  0.24056813],
       [-0.01925349,  0.        ,  0.99981463,  0.08618628],
       [ 0.        ,  0.        ,  0.        ,  1.        ]])]","[array([[ 0.11874007, -0.99291754, -0.00394357,  0.10404745],
       [ 0.99237039,  0.11880554, -0.03295838,  0.2864242 ],
       [ 0.03319347,  0.        ,  0.99944894,  0.08376345],
       [ 0.        ,  0.        ,  0.        ,  1.        ]])]","[array([[ 0.11874007, -0.99291754, -0.00394357,  0.10404745],
       [ 0.99237039,  0.11880554, -0.03295838,  0.2864242 ],
       [ 0.03319347,  0.        ,  0.99944894,  0.08376345],
       [ 0.        ,  0.        ,  0.        ,  1.        ]])]"
15,"[array([[ 0.11308722, -0.99357386,  0.00471835,  0.02919894],
       [ 0.99271018,  0.11318561,  0.04141892,  0.25020578],
       [-0.04168681, -0.        ,  0.99913073,  0.08623878],
       [ 0.        ,  0.        ,  0.        ,  1.        ]])]","[array([[ 0.73203766, -0.68122436,  0.00736427,  0.04356369],
       [ 0.68118989,  0.7320747 ,  0.00685274,  0.3199185 ],
       [-0.01005945, -0.        ,  0.9999494 ,  0.08383189],
       [ 0.        ,  0.        ,  0.        ,  1.        ]])]","[array([[ 0.73203766, -0.68122436,  0.00736427,  0.04356369],
       [ 0.68118989,  0.7320747 ,  0.00685274,  0.3199185 ],
       [-0.01005945, -0.        ,  0.9999494 ,  0.08383189],
       [ 0.        ,  0.        ,  0.        ,  1.        ]])]","[array([[ 0.76485096, -0.64370391,  0.02546151,  0.08323547],
       [ 0.64334753,  0.76527464,  0.02141672,  0.22666783],
       [-0.03327108,  0.        ,  0.99944636,  0.08681027],
       [ 0.        ,  0.        ,  0.        ,  1.        ]])]","[array([[ 0.28187121, -0.95939793, -0.01020927,  0.12926777],
       [ 0.95876925,  0.28205604, -0.03472627,  0.26540541],
       [ 0.0361959 ,  0.        ,  0.99934471,  0.08383597],
       [ 0.        ,  0.        ,  0.        ,  1.        ]])]","[array([[ 0.28187121, -0.95939793, -0.01020927,  0.12926777],
       [ 0.95876925,  0.28205604, -0.03472627,  0.26540541],
       [ 0.0361959 ,  0.        ,  0.99934471,  0.08383597],
       [ 0.        ,  0.        ,  0.        ,  1.        ]])]"
16,"[array([[ 0.21967374, -0.97553007,  0.00919386,  0.02970365],
       [ 0.97467681,  0.21986604,  0.04079252,  0.25487722],
       [-0.04181575, -0.        ,  0.99912534,  0.08624667],
       [ 0.        ,  0.        ,  0.        ,  1.        ]])]","[array([[ 0.80136186, -0.5981233 ,  0.00822735,  0.05149914],
       [ 0.59809178,  0.80140409,  0.00614043,  0.322627  ],
       [-0.01026617, -0.        ,  0.9999473 ,  0.08388046],
       [ 0.        ,  0.        ,  0.        ,  1.        ]])]","[array([[ 0.80136186, -0.5981233 ,  0.00822735,  0.05149914],
       [ 0.59809178,  0.80140409,  0.00614043,  0.322627  ],
       [-0.01026617, -0.        ,  0.9999473 ,  0.08388046],
       [ 0.        ,  0.        ,  0.        ,  1.        ]])]","[array([[ 0.83142318, -0.55537719,  0.01707841,  0.08094315],
       [ 0.55526006,  0.83159856,  0.01140569,  0.22585361],
       [-0.02053684,  0.        ,  0.9997891 ,  0.08633103],
       [ 0.        ,  0.        ,  0.        ,  1.        ]])]","[array([[ 0.38927219, -0.92099697, -0.01522334,  0.13074544],
       [ 0.9202935 ,  0.38956975, -0.0359901 ,  0.25967125],
       [ 0.03907732,  0.        ,  0.99923619,  0.08377234],
       [ 0.        ,  0.        ,  0.        ,  1.        ]])]","[array([[ 0.38927219, -0.92099697, -0.01522334,  0.13074544],
       [ 0.9202935 ,  0.38956975, -0.0359901 ,  0.25967125],
       [ 0.03907732,  0.        ,  0.99923619,  0.08377234],
       [ 0.        ,  0.        ,  0.        ,  1.        ]])]"
17,"[array([[ 0.27693398, -0.96082038,  0.01147901,  0.01796735],
       [ 0.95999603,  0.27717178,  0.03979217,  0.26392692],
       [-0.04141479, -0.        ,  0.99914204,  0.08616069],
       [ 0.        ,  0.        ,  0.        ,  1.        ]])]","[array([[ 0.83620955, -0.54834492,  0.0084518 ,  0.04373698],
       [ 0.54831691,  0.83625227,  0.00554199,  0.33026966],
       [-0.01010676, -0.        ,  0.99994893,  0.0838274 ],
       [ 0.        ,  0.        ,  0.        ,  1.        ]])]","[array([[ 0.83620955, -0.54834492,  0.0084518 ,  0.04373698],
       [ 0.54831691,  0.83625227,  0.00554199,  0.33026966],
       [-0.01010676, -0.        ,  0.99994893,  0.0838274 ],
       [ 0.        ,  0.        ,  0.        ,  1.        ]])]","[array([[ 0.86307075, -0.50480344,  0.01680358,  0.06762408],
       [ 0.50470779,  0.86323432,  0.00982642,  0.23215675],
       [-0.01946584,  0.        ,  0.99981052,  0.08620203],
       [ 0.        ,  0.        ,  0.        ,  1.        ]])]","[array([[ 0.45607706, -0.88964931, -0.02275569,  0.11907607],
       [ 0.888544  ,  0.4566444 , -0.04433337,  0.26333716],
       [ 0.04983241,  0.        ,  0.99875759,  0.08338833],
       [ 0.        ,  0.        ,  0.        ,  1.        ]])]","[array([[ 0.45607706, -0.88964931, -0.02275569,  0.11907607],
       [ 0.888544  ,  0.4566444 , -0.04433337,  0.26333716],
       [ 0.04983241,  0.        ,  0.99875759,  0.08338833],
       [ 0.        ,  0.        ,  0.        ,  1.        ]])]"
18,"[array([[ 0.23930205, -0.97089444,  0.00992534, -0.00168429],
       [ 0.97006041,  0.23950779,  0.04023442,  0.27206805],
       [-0.04144057, -0.        ,  0.99914097,  0.08601327],
       [ 0.        ,  0.        ,  0.        ,  1.        ]])]","[array([[ 0.81456244, -0.58001629,  0.00831522,  0.02147484],
       [ 0.57998607,  0.81460488,  0.00592062,  0.33935816],
       [-0.01020767, -0.        ,  0.9999479 ,  0.0836556 ],
       [ 0.        ,  0.        ,  0.        ,  1.        ]])]","[array([[ 0.81456244, -0.58001629,  0.00831522,  0.02147484],
       [ 0.57998607,  0.81460488,  0.00592062,  0.33935816],
       [-0.01020767, -0.        ,  0.9999479 ,  0.0836556 ],
       [ 0.        ,  0.        ,  0.        ,  1.        ]])]","[array([[ 0.84527503, -0.53400258,  0.01874462,  0.04907057],
       [ 0.53387133,  0.84548285,  0.011839  ,  0.24238194],
       [-0.02217031,  0.        ,  0.99975421,  0.08617262],
       [ 0.        ,  0.        ,  0.        ,  1.        ]])]","[array([[ 0.42119402, -0.90671932, -0.02134635,  0.09934764],
       [ 0.9055571 ,  0.42173459, -0.04589413,  0.27537413],
       [ 0.05061559,  0.        ,  0.99871821,  0.08319242],
       [ 0.        ,  0.        ,  0.        ,  1.        ]])]","[array([[ 0.42119402, -0.90671932, -0.02134635,  0.09934764],
       [ 0.9055571 ,  0.42173459, -0.04589413,  0.27537413],
       [ 0.05061559,  0.        ,  0.99871821,  0.08319242],
       [ 0.        ,  0.        ,  0.        ,  1.        ]])]"
19,"[array([[ 0.17047174, -0.98533996,  0.00667441, -0.03094481],
       [ 0.9845856 ,  0.17060235,  0.03854907,  0.28091488],
       [-0.03912261, -0.        ,  0.99923442,  0.08573635],
       [ 0.        ,  0.        ,  0.        ,  1.        ]])]","[array([[ 0.77287962, -0.63450454,  0.00781538, -0.01250584],
       [ 0.6344721 ,  0.77291914,  0.0064158 ,  0.34967992],
       [-0.01011151, -0.        ,  0.99994888,  0.08339355],
       [ 0.        ,  0.        ,  0.        ,  1.        ]])]","[array([[ 0.77287962, -0.63450454,  0.00781538, -0.01250584],
       [ 0.6344721 ,  0.77291914,  0.0064158 ,  0.34967992],
       [-0.01011151, -0.        ,  0.99994888,  0.08339355],
       [ 0.        ,  0.        ,  0.        ,  1.        ]])]","[array([[ 0.80577316, -0.59195549,  0.01784119,  0.02176108],
       [ 0.59181044,  0.80597066,  0.01310369,  0.25484744],
       [-0.02213627,  0.        ,  0.99975496,  0.08599185],
       [ 0.        ,  0.        ,  0.        ,  1.        ]])]","[array([[ 0.35900337, -0.93316921, -0.01765781,  0.06960162],
       [ 0.93204248,  0.35943737, -0.0458431 ,  0.29129831],
       [ 0.04912625,  0.        ,  0.99879258,  0.08305179],
       [ 0.        ,  0.        ,  0.        ,  1.        ]])]","[array([[ 0.35900337, -0.93316921, -0.01765781,  0.06960162],
       [ 0.93204248,  0.35943737, -0.0458431 ,  0.29129831],
       [ 0.04912625,  0.        ,  0.99879258,  0.08305179],
       [ 0.        ,  0.        ,  0.        ,  1.        ]])]"
20,"[array([[-1.79455891e-02, -9.99838834e-01, -5.12551926e-04,
        -7.70061855e-02],
       [ 9.99431271e-01, -1.79529072e-02,  2.85451996e-02,
         2.87406525e-01],
       [-2.85498009e-02,  0.00000000e+00,  9.99592371e-01,
         8.51155155e-02],
       [ 0.00000000e+00,  0.00000000e+00,  0.00000000e+00,
         1.00000000e+00]])]","[array([[ 0.64512438, -0.7640398 ,  0.00759751, -0.07165813],
       [ 0.76398682,  0.64516912,  0.00899733,  0.35853148],
       [-0.011776  , -0.        ,  0.99993066,  0.08298448],
       [ 0.        ,  0.        ,  0.        ,  1.        ]])]","[array([[ 0.64512438, -0.7640398 ,  0.00759751, -0.07165813],
       [ 0.76398682,  0.64516912,  0.00899733,  0.35853148],
       [-0.011776  , -0.        ,  0.99993066,  0.08298448],
       [ 0.        ,  0.        ,  0.        ,  1.        ]])]","[array([[ 0.68197414, -0.73105952,  0.02152324, -0.02047937],
       [ 0.7306957 ,  0.6823137 ,  0.0230609 ,  0.27145595],
       [-0.0315445 ,  0.        ,  0.99950235,  0.0860616 ],
       [ 0.        ,  0.        ,  0.        ,  1.        ]])]","[array([[ 0.18164593, -0.98331512, -0.00980425,  0.01979508],
       [ 0.98188593,  0.18191033, -0.05299678,  0.31604129],
       [ 0.05389603,  0.        ,  0.99854655,  0.08243111],
       [ 0.        ,  0.        ,  0.        ,  1.        ]])]","[array([[ 0.18164593, -0.98331512, -0.00980425,  0.01979508],
       [ 0.98188593,  0.18191033, -0.05299678,  0.31604129],
       [ 0.05389603,  0.        ,  0.99854655,  0.08243111],
       [ 0.        ,  0.        ,  0.        ,  1.        ]])]"
21,"[array([[-0.2621449 , -0.96499406, -0.00815548, -0.12723076],
       [ 0.96452741, -0.26227173,  0.03000702,  0.28111925],
       [-0.03109555,  0.        ,  0.99951642,  0.08477754],
       [ 0.        ,  0.        ,  0.        ,  1.        ]])]","[array([[ 0.43375319, -0.90100239,  0.00727053, -0.13941986],
       [ 0.90087585,  0.43381412,  0.0151004 ,  0.35117231],
       [-0.01675955, -0.        ,  0.99985955,  0.08263895],
       [ 0.        ,  0.        ,  0.        ,  1.        ]])]","[array([[ 0.43375319, -0.90100239,  0.00727053, -0.13941986],
       [ 0.90087585,  0.43381412,  0.0151004 ,  0.35117231],
       [-0.01675955, -0.        ,  0.99985955,  0.08263895],
       [ 0.        ,  0.        ,  0.        ,  1.        ]])]","[array([[ 0.4806983 , -0.87681675,  0.01102381, -0.06845339],
       [ 0.87658628,  0.48082469,  0.02010268,  0.27957979],
       [-0.02292689,  0.        ,  0.99973714,  0.08532356],
       [ 0.        ,  0.        ,  0.        ,  1.        ]])]","[array([[-0.0804178 , -0.99675674,  0.00299547, -0.03986612],
       [ 0.99606597, -0.08047357, -0.03710236,  0.33252859],
       [ 0.03722309, -0.        ,  0.99930698,  0.08256231],
       [ 0.        ,  0.        ,  0.        ,  1.        ]])]","[array([[-0.0804178 , -0.99675674,  0.00299547, -0.03986612],
       [ 0.99606597, -0.08047357, -0.03710236,  0.33252859],
       [ 0.03722309, -0.        ,  0.99930698,  0.08256231],
       [ 0.        ,  0.        ,  0.        ,  1.        ]])]"
22,"[array([[-0.45152306, -0.89202434, -0.02048172, -0.16077066],
       [ 0.89110801, -0.45198736,  0.04042192,  0.27070082],
       [-0.04531481,  0.        ,  0.99897276,  0.08479805],
       [ 0.        ,  0.        ,  0.        ,  1.        ]])]","[array([[ 0.22529071, -0.97428928,  0.00211957, -0.18669055],
       [ 0.97424616,  0.22530068,  0.00916586,  0.33656183],
       [-0.00940774, -0.        ,  0.99995575,  0.08199417],
       [ 0.        ,  0.        ,  0.        ,  1.        ]])]","[array([[ 0.22529071, -0.97428928,  0.00211957, -0.18669055],
       [ 0.97424616,  0.22530068,  0.00916586,  0.33656183],
       [-0.00940774, -0.        ,  0.99995575,  0.08199417],
       [ 0.        ,  0.        ,  0.        ,  1.        ]])]","[array([[ 0.28936729, -0.95718756,  0.00765176, -0.10282887],
       [ 0.95685308,  0.28946844,  0.02530212,  0.28135452],
       [-0.02643382,  0.        ,  0.99965057,  0.08515712],
       [ 0.        ,  0.        ,  0.        ,  1.        ]])]","[array([[-0.29391843, -0.95578977,  0.00882416, -0.0852145 ],
       [ 0.95535931, -0.29405086, -0.02868224,  0.33907937],
       [ 0.03000894, -0.        ,  0.99954963,  0.08260472],
       [ 0.        ,  0.        ,  0.        ,  1.        ]])]","[array([[-0.29391843, -0.95578977,  0.00882416, -0.0852145 ],
       [ 0.95535931, -0.29405086, -0.02868224,  0.33907937],
       [ 0.03000894, -0.        ,  0.99954963,  0.08260472],
       [ 0.        ,  0.        ,  0.        ,  1.        ]])]"
23,"[array([[-0.62731981, -0.77820101, -0.02954748, -0.17531707],
       [ 0.77733921, -0.62801528,  0.03661357,  0.25761093],
       [-0.04704899,  0.        ,  0.99889258,  0.0846779 ],
       [ 0.        ,  0.        ,  0.        ,  1.        ]])]","[array([[ 2.53036989e-02, -9.99679741e-01,  3.72795878e-04,
        -2.14741216e-01],
       [ 9.99571264e-01,  2.53064449e-02,  1.47265445e-02,
         3.16618513e-01],
       [-1.47312623e-02, -0.00000000e+00,  9.99891489e-01,
         8.18924541e-02],
       [ 0.00000000e+00,  0.00000000e+00,  0.00000000e+00,
         1.00000000e+00]])]","[array([[ 2.53036989e-02, -9.99679741e-01,  3.72795878e-04,
        -2.14741216e-01],
       [ 9.99571264e-01,  2.53064449e-02,  1.47265445e-02,
         3.16618513e-01],
       [-1.47312623e-02, -0.00000000e+00,  9.99891489e-01,
         8.18924541e-02],
       [ 0.00000000e+00,  0.00000000e+00,  0.00000000e+00,
         1.00000000e+00]])]","[array([[ 0.08280187, -0.99656292,  0.00249091, -0.12090726],
       [ 0.99611229,  0.08283933,  0.0299658 ,  0.28025828],
       [-0.03006915,  0.        ,  0.99954782,  0.08510155],
       [ 0.        ,  0.        ,  0.        ,  1.        ]])]","[array([[-0.4809244 , -0.87662797,  0.01533368, -0.11643424],
       [ 0.87618273, -0.48116879, -0.02793601,  0.34039732],
       [ 0.03186758, -0.        ,  0.9994921 ,  0.08205761],
       [ 0.        ,  0.        ,  0.        ,  1.        ]])]","[array([[-0.4809244 , -0.87662797,  0.01533368, -0.11643424],
       [ 0.87618273, -0.48116879, -0.02793601,  0.34039732],
       [ 0.03186758, -0.        ,  0.9994921 ,  0.08205761],
       [ 0.        ,  0.        ,  0.        ,  1.        ]])]"
24,"[array([[-0.78494499, -0.61848654, -0.03654821, -0.17838652],
       [ 0.61781719, -0.7857954 ,  0.02876649,  0.24824047],
       [-0.0465111 ,  0.        ,  0.99891777,  0.08458085],
       [ 0.        ,  0.        ,  0.        ,  1.        ]])]","[array([[-0.18848249, -0.98206377, -0.00500962, -0.23051354],
       [ 0.98171708, -0.18854905,  0.02609278,  0.29683693],
       [-0.02656934,  0.        ,  0.99964697,  0.0823049 ],
       [ 0.        ,  0.        ,  0.        ,  1.        ]])]","[array([[-0.18848249, -0.98206377, -0.00500962, -0.23051354],
       [ 0.98171708, -0.18854905,  0.02609278,  0.29683693],
       [-0.02656934,  0.        ,  0.99964697,  0.0823049 ],
       [ 0.        ,  0.        ,  0.        ,  1.        ]])]","[array([[-0.14110601, -0.9899839 , -0.00457994, -0.13035333],
       [ 0.98946284, -0.14118031,  0.03211543,  0.28234106],
       [-0.03244036, -0.        ,  0.99947367,  0.08506266],
       [ 0.        ,  0.        ,  0.        ,  1.        ]])]","[array([[-0.66782755, -0.7441049 ,  0.0177274 , -0.13913353],
       [ 0.74384288, -0.6680628 , -0.01974522,  0.34195993],
       [ 0.02653553, -0.        ,  0.99964787,  0.08210617],
       [ 0.        ,  0.        ,  0.        ,  1.        ]])]","[array([[-0.66782755, -0.7441049 ,  0.0177274 , -0.13913353],
       [ 0.74384288, -0.6680628 , -0.01974522,  0.34195993],
       [ 0.02653553, -0.        ,  0.99964787,  0.08210617],
       [ 0.        ,  0.        ,  0.        ,  1.        ]])]"
25,"[array([[-0.88217893, -0.46912477, -0.04101584, -0.16240349],
       [ 0.46861854, -0.8831319 ,  0.02178785,  0.26011932],
       [-0.04644361,  0.        ,  0.99892091,  0.08467034],
       [ 0.        ,  0.        ,  0.        ,  1.        ]])]","[array([[-0.36159675, -0.93228751, -0.00936976, -0.22230952],
       [ 0.93197468, -0.36171813,  0.0241495 ,  0.29874647],
       [-0.02590349,  0.        ,  0.99966445,  0.08229073],
       [ 0.        ,  0.        ,  0.        ,  1.        ]])]","[array([[-0.36159675, -0.93228751, -0.00936976, -0.22230952],
       [ 0.93197468, -0.36171813,  0.0241495 ,  0.29874647],
       [-0.02590349,  0.        ,  0.99966445,  0.08229073],
       [ 0.        ,  0.        ,  0.        ,  1.        ]])]","[array([[-0.31984558, -0.94740234, -0.01129658, -0.12088065],
       [ 0.94681199, -0.32004501,  0.0334403 ,  0.30201901],
       [-0.03529683, -0.        ,  0.99937687,  0.08515565],
       [ 0.        ,  0.        ,  0.        ,  1.        ]])]","[array([[-0.78620328, -0.61743088,  0.02575876, -0.14062841],
       [ 0.61709976, -0.78662514, -0.02021834,  0.35899413],
       [ 0.03274591, -0.        ,  0.99946371,  0.08170968],
       [ 0.        ,  0.        ,  0.        ,  1.        ]])]","[array([[-0.78620328, -0.61743088,  0.02575876, -0.14062841],
       [ 0.61709976, -0.78662514, -0.02021834,  0.35899413],
       [ 0.03274591, -0.        ,  0.99946371,  0.08170968],
       [ 0.        ,  0.        ,  0.        ,  1.        ]])]"
26,"[array([[-0.86659656, -0.49741045, -0.03991543, -0.14282828],
       [ 0.49688366, -0.86751533,  0.02288646,  0.28322682],
       [-0.04601121,  0.        ,  0.99894092,  0.08483865],
       [ 0.        ,  0.        ,  0.        ,  1.        ]])]","[array([[-0.32958696, -0.94407787, -0.00945551, -0.20151048],
       [ 0.9436896 , -0.32972257,  0.02707349,  0.32377892],
