,LP,LD1,LD2,RP,RD1,RD2
0,"[array([[-0.86873401, -0.49438537, -0.02973763, -0.16324799],
       [ 0.49409597, -0.86924284,  0.0169134 ,  0.11573061],
       [-0.03421096,  0.        ,  0.99941463,  0.08460133],
       [ 0.        ,  0.        ,  0.        ,  1.        ]])]","[array([[-0.06482715, -0.99789479, -0.00185378, -0.22107202],
       [ 0.99748704, -0.06485365,  0.02852384,  0.15827407],
       [-0.02858402,  0.        ,  0.99959139,  0.08270697],
       [ 0.        ,  0.        ,  0.        ,  1.        ]])]","[array([[-0.06482715, -0.99789479, -0.00185378, -0.22107202],
       [ 0.99748704, -0.06485365,  0.02852384,  0.15827407],
       [-0.02858402,  0.        ,  0.99959139,  0.08270697],
       [ 0.        ,  0.        ,  0.        ,  1.        ]])]","[array([[ 0.43451779, -0.90062898,  0.00785666, -0.10823728],
       [ 0.90048179,  0.43458882,  0.01628192,  0.12801818],
       [-0.01807838,  0.        ,  0.99983657,  0.08491296],
       [ 0.        ,  0.        ,  0.        ,  1.        ]])]","[array([[-0.66583331, -0.74550529,  0.02979698, -0.0830272 ],
       [ 0.7447599 , -0.66649971, -0.03332906,  0.17511526],
       [ 0.04470667, -0.        ,  0.99900016,  0.08232233],
       [ 0.        ,  0.        ,  0.        ,  1.        ]])]","[array([[-0.66583331, -0.74550529,  0.02979698, -0.0830272 ],
       [ 0.7447599 , -0.66649971, -0.03332906,  0.17511526],
       [ 0.04470667, -0.        ,  0.99900016,  0.08232233],
       [ 0.        ,  0.        ,  0.        ,  1.        ]])]"
1,"[array([[-0.86628918, -0.49856282, -0.03127586, -0.16335127],
       [ 0.49823821, -0.86685357,  0.01798802,  0.115662  ],
       [-0.03607975,  0.        ,  0.99934891,  0.08464119],
       [ 0.        ,  0.        ,  0.        ,  1.        ]])]","[array([[-0.06573568, -0.99783442, -0.00229991, -0.22094286],
       [ 0.99722425, -0.0657759 ,  0.03489007,  0.15814628],
       [-0.03496579,  0.        ,  0.99938851,  0.08289491],
       [ 0.        ,  0.        ,  0.        ,  1.        ]])]","[array([[-0.06573568, -0.99783442, -0.00229991, -0.22094286],
       [ 0.99722425, -0.0657759 ,  0.03489007,  0.15814628],
       [-0.03496579,  0.        ,  0.99938851,  0.08289491],
       [ 0.        ,  0.        ,  0.        ,  1.        ]])]","[array([[ 0.42326772, -0.90597675,  0.00711101, -0.10818174],
       [ 0.90584892,  0.42332745,  0.0152185 ,  0.12779802],
       [-0.01679789,  0.        ,  0.99985891,  0.08479427],
       [ 0.        ,  0.        ,  0.        ,  1.        ]])]","[array([[-0.66568144, -0.7456364 ,  0.02990947, -0.08306283],
       [ 0.74488491, -0.66635303, -0.03346813,  0.17516131],
       [ 0.04488532, -0.        ,  0.99899215,  0.08233965],
       [ 0.        ,  0.        ,  0.        ,  1.        ]])]","[array([[-0.66568144, -0.7456364 ,  0.02990947, -0.08306283],
       [ 0.74488491, -0.66635303, -0.03346813,  0.17516131],
       [ 0.04488532, -0.        ,  0.99899215,  0.08233965],
       [ 0.        ,  0.        ,  0.        ,  1.        ]])]"
2,"[array([[-0.86804267, -0.49262034, -0.06186372, -0.1632274 ],
       [ 0.49137404, -0.87024433,  0.03501928,  0.11588719],
       [-0.07108776,  0.        ,  0.99747006,  0.08545537],
       [ 0.        ,  0.        ,  0.        ,  1.        ]])]","[array([[-0.06733194, -0.99772843, -0.00209734, -0.22089262],
       [ 0.99724474, -0.0673646 ,  0.03106341,  0.15829648],
       [-0.03113413,  0.        ,  0.99951522,  0.08278907],
       [ 0.        ,  0.        ,  0.        ,  1.        ]])]","[array([[-0.06733194, -0.99772843, -0.00209734, -0.22089262],
       [ 0.99724474, -0.0673646 ,  0.03106341,  0.15829648],
       [-0.03113413,  0.        ,  0.99951522,  0.08278907],
       [ 0.        ,  0.        ,  0.        ,  1.        ]])]","[array([[ 0.45314447, -0.89142781, -0.00406742, -0.10871986],
       [ 0.8913919 ,  0.45316273, -0.00800112,  0.12838964],
       [ 0.00897563,  0.        ,  0.99995972,  0.08421595],
       [ 0.        ,  0.        ,  0.        ,  1.        ]])]","[array([[-0.65632802, -0.75350156,  0.03832667, -0.08379042],
       [ 0.7522201 , -0.65744612, -0.04392635,  0.17504052],
       [ 0.0582963 , -0.        ,  0.99829932,  0.08162318],
       [ 0.        ,  0.        ,  0.        ,  1.        ]])]","[array([[-0.65632802, -0.75350156,  0.03832667, -0.08379042],
       [ 0.7522201 , -0.65744612, -0.04392635,  0.17504052],
       [ 0.0582963 , -0.        ,  0.99829932,  0.08162318],
       [ 0.        ,  0.        ,  0.        ,  1.        ]])]"
3,"[array([[-0.87105939, -0.49032078, -0.02900119, -0.16313167],
       [ 0.49004924, -0.87154205,  0.01631578,  0.11592411],
       [-0.03327572,  0.        ,  0.99944621,  0.08459438],
       [ 0.        ,  0.        ,  0.        ,  1.        ]])]","[array([[-0.06429143, -0.99792854, -0.00228952, -0.22102821],
       [ 0.99729636, -0.06433219,  0.03551528,  0.15841148],
       [-0.035589  ,  0.        ,  0.99936651,  0.08290573],
       [ 0.        ,  0.        ,  0.        ,  1.        ]])]","[array([[-0.06429143, -0.99792854, -0.00228952, -0.22102821],
       [ 0.99729636, -0.06433219,  0.03551528,  0.15841148],
       [-0.035589  ,  0.        ,  0.99936651,  0.08290573],
       [ 0.        ,  0.        ,  0.        ,  1.        ]])]","[array([[ 0.43843605, -0.89874469,  0.00564029, -0.10847533],
       [ 0.89867033,  0.43847233,  0.011561  ,  0.12811023],
       [-0.01286349,  0.        ,  0.99991726,  0.08469614],
       [ 0.        ,  0.        ,  0.        ,  1.        ]])]","[array([[-0.66590801, -0.74545474,  0.02938971, -0.08307913],
       [ 0.74472977, -0.66655625, -0.03286849,  0.17519844],
       [ 0.04409187, -0.        ,  0.99902748,  0.08233788],
       [ 0.        ,  0.        ,  0.        ,  1.        ]])]","[array([[-0.66590801, -0.74545474,  0.02938971, -0.08307913],
       [ 0.74472977, -0.66655625, -0.03286849,  0.17519844],
       [ 0.04409187, -0.        ,  0.99902748,  0.08233788],
       [ 0.        ,  0.        ,  0.        ,  1.        ]])]"
4,"[array([[-0.87315802, -0.48578267, -0.0401282 , -0.16305904],
       [ 0.48527047, -0.87407963,  0.02230184,  0.11599429],
       [-0.04590909,  0.        ,  0.99894562,  0.08486136],
       [ 0.        ,  0.        ,  0.        ,  1.        ]])]","[array([[-0.0642886 , -0.99792906, -0.00213873, -0.2208743 ],
       [ 0.99737729, -0.06432416,  0.0331804 ,  0.15864394],
       [-0.03324926,  0.        ,  0.99944709,  0.08269033],
       [ 0.        ,  0.        ,  0.        ,  1.        ]])]","[array([[-0.0642886 , -0.99792906, -0.00213873, -0.2208743 ],
       [ 0.99737729, -0.06432416,  0.0331804 ,  0.15864394],
       [-0.03324926,  0.        ,  0.99944709,  0.08269033],
       [ 0.        ,  0.        ,  0.        ,  1.        ]])]","[array([[ 0.42150539, -0.90681868,  0.00361877, -0.10782974],
       [ 0.90678526,  0.42152092,  0.00778506,  0.12791301],
       [-0.00858503,  0.        ,  0.99996315,  0.0848463 ],
       [ 0.        ,  0.        ,  0.        ,  1.        ]])]","[array([[-0.66401523, -0.74720112,  0.02782572, -0.08313833],
       [ 0.74654592, -0.66459799, -0.03128419,  0.17527162],
       [ 0.04186849, -0.        ,  0.99912313,  0.08234858],
       [ 0.        ,  0.        ,  0.        ,  1.        ]])]","[array([[-0.66401523, -0.74720112,  0.02782572, -0.08313833],
       [ 0.74654592, -0.66459799, -0.03128419,  0.17527162],
       [ 0.04186849, -0.        ,  0.99912313,  0.08234858],
       [ 0.        ,  0.        ,  0.        ,  1.        ]])]"
5,"[array([[-0.86799106, -0.49508199, -0.03854003, -0.16324956],
       [ 0.49459469, -0.86884626,  0.0219607 ,  0.11584395],
       [-0.0443577 ,  0.        ,  0.99901571,  0.08472461],
       [ 0.        ,  0.        ,  0.        ,  1.        ]])]","[array([[-0.06711154, -0.99774302, -0.0022145 , -0.2208007 ],
       [ 0.99720028, -0.06714807,  0.03290495,  0.15853786],
       [-0.03297938,  0.        ,  0.99945603,  0.08254674],
       [ 0.        ,  0.        ,  0.        ,  1.        ]])]","[array([[-0.06711154, -0.99774302, -0.0022145 , -0.2208007 ],
       [ 0.99720028, -0.06714807,  0.03290495,  0.15853786],
       [-0.03297938,  0.        ,  0.99945603,  0.08254674],
       [ 0.        ,  0.        ,  0.        ,  1.        ]])]","[array([[ 0.43688078, -0.89951315, -0.00335785, -0.10845931],
       [ 0.89948658,  0.43689368, -0.00691343,  0.12810493],
       [ 0.00768575,  0.        ,  0.99997046,  0.08423284],
       [ 0.        ,  0.        ,  0.        ,  1.        ]])]","[array([[-0.66775945, -0.74401764,  0.02313152, -0.08298449],
       [ 0.74357165, -0.66815997, -0.02575769,  0.17531622],
       [ 0.03461973, -0.        ,  0.99940056,  0.08259809],
       [ 0.        ,  0.        ,  0.        ,  1.        ]])]","[array([[-0.66775945, -0.74401764,  0.02313152, -0.08298449],
       [ 0.74357165, -0.66815997, -0.02575769,  0.17531622],
       [ 0.03461973, -0.        ,  0.99940056,  0.08259809],
       [ 0.        ,  0.        ,  0.        ,  1.        ]])]"
6,"[array([[-0.86412293, -0.5015806 , -0.04133354, -0.16355313],
       [ 0.50100778, -0.86511092,  0.02396467,  0.11566279],
       [-0.04777831,  0.        ,  0.99885796,  0.08493723],
       [ 0.        ,  0.        ,  0.        ,  1.        ]])]","[array([[-0.06604559, -0.99781417, -0.00220544, -0.22091091],
       [ 0.99725832, -0.0660824 ,  0.03330115,  0.15842281],
       [-0.0333741 ,  0.        ,  0.99944293,  0.0827763 ],
       [ 0.        ,  0.        ,  0.        ,  1.        ]])]","[array([[-0.06604559, -0.99781417, -0.00220544, -0.22091091],
       [ 0.99725832, -0.0660824 ,  0.03330115,  0.15842281],
       [-0.0333741 ,  0.        ,  0.99944293,  0.0827763 ],
       [ 0.        ,  0.        ,  0.        ,  1.        ]])]","[array([[ 0.43950119, -0.89823696,  0.00300994, -0.10847568],
       [ 0.8982159 ,  0.4395115 ,  0.00615147,  0.12803563],
       [-0.00684838,  0.        ,  0.99997655,  0.0846804 ],
       [ 0.        ,  0.        ,  0.        ,  1.        ]])]","[array([[-0.65234102, -0.75676572,  0.04191469, -0.08348008],
       [ 0.75520842, -0.6536862 , -0.0485242 ,  0.17503119],
       [ 0.06412051, -0.        ,  0.99794216,  0.08223397],
       [ 0.        ,  0.        ,  0.        ,  1.        ]])]","[array([[-0.65234102, -0.75676572,  0.04191469, -0.08348008],
       [ 0.75520842, -0.6536862 , -0.0485242 ,  0.17503119],
       [ 0.06412051, -0.        ,  0.99794216,  0.08223397],
       [ 0.        ,  0.        ,  0.        ,  1.        ]])]"
7,"[array([[-0.87795828, -0.47696301, -0.04117688, -0.16280419],
       [ 0.47643929, -0.87892337,  0.02234535,  0.11551501],
       [-0.04684922,  0.        ,  0.99890197,  0.08546142],
       [ 0.        ,  0.        ,  0.        ,  1.        ]])]","[array([[-7.65624358e-02, -9.97064759e-01, -2.44721159e-04,
        -2.20987106e-01],
       [ 9.97059666e-01, -7.65628269e-02,  3.18696231e-03,
         1.57382970e-01],
       [-3.19634435e-03,  0.00000000e+00,  9.99994892e-01,
         8.39396438e-02],
       [ 0.00000000e+00,  0.00000000e+00,  0.00000000e+00,
         1.00000000e+00]])]","[array([[-7.65624358e-02, -9.97064759e-01, -2.44721159e-04,
        -2.20987106e-01],
       [ 9.97059666e-01, -7.65628269e-02,  3.18696231e-03,
         1.57382970e-01],
       [-3.19634435e-03,  0.00000000e+00,  9.99994892e-01,
         8.39396438e-02],
       [ 0.00000000e+00,  0.00000000e+00,  0.00000000e+00,
         1.00000000e+00]])]","[array([[ 0.42225023, -0.90643685, -0.00877364, -0.10821803],
       [ 0.90624124,  0.42234137, -0.01883015,  0.12743848],
       [ 0.02077381,  0.        ,  0.9997842 ,  0.08485867],
       [ 0.        ,  0.        ,  0.        ,  1.        ]])]","[array([[-0.67161032, -0.73978136,  0.04078125, -0.08349679],
       [ 0.7384213 , -0.67284733, -0.04483812,  0.17495455],
       [ 0.06060996, -0.        ,  0.99816153,  0.0844216 ],
       [ 0.        ,  0.        ,  0.        ,  1.        ]])]","[array([[-0.67161032, -0.73978136,  0.04078125, -0.08349679],
       [ 0.7384213 , -0.67284733, -0.04483812,  0.17495455],
       [ 0.06060996, -0.        ,  0.99816153,  0.0844216 ],
       [ 0.        ,  0.        ,  0.        ,  1.        ]])]"
8,"[array([[-0.87463018, -0.4845684 , -0.01468053, -0.16288825],
       [ 0.48450016, -0.87475337,  0.00813226,  0.11520488],
       [-0.01678248,  0.        ,  0.99985916,  0.08495993],
       [ 0.        ,  0.        ,  0.        ,  1.        ]])]","[array([[-7.69688512e-02, -9.97033320e-01,  5.95125778e-04,
        -2.21032040e-01],
       [ 9.97003518e-01, -7.69711519e-02, -7.70886515e-03,
         1.57023918e-01],
       [ 7.73180294e-03,  0.00000000e+00,  9.99970109e-01,
         8.43881287e-02],
       [ 0.00000000e+00,  0.00000000e+00,  0.00000000e+00,
         1.00000000e+00]])]","[array([[-7.69688512e-02, -9.97033320e-01,  5.95125778e-04,
        -2.21032040e-01],
       [ 9.97003518e-01, -7.69711519e-02, -7.70886515e-03,
         1.57023918e-01],
       [ 7.73180294e-03,  0.00000000e+00,  9.99970109e-01,
         8.43881287e-02],
       [ 0.00000000e+00,  0.00000000e+00,  0.00000000e+00,
         1.00000000e+00]])]","[array([[ 0.43299425, -0.90128019, -0.0144915 , -0.10865493],
       [ 0.90077584,  0.43323668, -0.03014726,  0.1274716 ],
       [ 0.03344938,  0.        ,  0.99944041,  0.08440073],
       [ 0.        ,  0.        ,  0.        ,  1.        ]])]","[array([[-0.6813356 , -0.73120921,  0.03339   , -0.08272565],
       [ 0.73033273, -0.68215328, -0.03579118,  0.17483081],
       [ 0.04894794, -0.        ,  0.99880133,  0.08481246],
       [ 0.        ,  0.        ,  0.        ,  1.        ]])]","[array([[-0.6813356 , -0.73120921,  0.03339   , -0.08272565],
       [ 0.73033273, -0.68215328, -0.03579118,  0.17483081],
       [ 0.04894794, -0.        ,  0.99880133,  0.08481246],
       [ 0.        ,  0.        ,  0.        ,  1.        ]])]"
9,"[array([[-0.87536884, -0.48315491, -0.0170509 , -0.16284863],
       [ 0.48306328, -0.87553488,  0.00940936,  0.11519417],
       [-0.01947483,  0.        ,  0.99981035,  0.08511924],
       [ 0.        ,  0.        ,  0.        ,  1.        ]])]","[array([[-7.71588211e-02, -9.97018791e-01,  2.14265020e-04,
        -2.21040934e-01],
       [ 9.97014947e-01, -7.71591186e-02, -2.76864556e-03,
         1.56981709e-01],
       [ 2.77692415e-03,  0.00000000e+00,  9.99996144e-01,
         8.46016938e-02],
       [ 0.00000000e+00,  0.00000000e+00,  0.00000000e+00,
         1.00000000e+00]])]","[array([[-7.71588211e-02, -9.97018791e-01,  2.14265020e-04,
        -2.21040934e-01],
       [ 9.97014947e-01, -7.71591186e-02, -2.76864556e-03,
         1.56981709e-01],
       [ 2.77692415e-03,  0.00000000e+00,  9.99996144e-01,
         8.46016938e-02],
       [ 0.00000000e+00,  0.00000000e+00,  0.00000000e+00,
         1.00000000e+00]])]","[array([[ 0.43096385, -0.90235649, -0.00478785, -0.10864   ],
       [ 0.90230081,  0.43099045, -0.01002423,  0.1274285 ],
       [ 0.01110895,  0.        ,  0.99993829,  0.08489616],
       [ 0.        ,  0.        ,  0.        ,  1.        ]])]","[array([[-0.66961343, -0.7413154 ,  0.04548988, -0.08359538],
       [ 0.73961068, -0.67115682, -0.05024511,  0.17471597],
       [ 0.06777831, -0.        ,  0.99770041,  0.08406065],
       [ 0.        ,  0.        ,  0.        ,  1.        ]])]","[array([[-0.66961343, -0.7413154 ,  0.04548988, -0.08359538],
       [ 0.73961068, -0.67115682, -0.05024511,  0.17471597],
       [ 0.06777831, -0.        ,  0.99770041,  0.08406065],
       [ 0.        ,  0.        ,  0.        ,  1.        ]])]"
10,"[array([[-0.86862817, -0.4951218 , -0.01842561, -0.16331074],
       [ 0.49501045, -0.86882357,  0.01050032,  0.1149299 ],
       [-0.02120754,  0.        ,  0.99977509,  0.08515005],
       [ 0.        ,  0.        ,  0.        ,  1.        ]])]","[array([[-7.06662077e-02, -9.97500018e-01,  3.87382583e-05,
        -2.21137565e-01],
       [ 9.97499868e-01, -7.06662183e-02, -5.46815922e-04,
         1.57071506e-01],
       [ 5.48186378e-04,  0.00000000e+00,  9.99999850e-01,
         8.46155677e-02],
       [ 0.00000000e+00,  0.00000000e+00,  0.00000000e+00,
         1.00000000e+00]])]","[array([[-7.06662077e-02, -9.97500018e-01,  3.87382583e-05,
        -2.21137565e-01],
       [ 9.97499868e-01, -7.06662183e-02, -5.46815922e-04,
         1.57071506e-01],
       [ 5.48186378e-04,  0.00000000e+00,  9.99999850e-01,
         8.46155677e-02],
       [ 0.00000000e+00,  0.00000000e+00,  0.00000000e+00,
         1.00000000e+00]])]","[array([[ 0.43033219, -0.90256213, -0.01399299, -0.10865068],
       [ 0.90208536,  0.43055963, -0.02933286,  0.1274445 ],
       [ 0.03249954,  0.        ,  0.99947175,  0.08440801],
       [ 0.        ,  0.        ,  0.        ,  1.        ]])]","[array([[-0.66806212, -0.74259552,  0.04738033, -0.08400531],
       [ 0.74073493, -0.66974017, -0.05253444,  0.1746827 ],
       [ 0.07074435, -0.        ,  0.99749448,  0.08381933],
       [ 0.        ,  0.        ,  0.        ,  1.        ]])]","[array([[-0.66806212, -0.74259552,  0.04738033, -0.08400531],
       [ 0.74073493, -0.66974017, -0.05253444,  0.1746827 ],
       [ 0.07074435, -0.        ,  0.99749448,  0.08381933],
       [ 0.        ,  0.        ,  0.        ,  1.        ]])]"
11,"[array([[-0.86853447, -0.4953746 , -0.01587054, -0.16311671],
       [ 0.49529192, -0.86867946,  0.00905036,  0.11515723],
       [-0.01826974,  0.        ,  0.99983309,  0.08498324],
       [ 0.        ,  0.        ,  0.        ,  1.        ]])]","[array([[-6.27211540e-02, -9.98031077e-01,  1.60249006e-04,
        -2.20872607e-01],
       [ 9.98027820e-01, -6.27213587e-02, -2.54990472e-03,
         1.57579469e-01],
       [ 2.55493519e-03,  0.00000000e+00,  9.99996736e-01,
         8.44587531e-02],
       [ 0.00000000e+00,  0.00000000e+00,  0.00000000e+00,
         1.00000000e+00]])]","[array([[-6.27211540e-02, -9.98031077e-01,  1.60249006e-04,
        -2.20872607e-01],
       [ 9.98027820e-01, -6.27213587e-02, -2.54990472e-03,
         1.57579469e-01],
       [ 2.55493519e-03,  0.00000000e+00,  9.99996736e-01,
         8.44587531e-02],
       [ 0.00000000e+00,  0.00000000e+00,  0.00000000e+00,
         1.00000000e+00]])]","[array([[ 0.41171096, -0.91131165,  0.00227295, -0.10826922],
       [ 0.91129776,  0.41171724,  0.00503104,  0.12706492],
       [-0.00552065,  0.        ,  0.99998476,  0.08527966],
       [ 0.        ,  0.        ,  0.        ,  1.        ]])]","[array([[-0.67548485, -0.73607275,  0.04378493, -0.08368158],
       [ 0.73453126, -0.67690243, -0.04761232,  0.1747445 ],
       [ 0.06468426, -0.        ,  0.99790578,  0.08410004],
       [ 0.        ,  0.        ,  0.        ,  1.        ]])]","[array([[-0.67548485, -0.73607275,  0.04378493, -0.08368158],
       [ 0.73453126, -0.67690243, -0.04761232,  0.1747445 ],
       [ 0.06468426, -0.        ,  0.99790578,  0.08410004],
       [ 0.        ,  0.        ,  0.        ,  1.        ]])]"
12,"[array([[-0.83187123, -0.55340777, -0.04159443, -0.1640121 ],
       [ 0.55271728, -0.83291046,  0.02763644,  0.11605778],
       [-0.04993866,  0.        ,  0.99875229,  0.08495963],
       [ 0.        ,  0.        ,  0.        ,  1.        ]])]","[array([[ 5.80144026e-03, -9.99983148e-01,  2.14853784e-04,
        -2.18743410e-01],
       [ 9.99298085e-01,  5.80541741e-03,  3.70085642e-02,
         1.62320445e-01],
       [-3.70091879e-02, -0.00000000e+00,  9.99314925e-01,
         8.25078922e-02],
       [ 0.00000000e+00,  0.00000000e+00,  0.00000000e+00,
         1.00000000e+00]])]","[array([[ 5.80144026e-03, -9.99983148e-01,  2.14853784e-04,
        -2.18743410e-01],
       [ 9.99298085e-01,  5.80541741e-03,  3.70085642e-02,
         1.62320445e-01],
       [-3.70091879e-02, -0.00000000e+00,  9.99314925e-01,
         8.25078922e-02],
       [ 0.00000000e+00,  0.00000000e+00,  0.00000000e+00,
         1.00000000e+00]])]","[array([[ 0.39342661, -0.91931905,  0.00824566, -0.10869271],
       [ 0.9191172 ,  0.39351301,  0.01926338,  0.1277502 ],
       [-0.02095397,  0.        ,  0.99978044,  0.08486537],
       [ 0.        ,  0.        ,  0.        ,  1.        ]])]","[array([[-0.70445927, -0.70921768,  0.02733876, -0.08564194],
       [ 0.70868422, -0.70498956, -0.02750272,  0.17587624],
       [ 0.03877896, -0.        ,  0.99924781,  0.08196283],
       [ 0.        ,  0.        ,  0.        ,  1.        ]])]","[array([[-0.70445927, -0.70921768,  0.02733876, -0.08564194],
       [ 0.70868422, -0.70498956, -0.02750272,  0.17587624],
       [ 0.03877896, -0.        ,  0.99924781,  0.08196283],
       [ 0.        ,  0.        ,  0.        ,  1.        ]])]"
13,"[array([[-0.83746971, -0.54501918, -0.03998219, -0.16364027],
       [ 0.54439912, -0.83842358,  0.02599051,  0.11625839],
       [-0.04768734,  0.        ,  0.99886231,  0.0848302 ],
       [ 0.        ,  0.        ,  0.        ,  1.        ]])]","[array([[ 6.05088856e-03, -9.99981668e-01,  2.24069231e-04,
        -2.18741336e-01],
       [ 9.99296745e-01,  6.05503587e-03,  3.70047558e-02,
         1.62326611e-01],
       [-3.70054342e-02, -0.00000000e+00,  9.99315064e-01,
         8.25047728e-02],
       [ 0.00000000e+00,  0.00000000e+00,  0.00000000e+00,
         1.00000000e+00]])]","[array([[ 6.05088856e-03, -9.99981668e-01,  2.24069231e-04,
        -2.18741336e-01],
       [ 9.99296745e-01,  6.05503587e-03,  3.70047558e-02,
         1.62326611e-01],
       [-3.70054342e-02, -0.00000000e+00,  9.99315064e-01,
         8.25047728e-02],
       [ 0.00000000e+00,  0.00000000e+00,  0.00000000e+00,
         1.00000000e+00]])]","[array([[ 0.39247885, -0.91971831,  0.00886427, -0.10868603],
       [ 0.91948383,  0.39257894,  0.02076686,  0.1277417 ],
       [-0.02257958,  0.        ,  0.99974505,  0.08490378],
       [ 0.        ,  0.        ,  0.        ,  1.        ]])]","[array([[-0.70626813, -0.7074838 ,  0.02553412, -0.08561158],
       [ 0.70702189, -0.70672956, -0.02556137,  0.17591217],
       [ 0.03612997, -0.        ,  0.9993471 ,  0.08205707],
       [ 0.        ,  0.        ,  0.        ,  1.        ]])]","[array([[-0.70626813, -0.7074838 ,  0.02553412, -0.08561158],
       [ 0.70702189, -0.70672956, -0.02556137,  0.17591217],
       [ 0.03612997, -0.        ,  0.9993471 ,  0.08205707],
       [ 0.        ,  0.        ,  0.        ,  1.        ]])]"
14,"[array([[-0.83992717, -0.54153611, -0.03551057, -0.1633906 ],
       [ 0.54105277, -0.84067749,  0.02287471,  0.11640771],
       [-0.04224041,  0.        ,  0.99910748,  0.08456219],
       [ 0.        ,  0.        ,  0.        ,  1.        ]])]","[array([[ 4.44720953e-03, -9.99990099e-01,  1.56317867e-04,
        -2.18610377e-01],
       [ 9.99372928e-01,  4.44995594e-03,  3.51276106e-02,
         1.62356966e-01],
       [-3.51279584e-02, -0.00000000e+00,  9.99382823e-01,
         8.24180691e-02],
       [ 0.00000000e+00,  0.00000000e+00,  0.00000000e+00,
         1.00000000e+00]])]","[array([[ 4.44720953e-03, -9.99990099e-01,  1.56317867e-04,
        -2.18610377e-01],
       [ 9.99372928e-01,  4.44995594e-03,  3.51276106e-02,
         1.62356966e-01],
       [-3.51279584e-02, -0.00000000e+00,  9.99382823e-01,
         8.24180691e-02],
       [ 0.00000000e+00,  0.00000000e+00,  0.00000000e+00,
         1.00000000e+00]])]","[array([[ 0.38803436, -0.92159225,  0.00985198, -0.1085001 ],
       [ 0.92129535,  0.38815941,  0.02339118,  0.1276659 ],
       [-0.02538126,  0.        ,  0.99967784,  0.08501554],
       [ 0.        ,  0.        ,  0.        ,  1.        ]])]","[array([[-0.70615633, -0.70760856,  0.02516666, -0.08555385],
       [ 0.70715961, -0.70660465, -0.02520242,  0.17587051],
       [ 0.03561632, -0.        ,  0.99936554,  0.0820144 ],
       [ 0.        ,  0.        ,  0.        ,  1.        ]])]","[array([[-0.70615633, -0.70760856,  0.02516666, -0.08555385],
       [ 0.70715961, -0.70660465, -0.02520242,  0.17587051],
       [ 0.03561632, -0.        ,  0.99936554,  0.0820144 ],
       [ 0.        ,  0.        ,  0.        ,  1.        ]])]"
15,"[array([[-0.83619378, -0.54705554, -0.03886133, -0.16364902],
       [ 0.54646572, -0.83709631,  0.02539649,  0.1162442 ],
       [-0.04642397,  0.        ,  0.99892183,  0.0847499 ],
       [ 0.        ,  0.        ,  0.        ,  1.        ]])]","[array([[ 2.15435556e-03, -9.99997677e-01,  7.32228634e-05,
        -2.18569498e-01],
       [ 9.99420576e-01,  2.15559956e-03,  3.39685972e-02,
         1.62336126e-01],
       [-3.39686761e-02, -0.00000000e+00,  9.99422898e-01,
         8.23912039e-02],
       [ 0.00000000e+00,  0.00000000e+00,  0.00000000e+00,
         1.00000000e+00]])]","[array([[ 2.15435556e-03, -9.99997677e-01,  7.32228634e-05,
        -2.18569498e-01],
       [ 9.99420576e-01,  2.15559956e-03,  3.39685972e-02,
         1.62336126e-01],
       [-3.39686761e-02, -0.00000000e+00,  9.99422898e-01,
         8.23912039e-02],
       [ 0.00000000e+00,  0.00000000e+00,  0.00000000e+00,
         1.00000000e+00]])]","[array([[ 0.38712445, -0.92198438,  0.00891381, -0.1085932 ],
       [ 0.92174007,  0.38722706,  0.0212237 ,  0.12771466],
       [-0.02301959,  0.        ,  0.99973501,  0.08504964],
       [ 0.        ,  0.        ,  0.        ,  1.        ]])]","[array([[-0.70603475, -0.70768369,  0.02643347, -0.08565275],
       [ 0.70718823, -0.7065294 , -0.02647666,  0.17584363],
       [ 0.03741312, -0.        ,  0.99929988,  0.08197626],
       [ 0.        ,  0.        ,  0.        ,  1.        ]])]","[array([[-0.70603475, -0.70768369,  0.02643347, -0.08565275],
       [ 0.70718823, -0.7065294 , -0.02647666,  0.17584363],
       [ 0.03741312, -0.        ,  0.99929988,  0.08197626],
       [ 0.        ,  0.        ,  0.        ,  1.        ]])]"
16,"[array([[-0.83717637, -0.5454503 , -0.04024536, -0.16361075],
       [ 0.54482113, -0.83814317,  0.02619104,  0.11627513],
       [-0.04801729,  0.        ,  0.9988465 ,  0.08478159],
       [ 0.        ,  0.        ,  0.        ,  1.        ]])]","[array([[ 5.19667867e-03, -9.99986478e-01,  1.98010581e-04,
        -2.18690194e-01],
       [ 9.99261346e-01,  5.20044973e-03,  3.80751500e-02,
         1.62358891e-01],
       [-3.80756649e-02, -0.00000000e+00,  9.99274859e-01,
         8.25958061e-02],
       [ 0.00000000e+00,  0.00000000e+00,  0.00000000e+00,
         1.00000000e+00]])]","[array([[ 5.19667867e-03, -9.99986478e-01,  1.98010581e-04,
        -2.18690194e-01],
       [ 9.99261346e-01,  5.20044973e-03,  3.80751500e-02,
         1.62358891e-01],
       [-3.80756649e-02, -0.00000000e+00,  9.99274859e-01,
         8.25958061e-02],
       [ 0.00000000e+00,  0.00000000e+00,  0.00000000e+00,
         1.00000000e+00]])]","[array([[ 0.38907235, -0.92115522,  0.00978615, -0.10856547],
       [ 0.92086397,  0.3891954 ,  0.02316205,  0.12773276],
       [-0.02514456,  0.        ,  0.99968383,  0.08499824],
       [ 0.        ,  0.        ,  0.        ,  1.        ]])]","[array([[-0.70603992, -0.70768373,  0.02629379, -0.08567558],
       [ 0.7071935 , -0.70652936, -0.02633676,  0.17584347],
       [ 0.03721543, -0.        ,  0.99930727,  0.08198255],
       [ 0.        ,  0.        ,  0.        ,  1.        ]])]","[array([[-0.70603992, -0.70768373,  0.02629379, -0.08567558],
       [ 0.7071935 , -0.70652936, -0.02633676,  0.17584347],
       [ 0.03721543, -0.        ,  0.99930727,  0.08198255],
       [ 0.        ,  0.        ,  0.        ,  1.        ]])]"
17,"[array([[-0.83589067, -0.54753416, -0.03864099, -0.16366025],
       [ 0.54695007, -0.83678333,  0.02528404,  0.11624091],
       [-0.04617801,  0.        ,  0.99893323,  0.08474139],
       [ 0.        ,  0.        ,  0.        ,  1.        ]])]","[array([[ 4.74679446e-03, -9.99988720e-01,  1.66364951e-04,
        -2.18651897e-01],
       [ 9.99375116e-01,  4.74970893e-03,  3.50259514e-02,
         1.62356245e-01],
       [-3.50263465e-02, -0.00000000e+00,  9.99386389e-01,
         8.24458378e-02],
       [ 0.00000000e+00,  0.00000000e+00,  0.00000000e+00,
         1.00000000e+00]])]","[array([[ 4.74679446e-03, -9.99988720e-01,  1.66364951e-04,
        -2.18651897e-01],
       [ 9.99375116e-01,  4.74970893e-03,  3.50259514e-02,
         1.62356245e-01],
       [-3.50263465e-02, -0.00000000e+00,  9.99386389e-01,
         8.24458378e-02],
       [ 0.00000000e+00,  0.00000000e+00,  0.00000000e+00,
         1.00000000e+00]])]","[array([[ 0.38888747, -0.92123333,  0.00978165, -0.10856703],
       [ 0.92094205,  0.38901047,  0.02316437,  0.12772837],
       [-0.02514496,  0.        ,  0.99968382,  0.08500225],
       [ 0.        ,  0.        ,  0.        ,  1.        ]])]","[array([[-0.70653869, -0.70718209,  0.02639267, -0.08567282],
       [ 0.70668921, -0.70703146, -0.02639829,  0.1758696 ],
       [ 0.03732884, -0.        ,  0.99930304,  0.08200594],
       [ 0.        ,  0.        ,  0.        ,  1.        ]])]","[array([[-0.70653869, -0.70718209,  0.02639267, -0.08567282],
       [ 0.70668921, -0.70703146, -0.02639829,  0.1758696 ],
       [ 0.03732884, -0.        ,  0.99930304,  0.08200594],
       [ 0.        ,  0.        ,  0.        ,  1.        ]])]"
18,"[array([[-0.83586394, -0.54756444, -0.03878989, -0.16366019],
       [ 0.54697577, -0.83676352,  0.02538348,  0.11624656],
       [-0.04635706,  0.        ,  0.99892493,  0.0847464 ],
       [ 0.        ,  0.        ,  0.        ,  1.        ]])]","[array([[ 5.74232871e-03, -9.99983489e-01,  2.17787104e-04,
        -2.18670532e-01],
       [ 9.99265062e-01,  5.74645719e-03,  3.78987437e-02,
         1.62374230e-01],
       [-3.78993695e-02, -0.00000000e+00,  9.99281561e-01,
         8.25391999e-02],
       [ 0.00000000e+00,  0.00000000e+00,  0.00000000e+00,
         1.00000000e+00]])]","[array([[ 5.74232871e-03, -9.99983489e-01,  2.17787104e-04,
        -2.18670532e-01],
       [ 9.99265062e-01,  5.74645719e-03,  3.78987437e-02,
         1.62374230e-01],
       [-3.78993695e-02, -0.00000000e+00,  9.99281561e-01,
         8.25391999e-02],
       [ 0.00000000e+00,  0.00000000e+00,  0.00000000e+00,
         1.00000000e+00]])]","[array([[ 0.38889776, -0.92122979,  0.00970624, -0.10857222],
       [ 0.920943  ,  0.38901887,  0.0229852 ,  0.12772942],
       [-0.02495056,  0.        ,  0.99968869,  0.08499689],
       [ 0.        ,  0.        ,  0.        ,  1.        ]])]","[array([[-0.706787  , -0.70693106,  0.02646916, -0.08567148],
       [ 0.70643584, -0.70728246, -0.02645601,  0.17587521],
       [ 0.03742374, -0.        ,  0.99929949,  0.08200392],
       [ 0.        ,  0.        ,  0.        ,  1.        ]])]","[array([[-0.706787  , -0.70693106,  0.02646916, -0.08567148],
       [ 0.70643584, -0.70728246, -0.02645601,  0.17587521],
       [ 0.03742374, -0.        ,  0.99929949,  0.08200392],
       [ 0.        ,  0.        ,  0.        ,  1.        ]])]"
19,"[array([[-0.83640714, -0.54660178, -0.04061511, -0.16363508],
       [ 0.54595848, -0.83739268,  0.02651121,  0.11626219],
       [-0.04850186,  0.        ,  0.99882309,  0.08479644],
       [ 0.        ,  0.        ,  0.        ,  1.        ]])]","[array([[ 5.94506623e-03, -9.99982303e-01,  2.24399838e-04,
        -2.18667973e-01],
       [ 9.99270712e-01,  5.94929977e-03,  3.77180300e-02,
         1.62386963e-01],
       [-3.77186975e-02, -0.00000000e+00,  9.99288397e-01,
         8.25324546e-02],
       [ 0.00000000e+00,  0.00000000e+00,  0.00000000e+00,
         1.00000000e+00]])]","[array([[ 5.94506623e-03, -9.99982303e-01,  2.24399838e-04,
        -2.18667973e-01],
       [ 9.99270712e-01,  5.94929977e-03,  3.77180300e-02,
         1.62386963e-01],
       [-3.77186975e-02, -0.00000000e+00,  9.99288397e-01,
         8.25324546e-02],
       [ 0.00000000e+00,  0.00000000e+00,  0.00000000e+00,
         1.00000000e+00]])]","[array([[ 0.38848058, -0.92140512,  0.00976919, -0.10856644],
       [ 0.92111392,  0.38860339,  0.02316341,  0.1277239 ],
       [-0.02513922,  0.        ,  0.99968396,  0.08500512],
       [ 0.        ,  0.        ,  0.        ,  1.        ]])]","[array([[-0.7069916 , -0.7067302 ,  0.02636847, -0.08567521],
       [ 0.70623917, -0.70748316, -0.02634041,  0.1758787 ],
       [ 0.03727081, -0.        ,  0.9993052 ,  0.08201279],
       [ 0.        ,  0.        ,  0.        ,  1.        ]])]","[array([[-0.7069916 , -0.7067302 ,  0.02636847, -0.08567521],
       [ 0.70623917, -0.70748316, -0.02634041,  0.1758787 ],
       [ 0.03727081, -0.        ,  0.9993052 ,  0.08201279],
       [ 0.        ,  0.        ,  0.        ,  1.        ]])]"
20,"[array([[-0.8352372 , -0.54857439, -0.03801255, -0.16368572],
       [ 0.54800716, -0.83610175,  0.0249404 ,  0.11623898],
       [-0.04546402,  0.        ,  0.99896598,  0.08472839],
       [ 0.        ,  0.        ,  0.        ,  1.        ]])]","[array([[ 3.35584285e-03, -9.99994362e-01,  1.16721386e-04,
        -2.18574690e-01],
       [ 9.99390036e-01,  3.35787211e-03,  3.47603255e-02,
         1.62377507e-01],
       [-3.47605215e-02, -0.00000000e+00,  9.99395670e-01,
         8.24393846e-02],
       [ 0.00000000e+00,  0.00000000e+00,  0.00000000e+00,
         1.00000000e+00]])]","[array([[ 3.35584285e-03, -9.99994362e-01,  1.16721386e-04,
        -2.18574690e-01],
       [ 9.99390036e-01,  3.35787211e-03,  3.47603255e-02,
         1.62377507e-01],
       [-3.47605215e-02, -0.00000000e+00,  9.99395670e-01,
         8.24393846e-02],
       [ 0.00000000e+00,  0.00000000e+00,  0.00000000e+00,
         1.00000000e+00]])]","[array([[ 0.38870504, -0.92131141,  0.00967821, -0.10857863],
       [ 0.92102597,  0.38882551,  0.02293225,  0.12772984],
       [-0.02489087,  0.        ,  0.99969017,  0.08499856],
       [ 0.        ,  0.        ,  0.        ,  1.        ]])]","[array([[-0.70688715, -0.70683056,  0.02647855, -0.08569891],
       [ 0.70633521, -0.70738289, -0.02645787,  0.17587703],
       [ 0.0374317 , -0.        ,  0.99929919,  0.08200567],
       [ 0.        ,  0.        ,  0.        ,  1.        ]])]","[array([[-0.70688715, -0.70683056,  0.02647855, -0.08569891],
       [ 0.70633521, -0.70738289, -0.02645787,  0.17587703],
       [ 0.0374317 , -0.        ,  0.99929919,  0.08200567],
       [ 0.        ,  0.        ,  0.        ,  1.        ]])]"
21,"[array([[-0.83566278, -0.54786778, -0.03884103, -0.16366415],
       [ 0.54727695, -0.83656494,  0.02543705,  0.11625307],
       [-0.04642918,  0.        ,  0.99892158,  0.08475001],
       [ 0.        ,  0.        ,  0.        ,  1.        ]])]","[array([[ 6.19263871e-03, -9.99980798e-01,  2.34900421e-04,
        -2.18660840e-01],
       [ 9.99262161e-01,  6.19709226e-03,  3.79042139e-02,
         1.62396350e-01],
       [-3.79049418e-02, -0.00000000e+00,  9.99281349e-01,
         8.25393771e-02],
       [ 0.00000000e+00,  0.00000000e+00,  0.00000000e+00,
         1.00000000e+00]])]","[array([[ 6.19263871e-03, -9.99980798e-01,  2.34900421e-04,
        -2.18660840e-01],
       [ 9.99262161e-01,  6.19709226e-03,  3.79042139e-02,
         1.62396350e-01],
       [-3.79049418e-02, -0.00000000e+00,  9.99281349e-01,
         8.25393771e-02],
       [ 0.00000000e+00,  0.00000000e+00,  0.00000000e+00,
         1.00000000e+00]])]","[array([[ 0.38832758, -0.92146993,  0.00973996, -0.10857058],
       [ 0.92118022,  0.38844971,  0.02310486,  0.12772305],
       [-0.02507392,  0.        ,  0.9996856 ,  0.08500366],
       [ 0.        ,  0.        ,  0.        ,  1.        ]])]","[array([[-0.70699284, -0.70673015,  0.02633676, -0.08570417],
       [ 0.70624029, -0.70748322, -0.02630873,  0.17587666],
       [ 0.03722599, -0.        ,  0.99930687,  0.08201321],
       [ 0.        ,  0.        ,  0.        ,  1.        ]])]","[array([[-0.70699284, -0.70673015,  0.02633676, -0.08570417],
       [ 0.70624029, -0.70748322, -0.02630873,  0.17587666],
       [ 0.03722599, -0.        ,  0.99930687,  0.08201321],
       [ 0.        ,  0.        ,  0.        ,  1.        ]])]"
22,"[array([[-0.83559891, -0.5479689 , -0.03878852, -0.16366073],
       [ 0.54737947, -0.83649871,  0.02540936,  0.11625153],
       [-0.04637008,  0.        ,  0.99892433,  0.08474769],
       [ 0.        ,  0.        ,  0.        ,  1.        ]])]","[array([[ 5.99410265e-03, -9.99982009e-01,  2.26816000e-04,
        -2.18641532e-01],
       [ 9.99266863e-01,  5.99839246e-03,  3.78121173e-02,
         1.62403307e-01],
       [-3.78127976e-02, -0.00000000e+00,  9.99284840e-01,
         8.25354470e-02],
       [ 0.00000000e+00,  0.00000000e+00,  0.00000000e+00,
         1.00000000e+00]])]","[array([[ 5.99410265e-03, -9.99982009e-01,  2.26816000e-04,
        -2.18641532e-01],
       [ 9.99266863e-01,  5.99839246e-03,  3.78121173e-02,
         1.62403307e-01],
       [-3.78127976e-02, -0.00000000e+00,  9.99284840e-01,
         8.25354470e-02],
       [ 0.00000000e+00,  0.00000000e+00,  0.00000000e+00,
         1.00000000e+00]])]","[array([[ 0.38822801, -0.92151192,  0.00973656, -0.10857073],
       [ 0.92122225,  0.38835009,  0.02310378,  0.12771823],
       [-0.0250716 ,  0.        ,  0.99968566,  0.0850016 ],
       [ 0.        ,  0.        ,  0.        ,  1.        ]])]","[array([[-0.70719725, -0.70652907,  0.02624345, -0.0857019 ],
       [ 0.7060431 , -0.70768402, -0.02620062,  0.17588117],
       [ 0.03708357, -0.        ,  0.99931217,  0.08201974],
       [ 0.        ,  0.        ,  0.        ,  1.        ]])]","[array([[-0.70719725, -0.70652907,  0.02624345, -0.0857019 ],
       [ 0.7060431 , -0.70768402, -0.02620062,  0.17588117],
       [ 0.03708357, -0.        ,  0.99931217,  0.08201974],
       [ 0.        ,  0.        ,  0.        ,  1.        ]])]"
23,"[array([[-0.83583348, -0.54741295, -0.04149046, -0.16364915],
       [ 0.54673975, -0.83686263,  0.02713995,  0.11626272],
       [-0.04957857,  0.        ,  0.99877023,  0.08481956],
       [ 0.        ,  0.        ,  0.        ,  1.        ]])]","[array([[ 6.24541785e-03, -9.99980469e-01,  2.36072184e-04,
        -2.18647516e-01],
       [ 9.99266856e-01,  6.24987793e-03,  3.77715494e-02,
         1.62411438e-01],
       [-3.77722871e-02, -0.00000000e+00,  9.99286373e-01,
         8.25341587e-02],
       [ 0.00000000e+00,  0.00000000e+00,  0.00000000e+00,
         1.00000000e+00]])]","[array([[ 6.24541785e-03, -9.99980469e-01,  2.36072184e-04,
        -2.18647516e-01],
       [ 9.99266856e-01,  6.24987793e-03,  3.77715494e-02,
         1.62411438e-01],
       [-3.77722871e-02, -0.00000000e+00,  9.99286373e-01,
         8.25341587e-02],
       [ 0.00000000e+00,  0.00000000e+00,  0.00000000e+00,
         1.00000000e+00]])]","[array([[ 0.38826563, -0.92149629,  0.00971531, -0.10857643],
       [ 0.92120794,  0.38838716,  0.02305076,  0.12772388],
       [-0.02501449,  0.        ,  0.99968709,  0.08500132],
       [ 0.        ,  0.        ,  0.        ,  1.        ]])]","[array([[-0.70716701, -0.70655433,  0.02637782, -0.08571521],
       [ 0.70606332, -0.7076588 , -0.02633665,  0.17587688],
       [ 0.03727477, -0.        ,  0.99930505,  0.08201266],
       [ 0.        ,  0.        ,  0.        ,  1.        ]])]","[array([[-0.70716701, -0.70655433,  0.02637782, -0.08571521],
       [ 0.70606332, -0.7076588 , -0.02633665,  0.17587688],
       [ 0.03727477, -0.        ,  0.99930505,  0.08201266],
       [ 0.        ,  0.        ,  0.        ,  1.        ]])]"
24,"[array([[-0.83520546, -0.54863457, -0.03784113, -0.16367712],
       [ 0.54807232, -0.83606226,  0.02483182,  0.11624297],
       [-0.04526113,  0.        ,  0.99897519,  0.08472585],
       [ 0.        ,  0.        ,  0.        ,  1.        ]])]","[array([[ 5.24826003e-03, -9.99986211e-01,  1.84529155e-04,
        -2.18605833e-01],
       [ 9.99368677e-01,  5.25150306e-03,  3.51378660e-02,
         1.62408708e-01],
       [-3.51383505e-02, -0.00000000e+00,  9.99382457e-01,
         8.24523995e-02],
       [ 0.00000000e+00,  0.00000000e+00,  0.00000000e+00,
         1.00000000e+00]])]","[array([[ 5.24826003e-03, -9.99986211e-01,  1.84529155e-04,
        -2.18605833e-01],
       [ 9.99368677e-01,  5.25150306e-03,  3.51378660e-02,
         1.62408708e-01],
