,LP,LD1,LD2,RP,RD1,RD2
0,"[array([[-0.27677473, -0.9608637 , -0.0116917 , -0.11610407],
       [ 0.96000755, -0.27702156,  0.04055327,  0.02602171],
       [-0.04220502,  0.        ,  0.99910897,  0.08510139],
       [ 0.        ,  0.        ,  0.        ,  1.        ]])]","[array([[ 0.51379816, -0.85765568,  0.02093266, -0.12998523],
       [ 0.85694479,  0.5142244 ,  0.0349128 ,  0.09656417],
       [-0.04070724, -0.        ,  0.99917112,  0.08455449],
       [ 0.        ,  0.        ,  0.        ,  1.        ]])]","[array([[ 0.51379816, -0.85765568,  0.02093266, -0.12998523],
       [ 0.85694479,  0.5142244 ,  0.0349128 ,  0.09656417],
       [-0.04070724, -0.        ,  0.99917112,  0.08455449],
       [ 0.        ,  0.        ,  0.        ,  1.        ]])]","[array([[ 0.30345179, -0.95282436,  0.00653845, -0.05740164],
       [ 0.95260325,  0.30352222,  0.02052567,  0.03256145],
       [-0.02154193,  0.        ,  0.99976795,  0.08547454],
       [ 0.        ,  0.        ,  0.        ,  1.        ]])]","[array([[-0.50199188, -0.86480926,  0.01044456, -0.03947379],
       [ 0.86462214, -0.50210053, -0.01798953,  0.08676413],
       [ 0.02080174, -0.        ,  0.99978362,  0.0840855 ],
       [ 0.        ,  0.        ,  0.        ,  1.        ]])]","[array([[-0.50199188, -0.86480926,  0.01044456, -0.03947379],
       [ 0.86462214, -0.50210053, -0.01798953,  0.08676413],
       [ 0.02080174, -0.        ,  0.99978362,  0.0840855 ],
       [ 0.        ,  0.        ,  0.        ,  1.        ]])]"
1,"[array([[-0.27671982, -0.96088038, -0.01162021, -0.11610449],
       [ 0.9600343 , -0.2769637 ,  0.04031442,  0.02602177],
       [-0.04195571,  0.        ,  0.99911947,  0.08509481],
       [ 0.        ,  0.        ,  0.        ,  1.        ]])]","[array([[ 0.51379942, -0.85765126,  0.02108265, -0.12998825],
       [ 0.85693016,  0.51423178,  0.03516228,  0.09656566],
       [-0.04099834, -0.        ,  0.99915921,  0.08456675],
       [ 0.        ,  0.        ,  0.        ,  1.        ]])]","[array([[ 0.51379942, -0.85765126,  0.02108265, -0.12998825],
       [ 0.85693016,  0.51423178,  0.03516228,  0.09656566],
       [-0.04099834, -0.        ,  0.99915921,  0.08456675],
       [ 0.        ,  0.        ,  0.        ,  1.        ]])]","[array([[ 0.30353605, -0.95279819,  0.0064403 , -0.05740329],
       [ 0.95258379,  0.30360436,  0.02021153,  0.03256061],
       [-0.02121281,  0.        ,  0.99977498,  0.08546417],
       [ 0.        ,  0.        ,  0.        ,  1.        ]])]","[array([[-0.50192521, -0.86484708,  0.01051712, -0.03947343],
       [ 0.86465729, -0.50203538, -0.01811765,  0.08676091],
       [ 0.02094897, -0.        ,  0.99978055,  0.08407882],
       [ 0.        ,  0.        ,  0.        ,  1.        ]])]","[array([[-0.50192521, -0.86484708,  0.01051712, -0.03947343],
       [ 0.86465729, -0.50203538, -0.01811765,  0.08676091],
       [ 0.02094897, -0.        ,  0.99978055,  0.08407882],
       [ 0.        ,  0.        ,  0.        ,  1.        ]])]"
2,"[array([[-0.27680291, -0.96085664, -0.01160455, -0.11610336],
       [ 0.96001336, -0.27704606,  0.04024712,  0.0260203 ],
       [-0.04188671,  0.        ,  0.99912237,  0.08508926],
       [ 0.        ,  0.        ,  0.        ,  1.        ]])]","[array([[ 0.51359009, -0.85777873,  0.0209967 , -0.12997817],
       [ 0.8570628 ,  0.51401911,  0.03503863,  0.09655449],
       [-0.0408481 , -0.        ,  0.99916537,  0.08456197],
       [ 0.        ,  0.        ,  0.        ,  1.        ]])]","[array([[ 0.51359009, -0.85777873,  0.0209967 , -0.12997817],
       [ 0.8570628 ,  0.51401911,  0.03503863,  0.09655449],
       [-0.0408481 , -0.        ,  0.99916537,  0.08456197],
       [ 0.        ,  0.        ,  0.        ,  1.        ]])]","[array([[ 0.30370771, -0.95274319,  0.00648394, -0.05740765],
       [ 0.95252614,  0.30377692,  0.02033573,  0.03256443],
       [-0.0213444 ,  0.        ,  0.99977218,  0.08546611],
       [ 0.        ,  0.        ,  0.        ,  1.        ]])]","[array([[-0.50225225, -0.86466075,  0.01022096, -0.03945946],
       [ 0.86448176, -0.50235624, -0.01759242,  0.08676208],
       [ 0.02034604, -0.        ,  0.999793  ,  0.084104  ],
       [ 0.        ,  0.        ,  0.        ,  1.        ]])]","[array([[-0.50225225, -0.86466075,  0.01022096, -0.03945946],
       [ 0.86448176, -0.50235624, -0.01759242,  0.08676208],
       [ 0.02034604, -0.        ,  0.999793  ,  0.084104  ],
       [ 0.        ,  0.        ,  0.        ,  1.        ]])]"
3,"[array([[-0.27649281, -0.96094481, -0.01169582, -0.11611031],
       [ 0.96008623, -0.27674007,  0.04061225,  0.02601915],
       [-0.04226283,  0.        ,  0.99910653,  0.08510069],
       [ 0.        ,  0.        ,  0.        ,  1.        ]])]","[array([[ 0.51360993, -0.85776556,  0.02104963, -0.12998074],
       [ 0.85704609,  0.51404109,  0.03512491,  0.09655312],
       [-0.04094931, -0.        ,  0.99916123,  0.08456419],
       [ 0.        ,  0.        ,  0.        ,  1.        ]])]","[array([[ 0.51360993, -0.85776556,  0.02104963, -0.12998074],
       [ 0.85704609,  0.51404109,  0.03512491,  0.09655312],
       [-0.04094931, -0.        ,  0.99916123,  0.08456419],
       [ 0.        ,  0.        ,  0.        ,  1.        ]])]","[array([[ 0.30341545, -0.95283621,  0.00649784, -0.05740093],
       [ 0.95261778,  0.30348502,  0.02040094,  0.03255679],
       [-0.02141075,  0.        ,  0.99977076,  0.0854656 ],
       [ 0.        ,  0.        ,  0.        ,  1.        ]])]","[array([[-0.50197935, -0.86481626,  0.01046707, -0.03947628],
       [ 0.86462832, -0.50208847, -0.01802888,  0.0867581 ],
       [ 0.02084707, -0.        ,  0.99978268,  0.08407706],
       [ 0.        ,  0.        ,  0.        ,  1.        ]])]","[array([[-0.50197935, -0.86481626,  0.01046707, -0.03947628],
       [ 0.86462832, -0.50208847, -0.01802888,  0.0867581 ],
       [ 0.02084707, -0.        ,  0.99978268,  0.08407706],
       [ 0.        ,  0.        ,  0.        ,  1.        ]])]"
4,"[array([[-0.27699939, -0.96079952, -0.01164529, -0.11608931],
       [ 0.95995157, -0.27724407,  0.04035718,  0.02601543],
       [-0.04200375,  0.        ,  0.99911745,  0.08509188],
       [ 0.        ,  0.        ,  0.        ,  1.        ]])]","[array([[ 0.51372713, -0.85769523,  0.02105515, -0.12998115],
       [ 0.85697577,  0.51415843,  0.03512323,  0.09655588],
       [-0.04095071, -0.        ,  0.99916117,  0.08456523],
       [ 0.        ,  0.        ,  0.        ,  1.        ]])]","[array([[ 0.51372713, -0.85769523,  0.02105515, -0.12998115],
       [ 0.85697577,  0.51415843,  0.03512323,  0.09655588],
       [-0.04095071, -0.        ,  0.99916117,  0.08456523],
       [ 0.        ,  0.        ,  0.        ,  1.        ]])]","[array([[ 0.3035914 , -0.95278041,  0.00646218, -0.05740237],
       [ 0.95256463,  0.30366017,  0.02027609,  0.03255954],
       [-0.02128097,  0.        ,  0.99977353,  0.08546269],
       [ 0.        ,  0.        ,  0.        ,  1.        ]])]","[array([[-0.5020774 , -0.86476023,  0.01039373, -0.03947039],
       [ 0.86457499, -0.50218498, -0.01789795,  0.08675847],
       [ 0.02069701, -0.        ,  0.99978579,  0.08408284],
       [ 0.        ,  0.        ,  0.        ,  1.        ]])]","[array([[-0.5020774 , -0.86476023,  0.01039373, -0.03947039],
       [ 0.86457499, -0.50218498, -0.01789795,  0.08675847],
       [ 0.02069701, -0.        ,  0.99978579,  0.08408284],
       [ 0.        ,  0.        ,  0.        ,  1.        ]])]"
5,"[array([[-0.27676819, -0.96086626, -0.01163638, -0.11610125],
       [ 0.96001813, -0.2770127 ,  0.04036278,  0.02601457],
       [-0.04200666,  0.        ,  0.99911733,  0.08509095],
       [ 0.        ,  0.        ,  0.        ,  1.        ]])]","[array([[ 0.51378364, -0.85766006,  0.02110906, -0.12998579],
       [ 0.8569371 ,  0.51421709,  0.0352077 ,  0.09655838],
       [-0.04105088, -0.        ,  0.99915706,  0.08456842],
       [ 0.        ,  0.        ,  0.        ,  1.        ]])]","[array([[ 0.51378364, -0.85766006,  0.02110906, -0.12998579],
       [ 0.8569371 ,  0.51421709,  0.0352077 ,  0.09655838],
       [-0.04105088, -0.        ,  0.99915706,  0.08456842],
       [ 0.        ,  0.        ,  0.        ,  1.        ]])]","[array([[ 0.30439475, -0.95252603,  0.00616404, -0.05741711],
       [ 0.95233079,  0.30445716,  0.01928484,  0.03257285],
       [-0.020246  ,  0.        ,  0.99979503,  0.08544451],
       [ 0.        ,  0.        ,  0.        ,  1.        ]])]","[array([[-0.50241102, -0.86456328,  0.01065374, -0.03945507],
       [ 0.86436896, -0.50252397, -0.01832914,  0.08676136],
       [ 0.02120047, -0.        ,  0.99977524,  0.08405283],
       [ 0.        ,  0.        ,  0.        ,  1.        ]])]","[array([[-0.50241102, -0.86456328,  0.01065374, -0.03945507],
       [ 0.86436896, -0.50252397, -0.01832914,  0.08676136],
       [ 0.02120047, -0.        ,  0.99977524,  0.08405283],
       [ 0.        ,  0.        ,  0.        ,  1.        ]])]"
6,"[array([[-0.27664681, -0.96090187, -0.01158197, -0.11610737],
       [ 0.96006088, -0.27688915,  0.04019347,  0.02601802],
       [-0.0418289 ,  0.        ,  0.99912479,  0.08508397],
       [ 0.        ,  0.        ,  0.        ,  1.        ]])]","[array([[ 0.51364555, -0.85774358,  0.02107616, -0.12998077],
       [ 0.85702241,  0.51407777,  0.03516576,  0.09655504],
       [-0.04099799, -0.        ,  0.99915923,  0.08456474],
       [ 0.        ,  0.        ,  0.        ,  1.        ]])]","[array([[ 0.51364555, -0.85774358,  0.02107616, -0.12998077],
       [ 0.85702241,  0.51407777,  0.03516576,  0.09655504],
       [-0.04099799, -0.        ,  0.99915923,  0.08456474],
       [ 0.        ,  0.        ,  0.        ,  1.        ]])]","[array([[ 0.30337829, -0.95284805,  0.00649625, -0.0573942 ],
       [ 0.95262968,  0.30344783,  0.0203987 ,  0.03255419],
       [-0.02140813,  0.        ,  0.99977082,  0.08546754],
       [ 0.        ,  0.        ,  0.        ,  1.        ]])]","[array([[-0.50217024, -0.86470626,  0.01039861, -0.0394617 ],
       [ 0.86452093, -0.5022779 , -0.01790192,  0.08675991],
       [ 0.0207029 , -0.        ,  0.99978567,  0.08408665],
       [ 0.        ,  0.        ,  0.        ,  1.        ]])]","[array([[-0.50217024, -0.86470626,  0.01039861, -0.0394617 ],
       [ 0.86452093, -0.5022779 , -0.01790192,  0.08675991],
       [ 0.0207029 , -0.        ,  0.99978567,  0.08408665],
       [ 0.        ,  0.        ,  0.        ,  1.        ]])]"
7,"[array([[-0.27664463, -0.96090187, -0.01163389, -0.11610942],
       [ 0.96005331, -0.27688915,  0.04037366,  0.02601419],
       [-0.04201642,  0.        ,  0.99911692,  0.08509117],
       [ 0.        ,  0.        ,  0.        ,  1.        ]])]","[array([[ 0.5139429 , -0.8575633 ,  0.02116324, -0.12999642],
       [ 0.85683716,  0.51437845,  0.03528301,  0.09656228],
       [-0.04114333, -0.        ,  0.99915325,  0.08457136],
       [ 0.        ,  0.        ,  0.        ,  1.        ]])]","[array([[ 0.5139429 , -0.8575633 ,  0.02116324, -0.12999642],
       [ 0.85683716,  0.51437845,  0.03528301,  0.09656228],
       [-0.04114333, -0.        ,  0.99915325,  0.08457136],
       [ 0.        ,  0.        ,  0.        ,  1.        ]])]","[array([[ 0.30338008, -0.95284722,  0.00653398, -0.05739723],
       [ 0.95262631,  0.30345044,  0.02051697,  0.03255029],
       [-0.02153227,  0.        ,  0.99976815,  0.08546832],
       [ 0.        ,  0.        ,  0.        ,  1.        ]])]","[array([[-0.50245392, -0.86453802,  0.0106807 , -0.03944936],
       [ 0.86434276, -0.50256743, -0.0183734 ,  0.0867646 ],
       [ 0.02125228, -0.        ,  0.99977414,  0.08405318],
       [ 0.        ,  0.        ,  0.        ,  1.        ]])]","[array([[-0.50245392, -0.86453802,  0.0106807 , -0.03944936],
       [ 0.86434276, -0.50256743, -0.0183734 ,  0.0867646 ],
       [ 0.02125228, -0.        ,  0.99977414,  0.08405318],
       [ 0.        ,  0.        ,  0.        ,  1.        ]])]"
8,"[array([[-0.27552187, -0.96122539, -0.01155226, -0.11611325],
       [ 0.96038158, -0.27576395,  0.04026751,  0.02602364],
       [-0.04189185,  0.        ,  0.99912215,  0.08508538],
       [ 0.        ,  0.        ,  0.        ,  1.        ]])]","[array([[ 0.51543429, -0.85663757,  0.02235094, -0.12998968],
       [ 0.8558333 ,  0.51591867,  0.03711177,  0.09660814],
       [-0.0433226 , -0.        ,  0.99906114,  0.08471366],
       [ 0.        ,  0.        ,  0.        ,  1.        ]])]","[array([[ 0.51543429, -0.85663757,  0.02235094, -0.12998968],
       [ 0.8558333 ,  0.51591867,  0.03711177,  0.09660814],
       [-0.0433226 , -0.        ,  0.99906114,  0.08471366],
       [ 0.        ,  0.        ,  0.        ,  1.        ]])]","[array([[ 0.30600905, -0.95200254,  0.00704509, -0.05742263],
       [ 0.95175034,  0.30609014,  0.02191167,  0.03257834],
       [-0.02301639,  0.        ,  0.99973509,  0.08551457],
       [ 0.        ,  0.        ,  0.        ,  1.        ]])]","[array([[-0.50069066, -0.8655415 ,  0.0121152 , -0.03949223],
       [ 0.86528822, -0.50083722, -0.02093735,  0.08673032],
       [ 0.02418989, -0.        ,  0.99970738,  0.08394076],
       [ 0.        ,  0.        ,  0.        ,  1.        ]])]","[array([[-0.50069066, -0.8655415 ,  0.0121152 , -0.03949223],
       [ 0.86528822, -0.50083722, -0.02093735,  0.08673032],
       [ 0.02418989, -0.        ,  0.99970738,  0.08394076],
       [ 0.        ,  0.        ,  0.        ,  1.        ]])]"
9,"[array([[-0.27181455, -0.96228194, -0.01141598, -0.11606431],
       [ 0.96143436, -0.27205417,  0.04037942,  0.02609325],
       [-0.04196215,  0.        ,  0.9991192 ,  0.08509595],
       [ 0.        ,  0.        ,  0.        ,  1.        ]])]","[array([[ 0.52063421, -0.85346789,  0.02307778, -0.12970877],
       [ 0.85263067,  0.52114543,  0.03779395,  0.0967795 ],
       [-0.0442828 , -0.        ,  0.99901904,  0.08476319],
       [ 0.        ,  0.        ,  0.        ,  1.        ]])]","[array([[ 0.52063421, -0.85346789,  0.02307778, -0.12970877],
       [ 0.85263067,  0.52114543,  0.03779395,  0.0967795 ],
       [-0.0442828 , -0.        ,  0.99901904,  0.08476319],
       [ 0.        ,  0.        ,  0.        ,  1.        ]])]","[array([[ 0.30941664, -0.9508991 ,  0.00722753, -0.05734516],
       [ 0.95063979,  0.30950104,  0.02220559,  0.03261749],
       [-0.0233522 ,  0.        ,  0.9997273 ,  0.08551209],
       [ 0.        ,  0.        ,  0.        ,  1.        ]])]","[array([[-0.49547757, -0.86853546,  0.01217078, -0.03929218],
       [ 0.86827355, -0.49562703, -0.02132804,  0.08669303],
       [ 0.02455632, -0.        ,  0.99969845,  0.08385311],
       [ 0.        ,  0.        ,  0.        ,  1.        ]])]","[array([[-0.49547757, -0.86853546,  0.01217078, -0.03929218],
       [ 0.86827355, -0.49562703, -0.02132804,  0.08669303],
       [ 0.02455632, -0.        ,  0.99969845,  0.08385311],
       [ 0.        ,  0.        ,  0.        ,  1.        ]])]"
10,"[array([[-0.26076986, -0.96533735, -0.01108486, -0.11608547],
       [ 0.96446638, -0.26100535,  0.04099773,  0.02623202],
       [-0.04246985,  0.        ,  0.99909775,  0.08510632],
       [ 0.        ,  0.        ,  0.        ,  1.        ]])]","[array([[ 0.5347053 , -0.84475219,  0.02199936, -0.12884301],
       [ 0.84403813,  0.53515767,  0.03472622,  0.0970668 ],
       [-0.04110818, -0.        ,  0.9991547 ,  0.08461924],
       [ 0.        ,  0.        ,  0.        ,  1.        ]])]","[array([[ 0.5347053 , -0.84475219,  0.02199936, -0.12884301],
       [ 0.84403813,  0.53515767,  0.03472622,  0.0970668 ],
       [-0.04110818, -0.        ,  0.9991547 ,  0.08461924],
       [ 0.        ,  0.        ,  0.        ,  1.        ]])]","[array([[ 0.32190893, -0.94674653,  0.00675697, -0.05723014],
       [ 0.94653803,  0.32197983,  0.01986813,  0.03273612],
       [-0.02098569,  0.        ,  0.99977978,  0.08545708],
       [ 0.        ,  0.        ,  0.        ,  1.        ]])]","[array([[-0.48264756, -0.87573324,  0.0119423 , -0.03844214],
       [ 0.87546529, -0.48279528, -0.02166192,  0.08657777],
       [ 0.02473575, -0.        ,  0.99969402,  0.0838524 ],
       [ 0.        ,  0.        ,  0.        ,  1.        ]])]","[array([[-0.48264756, -0.87573324,  0.0119423 , -0.03844214],
       [ 0.87546529, -0.48279528, -0.02166192,  0.08657777],
       [ 0.02473575, -0.        ,  0.99969402,  0.0838524 ],
       [ 0.        ,  0.        ,  0.        ,  1.        ]])]"
11,"[array([[-0.25095212, -0.96793934, -0.01079165, -0.11609298],
       [ 0.96704561, -0.25118405,  0.04158568,  0.02634796],
       [-0.0429631 ,  0.        ,  0.99907666,  0.08510337],
       [ 0.        ,  0.        ,  0.        ,  1.        ]])]","[array([[ 0.54488495, -0.83821913,  0.02211532, -0.12808533],
       [ 0.83752957,  0.54533357,  0.03399293,  0.09731356],
       [-0.04055375, -0.        ,  0.99917736,  0.08452361],
       [ 0.        ,  0.        ,  0.        ,  1.        ]])]","[array([[ 0.54488495, -0.83821913,  0.02211532, -0.12808533],
       [ 0.83752957,  0.54533357,  0.03399293,  0.09731356],
       [-0.04055375, -0.        ,  0.99917736,  0.08452361],
       [ 0.        ,  0.        ,  0.        ,  1.        ]])]","[array([[ 0.33183773, -0.94331351,  0.00658399, -0.05715407],
       [ 0.94312789,  0.33190304,  0.01871258,  0.03283857],
       [-0.01983708,  0.        ,  0.99980323,  0.08543135],
       [ 0.        ,  0.        ,  0.        ,  1.        ]])]","[array([[-0.47285991, -0.88107128,  0.01081247, -0.03775278],
       [ 0.88084103, -0.47298352, -0.02014142,  0.08647573],
       [ 0.02286015, -0.        ,  0.99973867,  0.08394705],
       [ 0.        ,  0.        ,  0.        ,  1.        ]])]","[array([[-0.47285991, -0.88107128,  0.01081247, -0.03775278],
       [ 0.88084103, -0.47298352, -0.02014142,  0.08647573],
       [ 0.02286015, -0.        ,  0.99973867,  0.08394705],
       [ 0.        ,  0.        ,  0.        ,  1.        ]])]"
12,"[array([[-0.22969542, -0.97321193, -0.00992785, -0.11612211],
       [ 0.97230416, -0.22990987,  0.04202474,  0.02659016],
       [-0.04318149,  0.        ,  0.99906724,  0.08505927],
       [ 0.        ,  0.        ,  0.        ,  1.        ]])]","[array([[ 0.56896425, -0.82208628,  0.02130335, -0.12637845],
       [ 0.82151063,  0.56936293,  0.03075928,  0.0977941 ],
       [-0.03741613, -0.        ,  0.99929977,  0.08424083],
       [ 0.        ,  0.        ,  0.        ,  1.        ]])]","[array([[ 0.56896425, -0.82208628,  0.02130335, -0.12637845],
       [ 0.82151063,  0.56936293,  0.03075928,  0.0977941 ],
       [-0.03741613, -0.        ,  0.99929977,  0.08424083],
       [ 0.        ,  0.        ,  0.        ,  1.        ]])]","[array([[ 0.35785663, -0.93374468,  0.00771356, -0.05703297],
       [ 0.93352784,  0.35793975,  0.02012208,  0.03312769],
       [-0.02154988,  0.        ,  0.99976777,  0.08548872],
       [ 0.        ,  0.        ,  0.        ,  1.        ]])]","[array([[-0.44954782, -0.89320372,  0.00968888, -0.03609493],
       [ 0.89299634, -0.44965221, -0.01924631,  0.086215  ],
       [ 0.0215475 , -0.        ,  0.99976783,  0.08410279],
       [ 0.        ,  0.        ,  0.        ,  1.        ]])]","[array([[-0.44954782, -0.89320372,  0.00968888, -0.03609493],
       [ 0.89299634, -0.44965221, -0.01924631,  0.086215  ],
       [ 0.0215475 , -0.        ,  0.99976783,  0.08410279],
       [ 0.        ,  0.        ,  0.        ,  1.        ]])]"
13,"[array([[-0.21012006, -0.97763042, -0.00939777, -0.11613286],
       [ 0.97665407, -0.21033011,  0.04368157,  0.02681144],
       [-0.04468106,  0.        ,  0.9990013 ,  0.08507786],
       [ 0.        ,  0.        ,  0.        ,  1.        ]])]","[array([[ 0.58823094, -0.8084751 ,  0.01877173, -0.12473388],
       [ 0.80806374,  0.58853038,  0.02578707,  0.09813696],
       [-0.03189594, -0.        ,  0.9994912 ,  0.08387529],
       [ 0.        ,  0.        ,  0.        ,  1.        ]])]","[array([[ 0.58823094, -0.8084751 ,  0.01877173, -0.12473388],
       [ 0.80806374,  0.58853038,  0.02578707,  0.09813696],
       [-0.03189594, -0.        ,  0.9994912 ,  0.08387529],
       [ 0.        ,  0.        ,  0.        ,  1.        ]])]","[array([[ 0.37955076, -0.92514543,  0.00686688, -0.0568826 ],
       [ 0.92499405,  0.37961288,  0.01673512,  0.0333502 ],
       [-0.01808917,  0.        ,  0.99983638,  0.0854302 ],
       [ 0.        ,  0.        ,  0.        ,  1.        ]])]","[array([[-0.42998822, -0.90279221,  0.0087376 , -0.03448777],
       [ 0.90260588, -0.43007699, -0.01834146,  0.08592857],
       [ 0.02031637, -0.        ,  0.9997936 ,  0.08428394],
       [ 0.        ,  0.        ,  0.        ,  1.        ]])]","[array([[-0.42998822, -0.90279221,  0.0087376 , -0.03448777],
       [ 0.90260588, -0.43007699, -0.01834146,  0.08592857],
       [ 0.02031637, -0.        ,  0.9997936 ,  0.08428394],
       [ 0.        ,  0.        ,  0.        ,  1.        ]])]"
14,"[array([[-0.18604254, -0.98250514, -0.00847515, -0.11616164],
       [ 0.98148725, -0.18623549,  0.04471156,  0.02717826],
       [-0.04550771,  0.        ,  0.99896399,  0.08506237],
       [ 0.        ,  0.        ,  0.        ,  1.        ]])]","[array([[ 0.60746896, -0.79422462,  0.01373711, -0.12266252],
       [ 0.79402162,  0.60762427,  0.01795576,  0.09849342],
       [-0.02260791, -0.        ,  0.99974441,  0.08323793],
       [ 0.        ,  0.        ,  0.        ,  1.        ]])]","[array([[ 0.60746896, -0.79422462,  0.01373711, -0.12266252],
       [ 0.79402162,  0.60762427,  0.01795576,  0.09849342],
       [-0.02260791, -0.        ,  0.99974441,  0.08323793],
       [ 0.        ,  0.        ,  0.        ,  1.        ]])]","[array([[ 0.40717227, -0.91331482,  0.00817196, -0.05676033],
       [ 0.91313093,  0.40725427,  0.01832656,  0.03366925],
       [-0.02006598,  0.        ,  0.99979866,  0.08550748],
       [ 0.        ,  0.        ,  0.        ,  1.        ]])]","[array([[-0.40931334, -0.91234197,  0.00973229, -0.03242754],
       [ 0.91208418, -0.40942903, -0.02168673,  0.08538507],
       [ 0.02377039, -0.        ,  0.99971744,  0.0842321 ],
       [ 0.        ,  0.        ,  0.        ,  1.        ]])]","[array([[-0.40931334, -0.91234197,  0.00973229, -0.03242754],
       [ 0.91208418, -0.40942903, -0.02168673,  0.08538507],
       [ 0.02377039, -0.        ,  0.99971744,  0.0842321 ],
       [ 0.        ,  0.        ,  0.        ,  1.        ]])]"
15,"[array([[-0.15756419, -0.98748054, -0.0074642 , -0.11613715],
       [ 0.98637437, -0.15774089,  0.04672698,  0.02751391],
       [-0.0473194 ,  0.        ,  0.99887981,  0.08503995],
       [ 0.        ,  0.        ,  0.        ,  1.        ]])]","[array([[ 0.63116666, -0.77555116,  0.0122083 , -0.12031308],
       [ 0.77540613,  0.63128472,  0.01499824,  0.09895987],
       [-0.01933881, -0.        ,  0.99981299,  0.08277597],
       [ 0.        ,  0.        ,  0.        ,  1.        ]])]","[array([[ 0.63116666, -0.77555116,  0.0122083 , -0.12031308],
       [ 0.77540613,  0.63128472,  0.01499824,  0.09895987],
       [-0.01933881, -0.        ,  0.99981299,  0.08277597],
       [ 0.        ,  0.        ,  0.        ,  1.        ]])]","[array([[ 0.4359835 , -0.89991508,  0.00844031, -0.05657278],
       [ 0.89974649,  0.4360652 ,  0.01741841,  0.03398376],
       [-0.01935561,  0.        ,  0.99981266,  0.08551057],
       [ 0.        ,  0.        ,  0.        ,  1.        ]])]","[array([[-0.36726152, -0.93003402,  0.01247813, -0.03144905],
       [ 0.92949768, -0.36747343, -0.03158074,  0.08517321],
       [ 0.03395654, -0.        ,  0.99942331,  0.08379618],
       [ 0.        ,  0.        ,  0.        ,  1.        ]])]","[array([[-0.36726152, -0.93003402,  0.01247813, -0.03144905],
       [ 0.92949768, -0.36747343, -0.03158074,  0.08517321],
       [ 0.03395654, -0.        ,  0.99942331,  0.08379618],
       [ 0.        ,  0.        ,  0.        ,  1.        ]])]"
16,"[array([[-0.15302681, -0.98819553, -0.00723846, -0.11613892],
       [ 0.98709185, -0.15319791,  0.04669131,  0.02755852],
       [-0.04724906,  0.        ,  0.99888314,  0.08504338],
       [ 0.        ,  0.        ,  0.        ,  1.        ]])]","[array([[ 0.6375659 , -0.77017132,  0.0185974 , -0.12008637],
       [ 0.76984388,  0.63783708,  0.02245587,  0.09909023],
       [-0.02915698, -0.        ,  0.99957484,  0.08328419],
       [ 0.        ,  0.        ,  0.        ,  1.        ]])]","[array([[ 0.6375659 , -0.77017132,  0.0185974 , -0.12008637],
       [ 0.76984388,  0.63783708,  0.02245587,  0.09909023],
       [-0.02915698, -0.        ,  0.99957484,  0.08328419],
       [ 0.        ,  0.        ,  0.        ,  1.        ]])]","[array([[ 0.45919564, -0.8883073 ,  0.00703542, -0.05637271],
       [ 0.88820306,  0.45924953,  0.01360833,  0.03423509],
       [-0.01531939,  0.        ,  0.99988265,  0.08543015],
       [ 0.        ,  0.        ,  0.        ,  1.        ]])]","[array([[-0.33463338, -0.94227598,  0.01168214, -0.03031295],
       [ 0.94170232, -0.33483724, -0.03287508,  0.08477585],
       [ 0.03488902, -0.        ,  0.99939119,  0.08380353],
       [ 0.        ,  0.        ,  0.        ,  1.        ]])]","[array([[-0.33463338, -0.94227598,  0.01168214, -0.03031295],
       [ 0.94170232, -0.33483724, -0.03287508,  0.08477585],
       [ 0.03488902, -0.        ,  0.99939119,  0.08380353],
       [ 0.        ,  0.        ,  0.        ,  1.        ]])]"
17,"[array([[-0.15138825, -0.98844844, -0.00716051, -0.1161375 ],
       [ 0.98734462, -0.15155749,  0.0467004 ,  0.02758151],
       [-0.04724617,  0.        ,  0.99888328,  0.08504031],
       [ 0.        ,  0.        ,  0.        ,  1.        ]])]","[array([[ 0.63814702, -0.76973702,  0.01653172, -0.11991389],
       [ 0.76947886,  0.63836112,  0.01993397,  0.0990882 ],
       [-0.02589712, -0.        ,  0.99966461,  0.08311253],
       [ 0.        ,  0.        ,  0.        ,  1.        ]])]","[array([[ 0.63814702, -0.76973702,  0.01653172, -0.11991389],
       [ 0.76947886,  0.63836112,  0.01993397,  0.0990882 ],
       [-0.02589712, -0.        ,  0.99966461,  0.08311253],
       [ 0.        ,  0.        ,  0.        ,  1.        ]])]","[array([[ 0.47682485, -0.87895517,  0.00870984, -0.0562926 ],
       [ 0.87880858,  0.4769044 ,  0.0160526 ,  0.03445421],
       [-0.01826328,  0.        ,  0.99983321,  0.0855021 ],
       [ 0.        ,  0.        ,  0.        ,  1.        ]])]","[array([[-0.31635622, -0.9485674 ,  0.01177398, -0.02941567],
       [ 0.94791113, -0.31657524, -0.03527887,  0.08452652],
       [ 0.03719173, -0.        ,  0.99930815,  0.0837343 ],
       [ 0.        ,  0.        ,  0.        ,  1.        ]])]","[array([[-0.31635622, -0.9485674 ,  0.01177398, -0.02941567],
       [ 0.94791113, -0.31657524, -0.03527887,  0.08452652],
       [ 0.03719173, -0.        ,  0.99930815,  0.0837343 ],
       [ 0.        ,  0.        ,  0.        ,  1.        ]])]"
18,"[array([[-0.15004554, -0.98865349, -0.00711459, -0.11614991],
       [ 0.98754396, -0.15021412,  0.04682561,  0.02760033],
       [-0.04736302,  0.        ,  0.99887774,  0.08503793],
       [ 0.        ,  0.        ,  0.        ,  1.        ]])]","[array([[ 0.63865379, -0.76934136,  0.01533653, -0.11980023],
       [ 0.76911963,  0.6388379 ,  0.01846951,  0.09908677],
       [-0.02400691, -0.        ,  0.99971179,  0.08300842],
       [ 0.        ,  0.        ,  0.        ,  1.        ]])]","[array([[ 0.63865379, -0.76934136,  0.01533653, -0.11980023],
       [ 0.76911963,  0.6388379 ,  0.01846951,  0.09908677],
       [-0.02400691, -0.        ,  0.99971179,  0.08300842],
       [ 0.        ,  0.        ,  0.        ,  1.        ]])]","[array([[ 0.48264611, -0.87577324,  0.0086005 , -0.05626476],
       [ 0.87563423,  0.48272273,  0.01560335,  0.03453596],
       [-0.01781665,  0.        ,  0.99984127,  0.08549609],
       [ 0.        ,  0.        ,  0.        ,  1.        ]])]","[array([[-0.30926426, -0.95090836,  0.01135343, -0.02905739],
       [ 0.95026824, -0.30947259, -0.0348854 ,  0.08447122],
       [ 0.03668639, -0.        ,  0.99932683,  0.08379037],
       [ 0.        ,  0.        ,  0.        ,  1.        ]])]","[array([[-0.30926426, -0.95090836,  0.01135343, -0.02905739],
       [ 0.95026824, -0.30947259, -0.0348854 ,  0.08447122],
       [ 0.03668639, -0.        ,  0.99932683,  0.08379037],
       [ 0.        ,  0.        ,  0.        ,  1.        ]])]"
19,"[array([[-0.14928194, -0.9887692 , -0.00709659, -0.11614833],
       [ 0.98765385, -0.14945053,  0.04695127,  0.02761955],
       [-0.04748456,  0.        ,  0.99887197,  0.08503965],
       [ 0.        ,  0.        ,  0.        ,  1.        ]])]","[array([[ 0.63768969, -0.77020542,  0.01163867, -0.11963246],
       [ 0.77007717,  0.6377959 ,  0.01405492,  0.09904163],
       [-0.01824827, -0.        ,  0.99983349,  0.0827073 ],
       [ 0.        ,  0.        ,  0.        ,  1.        ]])]","[array([[ 0.63768969, -0.77020542,  0.01163867, -0.11963246],
       [ 0.77007717,  0.6377959 ,  0.01405492,  0.09904163],
       [-0.01824827, -0.        ,  0.99983349,  0.0827073 ],
       [ 0.        ,  0.        ,  0.        ,  1.        ]])]","[array([[ 0.4948228 , -0.86894979,  0.00875503, -0.05616796],
       [ 0.86881381,  0.49490025,  0.01537215,  0.03467581],
       [-0.01769049,  0.        ,  0.99984351,  0.08550527],
       [ 0.        ,  0.        ,  0.        ,  1.        ]])]","[array([[-0.29329311, -0.95596299,  0.01067288, -0.02828477],
       [ 0.95533067, -0.29348724, -0.03476429,  0.08427504],
       [ 0.03636573, -0.        ,  0.99933855,  0.08383457],
       [ 0.        ,  0.        ,  0.        ,  1.        ]])]","[array([[-0.29329311, -0.95596299,  0.01067288, -0.02828477],
       [ 0.95533067, -0.29348724, -0.03476429,  0.08427504],
       [ 0.03636573, -0.        ,  0.99933855,  0.08383457],
       [ 0.        ,  0.        ,  0.        ,  1.        ]])]"
20,"[array([[-0.14858096, -0.98887509, -0.00705336, -0.11614824],
       [ 0.98776273, -0.14874829,  0.0468906 ,  0.0276321 ],
       [-0.04741812,  0.        ,  0.99887513,  0.08503517],
       [ 0.        ,  0.        ,  0.        ,  1.        ]])]","[array([[ 0.62579808, -0.77998146, -0.00238273, -0.1191683 ],
       [ 0.77997581,  0.62580262, -0.00296977,  0.09871988],
       [ 0.00380748, -0.        ,  0.99999275,  0.08194992],
       [ 0.        ,  0.        ,  0.        ,  1.        ]])]","[array([[ 0.62579808, -0.77998146, -0.00238273, -0.1191683 ],
       [ 0.77997581,  0.62580262, -0.00296977,  0.09871988],
       [ 0.00380748, -0.        ,  0.99999275,  0.08194992],
       [ 0.        ,  0.        ,  0.        ,  1.        ]])]","[array([[ 0.5083943 , -0.86107909,  0.00883329, -0.05603511],
       [ 0.86094915,  0.50847104,  0.0149589 ,  0.03482042],
       [-0.01737227,  0.        ,  0.99984909,  0.08550514],
       [ 0.        ,  0.        ,  0.        ,  1.        ]])]","[array([[-0.27241584, -0.96215572,  0.00678061, -0.02749082],
       [ 0.96185781, -0.27250022, -0.02394126,  0.08379604],
       [ 0.02488294, -0.        ,  0.99969037,  0.08445772],
       [ 0.        ,  0.        ,  0.        ,  1.        ]])]","[array([[-0.27241584, -0.96215572,  0.00678061, -0.02749082],
       [ 0.96185781, -0.27250022, -0.02394126,  0.08379604],
       [ 0.02488294, -0.        ,  0.99969037,  0.08445772],
       [ 0.        ,  0.        ,  0.        ,  1.        ]])]"
21,"[array([[-0.14827289, -0.98892117, -0.00707626, -0.11613867],
       [ 0.98779689, -0.14844165,  0.0471422 ,  0.02764483],
       [-0.04767033,  0.        ,  0.99886312,  0.08504282],
       [ 0.        ,  0.        ,  0.        ,  1.        ]])]","[array([[ 0.62768368, -0.77846252, -0.00305075, -0.11914242],
       [ 0.77845332,  0.6276911 , -0.00378354,  0.09875679],
       [ 0.00486027, -0.        ,  0.99998819,  0.08180744],
       [ 0.        ,  0.        ,  0.        ,  1.        ]])]","[array([[ 0.62768368, -0.77846252, -0.00305075, -0.11914242],
       [ 0.77845332,  0.6276911 , -0.00378354,  0.09875679],
       [ 0.00486027, -0.        ,  0.99998819,  0.08180744],
       [ 0.        ,  0.        ,  0.        ,  1.        ]])]","[array([[ 0.51630393, -0.85635811,  0.00900242, -0.05597639],
       [ 0.85622796,  0.51638241,  0.01492944,  0.03491539],
       [-0.01743364,  0.        ,  0.99984802,  0.08551551],
       [ 0.        ,  0.        ,  0.        ,  1.        ]])]","[array([[-0.26689763, -0.96371543,  0.00426982, -0.02674374],
       [ 0.96359213, -0.26693178, -0.01541551,  0.08362246],
       [ 0.01599592, -0.        ,  0.99987206,  0.08496833],
       [ 0.        ,  0.        ,  0.        ,  1.        ]])]","[array([[-0.26689763, -0.96371543,  0.00426982, -0.02674374],
       [ 0.96359213, -0.26693178, -0.01541551,  0.08362246],
       [ 0.01599592, -0.        ,  0.99987206,  0.08496833],
       [ 0.        ,  0.        ,  0.        ,  1.        ]])]"
22,"[array([[-0.14769358, -0.98900799, -0.00705715, -0.11614363],
       [ 0.98788089, -0.14786209,  0.04720332,  0.02765554],
       [-0.04772795,  0.        ,  0.99886037,  0.08504511],
       [ 0.        ,  0.        ,  0.        ,  1.        ]])]","[array([[ 6.31726306e-01, -7.75191099e-01, -7.96118822e-04,
        -1.19206256e-01],
       [ 7.75190483e-01,  6.31726808e-01, -9.76916314e-04,
         9.88527133e-02],
       [ 1.26022643e-03, -0.00000000e+00,  9.99999206e-01,
         8.18509248e-02],
       [ 0.00000000e+00,  0.00000000e+00,  0.00000000e+00,
         1.00000000e+00]])]","[array([[ 6.31726306e-01, -7.75191099e-01, -7.96118822e-04,
        -1.19206256e-01],
       [ 7.75190483e-01,  6.31726808e-01, -9.76916314e-04,
         9.88527133e-02],
       [ 1.26022643e-03, -0.00000000e+00,  9.99999206e-01,
         8.18509248e-02],
       [ 0.00000000e+00,  0.00000000e+00,  0.00000000e+00,
         1.00000000e+00]])]","[array([[ 0.52529601, -0.85087691,  0.00851932, -0.05592716],
       [ 0.85076503,  0.52536509,  0.01379781,  0.03502448],
       [-0.01621599,  0.        ,  0.99986851,  0.08550524],
       [ 0.        ,  0.        ,  0.        ,  1.        ]])]","[array([[-0.25760946, -0.96622745,  0.00647172, -0.02614065],
       [ 0.96592269, -0.25769074, -0.02426612,  0.08359541],
       [ 0.02511429, -0.        ,  0.99968459,  0.08457937],
       [ 0.        ,  0.        ,  0.        ,  1.        ]])]","[array([[-0.25760946, -0.96622745,  0.00647172, -0.02614065],
       [ 0.96592269, -0.25769074, -0.02426612,  0.08359541],
       [ 0.02511429, -0.        ,  0.99968459,  0.08457937],
       [ 0.        ,  0.        ,  0.        ,  1.        ]])]"
23,"[array([[-0.1472651 , -0.98907209, -0.0070279 , -0.11614196],
       [ 0.98794772, -0.1474327 ,  0.04714762,  0.02767292],
       [-0.04766854,  0.        ,  0.99886321,  0.08503578],
       [ 0.        ,  0.        ,  0.        ,  1.        ]])]","[array([[ 0.63469517, -0.77275966,  0.00213413, -0.11924472],
       [ 0.77275529,  0.63469875,  0.00259835,  0.09894853],
       [-0.00336242, -0.        ,  0.99999435,  0.08198893],
       [ 0.        ,  0.        ,  0.        ,  1.        ]])]","[array([[ 0.63469517, -0.77275966,  0.00213413, -0.11924472],
       [ 0.77275529,  0.63469875,  0.00259835,  0.09894853],
       [-0.00336242, -0.        ,  0.99999435,  0.08198893],
       [ 0.        ,  0.        ,  0.        ,  1.        ]])]","[array([[ 0.5348657 , -0.8448932 ,  0.00861226, -0.05581642],
       [ 0.84478369,  0.53493503,  0.01360247,  0.03513739],
       [-0.01609964,  0.        ,  0.99987039,  0.08550863],
       [ 0.        ,  0.        ,  0.        ,  1.        ]])]","[array([[-0.23921084, -0.97091534,  0.01007863, -0.02573918],
       [ 0.97005471, -0.23942307, -0.04087115,  0.08349619],
       [ 0.04209548, -0.        ,  0.99911359,  0.08371836],
       [ 0.        ,  0.        ,  0.        ,  1.        ]])]","[array([[-0.23921084, -0.97091534,  0.01007863, -0.02573918],
       [ 0.97005471, -0.23942307, -0.04087115,  0.08349619],
       [ 0.04209548, -0.        ,  0.99911359,  0.08371836],
       [ 0.        ,  0.        ,  0.        ,  1.        ]])]"
24,"[array([[-0.14721248, -0.98907987, -0.00703512, -0.11612822],
       [ 0.98795238, -0.14738049,  0.04721317,  0.02767841],
       [-0.04773443,  0.        ,  0.99886006,  0.08503725],
       [ 0.        ,  0.        ,  0.        ,  1.        ]])]","[array([[ 0.63647623, -0.77126753,  0.00666386, -0.11929965],
       [ 0.77122526,  0.63651112,  0.00807467,  0.09900134],
       [-0.01046935, -0.        ,  0.99994519,  0.08234193],
       [ 0.        ,  0.        ,  0.        ,  1.        ]])]","[array([[ 0.63647623, -0.77126753,  0.00666386, -0.11929965],
       [ 0.77122526,  0.63651112,  0.00807467,  0.09900134],
       [-0.01046935, -0.        ,  0.99994519,  0.08234193],
       [ 0.        ,  0.        ,  0.        ,  1.        ]])]","[array([[ 0.53670503, -0.84372462,  0.00874456, -0.05580525],
       [ 0.84361266,  0.53677626,  0.01374503,  0.03516597],
       [-0.01629089,  0.        ,  0.99986729,  0.08551492],
       [ 0.        ,  0.        ,  0.        ,  1.        ]])]","[array([[-0.23047633, -0.97301311,  0.01123172, -0.02583478],
       [ 0.97185977, -0.23074984, -0.0473613 ,  0.08350505],
       [ 0.04867488, -0.        ,  0.99881468,  0.08349314],
       [ 0.        ,  0.        ,  0.        ,  1.        ]])]","[array([[-0.23047633, -0.97301311,  0.01123172, -0.02583478],
       [ 0.97185977, -0.23074984, -0.0473613 ,  0.08350505],
       [ 0.04867488, -0.        ,  0.99881468,  0.08349314],
       [ 0.        ,  0.        ,  0.        ,  1.        ]])]"
25,"[array([[-0.14672991, -0.98915154, -0.00704062, -0.11613785],
       [ 0.98801478, -0.14689873,  0.04740848,  0.0276955 ],
       [-0.04792843,  0.        ,  0.99885077,  0.0850446 ],
       [ 0.        ,  0.        ,  0.        ,  1.        ]])]","[array([[ 0.63622959, -0.7714879 ,  0.00428154, -0.1192218 ],
       [ 0.77147043,  0.63624399,  0.00519165,  0.09902034],
       [-0.0067294 , -0.        ,  0.99997736,  0.08215199],
       [ 0.        ,  0.        ,  0.        ,  1.        ]])]","[array([[ 0.63622959, -0.7714879 ,  0.00428154, -0.1192218 ],
       [ 0.77147043,  0.63624399,  0.00519165,  0.09902034],
       [-0.0067294 , -0.        ,  0.99997736,  0.08215199],
       [ 0.        ,  0.        ,  0.        ,  1.        ]])]","[array([[ 0.53777306, -0.84304796,  0.00838362, -0.05580617],
       [ 0.84294553,  0.5378384 ,  0.01314112,  0.03517434],
       [-0.01558762,  0.        ,  0.99987851,  0.08551816],
       [ 0.        ,  0.        ,  0.        ,  1.        ]])]","[array([[-0.23231496, -0.97257889,  0.01095718, -0.02556234],
       [ 0.97149892, -0.23257321, -0.04582094,  0.08342645],
       [ 0.04711282, -0.        ,  0.99888957,  0.08377181],
       [ 0.        ,  0.        ,  0.        ,  1.        ]])]","[array([[-0.23231496, -0.97257889,  0.01095718, -0.02556234],
       [ 0.97149892, -0.23257321, -0.04582094,  0.08342645],
       [ 0.04711282, -0.        ,  0.99888957,  0.08377181],
       [ 0.        ,  0.        ,  0.        ,  1.        ]])]"
26,"[array([[-0.146565  , -0.98917651, -0.00696633, -0.11613483],
       [ 0.98806105, -0.14673046,  0.04696317,  0.02769337],
       [-0.04747704,  0.        ,  0.99887233,  0.08503249],
       [ 0.        ,  0.        ,  0.        ,  1.        ]])]","[array([[ 0.63683932, -0.77098318,  0.00453942, -0.11920891],
       [ 0.7709636 ,  0.6368555 ,  0.00549546,  0.09903321],
       [-0.00712786, -0.        ,  0.9999746 ,  0.08216567],
       [ 0.        ,  0.        ,  0.        ,  1.        ]])]","[array([[ 0.63683932, -0.77098318,  0.00453942, -0.11920891],
       [ 0.7709636 ,  0.6368555 ,  0.00549546,  0.09903321],
       [-0.00712786, -0.        ,  0.9999746 ,  0.08216567],
       [ 0.        ,  0.        ,  0.        ,  1.        ]])]","[array([[ 0.53775873, -0.84305844,  0.00824669, -0.05580494],
