,LP,LD1,LD2,RP,RD1,RD2
0,"[array([[-0.86624982, -0.49876456, -0.02907172, -0.01095945],
       [ 0.49848392, -0.86673751,  0.01672934,  0.09660382],
       [-0.03354155,  0.        ,  0.99943732,  0.08557633],
       [ 0.        ,  0.        ,  0.        ,  1.        ]])]","[array([[ 0.3050416 , -0.95232298,  0.00552774, -0.06566078],
       [ 0.95216666,  0.30509169,  0.01725447,  0.14190301],
       [-0.01811829, -0.        ,  0.99983585,  0.08367716],
       [ 0.        ,  0.        ,  0.        ,  1.        ]])]","[array([[ 0.3050416 , -0.95232298,  0.00552774, -0.06566078],
       [ 0.95216666,  0.30509169,  0.01725447,  0.14190301],
       [-0.01811829, -0.        ,  0.99983585,  0.08367716],
       [ 0.        ,  0.        ,  0.        ,  1.        ]])]","[array([[ 0.63086479, -0.77559969,  0.02132448,  0.04577218],
       [ 0.77515698,  0.63122509,  0.02620185,  0.11055961],
       [-0.0337827 ,  0.        ,  0.9994292 ,  0.08627873],
       [ 0.        ,  0.        ,  0.        ,  1.        ]])]","[array([[-0.39170852, -0.91990217,  0.01855888,  0.08108068],
       [ 0.91887141, -0.39214793, -0.04353549,  0.15165986],
       [ 0.04732622, -0.        ,  0.99887949,  0.08290903],
       [ 0.        ,  0.        ,  0.        ,  1.        ]])]","[array([[-0.39170852, -0.91990217,  0.01855888,  0.08108068],
       [ 0.91887141, -0.39214793, -0.04353549,  0.15165986],
       [ 0.04732622, -0.        ,  0.99887949,  0.08290903],
       [ 0.        ,  0.        ,  0.        ,  1.        ]])]"
1,"[array([[-0.86622629, -0.4987988 , -0.02918528, -0.01096437],
       [ 0.49851592, -0.86671781,  0.01679622,  0.09660333],
       [-0.03367334,  0.        ,  0.99943289,  0.08557828],
       [ 0.        ,  0.        ,  0.        ,  1.        ]])]","[array([[ 0.30508808, -0.95230836,  0.00548243, -0.06566419],
       [ 0.95215463,  0.30513734,  0.0171102 ,  0.1419026 ],
       [-0.01796708, -0.        ,  0.99983858,  0.08367235],
       [ 0.        ,  0.        ,  0.        ,  1.        ]])]","[array([[ 0.30508808, -0.95230836,  0.00548243, -0.06566419],
       [ 0.95215463,  0.30513734,  0.0171102 ,  0.1419026 ],
       [-0.01796708, -0.        ,  0.99983858,  0.08367235],
       [ 0.        ,  0.        ,  0.        ,  1.        ]])]","[array([[ 0.63091298, -0.77556273,  0.02124303,  0.04576543],
       [ 0.77512348,  0.63127051,  0.02609864,  0.11055876],
       [-0.03365124,  0.        ,  0.99943364,  0.08627779],
       [ 0.        ,  0.        ,  0.        ,  1.        ]])]","[array([[-0.39155755, -0.91996694,  0.01853437,  0.08106698],
       [ 0.91893803, -0.39199596, -0.04349792,  0.15165883],
       [ 0.04728204, -0.        ,  0.99888158,  0.08290843],
       [ 0.        ,  0.        ,  0.        ,  1.        ]])]","[array([[-0.39155755, -0.91996694,  0.01853437,  0.08106698],
       [ 0.91893803, -0.39199596, -0.04349792,  0.15165883],
       [ 0.04728204, -0.        ,  0.99888158,  0.08290843],
       [ 0.        ,  0.        ,  0.        ,  1.        ]])]"
2,"[array([[-0.86957655, -0.49348481, -0.01758879, -0.01082787],
       [ 0.49338389, -0.86975441,  0.0099796 ,  0.09661674],
       [-0.02022271,  0.        ,  0.9997955 ,  0.08530599],
       [ 0.        ,  0.        ,  0.        ,  1.        ]])]","[array([[ 0.30884963, -0.95109341,  0.00576426, -0.06577234],
       [ 0.95092781,  0.30890342,  0.01774778,  0.14196056],
       [-0.0186604 , -0.        ,  0.99982588,  0.0836894 ],
       [ 0.        ,  0.        ,  0.        ,  1.        ]])]","[array([[ 0.30884963, -0.95109341,  0.00576426, -0.06577234],
       [ 0.95092781,  0.30890342,  0.01774778,  0.14196056],
       [-0.0186604 , -0.        ,  0.99982588,  0.0836894 ],
       [ 0.        ,  0.        ,  0.        ,  1.        ]])]","[array([[ 0.62826613, -0.77755229,  0.02634578,  0.04594406],
       [ 0.77686954,  0.62881828,  0.03257733,  0.11069888],
       [-0.04189728,  0.        ,  0.99912192,  0.0864675 ],
       [ 0.        ,  0.        ,  0.        ,  1.        ]])]","[array([[-0.39061078, -0.9203653 ,  0.0187332 ,  0.0809784 ],
       [ 0.91930868, -0.39105974, -0.04408888,  0.15175691],
       [ 0.04790368, -0.        ,  0.99885196,  0.08292766],
       [ 0.        ,  0.        ,  0.        ,  1.        ]])]","[array([[-0.39061078, -0.9203653 ,  0.0187332 ,  0.0809784 ],
       [ 0.91930868, -0.39105974, -0.04408888,  0.15175691],
       [ 0.04790368, -0.        ,  0.99885196,  0.08292766],
       [ 0.        ,  0.        ,  0.        ,  1.        ]])]"
