,LP,LD1,LD2,RP,RD1,RD2
0,"[array([[-0.67800571, -0.7345337 , -0.02772208, -0.11320399],
       [ 0.73392047, -0.67857221,  0.03000831,  0.26864742],
       [-0.04085355,  0.        ,  0.99916515,  0.08495112],
       [ 0.        ,  0.        ,  0.        ,  1.        ]])]","[array([[ 0.19614998, -0.98056323,  0.00457476, -0.1557771 ],
       [ 0.98029665,  0.19620332,  0.02286322,  0.32664248],
       [-0.02331642, -0.        ,  0.99972814,  0.08309146],
       [ 0.        ,  0.        ,  0.        ,  1.        ]])]","[array([[ 0.19614998, -0.98056323,  0.00457476, -0.1557771 ],
       [ 0.98029665,  0.19620332,  0.02286322,  0.32664248],
       [-0.02331642, -0.        ,  0.99972814,  0.08309146],
       [ 0.        ,  0.        ,  0.        ,  1.        ]])]","[array([[ 1.87680600e-01, -9.82229851e-01,  7.16182936e-04,
        -5.77693354e-02],
       [ 9.82222699e-01,  1.87681966e-01,  3.74812920e-03,
         2.77253889e-01],
       [-3.81593900e-03,  0.00000000e+00,  9.99992719e-01,
         8.56854770e-02],
       [ 0.00000000e+00,  0.00000000e+00,  0.00000000e+00,
         1.00000000e+00]])]","[array([[-0.71443934, -0.69969362, -0.00229389, -0.04639662],
       [ 0.69969002, -0.71444302,  0.00224653,  0.33166827],
       [-0.00321074, -0.        ,  0.99999485,  0.0841811 ],
       [ 0.        ,  0.        ,  0.        ,  1.        ]])]","[array([[-0.71443934, -0.69969362, -0.00229389, -0.04639662],
       [ 0.69969002, -0.71444302,  0.00224653,  0.33166827],
       [-0.00321074, -0.        ,  0.99999485,  0.0841811 ],
       [ 0.        ,  0.        ,  0.        ,  1.        ]])]"
1,"[array([[-0.6779352 , -0.7345987 , -0.02772402, -0.11321231],
       [ 0.7339852 , -0.67850184,  0.03001618,  0.26864477],
       [-0.04086064,  0.        ,  0.99916486,  0.08495028],
       [ 0.        ,  0.        ,  0.        ,  1.        ]])]","[array([[ 0.19640107, -0.98051281,  0.00461029, -0.15579286],
       [ 0.98024278,  0.19645517,  0.0230101 ,  0.32664633],
       [-0.02346741, -0.        ,  0.9997246 ,  0.08309826],
       [ 0.        ,  0.        ,  0.        ,  1.        ]])]","[array([[ 0.19640107, -0.98051281,  0.00461029, -0.15579286],
       [ 0.98024278,  0.19645517,  0.0230101 ,  0.32664633],
       [-0.02346741, -0.        ,  0.9997246 ,  0.08309826],
       [ 0.        ,  0.        ,  0.        ,  1.        ]])]","[array([[ 1.87631051e-01, -9.82239334e-01,  6.92178898e-04,
        -5.77683096e-02],
       [ 9.82232651e-01,  1.87632328e-01,  3.62349787e-03,
         2.77255226e-01],
       [-3.68901727e-03,  0.00000000e+00,  9.99993196e-01,
         8.56806340e-02],
       [ 0.00000000e+00,  0.00000000e+00,  0.00000000e+00,
         1.00000000e+00]])]","[array([[-0.71421652, -0.69992142, -0.00218577, -0.04641083],
       [ 0.69991814, -0.71421986,  0.00214201,  0.33165908],
       [-0.00306035, -0.        ,  0.99999532,  0.08417232],
       [ 0.        ,  0.        ,  0.        ,  1.        ]])]","[array([[-0.71421652, -0.69992142, -0.00218577, -0.04641083],
       [ 0.69991814, -0.71421986,  0.00214201,  0.33165908],
       [-0.00306035, -0.        ,  0.99999532,  0.08417232],
       [ 0.        ,  0.        ,  0.        ,  1.        ]])]"
2,"[array([[-0.67783723, -0.73468304, -0.027884  , -0.11321847],
       [ 0.7340622 , -0.67841052,  0.03019691,  0.26864409],
       [-0.04110196,  0.        ,  0.99915496,  0.08495968],
       [ 0.        ,  0.        ,  0.        ,  1.        ]])]","[array([[ 0.19618802, -0.98055548,  0.00460502, -0.15578328],
       [ 0.98028547,  0.19624206,  0.02300974,  0.32664201],
       [-0.02346602, -0.        ,  0.99972464,  0.08309622],
       [ 0.        ,  0.        ,  0.        ,  1.        ]])]","[array([[ 0.19618802, -0.98055548,  0.00460502, -0.15578328],
       [ 0.98028547,  0.19624206,  0.02300974,  0.32664201],
       [-0.02346602, -0.        ,  0.99972464,  0.08309622],
       [ 0.        ,  0.        ,  0.        ,  1.        ]])]","[array([[ 1.87522779e-01, -9.82260003e-01,  7.03539288e-04,
        -5.77650678e-02],
       [ 9.82253090e-01,  1.87524098e-01,  3.68517171e-03,
         2.77249807e-01],
       [-3.75172734e-03,  0.00000000e+00,  9.99992962e-01,
         8.56820387e-02],
       [ 0.00000000e+00,  0.00000000e+00,  0.00000000e+00,
         1.00000000e+00]])]","[array([[-0.71421544, -0.69992295, -0.002042  , -0.04641189],
       [ 0.69992009, -0.71421836,  0.00200113,  0.33165604],
       [-0.00285907, -0.        ,  0.99999591,  0.08416292],
       [ 0.        ,  0.        ,  0.        ,  1.        ]])]","[array([[-0.71421544, -0.69992295, -0.002042  , -0.04641189],
       [ 0.69992009, -0.71421836,  0.00200113,  0.33165604],
       [-0.00285907, -0.        ,  0.99999591,  0.08416292],
       [ 0.        ,  0.        ,  0.        ,  1.        ]])]"
3,"[array([[-0.67772924, -0.73477936, -0.02797075, -0.11322298],
       [ 0.73415438, -0.67830619,  0.03029948,  0.26864221],
       [-0.04123617,  0.        ,  0.99914943,  0.08496269],
       [ 0.        ,  0.        ,  0.        ,  1.        ]])]","[array([[ 0.19659321, -0.980474  ,  0.00467284, -0.1558038 ],
       [ 0.98019715,  0.19664874,  0.02329837,  0.32664765],
       [-0.02376236, -0.        ,  0.99971764,  0.08311064],
       [ 0.        ,  0.        ,  0.        ,  1.        ]])]","[array([[ 0.19659321, -0.980474  ,  0.00467284, -0.1558038 ],
       [ 0.98019715,  0.19664874,  0.02329837,  0.32664765],
       [-0.02376236, -0.        ,  0.99971764,  0.08311064],
       [ 0.        ,  0.        ,  0.        ,  1.        ]])]","[array([[ 1.87496374e-01, -9.82265008e-01,  7.51280821e-04,
        -5.77655207e-02],
       [ 9.82257123e-01,  1.87497879e-01,  3.93581445e-03,
         2.77251484e-01],
       [-4.00687637e-03,  0.00000000e+00,  9.99991972e-01,
         8.56907540e-02],
       [ 0.00000000e+00,  0.00000000e+00,  0.00000000e+00,
         1.00000000e+00]])]","[array([[-0.71419355, -0.69994496, -0.0021504 , -0.04641689],
       [ 0.69994179, -0.71419678,  0.00210749,  0.33165865],
       [-0.00301093, -0.        ,  0.99999547,  0.08416875],
       [ 0.        ,  0.        ,  0.        ,  1.        ]])]","[array([[-0.71419355, -0.69994496, -0.0021504 , -0.04641689],
       [ 0.69994179, -0.71419678,  0.00210749,  0.33165865],
       [-0.00301093, -0.        ,  0.99999547,  0.08416875],
       [ 0.        ,  0.        ,  0.        ,  1.        ]])]"
4,"[array([[-0.67781766, -0.73469264, -0.02810602, -0.11322201],
       [ 0.73406184, -0.67840013,  0.03043821,  0.26864421],
       [-0.04142986,  0.        ,  0.99914141,  0.08496903],
       [ 0.        ,  0.        ,  0.        ,  1.        ]])]","[array([[ 0.19659285, -0.98047398,  0.00469383, -0.15580479],
       [ 0.98019463,  0.19664888,  0.02340304,  0.32664873],
       [-0.02386911, -0.        ,  0.99971509,  0.08311804],
       [ 0.        ,  0.        ,  0.        ,  1.        ]])]","[array([[ 0.19659285, -0.98047398,  0.00469383, -0.15580479],
       [ 0.98019463,  0.19664888,  0.02340304,  0.32664873],
       [-0.02386911, -0.        ,  0.99971509,  0.08311804],
       [ 0.        ,  0.        ,  0.        ,  1.        ]])]","[array([[ 1.86672034e-01, -9.82422115e-01,  5.82759144e-04,
        -5.77264498e-02],
       [ 9.82417328e-01,  1.86672944e-01,  3.06694403e-03,
         2.77262574e-01],
       [-3.12181901e-03,  0.00000000e+00,  9.99995127e-01,
         8.56569287e-02],
       [ 0.00000000e+00,  0.00000000e+00,  0.00000000e+00,
         1.00000000e+00]])]","[array([[-0.7140931 , -0.70004733, -0.00218562, -0.04642149],
       [ 0.70004405, -0.71409645,  0.00214262,  0.33165377],
       [-0.00306069, -0.        ,  0.99999532,  0.08416933],
       [ 0.        ,  0.        ,  0.        ,  1.        ]])]","[array([[-0.7140931 , -0.70004733, -0.00218562, -0.04642149],
       [ 0.70004405, -0.71409645,  0.00214262,  0.33165377],
       [-0.00306069, -0.        ,  0.99999532,  0.08416933],
       [ 0.        ,  0.        ,  0.        ,  1.        ]])]"
5,"[array([[-0.67758995, -0.7349046 , -0.02805491, -0.11323352],
       [ 0.73427549, -0.6781705 ,  0.03040191,  0.26864104],
       [-0.04136852,  0.        ,  0.99914396,  0.08496665],
       [ 0.        ,  0.        ,  0.        ,  1.        ]])]","[array([[ 0.19641001, -0.98051088,  0.00463922, -0.15580014],
       [ 0.98023748,  0.19646479,  0.0231533 ,  0.32664254],
       [-0.02361351, -0.        ,  0.99972116,  0.08310691],
       [ 0.        ,  0.        ,  0.        ,  1.        ]])]","[array([[ 0.19641001, -0.98051088,  0.00463922, -0.15580014],
       [ 0.98023748,  0.19646479,  0.0231533 ,  0.32664254],
       [-0.02361351, -0.        ,  0.99972116,  0.08310691],
       [ 0.        ,  0.        ,  0.        ,  1.        ]])]","[array([[ 1.86894693e-01, -9.82379801e-01,  5.47637940e-04,
        -5.77360619e-02],
       [ 9.82375584e-01,  1.86895496e-01,  2.87855225e-03,
         2.77265484e-01],
       [-2.93018265e-03,  0.00000000e+00,  9.99995707e-01,
         8.56516361e-02],
       [ 0.00000000e+00,  0.00000000e+00,  0.00000000e+00,
         1.00000000e+00]])]","[array([[-0.71426609, -0.69987126, -0.00204243, -0.04641257],
       [ 0.6998684 , -0.71426901,  0.00200126,  0.33166099],
       [-0.00285947, -0.        ,  0.99999591,  0.08416093],
       [ 0.        ,  0.        ,  0.        ,  1.        ]])]","[array([[-0.71426609, -0.69987126, -0.00204243, -0.04641257],
       [ 0.6998684 , -0.71426901,  0.00200126,  0.33166099],
       [-0.00285947, -0.        ,  0.99999591,  0.08416093],
       [ 0.        ,  0.        ,  0.        ,  1.        ]])]"
6,"[array([[-0.67780566, -0.73472155, -0.02763583, -0.11322061],
       [ 0.73411161, -0.67836881,  0.02993156,  0.26864445],
       [-0.04073864,  0.        ,  0.99916984,  0.08494755],
       [ 0.        ,  0.        ,  0.        ,  1.        ]])]","[array([[ 0.19671889, -0.98044873,  0.00468633, -0.15580968],
       [ 0.98017064,  0.19677471,  0.0233501 ,  0.32664906],
       [-0.02381572, -0.        ,  0.99971637,  0.08311334],
       [ 0.        ,  0.        ,  0.        ,  1.        ]])]","[array([[ 0.19671889, -0.98044873,  0.00468633, -0.15580968],
       [ 0.98017064,  0.19677471,  0.0233501 ,  0.32664906],
       [-0.02381572, -0.        ,  0.99971637,  0.08311334],
       [ 0.        ,  0.        ,  0.        ,  1.        ]])]","[array([[ 1.87572324e-01, -9.82250525e-01,  7.27526140e-04,
        -5.77690935e-02],
       [ 9.82243137e-01,  1.87573734e-01,  3.80977078e-03,
         2.77251471e-01],
       [-3.87861415e-03,  0.00000000e+00,  9.99992478e-01,
         8.56868810e-02],
       [ 0.00000000e+00,  0.00000000e+00,  0.00000000e+00,
         1.00000000e+00]])]","[array([[-0.71414189, -0.69999767, -0.00214964, -0.04641526],
       [ 0.6999945 , -0.71414512,  0.00210705,  0.33165768],
       [-0.00301008, -0.        ,  0.99999547,  0.08416972],
       [ 0.        ,  0.        ,  0.        ,  1.        ]])]","[array([[-0.71414189, -0.69999767, -0.00214964, -0.04641526],
       [ 0.6999945 , -0.71414512,  0.00210705,  0.33165768],
       [-0.00301008, -0.        ,  0.99999547,  0.08416972],
       [ 0.        ,  0.        ,  0.        ,  1.        ]])]"
7,"[array([[-0.67787967, -0.73465653, -0.02754888, -0.11321521],
       [ 0.7340506 , -0.67843923,  0.02983165,  0.26864602],
       [-0.04060625,  0.        ,  0.99917523,  0.08494058],
       [ 0.        ,  0.        ,  0.        ,  1.        ]])]","[array([[ 0.19664208, -0.98046429,  0.00465415, -0.15580431],
       [ 0.98018979,  0.19669715,  0.02319925,  0.3266481 ],
       [-0.02366149, -0.        ,  0.99972003,  0.08310844],
       [ 0.        ,  0.        ,  0.        ,  1.        ]])]","[array([[ 0.19664208, -0.98046429,  0.00465415, -0.15580431],
       [ 0.98018979,  0.19669715,  0.02319925,  0.3266481 ],
       [-0.02366149, -0.        ,  0.99972003,  0.08310844],
       [ 0.        ,  0.        ,  0.        ,  1.        ]])]","[array([[ 1.87718317e-01, -9.82222607e-01,  7.63977417e-04,
        -5.77701159e-02],
       [ 9.82214473e-01,  1.87719872e-01,  3.99742384e-03,
         2.77252410e-01],
       [-4.06977381e-03,  0.00000000e+00,  9.99991718e-01,
         8.56941629e-02],
       [ 0.00000000e+00,  0.00000000e+00,  0.00000000e+00,
         1.00000000e+00]])]","[array([[-0.71424048, -0.69989685, -0.00222144, -0.04640673],
       [ 0.69989347, -0.71424393,  0.00217681,  0.33165953],
       [-0.00311019, -0.        ,  0.99999516,  0.0841729 ],
       [ 0.        ,  0.        ,  0.        ,  1.        ]])]","[array([[-0.71424048, -0.69989685, -0.00222144, -0.04640673],
       [ 0.69989347, -0.71424393,  0.00217681,  0.33165953],
       [-0.00311019, -0.        ,  0.99999516,  0.0841729 ],
       [ 0.        ,  0.        ,  0.        ,  1.        ]])]"
8,"[array([[-0.67786813, -0.73466372, -0.02764092, -0.11321955],
       [ 0.73405372, -0.67843144,  0.02993196,  0.26864704],
       [-0.0407424 ,  0.        ,  0.99916968,  0.08494463],
       [ 0.        ,  0.        ,  0.        ,  1.        ]])]","[array([[ 0.19653615, -0.98048563,  0.0046329 , -0.15580103],
       [ 0.98021333,  0.19659074,  0.02310633,  0.32664687],
       [-0.02356621, -0.        ,  0.99972228,  0.08310241],
       [ 0.        ,  0.        ,  0.        ,  1.        ]])]","[array([[ 0.19653615, -0.98048563,  0.0046329 , -0.15580103],
       [ 0.98021333,  0.19659074,  0.02310633,  0.32664687],
       [-0.02356621, -0.        ,  0.99972228,  0.08310241],
       [ 0.        ,  0.        ,  0.        ,  1.        ]])]","[array([[ 1.86724927e-01, -9.82412070e-01,  5.70799915e-04,
        -5.77285455e-02],
       [ 9.82407480e-01,  1.86725800e-01,  3.00312397e-03,
         2.77262264e-01],
       [-3.05688831e-03,  0.00000000e+00,  9.99995328e-01,
         8.56554743e-02],
       [ 0.00000000e+00,  0.00000000e+00,  0.00000000e+00,
         1.00000000e+00]])]","[array([[-0.71424076, -0.69989634, -0.00229326, -0.04640972],
       [ 0.69989273, -0.71424444,  0.00224719,  0.33165955],
       [-0.00321075, -0.        ,  0.99999485,  0.0841771 ],
       [ 0.        ,  0.        ,  0.        ,  1.        ]])]","[array([[-0.71424076, -0.69989634, -0.00229326, -0.04640972],
       [ 0.69989273, -0.71424444,  0.00224719,  0.33165955],
       [-0.00321075, -0.        ,  0.99999485,  0.0841771 ],
       [ 0.        ,  0.        ,  0.        ,  1.        ]])]"
9,"[array([[-0.67782549, -0.73469503, -0.02785331, -0.11321986],
       [ 0.73407553, -0.67839753,  0.03016474,  0.26864594],
       [-0.0410575 ,  0.        ,  0.99915679,  0.08495369],
       [ 0.        ,  0.        ,  0.        ,  1.        ]])]","[array([[ 0.19636188, -0.98052057,  0.00462943, -0.15579465],
       [ 0.98024818,  0.19641645,  0.02311035,  0.32664598],
       [-0.02356947, -0.        ,  0.9997222 ,  0.08310351],
       [ 0.        ,  0.        ,  0.        ,  1.        ]])]","[array([[ 0.19636188, -0.98052057,  0.00462943, -0.15579465],
       [ 0.98024818,  0.19641645,  0.02311035,  0.32664598],
       [-0.02356947, -0.        ,  0.9997222 ,  0.08310351],
       [ 0.        ,  0.        ,  0.        ,  1.        ]])]","[array([[ 1.87306764e-01, -9.82301274e-01,  6.19059658e-04,
        -5.77605953e-02],
       [ 9.82295909e-01,  1.87307787e-01,  3.24654463e-03,
         2.77238928e-01],
       [-3.30503962e-03,  0.00000000e+00,  9.99994538e-01,
         8.56630329e-02],
       [ 0.00000000e+00,  0.00000000e+00,  0.00000000e+00,
         1.00000000e+00]])]","[array([[-0.71428939, -0.6998467 , -0.00229309, -0.04640749],
       [ 0.69984309, -0.71429308,  0.00224671,  0.33166346],
       [-0.00321029, -0.        ,  0.99999485,  0.08417909],
       [ 0.        ,  0.        ,  0.        ,  1.        ]])]","[array([[-0.71428939, -0.6998467 , -0.00229309, -0.04640749],
       [ 0.69984309, -0.71429308,  0.00224671,  0.33166346],
       [-0.00321029, -0.        ,  0.99999485,  0.08417909],
       [ 0.        ,  0.        ,  0.        ,  1.        ]])]"
10,"[array([[-0.67783072, -0.73469503, -0.02772576, -0.11321775],
       [ 0.73408119, -0.67839753,  0.03002661,  0.26864481],
       [-0.04086948,  0.        ,  0.99916449,  0.08494748],
       [ 0.        ,  0.        ,  0.        ,  1.        ]])]","[array([[ 0.19660326, -0.98047203,  0.0046646 , -0.15580611],
       [ 0.98019618,  0.19665859,  0.02325611,  0.32664873],
       [-0.0237193 , -0.        ,  0.99971866,  0.08310727],
       [ 0.        ,  0.        ,  0.        ,  1.        ]])]","[array([[ 0.19660326, -0.98047203,  0.0046646 , -0.15580611],
       [ 0.98019618,  0.19665859,  0.02325611,  0.32664873],
       [-0.0237193 , -0.        ,  0.99971866,  0.08310727],
       [ 0.        ,  0.        ,  0.        ,  1.        ]])]","[array([[ 1.87484709e-01, -9.82267243e-01,  7.39263545e-04,
        -5.77652793e-02],
       [ 9.82259608e-01,  1.87486166e-01,  3.87310904e-03,
         2.77251325e-01],
       [-3.94302983e-03,  0.00000000e+00,  9.99992226e-01,
         8.56883239e-02],
       [ 0.00000000e+00,  0.00000000e+00,  0.00000000e+00,
         1.00000000e+00]])]","[array([[-0.71436569, -0.69976938, -0.00211454, -0.046406  ],
       [ 0.69976632, -0.71436882,  0.00207132,  0.33166486],
       [-0.00296001, -0.        ,  0.99999562,  0.08416713],
       [ 0.        ,  0.        ,  0.        ,  1.        ]])]","[array([[-0.71436569, -0.69976938, -0.00211454, -0.046406  ],
       [ 0.69976632, -0.71436882,  0.00207132,  0.33166486],
       [-0.00296001, -0.        ,  0.99999562,  0.08416713],
       [ 0.        ,  0.        ,  0.        ,  1.        ]])]"
11,"[array([[-0.67760066, -0.73489977, -0.02792268, -0.11321523],
       [ 0.73427659, -0.67817573,  0.03025819,  0.26865296],
       [-0.04117322,  0.        ,  0.99915202,  0.08495428],
       [ 0.        ,  0.        ,  0.        ,  1.        ]])]","[array([[ 0.19692197, -0.98040789,  0.00470113, -0.15577595],
       [ 0.98012863,  0.19697808,  0.02339869,  0.32667231],
       [-0.02386628, -0.        ,  0.99971516,  0.08310395],
       [ 0.        ,  0.        ,  0.        ,  1.        ]])]","[array([[ 0.19692197, -0.98040789,  0.00470113, -0.15577595],
       [ 0.98012863,  0.19697808,  0.02339869,  0.32667231],
       [-0.02386628, -0.        ,  0.99971516,  0.08310395],
       [ 0.        ,  0.        ,  0.        ,  1.        ]])]","[array([[ 1.87864574e-01, -9.82194662e-01,  7.40754600e-04,
        -5.77611441e-02],
       [ 9.82187026e-01,  1.87866034e-01,  3.87278742e-03,
         2.77256322e-01],
       [-3.94299376e-03,  0.00000000e+00,  9.99992226e-01,
         8.56843231e-02],
       [ 0.00000000e+00,  0.00000000e+00,  0.00000000e+00,
         1.00000000e+00]])]","[array([[-0.71406817, -0.70007241, -0.00229312, -0.04638163],
       [ 0.7000688 , -0.71407186,  0.00224816,  0.33166832],
       [-0.00321132, -0.        ,  0.99999484,  0.08416812],
       [ 0.        ,  0.        ,  0.        ,  1.        ]])]","[array([[-0.71406817, -0.70007241, -0.00229312, -0.04638163],
       [ 0.7000688 , -0.71407186,  0.00224816,  0.33166832],
       [-0.00321132, -0.        ,  0.99999484,  0.08416812],
       [ 0.        ,  0.        ,  0.        ,  1.        ]])]"
12,"[array([[-0.67727795, -0.73520557, -0.02770107, -0.11321594],
       [ 0.73459139, -0.67784421,  0.03004523,  0.26865767],
       [-0.04086643,  0.        ,  0.99916462,  0.08494541],
       [ 0.        ,  0.        ,  0.        ,  1.        ]])]","[array([[ 0.19716371, -0.98035923,  0.0047166 , -0.15575042],
       [ 0.98007884,  0.19722011,  0.0234457 ,  0.32669298],
       [-0.02391541, -0.        ,  0.99971399,  0.08310351],
       [ 0.        ,  0.        ,  0.        ,  1.        ]])]","[array([[ 0.19716371, -0.98035923,  0.0047166 , -0.15575042],
       [ 0.98007884,  0.19722011,  0.0234457 ,  0.32669298],
       [-0.02391541, -0.        ,  0.99971399,  0.08310351],
       [ 0.        ,  0.        ,  0.        ,  1.        ]])]","[array([[ 1.87178432e-01, -9.82325743e-01,  6.07973274e-04,
        -5.77139378e-02],
       [ 9.82320561e-01,  1.87179419e-01,  3.19067022e-03,
         2.77269237e-01],
       [-3.24807758e-03,  0.00000000e+00,  9.99994725e-01,
         8.56527569e-02],
       [ 0.00000000e+00,  0.00000000e+00,  0.00000000e+00,
         1.00000000e+00]])]","[array([[-0.71366915, -0.70047907, -0.00232716, -0.04635491],
       [ 0.70047535, -0.71367294,  0.00228414,  0.33167288],
       [-0.00326082, -0.        ,  0.99999468,  0.08415869],
       [ 0.        ,  0.        ,  0.        ,  1.        ]])]","[array([[-0.71366915, -0.70047907, -0.00232716, -0.04635491],
       [ 0.70047535, -0.71367294,  0.00228414,  0.33167288],
       [-0.00326082, -0.        ,  0.99999468,  0.08415869],
       [ 0.        ,  0.        ,  0.        ,  1.        ]])]"
13,"[array([[-0.67713749, -0.73533328, -0.02774506, -0.11322354],
       [ 0.73471679, -0.67770567,  0.03010432,  0.26865744],
       [-0.04093969,  0.        ,  0.99916162,  0.08494705],
       [ 0.        ,  0.        ,  0.        ,  1.        ]])]","[array([[ 0.19726167, -0.98033975,  0.00466918, -0.15574845],
       [ 0.98006524,  0.19731692,  0.02319812,  0.32669885],
       [-0.02366334, -0.        ,  0.99971998,  0.08309049],
       [ 0.        ,  0.        ,  0.        ,  1.        ]])]","[array([[ 0.19726167, -0.98033975,  0.00466918, -0.15574845],
       [ 0.98006524,  0.19731692,  0.02319812,  0.32669885],
       [-0.02366334, -0.        ,  0.99971998,  0.08309049],
       [ 0.        ,  0.        ,  0.        ,  1.        ]])]","[array([[ 1.88294168e-01, -9.82112429e-01,  6.94490447e-04,
        -5.77540372e-02],
       [ 9.82105749e-01,  1.88295448e-01,  3.62232707e-03,
         2.77261953e-01],
       [-3.68830183e-03,  0.00000000e+00,  9.99993198e-01,
         8.56746180e-02],
       [ 0.00000000e+00,  0.00000000e+00,  0.00000000e+00,
         1.00000000e+00]])]","[array([[-0.71357055, -0.70057986, -0.00221961, -0.04634843],
       [ 0.70057647, -0.713574  ,  0.00217919,  0.33167103],
       [-0.00311055, -0.        ,  0.99999516,  0.08415692],
       [ 0.        ,  0.        ,  0.        ,  1.        ]])]","[array([[-0.71357055, -0.70057986, -0.00221961, -0.04634843],
       [ 0.70057647, -0.713574  ,  0.00217919,  0.33167103],
       [-0.00311055, -0.        ,  0.99999516,  0.08415692],
       [ 0.        ,  0.        ,  0.        ,  1.        ]])]"
14,"[array([[-0.67532203, -0.73698458, -0.02817581, -0.11321799],
       [ 0.73634397, -0.67590955,  0.03072177,  0.26868542],
       [-0.04168577,  0.        ,  0.99913077,  0.08496876],
       [ 0.        ,  0.        ,  0.        ,  1.        ]])]","[array([[ 0.20068694, -0.97964386,  0.00476041, -0.15557324],
       [ 0.97936837,  0.20074339,  0.02323116,  0.32684343],
       [-0.02371389, -0.        ,  0.99971879,  0.0830811 ],
       [ 0.        ,  0.        ,  0.        ,  1.        ]])]","[array([[ 0.20068694, -0.97964386,  0.00476041, -0.15557324],
       [ 0.97936837,  0.20074339,  0.02323116,  0.32684343],
       [-0.02371389, -0.        ,  0.99971879,  0.0830811 ],
       [ 0.        ,  0.        ,  0.        ,  1.        ]])]","[array([[ 1.89975436e-01, -9.81788665e-01,  5.92843200e-04,
        -5.77058242e-02],
       [ 9.81783884e-01,  1.89976361e-01,  3.06378504e-03,
         2.77295081e-01],
       [-3.12061562e-03,  0.00000000e+00,  9.99995131e-01,
         8.56559018e-02],
       [ 0.00000000e+00,  0.00000000e+00,  0.00000000e+00,
         1.00000000e+00]])]","[array([[-0.71138386, -0.70280072, -0.00203599, -0.0462085 ],
       [ 0.70279785, -0.71138677,  0.00201142,  0.33166746],
       [-0.002862  , -0.        ,  0.9999959 ,  0.08417501],
       [ 0.        ,  0.        ,  0.        ,  1.        ]])]","[array([[-0.71138386, -0.70280072, -0.00203599, -0.0462085 ],
       [ 0.70279785, -0.71138677,  0.00201142,  0.33166746],
       [-0.002862  , -0.        ,  0.9999959 ,  0.08417501],
       [ 0.        ,  0.        ,  0.        ,  1.        ]])]"
15,"[array([[-0.6746297 , -0.73762092, -0.02810963, -0.11321973],
       [ 0.73698145, -0.67521506,  0.03070762,  0.26869704],
       [-0.04163063,  0.        ,  0.99913307,  0.08497053],
       [ 0.        ,  0.        ,  0.        ,  1.        ]])]","[array([[ 0.20400879, -0.97895654,  0.00495104, -0.15550678],
       [ 0.97866838,  0.20406886,  0.02375105,  0.32692366],
       [-0.02426159, -0.        ,  0.99970564,  0.08310552],
       [ 0.        ,  0.        ,  0.        ,  1.        ]])]","[array([[ 0.20400879, -0.97895654,  0.00495104, -0.15550678],
       [ 0.97866838,  0.20406886,  0.02375105,  0.32692366],
       [-0.02426159, -0.        ,  0.99970564,  0.08310552],
       [ 0.        ,  0.        ,  0.        ,  1.        ]])]","[array([[ 1.93130695e-01, -9.81172929e-01,  4.66705240e-04,
        -5.77490373e-02],
       [ 9.81170064e-01,  1.93131258e-01,  2.37102244e-03,
         2.77290830e-01],
       [-2.41651840e-03,  0.00000000e+00,  9.99997080e-01,
         8.56941300e-02],
       [ 0.00000000e+00,  0.00000000e+00,  0.00000000e+00,
         1.00000000e+00]])]","[array([[-0.70920804, -0.70499498, -0.00245686, -0.04608287],
       [ 0.70499075, -0.7092123 ,  0.00244225,  0.33165563],
       [-0.0034642 , -0.        ,  0.999994  ,  0.08430716],
       [ 0.        ,  0.        ,  0.        ,  1.        ]])]","[array([[-0.70920804, -0.70499498, -0.00245686, -0.04608287],
       [ 0.70499075, -0.7092123 ,  0.00244225,  0.33165563],
       [-0.0034642 , -0.        ,  0.999994  ,  0.08430716],
       [ 0.        ,  0.        ,  0.        ,  1.        ]])]"
16,"[array([[-0.67354257, -0.73861065, -0.02819072, -0.11323134],
       [ 0.73796456, -0.67413226,  0.03088706,  0.26871134],
       [-0.04181778,  0.        ,  0.99912525,  0.08497372],
       [ 0.        ,  0.        ,  0.        ,  1.        ]])]","[array([[ 0.21582157, -0.97641654,  0.00563754, -0.155935  ],
       [ 0.9760836 ,  0.21589519,  0.02549655,  0.32737607],
       [-0.02611237, -0.        ,  0.99965901,  0.08319437],
       [ 0.        ,  0.        ,  0.        ,  1.        ]])]","[array([[ 0.21582157, -0.97641654,  0.00563754, -0.155935  ],
       [ 0.9760836 ,  0.21589519,  0.02549655,  0.32737607],
       [-0.02611237, -0.        ,  0.99965901,  0.08319437],
       [ 0.        ,  0.        ,  0.        ,  1.        ]])]","[array([[ 1.94339495e-01, -9.80934186e-01,  5.32117684e-04,
        -5.77019956e-02],
       [ 9.80930509e-01,  1.94340223e-01,  2.68586924e-03,
         2.77360926e-01],
       [-2.73807283e-03,  0.00000000e+00,  9.99996251e-01,
         8.56543328e-02],
       [ 0.00000000e+00,  0.00000000e+00,  0.00000000e+00,
         1.00000000e+00]])]","[array([[-0.70491429, -0.70928699, -0.0027954 , -0.04601142],
       [ 0.70928141, -0.70491983,  0.00281271,  0.3317322 ],
       [-0.00396555, -0.        ,  0.99999214,  0.0842081 ],
       [ 0.        ,  0.        ,  0.        ,  1.        ]])]","[array([[-0.70491429, -0.70928699, -0.0027954 , -0.04601142],
       [ 0.70928141, -0.70491983,  0.00281271,  0.3317322 ],
       [-0.00396555, -0.        ,  0.99999214,  0.0842081 ],
       [ 0.        ,  0.        ,  0.        ,  1.        ]])]"
17,"[array([[-0.6731582 , -0.73896965, -0.02796242, -0.11322904],
       [ 0.73833292, -0.67373872,  0.03066973,  0.26873056],
       [-0.04150336,  0.        ,  0.99913836,  0.08496168],
       [ 0.        ,  0.        ,  0.        ,  1.        ]])]","[array([[ 0.20525112, -0.97869491,  0.00531429, -0.15548911],
       [ 0.97836703,  0.20531991,  0.02533155,  0.32706287],
       [-0.02588299, -0.        ,  0.99966498,  0.08318308],
       [ 0.        ,  0.        ,  0.        ,  1.        ]])]","[array([[ 0.20525112, -0.97869491,  0.00531429, -0.15548911],
       [ 0.97836703,  0.20531991,  0.02533155,  0.32706287],
       [-0.02588299, -0.        ,  0.99966498,  0.08318308],
       [ 0.        ,  0.        ,  0.        ,  1.        ]])]","[array([[ 1.94914969e-01, -9.80819955e-01,  6.08170361e-04,
        -5.76978724e-02],
       [ 9.80815181e-01,  1.94915918e-01,  3.06032279e-03,
         2.77378619e-01],
       [-3.12016775e-03,  0.00000000e+00,  9.99995132e-01,
         8.56578918e-02],
       [ 0.00000000e+00,  0.00000000e+00,  0.00000000e+00,
         1.00000000e+00]])]","[array([[-0.70218794, -0.71198605, -0.00282098, -0.04601523],
       [ 0.71198031, -0.70219361,  0.00286032,  0.33176286],
       [-0.00401738, -0.        ,  0.99999193,  0.08418175],
       [ 0.        ,  0.        ,  0.        ,  1.        ]])]","[array([[-0.70218794, -0.71198605, -0.00282098, -0.04601523],
       [ 0.71198031, -0.70219361,  0.00286032,  0.33176286],
       [-0.00401738, -0.        ,  0.99999193,  0.08418175],
       [ 0.        ,  0.        ,  0.        ,  1.        ]])]"
18,"[array([[-0.66939724, -0.74205248, -0.03557323, -0.11331535],
       [ 0.74100688, -0.67034179,  0.03937873,  0.26862831],
       [-0.05306731,  0.        ,  0.99859094,  0.08540471],
       [ 0.        ,  0.        ,  0.        ,  1.        ]])]","[array([[ 0.20458705, -0.97883219,  0.00562825, -0.15553161],
       [ 0.978462  ,  0.20466445,  0.02691777,  0.3271249 ],
       [-0.02749988, -0.        ,  0.99962181,  0.0832555 ],
       [ 0.        ,  0.        ,  0.        ,  1.        ]])]","[array([[ 0.20458705, -0.97883219,  0.00562825, -0.15553161],
       [ 0.978462  ,  0.20466445,  0.02691777,  0.3271249 ],
       [-0.02749988, -0.        ,  0.99962181,  0.0832555 ],
       [ 0.        ,  0.        ,  0.        ,  1.        ]])]","[array([[ 0.20029621, -0.97973452, -0.00130034, -0.05775278],
       [ 0.97971388,  0.20030043, -0.0063604 ,  0.27745608],
       [ 0.00649196,  0.        ,  0.99997893,  0.08542358],
       [ 0.        ,  0.        ,  0.        ,  1.        ]])]","[array([[-0.69894251, -0.71517009, -0.00333429, -0.04586322],
       [ 0.71516195, -0.69895046,  0.00341166,  0.33185028],
       [-0.00477042, -0.        ,  0.99998862,  0.0841747 ],
       [ 0.        ,  0.        ,  0.        ,  1.        ]])]","[array([[-0.69894251, -0.71517009, -0.00333429, -0.04586322],
       [ 0.71516195, -0.69895046,  0.00341166,  0.33185028],
       [-0.00477042, -0.        ,  0.99998862,  0.0841747 ],
       [ 0.        ,  0.        ,  0.        ,  1.        ]])]"
19,"[array([[-0.66863352, -0.74275316, -0.03531236, -0.11330543],
       [ 0.74171948, -0.66956534,  0.03917223,  0.26865318],
       [-0.05273923,  0.        ,  0.99860832,  0.08538936],
       [ 0.        ,  0.        ,  0.        ,  1.        ]])]","[array([[ 0.20464373, -0.97881787,  0.00604278, -0.15554935],
       [ 0.97839143,  0.20473292,  0.02889024,  0.32721745],
       [-0.02951544, -0.        ,  0.99956432,  0.08335659],
       [ 0.        ,  0.        ,  0.        ,  1.        ]])]","[array([[ 0.20464373, -0.97881787,  0.00604278, -0.15554935],
       [ 0.97839143,  0.20473292,  0.02889024,  0.32721745],
       [-0.02951544, -0.        ,  0.99956432,  0.08335659],
       [ 0.        ,  0.        ,  0.        ,  1.        ]])]","[array([[ 2.05558865e-01, -9.78644274e-01, -9.68669083e-04,
        -5.77469865e-02],
       [ 9.78633408e-01,  2.05561148e-01, -4.61168106e-03,
         2.77540967e-01],
       [ 4.71231599e-03,  0.00000000e+00,  9.99988897e-01,
         8.54824441e-02],
       [ 0.00000000e+00,  0.00000000e+00,  0.00000000e+00,
         1.00000000e+00]])]","[array([[-0.69316441, -0.72076932, -0.00383245, -0.04553495],
       [ 0.7207583 , -0.69317501,  0.00398501,  0.33196373],
       [-0.00552883, -0.        ,  0.99998472,  0.08421482],
       [ 0.        ,  0.        ,  0.        ,  1.        ]])]","[array([[-0.69316441, -0.72076932, -0.00383245, -0.04553495],
       [ 0.7207583 , -0.69317501,  0.00398501,  0.33196373],
       [-0.00552883, -0.        ,  0.99998472,  0.08421482],
       [ 0.        ,  0.        ,  0.        ,  1.        ]])]"
20,"[array([[-0.66778008, -0.74356142, -0.03444104, -0.11329374],
       [ 0.74257444, -0.66866764,  0.0382986 ,  0.26868524],
       [-0.05150697,  0.        ,  0.99867264,  0.08534176],
       [ 0.        ,  0.        ,  0.        ,  1.        ]])]","[array([[ 0.20221912, -0.97932071,  0.00619535, -0.15553151],
       [ 0.97886143,  0.202314  ,  0.02998922,  0.32729762],
       [-0.03062247, -0.        ,  0.99953102,  0.08341179],
       [ 0.        ,  0.        ,  0.        ,  1.        ]])]","[array([[ 0.20221912, -0.97932071,  0.00619535, -0.15553151],
       [ 0.97886143,  0.202314  ,  0.02998922,  0.32729762],
       [-0.03062247, -0.        ,  0.99953102,  0.08341179],
       [ 0.        ,  0.        ,  0.        ,  1.        ]])]","[array([[ 0.20866914, -0.97798556, -0.00119552, -0.05773481],
       [ 0.97796951,  0.20867257, -0.00560305,  0.27756345],
       [ 0.00572917,  0.        ,  0.99998359,  0.08546367],
       [ 0.        ,  0.        ,  0.        ,  1.        ]])]","[array([[-0.69017995, -0.723626  , -0.00412926, -0.04529214],
       [ 0.72361305, -0.6901923 ,  0.00432929,  0.33201696],
       [-0.00598277, -0.        ,  0.9999821 ,  0.08429525],
       [ 0.        ,  0.        ,  0.        ,  1.        ]])]","[array([[-0.69017995, -0.723626  , -0.00412926, -0.04529214],
       [ 0.72361305, -0.6901923 ,  0.00432929,  0.33201696],
       [-0.00598277, -0.        ,  0.9999821 ,  0.08429525],
       [ 0.        ,  0.        ,  0.        ,  1.        ]])]"
21,"[array([[-0.66537368, -0.74585658, -0.03123836, -0.11330375],
       [ 0.74503594, -0.66610657,  0.03497839,  0.26877223],
       [-0.04689693,  0.        ,  0.99889973,  0.08518549],
       [ 0.        ,  0.        ,  0.        ,  1.        ]])]","[array([[ 0.19784837, -0.98021264,  0.00626139, -0.15541153],
       [ 0.97972214,  0.19794742,  0.03100566,  0.3274686 ],
       [-0.03163156, -0.        ,  0.9994996 ,  0.08346188],
       [ 0.        ,  0.        ,  0.        ,  1.        ]])]","[array([[ 0.19784837, -0.98021264,  0.00626139, -0.15541153],
       [ 0.97972214,  0.19794742,  0.03100566,  0.3274686 ],
       [-0.03163156, -0.        ,  0.9994996 ,  0.08346188],
       [ 0.        ,  0.        ,  0.        ,  1.        ]])]","[array([[ 2.13901695e-01, -9.76854740e-01, -9.39319243e-04,
        -5.77129838e-02],
       [ 9.76845321e-01,  2.13903758e-01, -4.28967898e-03,
         2.77617061e-01],
       [ 4.39131716e-03,  0.00000000e+00,  9.99990358e-01,
         8.55266345e-02],
       [ 0.00000000e+00,  0.00000000e+00,  0.00000000e+00,
         1.00000000e+00]])]","[array([[-0.68148716, -0.73182659, -0.00225949, -0.04518432],
       [ 0.73182256, -0.6814909 ,  0.00242638,  0.33189654],
       [-0.00331551, -0.        ,  0.9999945 ,  0.08424943],
       [ 0.        ,  0.        ,  0.        ,  1.        ]])]","[array([[-0.68148716, -0.73182659, -0.00225949, -0.04518432],
       [ 0.73182256, -0.6814909 ,  0.00242638,  0.33189654],
       [-0.00331551, -0.        ,  0.9999945 ,  0.08424943],
       [ 0.        ,  0.        ,  0.        ,  1.        ]])]"
22,"[array([[-0.66945192, -0.74246553, -0.02406346, -0.11315282],
       [ 0.74198635, -0.66988427,  0.02667071,  0.26887157],
       [-0.03592181,  0.        ,  0.9993546 ,  0.08489365],
       [ 0.        ,  0.        ,  0.        ,  1.        ]])]","[array([[ 0.19119941, -0.98153191,  0.00615543, -0.15538303],
       [ 0.98102366,  0.19129846,  0.03158284,  0.32749729],
       [-0.03217709, -0.        ,  0.99948218,  0.08348923],
       [ 0.        ,  0.        ,  0.        ,  1.        ]])]","[array([[ 0.19119941, -0.98153191,  0.00615543, -0.15538303],
       [ 0.98102366,  0.19129846,  0.03158284,  0.32749729],
       [-0.03217709, -0.        ,  0.99948218,  0.08348923],
       [ 0.        ,  0.        ,  0.        ,  1.        ]])]","[array([[ 2.16396873e-01, -9.76305188e-01, -7.57287305e-04,
        -5.76789985e-02],
       [ 9.76299210e-01,  2.16398198e-01, -3.41658818e-03,
         2.77648432e-01],
       [ 3.49950838e-03,  0.00000000e+00,  9.99993877e-01,
         8.55456110e-02],
       [ 0.00000000e+00,  0.00000000e+00,  0.00000000e+00,
         1.00000000e+00]])]","[array([[-0.67915514, -0.7339917 , -0.00211631, -0.04497825],
       [ 0.73398814, -0.67915844,  0.00228718,  0.33190575],
       [-0.00311608, -0.        ,  0.99999515,  0.08426109],
       [ 0.        ,  0.        ,  0.        ,  1.        ]])]","[array([[-0.67915514, -0.7339917 , -0.00211631, -0.04497825],
       [ 0.73398814, -0.67915844,  0.00228718,  0.33190575],
       [-0.00311608, -0.        ,  0.99999515,  0.08426109],
       [ 0.        ,  0.        ,  0.        ,  1.        ]])]"
23,"[array([[-0.66853087, -0.74328477, -0.02437682, -0.11318477],
       [ 0.74279114, -0.66897515,  0.02708459,  0.26889189],
       [-0.03643905,  0.        ,  0.99933588,  0.08488123],
       [ 0.        ,  0.        ,  0.        ,  1.        ]])]","[array([[ 0.18648876, -0.98243802,  0.00612183, -0.15538231],
       [ 0.98190911,  0.18658921,  0.03223295,  0.32746494],
       [-0.03280914, -0.        ,  0.99946164,  0.08350233],
       [ 0.        ,  0.        ,  0.        ,  1.        ]])]","[array([[ 0.18648876, -0.98243802,  0.00612183, -0.15538231],
       [ 0.98190911,  0.18658921,  0.03223295,  0.32746494],
       [-0.03280914, -0.        ,  0.99946164,  0.08350233],
       [ 0.        ,  0.        ,  0.        ,  1.        ]])]","[array([[ 2.18148594e-01, -9.75915357e-01, -6.38406120e-04,
        -5.76627773e-02],
       [ 9.75911178e-01,  2.18149528e-01, -2.85597839e-03,
         2.77661667e-01],
       [ 2.92646116e-03,  0.00000000e+00,  9.99995718e-01,
         8.55674473e-02],
       [ 0.00000000e+00,  0.00000000e+00,  0.00000000e+00,
         1.00000000e+00]])]","[array([[-0.67789696, -0.73515409, -0.00204455, -0.04483525],
       [ 0.73515075, -0.67790004,  0.00221723,  0.33189808],
       [-0.003016  , -0.        ,  0.99999545,  0.08429891],
       [ 0.        ,  0.        ,  0.        ,  1.        ]])]","[array([[-0.67789696, -0.73515409, -0.00204455, -0.04483525],
       [ 0.73515075, -0.67790004,  0.00221723,  0.33189808],
       [-0.003016  , -0.        ,  0.99999545,  0.08429891],
       [ 0.        ,  0.        ,  0.        ,  1.        ]])]"
24,"[array([[-0.66873991, -0.74327543, -0.01812671, -0.11314798],
       [ 0.74300253, -0.66898553,  0.02013966,  0.26892003],
       [-0.02709582,  0.        ,  0.99963284,  0.08447595],
       [ 0.        ,  0.        ,  0.        ,  1.        ]])]","[array([[ 0.16127181, -0.98690566,  0.00293772, -0.15451652],
       [ 0.98674196,  0.16129856,  0.01797445,  0.32701545],
       [-0.01821294, -0.        ,  0.99983413,  0.08273617],
       [ 0.        ,  0.        ,  0.        ,  1.        ]])]","[array([[ 0.16127181, -0.98690566,  0.00293772, -0.15451652],
       [ 0.98674196,  0.16129856,  0.01797445,  0.32701545],
       [-0.01821294, -0.        ,  0.99983413,  0.08273617],
       [ 0.        ,  0.        ,  0.        ,  1.        ]])]","[array([[ 2.20133852e-01, -9.75469639e-01, -2.65950322e-04,
        -5.76452913e-02],
       [ 9.75468927e-01,  2.20134013e-01, -1.17849333e-03,
         2.77687185e-01],
       [ 1.20812917e-03,  0.00000000e+00,  9.99999270e-01,
         8.56169379e-02],
       [ 0.00000000e+00,  0.00000000e+00,  0.00000000e+00,
         1.00000000e+00]])]","[array([[-0.67652563, -0.73641546, -0.00231122, -0.0446442 ],
       [ 0.73641116, -0.67652958,  0.00251581,  0.33192084],
       [-0.00341629, -0.        ,  0.99999416,  0.08433764],
       [ 0.        ,  0.        ,  0.        ,  1.        ]])]","[array([[-0.67652563, -0.73641546, -0.00231122, -0.0446442 ],
       [ 0.73641116, -0.67652958,  0.00251581,  0.33192084],
       [-0.00341629, -0.        ,  0.99999416,  0.08433764],
       [ 0.        ,  0.        ,  0.        ,  1.        ]])]"
25,"[array([[-0.66566643, -0.74575497, -0.02716125, -0.11329403],
       [ 0.74513494, -0.66622033,  0.03040381,  0.26891072],
       [-0.04076917,  0.        ,  0.99916859,  0.08494423],
       [ 0.        ,  0.        ,  0.        ,  1.        ]])]","[array([[ 0.15665422, -0.98764939,  0.00285403, -0.15455603],
