,LP,LD1,LD2,RP,RD1,RD2
0,"[array([[-0.50281252, -0.86435368, -0.00850172, -0.17358102],
       [ 0.86423015, -0.50288439,  0.01461269,  0.19567093],
       [-0.01690591,  0.        ,  0.99985708,  0.08458869],
       [ 0.        ,  0.        ,  0.        ,  1.        ]])]","[array([[ 0.89640022, -0.44323514,  0.0030432 , -0.19555309],
       [ 0.44323259,  0.89640538,  0.00150473,  0.26251103],
       [-0.00339489, -0.        ,  0.99999424,  0.08300996],
       [ 0.        ,  0.        ,  0.        ,  1.        ]])]","[array([[ 0.89640022, -0.44323514,  0.0030432 , -0.19555309],
       [ 0.44323259,  0.89640538,  0.00150473,  0.26251103],
       [-0.00339489, -0.        ,  0.99999424,  0.08300996],
       [ 0.        ,  0.        ,  0.        ,  1.        ]])]","[array([[ 0.74493273, -0.66712717, -0.0040696 , -0.11374325],
       [ 0.66711721,  0.74494385, -0.00364449,  0.20683295],
       [ 0.00546297,  0.        ,  0.99998508,  0.08436863],
       [ 0.        ,  0.        ,  0.        ,  1.        ]])]","[array([[-0.69860813, -0.71485056,  0.03058349, -0.07231146],
       [ 0.71416654, -0.69927725, -0.0312646 ,  0.23639444],
       [ 0.04373586, -0.        ,  0.99904313,  0.0820542 ],
       [ 0.        ,  0.        ,  0.        ,  1.        ]])]","[array([[-0.69860813, -0.71485056,  0.03058349, -0.07231146],
       [ 0.71416654, -0.69927725, -0.0312646 ,  0.23639444],
       [ 0.04373586, -0.        ,  0.99904313,  0.0820542 ],
       [ 0.        ,  0.        ,  0.        ,  1.        ]])]"
1,"[array([[-0.50315521, -0.86415542, -0.00838125, -0.17356609],
       [ 0.86403556, -0.50322501,  0.01439257,  0.19566842],
       [-0.01665507,  0.        ,  0.99986129,  0.08458107],
       [ 0.        ,  0.        ,  0.        ,  1.        ]])]","[array([[ 0.89646039, -0.44311432,  0.00290965, -0.19555145],
       [ 0.44311199,  0.89646511,  0.00143821,  0.26251213],
       [-0.00324569, -0.        ,  0.99999473,  0.08300521],
       [ 0.        ,  0.        ,  0.        ,  1.        ]])]","[array([[ 0.89646039, -0.44311432,  0.00290965, -0.19555145],
       [ 0.44311199,  0.89646511,  0.00143821,  0.26251213],
       [-0.00324569, -0.        ,  0.99999473,  0.08300521],
       [ 0.        ,  0.        ,  0.        ,  1.        ]])]","[array([[ 0.74518068, -0.66684682, -0.0045893 , -0.11375231],
       [ 0.66683418,  0.74519482, -0.00410679,  0.20683752],
       [ 0.00615852,  0.        ,  0.99998104,  0.08434205],
       [ 0.        ,  0.        ,  0.        ,  1.        ]])]","[array([[-0.69889916, -0.71457328,  0.03041364, -0.07229139],
       [ 0.71389765, -0.6995606 , -0.03106632,  0.2363981 ],
       [ 0.04347535, -0.        ,  0.9990545 ,  0.08206848],
       [ 0.        ,  0.        ,  0.        ,  1.        ]])]","[array([[-0.69889916, -0.71457328,  0.03041364, -0.07229139],
       [ 0.71389765, -0.6995606 , -0.03106632,  0.2363981 ],
       [ 0.04347535, -0.        ,  0.9990545 ,  0.08206848],
       [ 0.        ,  0.        ,  0.        ,  1.        ]])]"
