,LP,LD1,LD2,RP,RD1,RD2
0,"[array([[ 0.11260086, -0.9936243 ,  0.00563904,  0.05728326],
       [ 0.99238064,  0.11274197,  0.04969828,  0.32087311],
       [-0.05001718, -0.        ,  0.99874836,  0.08659638],
       [ 0.        ,  0.        ,  0.        ,  1.        ]])]","[array([[ 0.73921357, -0.67342495,  0.00788228,  0.0717806 ],
       [ 0.67338667,  0.73925559,  0.00718036,  0.39075395],
       [-0.01066246, -0.        ,  0.99994315,  0.08376607],
       [ 0.        ,  0.        ,  0.        ,  1.        ]])]","[array([[ 0.73921357, -0.67342495,  0.00788228,  0.0717806 ],
       [ 0.67338667,  0.73925559,  0.00718036,  0.39075395],
       [-0.01066246, -0.        ,  0.99994315,  0.08376607],
       [ 0.        ,  0.        ,  0.        ,  1.        ]])]","[array([[ 0.83909092, -0.54348084,  0.02355854,  0.12055697],
       [ 0.54326676,  0.83942157,  0.0152529 ,  0.32262069],
       [-0.0280652 ,  0.        ,  0.99960609,  0.08679966],
       [ 0.        ,  0.        ,  0.        ,  1.        ]])]","[array([[ 0.42893021, -0.9032081 , -0.01529737,  0.17076391],
       [ 0.90263424,  0.42920291, -0.03219155,  0.35642377],
       [ 0.03564134,  0.        ,  0.99936465,  0.08356861],
       [ 0.        ,  0.        ,  0.        ,  1.        ]])]","[array([[ 0.42893021, -0.9032081 , -0.01529737,  0.17076391],
       [ 0.90263424,  0.42920291, -0.03219155,  0.35642377],
       [ 0.03564134,  0.        ,  0.99936465,  0.08356861],
       [ 0.        ,  0.        ,  0.        ,  1.        ]])]"
1,"[array([[ 0.11160261, -0.99373858,  0.00533806,  0.05731633],
       [ 0.99260379,  0.1117302 ,  0.04747722,  0.32085461],
       [-0.04777637, -0.        ,  0.99885806,  0.08651019],
       [ 0.        ,  0.        ,  0.        ,  1.        ]])]","[array([[ 0.73923888, -0.67339759,  0.00784581,  0.07177791],
       [ 0.67335967,  0.73928052,  0.00714661,  0.39075392],
       [-0.01061276, -0.        ,  0.99994368,  0.08376649],
       [ 0.        ,  0.        ,  0.        ,  1.        ]])]","[array([[ 0.73923888, -0.67339759,  0.00784581,  0.07177791],
       [ 0.67335967,  0.73928052,  0.00714661,  0.39075392],
       [-0.01061276, -0.        ,  0.99994368,  0.08376649],
       [ 0.        ,  0.        ,  0.        ,  1.        ]])]","[array([[ 0.83900033, -0.54361591,  0.02366835,  0.1205548 ],
       [ 0.54339973,  0.83933411,  0.0153294 ,  0.32261594],
       [-0.02819896,  0.        ,  0.99960233,  0.08680066],
       [ 0.        ,  0.        ,  0.        ,  1.        ]])]","[array([[ 0.42899781, -0.90317606, -0.01529338,  0.1707562 ],
       [ 0.9026027 ,  0.42927032, -0.03217696,  0.3564237 ],
       [ 0.03562646,  0.        ,  0.99936518,  0.08356508],
       [ 0.        ,  0.        ,  0.        ,  1.        ]])]","[array([[ 0.42899781, -0.90317606, -0.01529338,  0.1707562 ],
       [ 0.9026027 ,  0.42927032, -0.03217696,  0.3564237 ],
       [ 0.03562646,  0.        ,  0.99936518,  0.08356508],
       [ 0.        ,  0.        ,  0.        ,  1.        ]])]"
2,"[array([[ 0.11180204, -0.99371626,  0.0053203 ,  0.05731211],
       [ 0.99259303,  0.11192855,  0.04723429,  0.3208561 ],
       [-0.04753297, -0.        ,  0.99886967,  0.08649774],
       [ 0.        ,  0.        ,  0.        ,  1.        ]])]","[array([[ 0.73918644, -0.67345474,  0.00788117,  0.07177932],
       [ 0.67341647,  0.73922846,  0.00717993,  0.39075088],
       [-0.01066134, -0.        ,  0.99994317,  0.08376803],
       [ 0.        ,  0.        ,  0.        ,  1.        ]])]","[array([[ 0.73918644, -0.67345474,  0.00788117,  0.07177932],
       [ 0.67341647,  0.73922846,  0.00717993,  0.39075088],
       [-0.01066134, -0.        ,  0.99994317,  0.08376803],
       [ 0.        ,  0.        ,  0.        ,  1.        ]])]","[array([[ 0.8390092 , -0.54360236,  0.02366517,  0.12055372],
       [ 0.54338625,  0.83934288,  0.0153268 ,  0.32261632],
       [-0.02819488,  0.        ,  0.99960245,  0.08680057],
       [ 0.        ,  0.        ,  0.        ,  1.        ]])]","[array([[ 0.42887308, -0.90323634, -0.01523142,  0.17076434],
       [ 0.90266725,  0.42914346, -0.03205821,  0.3564239 ],
       [ 0.0354926 ,  0.        ,  0.99936994,  0.08357534],
       [ 0.        ,  0.        ,  0.        ,  1.        ]])]","[array([[ 0.42887308, -0.90323634, -0.01523142,  0.17076434],
       [ 0.90266725,  0.42914346, -0.03205821,  0.3564239 ],
       [ 0.0354926 ,  0.        ,  0.99936994,  0.08357534],
       [ 0.        ,  0.        ,  0.        ,  1.        ]])]"
3,"[array([[ 0.11281333, -0.99360017,  0.00564393,  0.05728078],
       [ 0.99235906,  0.11295442,  0.04964663,  0.32087701],
       [-0.04996641, -0.        ,  0.9987509 ,  0.08658925],
       [ 0.        ,  0.        ,  0.        ,  1.        ]])]","[array([[ 0.73921721, -0.67342008,  0.00795746,  0.0717835 ],
       [ 0.67338106,  0.73926003,  0.00724875,  0.39075515],
       [-0.01076408, -0.        ,  0.99994207,  0.0837693 ],
       [ 0.        ,  0.        ,  0.        ,  1.        ]])]","[array([[ 0.73921721, -0.67342008,  0.00795746,  0.0717835 ],
       [ 0.67338106,  0.73926003,  0.00724875,  0.39075515],
       [-0.01076408, -0.        ,  0.99994207,  0.0837693 ],
       [ 0.        ,  0.        ,  0.        ,  1.        ]])]","[array([[ 0.83899102, -0.54361591,  0.02399605,  0.12056001],
       [ 0.5433937 ,  0.83933411,  0.01554165,  0.32261607],
       [-0.02858939,  0.        ,  0.99959124,  0.0868144 ],
       [ 0.        ,  0.        ,  0.        ,  1.        ]])]","[array([[ 0.42883486, -0.90325453, -0.0152287 ,  0.1707693 ],
       [ 0.90268553,  0.42910517, -0.032056  ,  0.3564218 ],
       [ 0.03548944,  0.        ,  0.99937005,  0.08357344],
       [ 0.        ,  0.        ,  0.        ,  1.        ]])]","[array([[ 0.42883486, -0.90325453, -0.0152287 ,  0.1707693 ],
       [ 0.90268553,  0.42910517, -0.032056  ,  0.3564218 ],
       [ 0.03548944,  0.        ,  0.99937005,  0.08357344],
       [ 0.        ,  0.        ,  0.        ,  1.        ]])]"
4,"[array([[ 0.11311525, -0.99356596,  0.00562325,  0.05726641],
       [ 0.99234051,  0.11325493,  0.04933179,  0.32088485],
       [-0.04965125, -0.        ,  0.99876662,  0.08658119],
       [ 0.        ,  0.        ,  0.        ,  1.        ]])]","[array([[ 0.73925898, -0.67337511,  0.00788218,  0.07177738],
       [ 0.67333684,  0.739301  ,  0.0071793 ,  0.39075774],
       [-0.01066167, -0.        ,  0.99994316,  0.08376904],
       [ 0.        ,  0.        ,  0.        ,  1.        ]])]","[array([[ 0.73925898, -0.67337511,  0.00788218,  0.07177738],
       [ 0.67333684,  0.739301  ,  0.0071793 ,  0.39075774],
       [-0.01066167, -0.        ,  0.99994316,  0.08376904],
       [ 0.        ,  0.        ,  0.        ,  1.        ]])]","[array([[ 0.83898258, -0.54364564,  0.02361448,  0.12055994],
       [ 0.54343042,  0.83931485,  0.0152957 ,  0.32261808],
       [-0.02813542,  0.        ,  0.99960412,  0.08680023],
       [ 0.        ,  0.        ,  0.        ,  1.        ]])]","[array([[ 0.42915099, -0.90310135, -0.01540688,  0.17075435],
       [ 0.90251993,  0.42942746, -0.03240123,  0.35643449],
       [ 0.03587773,  0.        ,  0.99935619,  0.08355709],
       [ 0.        ,  0.        ,  0.        ,  1.        ]])]","[array([[ 0.42915099, -0.90310135, -0.01540688,  0.17075435],
       [ 0.90251993,  0.42942746, -0.03240123,  0.35643449],
       [ 0.03587773,  0.        ,  0.99935619,  0.08355709],
       [ 0.        ,  0.        ,  0.        ,  1.        ]])]"
5,"[array([[ 0.11285526, -0.99359556,  0.00561682,  0.05727589],
       [ 0.99236725,  0.11299494,  0.04939022,  0.32087929],
       [-0.04970857, -0.        ,  0.99876376,  0.08658347],
       [ 0.        ,  0.        ,  0.        ,  1.        ]])]","[array([[ 0.73921357, -0.67342495,  0.00788228,  0.0717816 ],
       [ 0.67338667,  0.73925559,  0.00718036,  0.39075595],
       [-0.01066246, -0.        ,  0.99994315,  0.08376707],
       [ 0.        ,  0.        ,  0.        ,  1.        ]])]","[array([[ 0.73921357, -0.67342495,  0.00788228,  0.0717816 ],
       [ 0.67338667,  0.73925559,  0.00718036,  0.39075595],
       [-0.01066246, -0.        ,  0.99994315,  0.08376707],
       [ 0.        ,  0.        ,  0.        ,  1.        ]])]","[array([[ 0.83899299, -0.54362947,  0.0236169 ,  0.12055685],
       [ 0.54341422,  0.83932532,  0.01529662,  0.32261953],
       [-0.02813795,  0.        ,  0.99960405,  0.08679829],
       [ 0.        ,  0.        ,  0.        ,  1.        ]])]","[array([[ 0.4289922 , -0.90317795, -0.01533893,  0.17075835],
       [ 0.90260116,  0.42926634, -0.03227317,  0.3564277 ],
       [ 0.0357329 ,  0.        ,  0.99936138,  0.08355969],
       [ 0.        ,  0.        ,  0.        ,  1.        ]])]","[array([[ 0.4289922 , -0.90317795, -0.01533893,  0.17075835],
       [ 0.90260116,  0.42926634, -0.03227317,  0.3564277 ],
       [ 0.0357329 ,  0.        ,  0.99936138,  0.08355969],
       [ 0.        ,  0.        ,  0.        ,  1.        ]])]"
6,"[array([[ 0.111849  , -0.99371089,  0.00533577,  0.05731512],
       [ 0.99258208,  0.1119762 ,  0.04735123,  0.32085389],
       [-0.04765091, -0.        ,  0.99886405,  0.08650438],
       [ 0.        ,  0.        ,  0.        ,  1.        ]])]","[array([[ 0.73912114, -0.67352465,  0.00803049,  0.07178709],
       [ 0.6734849 ,  0.73916476,  0.00731736,  0.39074942],
       [-0.01086427, -0.        ,  0.99994098,  0.08377548],
       [ 0.        ,  0.        ,  0.        ,  1.        ]])]","[array([[ 0.73912114, -0.67352465,  0.00803049,  0.07178709],
       [ 0.6734849 ,  0.73916476,  0.00731736,  0.39074942],
       [-0.01086427, -0.        ,  0.99994098,  0.08377548],
       [ 0.        ,  0.        ,  0.        ,  1.        ]])]","[array([[ 0.83912217, -0.54343228,  0.02356578,  0.1205557 ],
       [ 0.54321811,  0.83945301,  0.01525566,  0.32262406],
       [-0.02807278,  0.        ,  0.99960588,  0.08679983],
       [ 0.        ,  0.        ,  0.        ,  1.        ]])]","[array([[ 0.42901108, -0.90316791, -0.01540215,  0.17075889],
       [ 0.90258641,  0.42928747, -0.03240423,  0.35642545],
       [ 0.03587841,  0.        ,  0.99935616,  0.08355807],
       [ 0.        ,  0.        ,  0.        ,  1.        ]])]","[array([[ 0.42901108, -0.90316791, -0.01540215,  0.17075889],
       [ 0.90258641,  0.42928747, -0.03240423,  0.35642545],
       [ 0.03587841,  0.        ,  0.99935616,  0.08355807],
       [ 0.        ,  0.        ,  0.        ,  1.        ]])]"
7,"[array([[ 0.11174783, -0.9937224 ,  0.00531112,  0.05731626],
       [ 0.99260195,  0.11187397,  0.04717614,  0.32085528],
       [-0.04747416, -0.        ,  0.99887247,  0.08649842],
       [ 0.        ,  0.        ,  0.        ,  1.        ]])]","[array([[ 0.73919308, -0.67344744,  0.00788291,  0.07178315],
       [ 0.67340915,  0.73923511,  0.00718138,  0.39075515],
       [-0.0106636 , -0.        ,  0.99994314,  0.0837661 ],
       [ 0.        ,  0.        ,  0.        ,  1.        ]])]","[array([[ 0.73919308, -0.67344744,  0.00788291,  0.07178315],
       [ 0.67340915,  0.73923511,  0.00718138,  0.39075515],
       [-0.0106636 , -0.        ,  0.99994314,  0.0837661 ],
       [ 0.        ,  0.        ,  0.        ,  1.        ]])]","[array([[ 0.83894979, -0.54368894,  0.02378228,  0.12055929],
       [ 0.54347062,  0.8392868 ,  0.01540613,  0.32261693],
       [-0.0283363 ,  0.        ,  0.99959845,  0.08680673],
       [ 0.        ,  0.        ,  0.        ,  1.        ]])]","[array([[ 0.42907145, -0.9031406 , -0.01532162,  0.17075534],
       [ 0.90256534,  0.42934492, -0.0322295 ,  0.35642891],
       [ 0.03568603,  0.        ,  0.99936305,  0.08356418],
       [ 0.        ,  0.        ,  0.        ,  1.        ]])]","[array([[ 0.42907145, -0.9031406 , -0.01532162,  0.17075534],
       [ 0.90256534,  0.42934492, -0.0322295 ,  0.35642891],
       [ 0.03568603,  0.        ,  0.99936305,  0.08356418],
       [ 0.        ,  0.        ,  0.        ,  1.        ]])]"
8,"[array([[ 0.11214284, -0.99367765,  0.00535894,  0.05730392],
       [ 0.99254502,  0.11227081,  0.04743049,  0.32086607],
       [-0.04773227, -0.        ,  0.99886017,  0.0865082 ],
       [ 0.        ,  0.        ,  0.        ,  1.        ]])]","[array([[ 0.73927524, -0.67335507,  0.00806595,  0.07177795],
       [ 0.673315  ,  0.73931925,  0.00734628,  0.39075852],
       [-0.01090997, -0.        ,  0.99994048,  0.08377794],
       [ 0.        ,  0.        ,  0.        ,  1.        ]])]","[array([[ 0.73927524, -0.67335507,  0.00806595,  0.07177795],
       [ 0.673315  ,  0.73931925,  0.00734628,  0.39075852],
       [-0.01090997, -0.        ,  0.99994048,  0.08377794],
       [ 0.        ,  0.        ,  0.        ,  1.        ]])]","[array([[ 0.83910136, -0.54346201,  0.02362116,  0.1205559 ],
       [ 0.5432468 ,  0.83943376,  0.0152927 ,  0.32262525],
       [-0.0281394 ,  0.        ,  0.99960401,  0.08680132],
       [ 0.        ,  0.        ,  0.        ,  1.        ]])]","[array([[ 0.42893302, -0.90320715, -0.01527459,  0.17076383],
       [ 0.902635  ,  0.42920491, -0.03214344,  0.35642477],
       [ 0.03558811,  0.        ,  0.99936654,  0.0835703 ],
       [ 0.        ,  0.        ,  0.        ,  1.        ]])]","[array([[ 0.42893302, -0.90320715, -0.01527459,  0.17076383],
       [ 0.902635  ,  0.42920491, -0.03214344,  0.35642477],
       [ 0.03558811,  0.        ,  0.99936654,  0.0835703 ],
       [ 0.        ,  0.        ,  0.        ,  1.        ]])]"
9,"[array([[ 0.1119384 , -0.99370083,  0.00533434,  0.05731123],
       [ 0.99257443,  0.11206543,  0.04730042,  0.32085708],
       [-0.04760027, -0.        ,  0.99886646,  0.08650225],
       [ 0.        ,  0.        ,  0.        ,  1.        ]])]","[array([[ 0.73919126, -0.67344987,  0.00784533,  0.07178219],
       [ 0.67341195,  0.73923289,  0.00714719,  0.39075205],
       [-0.0106128 , -0.        ,  0.99994368,  0.08376349],
       [ 0.        ,  0.        ,  0.        ,  1.        ]])]","[array([[ 0.73919126, -0.67344987,  0.00784533,  0.07178219],
       [ 0.67341195,  0.73923289,  0.00714719,  0.39075205],
       [-0.0106128 , -0.        ,  0.99994368,  0.08376349],
       [ 0.        ,  0.        ,  0.        ,  1.        ]])]","[array([[ 0.83892897, -0.54372126,  0.0237774 ,  0.12056046],
       [ 0.54350301,  0.83926586,  0.01540427,  0.32261202],
       [-0.02833119,  0.        ,  0.99959859,  0.08680462],
       [ 0.        ,  0.        ,  0.        ,  1.        ]])]","[array([[ 0.42909033, -0.90313055, -0.01538486,  0.17075988],
       [ 0.9025506 ,  0.42936605, -0.03236058,  0.35642567],
       [ 0.03583156,  0.        ,  0.99935784,  0.08356056],
       [ 0.        ,  0.        ,  0.        ,  1.        ]])]","[array([[ 0.42909033, -0.90313055, -0.01538486,  0.17075988],
       [ 0.9025506 ,  0.42936605, -0.03236058,  0.35642567],
       [ 0.03583156,  0.        ,  0.99935784,  0.08356056],
       [ 0.        ,  0.        ,  0.        ,  1.        ]])]"
10,"[array([[ 0.11173303, -0.99372396,  0.00533064,  0.05731957],
       [ 0.99259497,  0.11186012,  0.04735543,  0.32085428],
       [-0.04765451, -0.        ,  0.99886388,  0.08650546],
       [ 0.        ,  0.        ,  0.        ,  1.        ]])]","[array([[ 0.73920915, -0.67342982,  0.00788112,  0.07178071],
       [ 0.67339155,  0.73925116,  0.0071794 ,  0.39075178],
       [-0.01066095, -0.        ,  0.99994317,  0.08377002],
       [ 0.        ,  0.        ,  0.        ,  1.        ]])]","[array([[ 0.73920915, -0.67342982,  0.00788112,  0.07178071],
       [ 0.67339155,  0.73925116,  0.0071794 ,  0.39075178],
       [-0.01066095, -0.        ,  0.99994317,  0.08377002],
       [ 0.        ,  0.        ,  0.        ,  1.        ]])]","[array([[ 0.83894248, -0.5437077 ,  0.02361038,  0.12056028],
       [ 0.54349251,  0.83927465,  0.01529553,  0.32261133],
       [-0.02813189,  0.        ,  0.99960422,  0.08680115],
       [ 0.        ,  0.        ,  0.        ,  1.        ]])]","[array([[ 0.42893206, -0.9032062 , -0.0153576 ,  0.17076488],
       [ 0.90262782,  0.4292069 , -0.03231794,  0.35642103],
       [ 0.03578135,  0.        ,  0.99935964,  0.08356215],
       [ 0.        ,  0.        ,  0.        ,  1.        ]])]","[array([[ 0.42893206, -0.9032062 , -0.0153576 ,  0.17076488],
       [ 0.90262782,  0.4292069 , -0.03231794,  0.35642103],
       [ 0.03578135,  0.        ,  0.99935964,  0.08356215],
       [ 0.        ,  0.        ,  0.        ,  1.        ]])]"
11,"[array([[ 0.11187563, -0.99370776,  0.00535927,  0.05731256],
       [ 0.99256956,  0.11200392,  0.04754784,  0.32086049],
       [-0.04784892, -0.        ,  0.99885458,  0.08650982],
       [ 0.        ,  0.        ,  0.        ,  1.        ]])]","[array([[ 0.73926523, -0.67336779,  0.00792093,  0.07178021],
       [ 0.67332914,  0.73930766,  0.00721445,  0.39075802],
       [-0.01071399, -0.        ,  0.9999426 ,  0.0837667 ],
       [ 0.        ,  0.        ,  0.        ,  1.        ]])]","[array([[ 0.73926523, -0.67336779,  0.00792093,  0.07178021],
       [ 0.67332914,  0.73930766,  0.00721445,  0.39075802],
       [-0.01071399, -0.        ,  0.9999426 ,  0.0837667 ],
       [ 0.        ,  0.        ,  0.        ,  1.        ]])]","[array([[ 0.83904809, -0.54355383,  0.02339931,  0.12056228],
       [ 0.54334259,  0.83937431,  0.0151527 ,  0.32261957],
       [-0.02787708,  0.        ,  0.99961136,  0.08679445],
       [ 0.        ,  0.        ,  0.        ,  1.        ]])]","[array([[ 0.42875919, -0.9032909 , -0.01520213,  0.17077321],
       [ 0.90272366,  0.42902861, -0.03200705,  0.35641453],
       [ 0.03543383,  0.        ,  0.99937202,  0.0835782 ],
       [ 0.        ,  0.        ,  0.        ,  1.        ]])]","[array([[ 0.42875919, -0.9032909 , -0.01520213,  0.17077321],
       [ 0.90272366,  0.42902861, -0.03200705,  0.35641453],
       [ 0.03543383,  0.        ,  0.99937202,  0.0835782 ],
       [ 0.        ,  0.        ,  0.        ,  1.        ]])]"
12,"[array([[ 0.11187729, -0.99370776,  0.0053245 ,  0.05731452],
       [ 0.99258428,  0.11200392,  0.04723939,  0.32085916],
       [-0.04753852, -0.        ,  0.99886941,  0.08649886],
       [ 0.        ,  0.        ,  0.        ,  1.        ]])]","[array([[ 0.7391802 , -0.67346204,  0.00784244,  0.07178449],
       [ 0.67342414,  0.73922181,  0.00714479,  0.39074861],
       [-0.01060904, -0.        ,  0.99994372,  0.08376337],
       [ 0.        ,  0.        ,  0.        ,  1.        ]])]","[array([[ 0.7391802 , -0.67346204,  0.00784244,  0.07178449],
       [ 0.67342414,  0.73922181,  0.00714479,  0.39074861],
       [-0.01060904, -0.        ,  0.99994372,  0.08376337],
       [ 0.        ,  0.        ,  0.        ,  1.        ]])]","[array([[ 0.83902268, -0.54358619,  0.02355836,  0.12056156],
       [ 0.54337203,  0.83935336,  0.01525698,  0.32261673],
       [-0.02806728,  0.        ,  0.99960604,  0.08679771],
       [ 0.        ,  0.        ,  0.        ,  1.        ]])]","[array([[ 0.42887439, -0.90323539, -0.01525097,  0.17077031],
       [ 0.90266484,  0.42914547, -0.03209917,  0.35641801],
       [ 0.03553799,  0.        ,  0.99936833,  0.08357189],
       [ 0.        ,  0.        ,  0.        ,  1.        ]])]","[array([[ 0.42887439, -0.90323539, -0.01525097,  0.17077031],
       [ 0.90266484,  0.42914547, -0.03209917,  0.35641801],
       [ 0.03553799,  0.        ,  0.99936833,  0.08357189],
       [ 0.        ,  0.        ,  0.        ,  1.        ]])]"
13,"[array([[ 0.11149516, -0.99375085,  0.00529893,  0.05732859],
       [ 0.99263044,  0.11162101,  0.04717588,  0.32084877],
       [-0.04747255, -0.        ,  0.99887254,  0.08649539],
       [ 0.        ,  0.        ,  0.        ,  1.        ]])]","[array([[ 0.73920915, -0.67342982,  0.00788112,  0.07178171],
       [ 0.67339155,  0.73925116,  0.0071794 ,  0.39074978],
       [-0.01066095, -0.        ,  0.99994317,  0.08376402],
       [ 0.        ,  0.        ,  0.        ,  1.        ]])]","[array([[ 0.73920915, -0.67342982,  0.00788112,  0.07178171],
       [ 0.67339155,  0.73925116,  0.0071794 ,  0.39074978],
       [-0.01066095, -0.        ,  0.99994317,  0.08376402],
       [ 0.        ,  0.        ,  0.        ,  1.        ]])]","[array([[ 0.83902115, -0.54358619,  0.02361298,  0.1205576 ],
       [ 0.54337104,  0.83935336,  0.01529235,  0.32261975],
       [-0.02813235,  0.        ,  0.99960421,  0.08679716],
       [ 0.        ,  0.        ,  0.        ,  1.        ]])]","[array([[ 0.42867863, -0.90332917, -0.01519991,  0.17077124],
       [ 0.90276186,  0.42894802, -0.03200977,  0.35641121],
       [ 0.03543533,  0.        ,  0.99937197,  0.08357216],
       [ 0.        ,  0.        ,  0.        ,  1.        ]])]","[array([[ 0.42867863, -0.90332917, -0.01519991,  0.17077124],
       [ 0.90276186,  0.42894802, -0.03200977,  0.35641121],
       [ 0.03543533,  0.        ,  0.99937197,  0.08357216],
       [ 0.        ,  0.        ,  0.        ,  1.        ]])]"
14,"[array([[ 0.11163183, -0.99373547,  0.00530601,  0.05731971],
       [ 0.99261483,  0.11175786,  0.04718033,  0.32084967],
       [-0.04747775, -0.        ,  0.9988723 ,  0.0864955 ],
       [ 0.        ,  0.        ,  0.        ,  1.        ]])]","[array([[ 0.73930371, -0.67332771,  0.00773351,  0.07177617],
       [ 0.67329088,  0.73934416,  0.00704298,  0.3907534 ],
       [-0.01045996, -0.        ,  0.99994529,  0.08375563],
       [ 0.        ,  0.        ,  0.        ,  1.        ]])]","[array([[ 0.73930371, -0.67332771,  0.00773351,  0.07177617],
       [ 0.67329088,  0.73934416,  0.00704298,  0.3907534 ],
       [-0.01045996, -0.        ,  0.99994529,  0.08375563],
       [ 0.        ,  0.        ,  0.        ,  1.        ]])]","[array([[ 0.83897062, -0.5436592 ,  0.0237269 ,  0.12055708],
       [ 0.54344192,  0.83930607,  0.01536906,  0.32261674],
       [-0.02826966,  0.        ,  0.99960033,  0.08680024],
       [ 0.        ,  0.        ,  0.        ,  1.        ]])]","[array([[ 0.42913159, -0.90311234, -0.01530293,  0.17075082],
       [ 0.90253866,  0.42940436, -0.03218473,  0.35643058],
       [ 0.03563757,  0.        ,  0.99936478,  0.08356373],
       [ 0.        ,  0.        ,  0.        ,  1.        ]])]","[array([[ 0.42913159, -0.90311234, -0.01530293,  0.17075082],
       [ 0.90253866,  0.42940436, -0.03218473,  0.35643058],
       [ 0.03563757,  0.        ,  0.99936478,  0.08356373],
       [ 0.        ,  0.        ,  0.        ,  1.        ]])]"
15,"[array([[ 0.08242436, -0.99658904,  0.00406375,  0.05761749],
       [ 0.99538001,  0.08252448,  0.04907499,  0.3207612 ],
       [-0.04924295, -0.        ,  0.99878683,  0.08656504],
       [ 0.        ,  0.        ,  0.        ,  1.        ]])]","[array([[ 0.71784664, -0.69615757,  0.00779993,  0.06998477],
       [ 0.69611647,  0.71788902,  0.00756381,  0.391033  ],
       [-0.01086508, -0.        ,  0.99994097,  0.08374651],
       [ 0.        ,  0.        ,  0.        ,  1.        ]])]","[array([[ 0.71784664, -0.69615757,  0.00779993,  0.06998477],
       [ 0.69611647,  0.71788902,  0.00756381,  0.391033  ],
       [-0.01086508, -0.        ,  0.99994097,  0.08374651],
       [ 0.        ,  0.        ,  0.        ,  1.        ]])]","[array([[ 0.81888037, -0.57356143,  0.02149954,  0.12084572],
       [ 0.57336385,  0.81916255,  0.01505355,  0.32433572],
       [-0.02624575,  0.        ,  0.99965552,  0.0867559 ],
       [ 0.        ,  0.        ,  0.        ,  1.        ]])]","[array([[ 0.40147263, -0.91576454, -0.01396534,  0.16995041],
       [ 0.915211  ,  0.40171545, -0.03183587,  0.35982088],
       [ 0.03476425,  0.        ,  0.99939554,  0.0835905 ],
       [ 0.        ,  0.        ,  0.        ,  1.        ]])]","[array([[ 0.40147263, -0.91576454, -0.01396534,  0.16995041],
       [ 0.915211  ,  0.40171545, -0.03183587,  0.35982088],
       [ 0.03476425,  0.        ,  0.99939554,  0.0835905 ],
       [ 0.        ,  0.        ,  0.        ,  1.        ]])]"
16,"[array([[ 0.07635324, -0.99707351,  0.00382005,  0.05693198],
       [ 0.99582795,  0.07644874,  0.04982251,  0.32134206],
       [-0.04996875, -0.        ,  0.99875078,  0.0865793 ],
       [ 0.        ,  0.        ,  0.        ,  1.        ]])]","[array([[ 0.71374558, -0.70036714,  0.00728871,  0.06885724],
       [ 0.70033062,  0.71378279,  0.00715172,  0.39169251],
       [-0.01021138, -0.        ,  0.99994786,  0.08371272],
       [ 0.        ,  0.        ,  0.        ,  1.        ]])]","[array([[ 0.71374558, -0.70036714,  0.00728871,  0.06885724],
       [ 0.70033062,  0.71378279,  0.00715172,  0.39169251],
       [-0.01021138, -0.        ,  0.99994786,  0.08371272],
       [ 0.        ,  0.        ,  0.        ,  1.        ]])]","[array([[ 0.81537855, -0.57855146,  0.02088126,  0.12014488],
       [ 0.57836184,  0.81564588,  0.01481143,  0.32531255],
       [-0.02560088,  0.        ,  0.99967224,  0.08673946],
       [ 0.        ,  0.        ,  0.        ,  1.        ]])]","[array([[ 0.39645473, -0.9179512 , -0.01375605,  0.16900491],
       [ 0.91739913,  0.39669331, -0.0318316 ,  0.36110724],
       [ 0.03467679,  0.        ,  0.99939858,  0.08357728],
       [ 0.        ,  0.        ,  0.        ,  1.        ]])]","[array([[ 0.39645473, -0.9179512 , -0.01375605,  0.16900491],
       [ 0.91739913,  0.39669331, -0.0318316 ,  0.36110724],
       [ 0.03467679,  0.        ,  0.99939858,  0.08357728],
       [ 0.        ,  0.        ,  0.        ,  1.        ]])]"
17,"[array([[ 0.08103322, -0.99670336,  0.00400422,  0.05356536],
       [ 0.99548871,  0.08113209,  0.04919163,  0.33206393],
       [-0.04935433, -0.        ,  0.99878133,  0.08653754],
       [ 0.        ,  0.        ,  0.        ,  1.        ]])]","[array([[ 0.71735704, -0.69666644,  0.00739904,  0.06584305],
       [ 0.69662939,  0.7173952 ,  0.00718525,  0.40235546],
       [-0.01031376, -0.        ,  0.99994681,  0.08369898],
       [ 0.        ,  0.        ,  0.        ,  1.        ]])]","[array([[ 0.71735704, -0.69666644,  0.00739904,  0.06584305],
       [ 0.69662939,  0.7173952 ,  0.00718525,  0.40235546],
       [-0.01031376, -0.        ,  0.99994681,  0.08369898],
       [ 0.        ,  0.        ,  0.        ,  1.        ]])]","[array([[ 0.81808669, -0.57470994,  0.02103952,  0.11677731],
       [ 0.57451997,  0.81835719,  0.01477548,  0.33568267],
       [-0.02570946,  0.        ,  0.99966946,  0.08671789],
       [ 0.        ,  0.        ,  0.        ,  1.        ]])]","[array([[ 0.40270433, -0.91522144, -0.01410433,  0.16579171],
       [ 0.91466062,  0.40295125, -0.0320351 ,  0.37128537],
       [ 0.03500257,  0.        ,  0.99938722,  0.08354892],
       [ 0.        ,  0.        ,  0.        ,  1.        ]])]","[array([[ 0.40270433, -0.91522144, -0.01410433,  0.16579171],
       [ 0.91466062,  0.40295125, -0.0320351 ,  0.37128537],
       [ 0.03500257,  0.        ,  0.99938722,  0.08354892],
       [ 0.        ,  0.        ,  0.        ,  1.        ]])]"
18,"[array([[ 0.08611917, -0.99627557,  0.0042977 ,  0.0452393 ],
       [ 0.99503731,  0.08622634,  0.04965646,  0.34737099],
       [-0.04984209, -0.        ,  0.99875711,  0.08650346],
       [ 0.        ,  0.        ,  0.        ,  1.        ]])]","[array([[ 0.72076755, -0.69312972,  0.00808227,  0.05785651],
       [ 0.69308615,  0.72081286,  0.00777187,  0.41761252],
       [-0.01121272, -0.        ,  0.99993714,  0.08369556],
       [ 0.        ,  0.        ,  0.        ,  1.        ]])]","[array([[ 0.72076755, -0.69312972,  0.00808227,  0.05785651],
       [ 0.69308615,  0.72081286,  0.00777187,  0.41761252],
       [-0.01121272, -0.        ,  0.99993714,  0.08369556],
       [ 0.        ,  0.        ,  0.        ,  1.        ]])]","[array([[ 0.82396041, -0.56616378,  0.02340535,  0.10845758],
       [ 0.5659355 ,  0.82429277,  0.01607592,  0.35083064],
       [-0.02839446,  0.        ,  0.9995968 ,  0.08671604],
       [ 0.        ,  0.        ,  0.        ,  1.        ]])]","[array([[ 0.4071262 , -0.91325642, -0.01452496,  0.15766811],
       [ 0.91267576,  0.40738522, -0.03256136,  0.38606546],
       [ 0.03565413,  0.        ,  0.99936419,  0.0834722 ],
       [ 0.        ,  0.        ,  0.        ,  1.        ]])]","[array([[ 0.4071262 , -0.91325642, -0.01452496,  0.15766811],
       [ 0.91267576,  0.40738522, -0.03256136,  0.38606546],
       [ 0.03565413,  0.        ,  0.99936419,  0.0834722 ],
       [ 0.        ,  0.        ,  0.        ,  1.        ]])]"
19,"[array([[ 0.07899547, -0.99686734,  0.00390124,  0.02928814],
       [ 0.99565391,  0.07909174,  0.049171  ,  0.36159002],
       [-0.04932552, -0.        ,  0.99878276,  0.08638489],
       [ 0.        ,  0.        ,  0.        ,  1.        ]])]","[array([[ 0.71530156, -0.6987723 ,  0.00780709,  0.04139693],
       [ 0.69873068,  0.71534417,  0.00762623,  0.43191741],
       [-0.01091376, -0.        ,  0.99994044,  0.08356306],
       [ 0.        ,  0.        ,  0.        ,  1.        ]])]","[array([[ 0.71530156, -0.6987723 ,  0.00780709,  0.04139693],
       [ 0.69873068,  0.71534417,  0.00762623,  0.43191741],
       [-0.01091376, -0.        ,  0.99994044,  0.08356306],
       [ 0.        ,  0.        ,  0.        ,  1.        ]])]","[array([[ 0.81956935, -0.57247397,  0.02407568,  0.09248594],
       [ 0.57222712,  0.8199229 ,  0.01680975,  0.36552293],
       [-0.02936334,  0.        ,  0.9995688 ,  0.08663374],
       [ 0.        ,  0.        ,  0.        ,  1.        ]])]","[array([[ 0.39787986, -0.91732933, -0.01408942,  0.14148714],
       [ 0.91675473,  0.39812924, -0.03246343,  0.40107448],
       [ 0.03538907,  0.        ,  0.99937361,  0.08335063],
       [ 0.        ,  0.        ,  0.        ,  1.        ]])]","[array([[ 0.39787986, -0.91732933, -0.01408942,  0.14148714],
       [ 0.91675473,  0.39812924, -0.03246343,  0.40107448],
       [ 0.03538907,  0.        ,  0.99937361,  0.08335063],
       [ 0.        ,  0.        ,  0.        ,  1.        ]])]"
20,"[array([[ 0.06824117, -0.99766309,  0.00339176,  0.00799798],
       [ 0.99643308,  0.06832541,  0.04952525,  0.3724261 ],
       [-0.04964125, -0.        ,  0.99876711,  0.08623496],
       [ 0.        ,  0.        ,  0.        ,  1.        ]])]","[array([[ 0.70788809, -0.70628085,  0.0078618 ,  0.01930889],
       [ 0.7062373 ,  0.70793174,  0.00784346,  0.44289535],
       [-0.0111053 , -0.        ,  0.99993833,  0.08340915],
       [ 0.        ,  0.        ,  0.        ,  1.        ]])]","[array([[ 0.70788809, -0.70628085,  0.0078618 ,  0.01930889],
       [ 0.7062373 ,  0.70793174,  0.00784346,  0.44289535],
       [-0.0111053 , -0.        ,  0.99993833,  0.08340915],
       [ 0.        ,  0.        ,  0.        ,  1.        ]])]","[array([[ 0.80959256, -0.58650401,  0.02393617,  0.0711979 ],
       [ 0.58624784,  0.80994632,  0.01733283,  0.37691632],
       [-0.02955279,  0.        ,  0.99956322,  0.08651098],
       [ 0.        ,  0.        ,  0.        ,  1.        ]])]","[array([[ 0.39049295, -0.92050004, -0.01396164,  0.11969445],
       [ 0.91991225,  0.39074247, -0.03289044,  0.4132485 ],
       [ 0.03573105,  0.        ,  0.99936144,  0.08317475],
       [ 0.        ,  0.        ,  0.        ,  1.        ]])]","[array([[ 0.39049295, -0.92050004, -0.01396164,  0.11969445],
       [ 0.91991225,  0.39074247, -0.03289044,  0.4132485 ],
       [ 0.03573105,  0.        ,  0.99936144,  0.08317475],
       [ 0.        ,  0.        ,  0.        ,  1.        ]])]"
21,"[array([[ 0.04391501, -0.99903299,  0.00213592, -0.0182777 ],
       [ 0.99785341,  0.04396692,  0.04853322,  0.38149321],
       [-0.0485802 , -0.        ,  0.99881929,  0.0859982 ],
       [ 0.        ,  0.        ,  0.        ,  1.        ]])]","[array([[ 0.69156882, -0.7222718 ,  0.00748419, -0.00868611],
       [ 0.72222951,  0.69160932,  0.00781601,  0.45227334],
       [-0.01082142, -0.        ,  0.99994145,  0.08318212],
       [ 0.        ,  0.        ,  0.        ,  1.        ]])]","[array([[ 0.69156882, -0.7222718 ,  0.00748419, -0.00868611],
       [ 0.72222951,  0.69160932,  0.00781601,  0.45227334],
       [-0.01082142, -0.        ,  0.99994145,  0.08318212],
       [ 0.        ,  0.        ,  0.        ,  1.        ]])]","[array([[ 0.79595031, -0.60498889,  0.02124972,  0.04478144],
       [ 0.6047734 ,  0.79623391,  0.01614581,  0.38752465],
       [-0.02668778,  0.        ,  0.99964382,  0.08621581],
       [ 0.        ,  0.        ,  0.        ,  1.        ]])]","[array([[ 0.36881089, -0.92941127, -0.01316104,  0.09238841],
       [ 0.92882007,  0.36904565, -0.03314501,  0.4249819 ],
       [ 0.03566238,  0.        ,  0.9993639 ,  0.08297394],
       [ 0.        ,  0.        ,  0.        ,  1.        ]])]","[array([[ 0.36881089, -0.92941127, -0.01316104,  0.09238841],
       [ 0.92882007,  0.36904565, -0.03314501,  0.4249819 ],
       [ 0.03566238,  0.        ,  0.9993639 ,  0.08297394],
       [ 0.        ,  0.        ,  0.        ,  1.        ]])]"
22,"[array([[ 1.54131823e-02, -9.99880926e-01,  7.53831521e-04,
        -4.76649008e-02],
       [ 9.98687202e-01,  1.54316055e-02,  4.88440271e-02,
         3.86907941e-01],
       [-4.88498438e-02, -0.00000000e+00,  9.98806134e-01,
         8.57872365e-02],
       [ 0.00000000e+00,  0.00000000e+00,  0.00000000e+00,
         1.00000000e+00]])]","[array([[ 0.67988325, -0.73327363,  0.00827936, -0.04046102],
       [ 0.73321927,  0.67993366,  0.00892886,  0.45847633],
       [-0.01217671, -0.        ,  0.99992586,  0.08301422],
       [ 0.        ,  0.        ,  0.        ,  1.        ]])]","[array([[ 0.67988325, -0.73327363,  0.00827936, -0.04046102],
       [ 0.73321927,  0.67993366,  0.00892886,  0.45847633],
       [-0.01217671, -0.        ,  0.99992586,  0.08301422],
       [ 0.        ,  0.        ,  0.        ,  1.        ]])]","[array([[ 0.77783939, -0.62808748,  0.02172559,  0.01522412],
       [ 0.62784263,  0.77814273,  0.01753608,  0.39472834],
       [-0.02791981,  0.        ,  0.99961017,  0.0860264 ],
       [ 0.        ,  0.        ,  0.        ,  1.        ]])]","[array([[ 0.34169816, -0.93973377, -0.01195016,  0.06175266],
       [ 0.9391596 ,  0.34190706, -0.0328451 ,  0.43353895],
       [ 0.03495149,  0.        ,  0.99938901,  0.08276454],
       [ 0.        ,  0.        ,  0.        ,  1.        ]])]","[array([[ 0.34169816, -0.93973377, -0.01195016,  0.06175266],
       [ 0.9391596 ,  0.34190706, -0.0328451 ,  0.43353895],
       [ 0.03495149,  0.        ,  0.99938901,  0.08276454],
       [ 0.        ,  0.        ,  0.        ,  1.        ]])]"
23,"[array([[-1.23124421e-02, -9.99924019e-01, -6.00206067e-04,
        -7.85213370e-02],
       [ 9.98738042e-01, -1.23270628e-02,  4.86864124e-02,
         3.88403048e-01],
       [-4.86901119e-02,  0.00000000e+00,  9.98813933e-01,
         8.55456585e-02],
       [ 0.00000000e+00,  0.00000000e+00,  0.00000000e+00,
         1.00000000e+00]])]","[array([[ 0.66098968, -0.75030086,  0.01188559, -0.07347983],
       [ 0.75017959,  0.66109653,  0.01348936,  0.46022822],
       [-0.0179786 , -0.        ,  0.99983837,  0.08305472],
       [ 0.        ,  0.        ,  0.        ,  1.        ]])]","[array([[ 0.66098968, -0.75030086,  0.01188559, -0.07347983],
       [ 0.75017959,  0.66109653,  0.01348936,  0.46022822],
       [-0.0179786 , -0.        ,  0.99983837,  0.08305472],
       [ 0.        ,  0.        ,  0.        ,  1.        ]])]","[array([[ 0.76096165, -0.64848299,  0.02017855, -0.01587683],
       [ 0.64825512,  0.76122914,  0.01718989,  0.39806299],
       [-0.02650786,  0.        ,  0.9996486 ,  0.08577078],
       [ 0.        ,  0.        ,  0.        ,  1.        ]])]","[array([[ 0.31589912, -0.94872826, -0.01106501,  0.02950639],
       [ 0.9481468 ,  0.31609285, -0.03321078,  0.43817121],
       [ 0.03500558,  0.        ,  0.99938712,  0.08250982],
       [ 0.        ,  0.        ,  0.        ,  1.        ]])]","[array([[ 0.31589912, -0.94872826, -0.01106501,  0.02950639],
       [ 0.9481468 ,  0.31609285, -0.03321078,  0.43817121],
       [ 0.03500558,  0.        ,  0.99938712,  0.08250982],
       [ 0.        ,  0.        ,  0.        ,  1.        ]])]"
24,"[array([[-0.04360744, -0.99904687, -0.00193602, -0.10619735],
       [ 0.99806373, -0.0436504 ,  0.04431059,  0.38394285],
       [-0.04435287,  0.        ,  0.99901593,  0.0851795 ],
       [ 0.        ,  0.        ,  0.        ,  1.        ]])]","[array([[ 0.62409185, -0.78130111,  0.00882822, -0.10275398],
       [ 0.78122295,  0.62415429,  0.01105095,  0.4551098 ],
       [-0.01414429, -0.        ,  0.99989996,  0.08262279],
       [ 0.        ,  0.        ,  0.        ,  1.        ]])]","[array([[ 0.62409185, -0.78130111,  0.00882822, -0.10275398],
       [ 0.78122295,  0.62415429,  0.01105095,  0.4551098 ],
       [-0.01414429, -0.        ,  0.99989996,  0.08262279],
       [ 0.        ,  0.        ,  0.        ,  1.        ]])]","[array([[ 0.74111655, -0.67108248,  0.01986367, -0.04396887],
       [ 0.67084157,  0.7413827 ,  0.01798014,  0.39541892],
       [-0.02679274,  0.        ,  0.99964101,  0.08556716],
       [ 0.        ,  0.        ,  0.        ,  1.        ]])]","[array([[ 2.88286490e-01, -9.57491394e-01, -1.00563818e-02,
         2.51982958e-04],
       [ 9.56909366e-01,  2.88461836e-01, -3.33801489e-02,
         4.36922632e-01],
       [ 3.48620877e-02,  0.00000000e+00,  9.99392133e-01,
         8.22843856e-02],
       [ 0.00000000e+00,  0.00000000e+00,  0.00000000e+00,
         1.00000000e+00]])]","[array([[ 2.88286490e-01, -9.57491394e-01, -1.00563818e-02,
         2.51982958e-04],
       [ 9.56909366e-01,  2.88461836e-01, -3.33801489e-02,
         4.36922632e-01],
       [ 3.48620877e-02,  0.00000000e+00,  9.99392133e-01,
         8.22843856e-02],
       [ 0.00000000e+00,  0.00000000e+00,  0.00000000e+00,
         1.00000000e+00]])]"
25,"[array([[-0.0762125 , -0.99708697, -0.00303924, -0.1296587 ],
       [ 0.99629508, -0.07627308,  0.03973075,  0.37331138],
       [-0.03984683,  0.        ,  0.9992058 ,  0.08481857],
       [ 0.        ,  0.        ,  0.        ,  1.        ]])]","[array([[ 0.60070238, -0.7994204 ,  0.00914693, -0.12845873],
       [ 0.79932774,  0.60077202,  0.01217141,  0.44457685],
       [-0.01522529, -0.        ,  0.99988409,  0.08247116],
       [ 0.        ,  0.        ,  0.        ,  1.        ]])]","[array([[ 0.60070238, -0.7994204 ,  0.00914693, -0.12845873],
       [ 0.79932774,  0.60077202,  0.01217141,  0.44457685],
       [-0.01522529, -0.        ,  0.99988409,  0.08247116],
       [ 0.        ,  0.        ,  0.        ,  1.        ]])]","[array([[ 0.72093939, -0.69271203,  0.01991053, -0.06803686],
       [ 0.69244801,  0.72121428,  0.01912367,  0.38659094],
       [-0.02760695,  0.        ,  0.99961886,  0.0853904 ],
       [ 0.        ,  0.        ,  0.        ,  1.        ]])]","[array([[ 0.25905583, -0.96582024, -0.00901907, -0.024912  ],
       [ 0.96523544,  0.25921279, -0.03360481,  0.42947469],
       [ 0.03479407,  0.        ,  0.9993945 ,  0.08208655],
       [ 0.        ,  0.        ,  0.        ,  1.        ]])]","[array([[ 0.25905583, -0.96582024, -0.00901907, -0.024912  ],
       [ 0.96523544,  0.25921279, -0.03360481,  0.42947469],
       [ 0.03479407,  0.        ,  0.9993945 ,  0.08208655],
       [ 0.        ,  0.        ,  0.        ,  1.        ]])]"
26,"[array([[-0.10515889, -0.99444585, -0.00436685, -0.14758626],
       [ 0.99358953, -0.10524952,  0.04125997,  0.35999538],
       [-0.04149041,  0.        ,  0.9991389 ,  0.08470139],
       [ 0.        ,  0.        ,  0.        ,  1.        ]])]","[array([[ 0.57741068, -0.81640705,  0.00874298, -0.14842049],
       [ 0.81631348,  0.57747687,  0.01236038,  0.43125088],
       [-0.01513997, -0.        ,  0.99988538,  0.08229545],
       [ 0.        ,  0.        ,  0.        ,  1.        ]])]","[array([[ 0.57741068, -0.81640705,  0.00874298, -0.14842049],
       [ 0.81631348,  0.57747687,  0.01236038,  0.43125088],
