,transforms
0,"[array([[-0.41234682, -0.90962958, -0.01075949,  0.1410835 ],
       [ 0.91101749, -0.41519427, -0.00942596,  0.383233  ],
       [ 0.004151  , -0.01370216,  0.99989769,  0.238067  ],
       [ 0.        ,  0.        ,  0.        ,  1.        ]])]"
1,"[array([[-0.41236258, -0.90968097, -0.01066618,  0.141084  ],
       [ 0.91100997, -0.41508378, -0.00947715,  0.383236  ],
       [ 0.00423588, -0.01363802,  0.9998982 ,  0.238066  ],
       [ 0.        ,  0.        ,  0.        ,  1.        ]])]"
2,"[array([[-0.4122096 , -0.90968981, -0.01069382,  0.1410825 ],
       [ 0.91107978, -0.41506534, -0.0093474 ,  0.3832365 ],
       [ 0.00410854, -0.01360921,  0.99989913,  0.2380665 ],
       [ 0.        ,  0.        ,  0.        ,  1.        ]])]"
3,"[array([[-0.41224112, -0.90968199, -0.0106502 ,  0.141086  ],
       [ 0.91106474, -0.41508151, -0.00951448,  0.3832365 ],
       [ 0.00427829, -0.01363897,  0.99989802,  0.238064  ],
       [ 0.        ,  0.        ,  0.        ,  1.        ]])]"
4,"[array([[-0.41235007, -0.90972602, -0.01076975,  0.141083  ],
       [ 0.91101583, -0.41498195, -0.00947671,  0.3832385 ],
       [ 0.00419296, -0.0137316 ,  0.9998971 ,  0.2380645 ],
       [ 0.        ,  0.        ,  0.        ,  1.        ]])]"
5,"[array([[-0.41228885, -0.90965899, -0.01067853,  0.141084  ],
       [ 0.91104313, -0.41513085, -0.00952863,  0.383238  ],
       [ 0.00427879, -0.01367085,  0.99989758,  0.2380655 ],
       [ 0.        ,  0.        ,  0.        ,  1.        ]])]"
6,"[array([[-0.41230818, -0.90965195, -0.01066615,  0.1410845 ],
       [ 0.91103459, -0.41514737, -0.00947659,  0.383236  ],
       [ 0.00423619, -0.01363805,  0.99989821,  0.238065  ],
       [ 0.        ,  0.        ,  0.        ,  1.        ]])]"
7,"[array([[-0.41227294, -0.90967557, -0.01064929,  0.1410835 ],
       [ 0.91105034, -0.41509559, -0.00951495,  0.383239  ],
       [ 0.00427862, -0.01363841,  0.99989802,  0.238064  ],
       [ 0.        ,  0.        ,  0.        ,  1.        ]])]"
8,"[array([[-0.41238508, -0.90969176, -0.01064812,  0.141085  ],
       [ 0.91099959, -0.41506016, -0.00951513,  0.383237  ],
       [ 0.00427759, -0.01363724,  0.99989803,  0.238063  ],
       [ 0.        ,  0.        ,  0.        ,  1.        ]])]"
9,"[array([[-0.41246479, -0.90964577, -0.01074011,  0.141087  ],
       [ 0.91096389, -0.41515883, -0.009466  ,  0.383236  ],
       [ 0.0041937 , -0.01370099,  0.99989752,  0.238064  ],
       [ 0.        ,  0.        ,  0.        ,  1.        ]])]"
10,"[array([[-0.41213891, -0.90966502, -0.01069124,  0.1410855 ],
       [ 0.91111078, -0.41511659, -0.00957765,  0.3832335 ],
       [ 0.00432047, -0.0137027 ,  0.99989698,  0.238065  ],
       [ 0.        ,  0.        ,  0.        ,  1.        ]])]"
11,"[array([[-0.4122603 , -0.90965938, -0.01063293,  0.141086  ],
       [ 0.91105586, -0.41513103, -0.00955321,  0.383236  ],
       [ 0.00432041, -0.01363957,  0.99989783,  0.238062  ],
       [ 0.        ,  0.        ,  0.        ,  1.        ]])]"
12,"[array([[-0.41219034, -0.90962919, -0.0108065 ,  0.1410855 ],
       [ 0.91108849, -0.41519409, -0.0093983 ,  0.383234  ],
       [ 0.00410877, -0.01373344,  0.99989744,  0.2380635 ],
       [ 0.        ,  0.        ,  0.        ,  1.        ]])]"
13,"[array([[-0.41219027, -0.9097128 , -0.01064742,  0.1410865 ],
       [ 0.91108833, -0.41501599, -0.00937283,  0.383236  ],
       [ 0.00415113, -0.01357734,  0.99989939,  0.238063  ],
       [ 0.        ,  0.        ,  0.        ,  1.        ]])]"
14,"[array([[-0.41229241, -0.90965423, -0.01076113,  0.1410845 ],
       [ 0.91104211, -0.41514022, -0.00942614,  0.3832365 ],
       [ 0.00415131, -0.01370348,  0.99989767,  0.238061  ],
       [ 0.        ,  0.        ,  0.        ,  1.        ]])]"
15,"[array([[-0.4406915 , -0.89633775, -0.01105847,  0.1394735 ],
       [ 0.89765157, -0.44314839, -0.00939312,  0.3857285 ],
       [ 0.00355875, -0.01407615,  0.99989473,  0.238047  ],
       [ 0.        ,  0.        ,  0.        ,  1.        ]])]"
16,"[array([[-0.44590462, -0.89340966, -0.01040271,  0.1383885 ],
       [ 0.89507143, -0.44903574, -0.00967856,  0.3868    ],
       [ 0.00402479, -0.01364128,  0.99989905,  0.23804   ],
       [ 0.        ,  0.        ,  0.        ,  1.        ]])]"
17,"[array([[-0.44077395, -0.89620402, -0.00674396,  0.135348  ],
       [ 0.89758759, -0.44350144, -0.0115622 ,  0.3970935 ],
       [ 0.00740619, -0.01117282,  0.99991041,  0.2379835 ],
       [ 0.        ,  0.        ,  0.        ,  1.        ]])]"
18,"[array([[-0.43668607, -0.89798319, -0.01038859,  0.127345  ],
       [ 0.89960551, -0.43982403, -0.0093765 ,  0.4120205 ],
       [ 0.00389898, -0.0134541 ,  0.99990207,  0.237967  ],
       [ 0.        ,  0.        ,  0.        ,  1.        ]])]"
19,"[array([[-0.44349449, -0.89465816, -0.0102424 ,  0.110918  ],
       [ 0.89626728, -0.44654682, -0.00974746,  0.4268725 ],
       [ 0.0041943 , -0.0135175 ,  0.99990004,  0.237853  ],
       [ 0.        ,  0.        ,  0.        ,  1.        ]])]"
20,"[array([[-0.45406111, -0.88964998, -0.01017286,  0.0889155 ],
       [ 0.89096145, -0.45644408, -0.00970196,  0.438612  ],
       [ 0.00402536, -0.01348002,  0.99990119,  0.2376995 ],
       [ 0.        ,  0.        ,  0.        ,  1.        ]])]"
21,"[array([[-0.47512415, -0.87846702, -0.00966003,  0.061027  ],
       [ 0.87990976, -0.47762225, -0.00974232,  0.44963   ],
       [ 0.00398303, -0.0131404 ,  0.99990588,  0.237495  ],
       [ 0.        ,  0.        ,  0.        ,  1.        ]])]"
22,"[array([[-0.50013332, -0.86465722, -0.00835837,  0.0296885 ],
       [ 0.86593471, -0.50220732, -0.01045294,  0.4573035 ],
       [ 0.0048717 , -0.01247778,  0.99991043,  0.2372565 ],
       [ 0.        ,  0.        ,  0.        ,  1.        ]])]"
23,"[array([[-0.52543497, -0.84989129, -0.00742192, -0.003204  ],
       [ 0.85081727, -0.52682132, -0.01080994,  0.4610185 ],
       [ 0.00529801, -0.01200376,  0.99991403,  0.237005  ],
       [ 0.        ,  0.        ,  0.        ,  1.        ]])]"
24,"[array([[-0.54978325, -0.83416695, -0.00679182, -0.0331165 ],
       [ 0.83529082, -0.55139001, -0.01076105,  0.4587995 ],
       [ 0.005255  , -0.01159998,  0.99991903,  0.2367795 ],
       [ 0.        ,  0.        ,  0.        ,  1.        ]])]"
25,"[array([[-0.57378149, -0.81692535, -0.00924952, -0.058939  ],
       [ 0.8190032 , -0.5765888 , -0.01005284,  0.4503825 ],
       [ 0.00292637, -0.01335377,  0.99990669,  0.2365435 ],
       [ 0.        ,  0.        ,  0.        ,  1.        ]])]"
26,"[array([[-0.59409562, -0.79855556, -0.01137143, -0.0791835 ],
       [ 0.80439194, -0.6017181 , -0.01088356,  0.439064  ],
       [ 0.00199918, -0.01563149,  0.99987611,  0.236432  ],
       [ 0.        ,  0.        ,  0.        ,  1.        ]])]"
27,"[array([[-0.62429461, -0.77467522, -0.01305473, -0.0984975 ],
       [ 0.78118741, -0.63217088, -0.00841761,  0.4239455 ],
       [-0.00157446, -0.0154364 ,  0.99987935,  0.236289  ],
       [ 0.        ,  0.        ,  0.        ,  1.        ]])]"
28,"[array([[-0.64860709, -0.75841234, -0.00924055, -0.111772  ],
       [ 0.76112057, -0.65162638, -0.01060561,  0.404076  ],
       [ 0.00207887, -0.01392042,  0.99990106,  0.236161  ],
       [ 0.        ,  0.        ,  0.        ,  1.        ]])]"
29,"[array([[-0.63951973, -0.75979265, -0.01659963, -0.1156205 ],
       [ 0.76876716, -0.64989604, -0.00938537,  0.3850375 ],
       [-0.00340125, -0.01871519,  0.99981817,  0.236197  ],
       [ 0.        ,  0.        ,  0.        ,  1.        ]])]"
30,"[array([[-6.19527136e-01, -7.79986432e-01, -1.18839873e-02,
        -1.10386500e-01],
       [ 7.84975075e-01, -6.25603322e-01, -1.00284905e-02,
         3.75460500e-01],
       [ 5.09724075e-04, -1.55450853e-02,  9.99879093e-01,
         2.36172500e-01],
       [ 0.00000000e+00,  0.00000000e+00,  0.00000000e+00,
         1.00000000e+00]])]"
31,"[array([[-0.61947226, -0.78358916, -0.00917248, -0.109745  ],
       [ 0.78501212, -0.62111711, -0.01128377,  0.375242  ],
       [ 0.00317613, -0.0141975 ,  0.99989427,  0.2361465 ],
       [ 0.        ,  0.        ,  0.        ,  1.        ]])]"
32,"[array([[-6.21743842e-01, -7.78492517e-01, -1.14392376e-02,
        -1.10767000e-01],
       [ 7.83220281e-01, -6.27469362e-01, -1.00583211e-02,
         3.79126500e-01],
       [ 7.65694387e-04, -1.52184148e-02,  9.99883980e-01,
         2.36164500e-01],
       [ 0.00000000e+00,  0.00000000e+00,  0.00000000e+00,
         1.00000000e+00]])]"
33,"[array([[-0.63707154, -0.76396349, -0.01297219, -0.1125095 ],
       [ 0.77080208, -0.64508149, -0.00812663,  0.387443  ],
       [-0.00200043, -0.0151544 ,  0.99988283,  0.2361615 ],
       [ 0.        ,  0.        ,  0.        ,  1.        ]])]"
34,"[array([[-6.68301513e-01, -7.38302367e-01, -1.22462185e-02,
        -1.15363000e-01],
       [ 7.43890068e-01, -6.74286441e-01, -9.91552480e-03,
         3.82261500e-01],
       [-8.08206273e-04, -1.57292688e-02,  9.99875849e-01,
         2.36145500e-01],
       [ 0.00000000e+00,  0.00000000e+00,  0.00000000e+00,
         1.00000000e+00]])]"
35,"[array([[-0.68878379, -0.72269067, -0.00829975, -0.1127215 ],
       [ 0.72496207, -0.69103083, -0.01150395,  0.3704115 ],
       [ 0.00262345, -0.01394914,  0.99989938,  0.2361305 ],
       [ 0.        ,  0.        ,  0.        ,  1.        ]])]"
36,"[array([[-7.07382314e-01, -7.01696890e-01, -1.18712801e-02,
        -1.05311000e-01],
       [ 7.06830467e-01, -7.12300143e-01, -1.04994235e-02,
         3.54388000e-01],
       [-9.76343808e-04, -1.58107668e-02,  9.99874410e-01,
         2.36210000e-01],
       [ 0.00000000e+00,  0.00000000e+00,  0.00000000e+00,
         1.00000000e+00]])]"
37,"[array([[-7.06831149e-01, -7.03592077e-01, -8.36066991e-03,
        -8.54070000e-02],
       [ 7.07382301e-01, -7.10507218e-01, -8.23429586e-03,
         3.36931500e-01],
       [-8.47926042e-05, -1.17338357e-02,  9.99931145e-01,
         2.36304500e-01],
       [ 0.00000000e+00,  0.00000000e+00,  0.00000000e+00,
         1.00000000e+00]])]"
38,"[array([[-0.6905416 , -0.72176916, -0.01265717, -0.0518505 ],
       [ 0.72328553, -0.69198355, -0.00763943,  0.3168075 ],
       [-0.00321517, -0.01442349,  0.99989071,  0.2365965 ],
       [ 0.        ,  0.        ,  0.        ,  1.        ]])]"
39,"[array([[-0.66210561, -0.7476256 , -0.00927825, -0.018537  ],
       [ 0.74940973, -0.66398612, -0.00966615,  0.297217  ],
       [ 0.00110083, -0.01335604,  0.99991024,  0.2367925 ],
       [ 0.        ,  0.        ,  0.        ,  1.        ]])]"
40,"[array([[-6.46795636e-01, -7.59386036e-01, -9.70576081e-03,
         9.87650000e-03],
       [ 7.62663061e-01, -6.50504285e-01, -9.12121186e-03,
         2.81527500e-01],
       [ 6.78827824e-04, -1.33049868e-02,  9.99911297e-01,
         2.36995500e-01],
       [ 0.00000000e+00,  0.00000000e+00,  0.00000000e+00,
         1.00000000e+00]])]"
41,"[array([[-0.62189177, -0.7793728 , -0.01012496,  0.0382225 ],
       [ 0.78310254, -0.62640973, -0.00934067,  0.2697575 ],
       [ 0.00101817, -0.01374351,  0.99990511,  0.2371995 ],
       [ 0.        ,  0.        ,  0.        ,  1.        ]])]"
42,"[array([[-0.60202049, -0.7950462 , -0.01002945,  0.0605665 ],
       [ 0.79847999, -0.60640231, -0.00883678,  0.259054  ],
       [ 0.00101814, -0.01333371,  0.99991066,  0.237363  ],
       [ 0.        ,  0.        ,  0.        ,  1.        ]])]"
43,"[array([[-5.85666883e-01, -8.07593095e-01, -1.18208031e-02,
         7.07615000e-02],
       [ 8.10551779e-01, -5.89565811e-01, -8.12296856e-03,
         2.50366000e-01],
       [-3.39001162e-04, -1.43368982e-02,  9.99897138e-01,
         2.37435000e-01],
       [ 0.00000000e+00,  0.00000000e+00,  0.00000000e+00,
         1.00000000e+00]])]"
44,"[array([[-5.64284757e-01, -8.23578593e-01, -1.23893678e-02,
         7.30865000e-02],
       [ 8.25580219e-01, -5.67005915e-01, -8.31434559e-03,
         2.52619000e-01],
       [-1.26986293e-04, -1.49195621e-02,  9.99888681e-01,
         2.37453500e-01],
       [ 0.00000000e+00,  0.00000000e+00,  0.00000000e+00,
         1.00000000e+00]])]"
45,"[array([[-0.53285479, -0.84385692, -0.01019587,  0.075071  ],
       [ 0.84619902, -0.53637679, -0.01067907,  0.2692205 ],
       [ 0.00360409, -0.01433342,  0.99989099,  0.237476  ],
       [ 0.        ,  0.        ,  0.        ,  1.        ]])]"
46,"[array([[-0.51240456, -0.85614969, -0.01079476,  0.0725555 ],
       [ 0.85873283, -0.51650353, -0.01158069,  0.2989835 ],
       [ 0.00441399, -0.0152253 ,  0.99987467,  0.2375475 ],
       [ 0.        ,  0.        ,  0.        ,  1.        ]])]"
47,"[array([[-5.39202567e-01, -8.41244586e-01, -1.13942255e-02,
         6.17340000e-02],
       [ 8.42175797e-01, -5.40473667e-01, -8.14993519e-03,
         3.31380500e-01],
       [ 7.19953161e-04, -1.39915289e-02,  9.99901870e-01,
         2.37483500e-01],
       [ 0.00000000e+00,  0.00000000e+00,  0.00000000e+00,
         1.00000000e+00]])]"
48,"[array([[-0.54761051, -0.83538786, -0.0079876 ,  0.0551915 ],
       [ 0.83672718, -0.54953722, -0.00907447,  0.3618795 ],
       [ 0.003219  , -0.01166036,  0.99992692,  0.2374255 ],
       [ 0.        ,  0.        ,  0.        ,  1.        ]])]"
49,"[array([[-0.50061908, -0.86408137, -0.00943175,  0.061366  ],
       [ 0.86566088, -0.50318708, -0.00941848,  0.3793635 ],
       [ 0.0034318 , -0.0128902 ,  0.99991116,  0.237452  ],
       [ 0.        ,  0.        ,  0.        ,  1.        ]])]"
50,"[array([[-0.414595  , -0.90816628, -0.01066813,  0.076512  ],
       [ 0.90999874, -0.41839512, -0.00886467,  0.3803105 ],
       [ 0.00364423, -0.01339866,  0.9999038 ,  0.237568  ],
       [ 0.        ,  0.        ,  0.        ,  1.        ]])]"
51,"[array([[-0.27798546, -0.95924525, -0.01158036,  0.0979685 ],
       [ 0.96057537, -0.28225988, -0.0078947 ,  0.3735585 ],
       [ 0.00436471, -0.01333807,  0.99990178,  0.237716  ],
       [ 0.        ,  0.        ,  0.        ,  1.        ]])]"
52,"[array([[-0.10852132, -0.99331357, -0.01375783,  0.1199685 ],
       [ 0.99407907, -0.11453721, -0.00700443,  0.3604945 ],
       [ 0.00547059, -0.01446984,  0.99988082,  0.237887  ],
       [ 0.        ,  0.        ,  0.        ,  1.        ]])]"
53,"[array([[ 0.04111526, -0.99932375, -0.01197826,  0.1358965 ],
       [ 0.99910088,  0.03488309, -0.00985753,  0.3461395 ],
       [ 0.0103424 , -0.0116277 ,  0.99987967,  0.2379605 ],
       [ 0.        ,  0.        ,  0.        ,  1.        ]])]"
54,"[array([[ 0.14639861, -0.99008075, -0.01332241,  0.1453885 ],
       [ 0.98917635,  0.13998007, -0.00801378,  0.3345025 ],
       [ 0.00987862, -0.01206995,  0.99987914,  0.2380365 ],
       [ 0.        ,  0.        ,  0.        ,  1.        ]])]"
55,"[array([[ 0.22954469, -0.97520539, -0.01442479,  0.1518785 ],
       [ 0.97325081,  0.22094031, -0.00645658,  0.3248555 ],
       [ 0.00959621, -0.01264219,  0.99987511,  0.2380995 ],
       [ 0.        ,  0.        ,  0.        ,  1.        ]])]"
56,"[array([[ 0.22178654, -0.97706855, -0.01450999,  0.151406  ],
       [ 0.97504548,  0.21254393, -0.00680187,  0.3254985 ],
       [ 0.00985152, -0.01273319,  0.99987159,  0.238099  ],
       [ 0.        ,  0.        ,  0.        ,  1.        ]])]"
57,"[array([[ 0.11991013, -0.99370811, -0.01396888,  0.142354  ],
       [ 0.9927404 ,  0.1112416 , -0.00776406,  0.335968  ],
       [ 0.0093839 , -0.01301897,  0.99987229,  0.2380355 ],
       [ 0.        ,  0.        ,  0.        ,  1.        ]])]"
58,"[array([[-0.09368439, -0.99493744, -0.01353843,  0.1161735 ],
       [ 0.99558216, -0.09948434, -0.00757779,  0.3573995 ],
       [ 0.00627673, -0.01422548,  0.99987964,  0.237867  ],
       [ 0.        ,  0.        ,  0.        ,  1.        ]])]"
59,"[array([[-0.40541238, -0.91275647, -0.01107884,  0.073695  ],
       [ 0.91412614, -0.40827088, -0.00903663,  0.379781  ],
       [ 0.0037695 , -0.01380309,  0.99989779,  0.2375585 ],
       [ 0.        ,  0.        ,  0.        ,  1.        ]])]"
60,"[array([[-0.61403026, -0.78819159, -0.00849938,  0.0385115 ],
       [ 0.78927997, -0.61530662, -0.00913332,  0.386922  ],
       [ 0.00199003, -0.01231989,  0.99992217,  0.23731   ],
       [ 0.        ,  0.        ,  0.        ,  1.        ]])]"
61,"[array([[-0.75369377, -0.6566096 , -0.00432974,  0.0114765 ],
       [ 0.65721928, -0.75416517, -0.00940551,  0.3865955 ],
       [ 0.00291834, -0.00993679,  0.99994639,  0.237096  ],
       [ 0.        ,  0.        ,  0.        ,  1.        ]])]"
62,"[array([[-0.8449879 , -0.53325788, -0.00707957, -0.0057765 ],
       [ 0.53478371, -0.84587996, -0.00865363,  0.3838375 ],
       [-0.00135442, -0.01109586,  0.9999375 ,  0.2369435 ],
       [ 0.        ,  0.        ,  0.        ,  1.        ]])]"
63,"[array([[-8.92711709e-01, -4.49436702e-01, -3.50667776e-03,
        -1.36880000e-02],
       [ 4.50628215e-01, -8.93280442e-01, -6.66525978e-03,
         3.80885500e-01],
       [-1.26901778e-04, -7.53018946e-03,  9.99971638e-01,
         2.36898500e-01],
       [ 0.00000000e+00,  0.00000000e+00,  0.00000000e+00,
         1.00000000e+00]])]"
64,"[array([[-9.21887464e-01, -3.86907798e-01, -8.50642636e-04,
        -1.70905000e-02],
       [ 3.87451993e-01, -9.22090141e-01, -7.47282765e-03,
         3.78721000e-01],
       [ 2.11122490e-03, -7.21994518e-03,  9.99971716e-01,
         2.36873500e-01],
       [ 0.00000000e+00,  0.00000000e+00,  0.00000000e+00,
         1.00000000e+00]])]"
65,"[array([[-0.90215222, -0.4309979 , -0.00206072, -0.012015  ],
       [ 0.43141268, -0.90230609, -0.0092048 ,  0.3805815 ],
       [ 0.00211208, -0.00919412,  0.99995551,  0.236877  ],
       [ 0.        ,  0.        ,  0.        ,  1.        ]])]"
66,"[array([[-9.11659133e-01, -4.10215041e-01, -9.88684894e-04,
        -1.23325000e-02],
       [ 4.10941581e-01, -9.11960504e-01, -7.43635204e-03,
         3.74522500e-01],
       [ 2.15462328e-03, -7.18743501e-03,  9.99971861e-01,
         2.36905000e-01],
       [ 0.00000000e+00,  0.00000000e+00,  0.00000000e+00,
         1.00000000e+00]])]"
67,"[array([[-0.93597759, -0.35049533, -0.0079164 , -0.0118255 ],
       [ 0.35203315, -0.93649975, -0.00879362,  0.3485765 ],
       [-0.00431424, -0.01101065,  0.99993   ,  0.236919  ],
       [ 0.        ,  0.        ,  0.        ,  1.        ]])]"
68,"[array([[-9.50853139e-01, -3.06629422e-01, -3.21144574e-03,
        -4.06900000e-03],
       [ 3.09641991e-01, -9.51784487e-01, -8.63380812e-03,
         3.22026500e-01],
       [-3.80239858e-04, -9.20263884e-03,  9.99957571e-01,
         2.36926000e-01],
       [ 0.00000000e+00,  0.00000000e+00,  0.00000000e+00,
         1.00000000e+00]])]"
69,"[array([[-0.96982497, -0.23957613, -0.00563611,  0.001907  ],
       [ 0.24377929, -0.97082812, -0.00870278,  0.294874  ],
       [-0.00334466, -0.0097997 ,  0.99994625,  0.2369635 ],
       [ 0.        ,  0.        ,  0.        ,  1.        ]])]"
70,"[array([[-0.98663731, -0.16132213, -0.0025158 ,  0.0061145 ],
       [ 0.16292667, -0.9868732 , -0.00720201,  0.2725935 ],
       [-0.00130882, -0.00751355,  0.9999709 ,  0.236965  ],
       [ 0.        ,  0.        ,  0.        ,  1.        ]])]"
71,"[array([[-9.93950987e-01, -1.05803957e-01, -4.17391631e-03,
        -4.33500000e-04],
       [ 1.09776252e-01, -9.94350534e-01, -8.12082751e-03,
         2.69373000e-01],
       [-3.25733001e-03, -8.51692106e-03,  9.99958314e-01,
         2.36930000e-01],
       [ 0.00000000e+00,  0.00000000e+00,  0.00000000e+00,
         1.00000000e+00]])]"
72,"[array([[-9.97643369e-01, -6.59336892e-02, -1.37355298e-03,
        -1.89340000e-02],
       [ 6.86064526e-02, -9.97802758e-01, -6.43540504e-03,
         2.71632500e-01],
       [-9.28825820e-04, -6.51196930e-03,  9.99978349e-01,
         2.36770000e-01],
       [ 0.00000000e+00,  0.00000000e+00,  0.00000000e+00,
         1.00000000e+00]])]"
73,"[array([[-0.99881111, -0.03744704, -0.00926357, -0.048802  ],
       [ 0.04796634, -0.99922655, -0.01166144,  0.2778735 ],
       [-0.00869416, -0.01200065,  0.99988909,  0.236636  ],
       [ 0.        ,  0.        ,  0.        ,  1.        ]])]"
74,"[array([[-0.99939778, -0.0265203 , -0.00798926, -0.081529  ],
       [ 0.03385132, -0.99958977, -0.01060654,  0.2911835 ],
       [-0.00762608, -0.01081502,  0.99991183,  0.2363845 ],
       [ 0.        ,  0.        ,  0.        ,  1.        ]])]"
75,"[array([[-0.99987131, -0.0022633 , -0.00888897, -0.112548  ],
       [ 0.01345156, -0.99993726, -0.01095018,  0.300953  ],
       [-0.0087414 , -0.0109707 ,  0.99990053,  0.2361785 ],
       [ 0.        ,  0.        ,  0.        ,  1.        ]])]"
76,"[array([[-0.99985726, -0.00543417, -0.00673755, -0.1349725 ],
       [ 0.01557054, -0.99991878, -0.01149128,  0.3070395 ],
       [-0.00655824, -0.01152798,  0.99991127,  0.2360015 ],
       [ 0.        ,  0.        ,  0.        ,  1.        ]])]"
77,"[array([[-0.99181589, -0.11491689, -0.00700321, -0.1391385 ],
       [ 0.12756148, -0.9932934 , -0.01201514,  0.3220025 ],
       [-0.00541375, -0.01274058,  0.99990329,  0.2359855 ],
       [ 0.        ,  0.        ,  0.        ,  1.        ]])]"
78,"[array([[-0.95289202, -0.29579364, -0.00943543, -0.128508  ],
       [ 0.30325652, -0.95516042, -0.01091391,  0.3391365 ],
       [-0.00568182, -0.01321685,  0.99989592,  0.2360375 ],
       [ 0.        ,  0.        ,  0.        ,  1.        ]])]"
79,"[array([[-0.84669041, -0.52361425, -0.01241215, -0.1052135 ],
       [ 0.53205345, -0.85184162, -0.00871793,  0.3531865 ],
       [-0.00587152, -0.01392708,  0.99988496,  0.236204  ],
       [ 0.        ,  0.        ,  0.        ,  1.        ]])]"
80,"[array([[-6.93895732e-01, -7.18734988e-01, -8.97833280e-03,
        -7.82250000e-02],
       [ 7.20074890e-01, -6.95187849e-01, -7.35986074e-03,
         3.58171500e-01],
       [-9.30438599e-04, -1.15703074e-02,  9.99932609e-01,
         2.36317000e-01],
       [ 0.00000000e+00,  0.00000000e+00,  0.00000000e+00,
         1.00000000e+00]])]"
81,"[array([[-3.70944225e-01, -9.25879826e-01, -1.12837772e-02,
        -3.28590000e-02],
       [ 9.28654899e-01, -3.77613733e-01, -5.23832465e-03,
         3.49073000e-01],
       [ 6.78996407e-04, -1.24264466e-02,  9.99922615e-01,
         2.36726500e-01],
       [ 0.00000000e+00,  0.00000000e+00,  0.00000000e+00,
         1.00000000e+00]])]"
82,"[array([[-0.07091469, -0.99686419, -0.01449106,  0.0019735 ],
       [ 0.99746831, -0.07770824, -0.00634149,  0.3302485 ],
       [ 0.00529847, -0.01494028,  0.99987489,  0.2369495 ],
       [ 0.        ,  0.        ,  0.        ,  1.        ]])]"
83,"[array([[ 0.02904402, -0.99965007, -0.01351608,  0.0154755 ],
       [ 0.9995559 ,  0.02282535, -0.00627602,  0.3266255 ],
       [ 0.00666654, -0.01336958,  0.99988896,  0.2370775 ],
       [ 0.        ,  0.        ,  0.        ,  1.        ]])]"
84,"[array([[ 0.04120019, -0.99927308, -0.01413868,  0.029969  ],
       [ 0.99912573,  0.03549827, -0.00651555,  0.330953  ],
       [ 0.00709323, -0.01389879,  0.99987882,  0.23719   ],
       [ 0.        ,  0.        ,  0.        ,  1.        ]])]"
85,"[array([[ 0.07653293, -0.99747061, -0.01339617,  0.0688425 ],
       [ 0.9970481 ,  0.06988029, -0.00513736,  0.345055  ],
       [ 0.00614807, -0.01300463,  0.99989707,  0.2375065 ],
       [ 0.        ,  0.        ,  0.        ,  1.        ]])]"
86,"[array([[ 0.0839428 , -0.99688793, -0.01164047,  0.112521  ],
       [ 0.99642897,  0.07806501, -0.00815688,  0.3665645 ],
       [ 0.0091058 , -0.01096859,  0.99989898,  0.237772  ],
       [ 0.        ,  0.        ,  0.        ,  1.        ]])]"
87,"[array([[ 0.12615783, -0.99277342, -0.01215728,  0.1521325 ],
       [ 0.99196098,  0.11949267, -0.00841342,  0.37693   ],
       [ 0.0098806 , -0.0110653 ,  0.9998907 ,  0.2380725 ],
       [ 0.        ,  0.        ,  0.        ,  1.        ]])]"
88,"[array([[ 0.13331333, -0.99237164, -0.01438769,  0.1851365 ],
       [ 0.99103182,  0.12255334, -0.00728293,  0.3887875 ],
       [ 0.00913687, -0.01338713,  0.99986997,  0.2383045 ],
       [ 0.        ,  0.        ,  0.        ,  1.        ]])]"
89,"[array([[ 0.11700009, -0.99410957, -0.01107237,  0.2118565 ],
       [ 0.99312051,  0.10785698, -0.00348463,  0.3998835 ],
       [ 0.00475645, -0.01063202,  0.99993263,  0.2385465 ],
       [ 0.        ,  0.        ,  0.        ,  1.        ]])]"
90,"[array([[ 0.15673666, -0.98914717, -0.01271717,  0.241512  ],
       [ 0.98758985,  0.14648568, -0.00810158,  0.4031225 ],
       [ 0.00999542, -0.01139368,  0.99988631,  0.2387395 ],
       [ 0.        ,  0.        ,  0.        ,  1.        ]])]"
91,"[array([[ 0.19043246, -0.98352185, -0.01443444,  0.268658  ],
       [ 0.98167552,  0.18029039, -0.00430359,  0.4074575 ],
       [ 0.0069743 , -0.01342221,  0.99988656,  0.238904  ],
       [ 0.        ,  0.        ,  0.        ,  1.        ]])]"
92,"[array([[ 0.25553023, -0.9693133 , -0.01468377,  0.2856455 ],
       [ 0.966778  ,  0.24545813, -0.00302622,  0.4067365 ],
       [ 0.00667858, -0.01349188,  0.99988761,  0.239033  ],
       [ 0.        ,  0.        ,  0.        ,  1.        ]])]"
93,"[array([[ 0.32003429, -0.94953458, -0.01513829,  0.2895965 ],
       [ 0.94737449,  0.31337495, -0.00303597,  0.4005625 ],
       [ 0.00772189, -0.01342453,  0.9998808 ,  0.239057  ],
       [ 0.        ,  0.        ,  0.        ,  1.        ]])]"
94,"[array([[ 0.43148288, -0.90586066, -0.0158446 ,  0.292785  ],
       [ 0.90207952,  0.42336069, -0.00202405,  0.3879805 ],
       [ 0.00866363, -0.01349782,  0.99987242,  0.239079  ],
       [ 0.        ,  0.        ,  0.        ,  1.        ]])]"
95,"[array([[ 5.49444464e-01, -8.40422547e-01, -1.50709506e-02,
         2.89394500e-01],
       [ 8.35490410e-01,  5.41781732e-01,  1.47702291e-04,
         3.72623000e-01],
       [ 8.15817315e-03, -1.27474370e-02,  9.99886416e-01,
         2.39070500e-01],
       [ 0.00000000e+00,  0.00000000e+00,  0.00000000e+00,
         1.00000000e+00]])]"
96,"[array([[ 0.63987733, -0.77557416, -0.01546075,  0.2795905 ],
       [ 0.76843056,  0.63111895,  0.00187384,  0.3583585 ],
       [ 0.0084541 , -0.01317517,  0.99987872,  0.2389905 ],
       [ 0.        ,  0.        ,  0.        ,  1.        ]])]"
97,"[array([[ 0.69776116, -0.72406631, -0.01569697,  0.260591  ],
       [ 0.71626739,  0.68961234,  0.00201899,  0.3485645 ],
       [ 0.00950779, -0.01275957,  0.99987476,  0.2388635 ],
       [ 0.        ,  0.        ,  0.        ,  1.        ]])]"
98,"[array([[ 0.71428162, -0.71056907, -0.01530532,  0.2281865 ],
       [ 0.69981096,  0.70349451,  0.00398054,  0.350852  ],
       [ 0.0081477 , -0.01367749,  0.99987494,  0.2386205 ],
       [ 0.        ,  0.        ,  0.        ,  1.        ]])]"
99,"[array([[ 0.70188389, -0.72263434, -0.01520399,  0.1893185 ],
       [ 0.71224756,  0.69109515,  0.00389223,  0.359944  ],
       [ 0.00790018, -0.01367851,  0.99987684,  0.2383425 ],
       [ 0.        ,  0.        ,  0.        ,  1.        ]])]"
100,"[array([[ 0.66281645, -0.75794431, -0.0163471 ,  0.154101  ],
       [ 0.74868758,  0.65221828, -0.00140052,  0.367926  ],
       [ 0.01188528, -0.01147829,  0.9998654 ,  0.2381305 ],
       [ 0.        ,  0.        ,  0.        ,  1.        ]])]"
101,"[array([[ 0.64299419, -0.77456913, -0.01561338,  0.142335  ],
       [ 0.76578851,  0.63239183, -0.00157149,  0.3618055 ],
       [ 0.01124412, -0.01110121,  0.99987687,  0.2380245 ],
       [ 0.        ,  0.        ,  0.        ,  1.        ]])]"
102,"[array([[ 0.68479358, -0.73753139, -0.01333598,  0.13552   ],
       [ 0.72870258,  0.675211  ,  0.00280137,  0.333417  ],
       [ 0.00709169, -0.01172831,  0.99990715,  0.2379735 ],
       [ 0.        ,  0.        ,  0.        ,  1.        ]])]"
103,"[array([[ 0.70404694, -0.72200293, -0.01396479,  0.1300115 ],
       [ 0.71012988,  0.6917478 ,  0.00569946,  0.3038465 ],
       [ 0.00578517, -0.0140268 ,  0.99988624,  0.23801   ],
       [ 0.        ,  0.        ,  0.        ,  1.        ]])]"
104,"[array([[ 0.69581326, -0.72761422, -0.01282437,  0.130104  ],
       [ 0.71818886,  0.68589524,  0.00271174,  0.2797815 ],
       [ 0.00697642, -0.01119213,  0.99991409,  0.237932  ],
       [ 0.        ,  0.        ,  0.        ,  1.        ]])]"
105,"[array([[ 0.72726281, -0.69739782, -0.01549775,  0.1347485 ],
       [ 0.68628247,  0.71658591,  0.0014811 ,  0.247158  ],
       [ 0.01025572, -0.01187087,  0.99987881,  0.237859  ],
       [ 0.        ,  0.        ,  0.        ,  1.        ]])]"
106,"[array([[ 0.72579802, -0.69785045, -0.01343047,  0.1453405 ],
       [ 0.68786669,  0.71614815,  0.00322998,  0.2206785 ],
       [ 0.00752673, -0.01168672,  0.99990459,  0.2379365 ],
       [ 0.        ,  0.        ,  0.        ,  1.        ]])]"
107,"[array([[ 6.85190479e-01, -7.36450794e-01, -1.60971879e-02,
         1.68471500e-01],
       [ 7.28275393e-01,  6.76392432e-01, -4.46164937e-04,
         2.04542500e-01],
       [ 1.13560433e-02, -1.15545024e-02,  9.99870332e-01,
         2.38083500e-01],
       [ 0.00000000e+00,  0.00000000e+00,  0.00000000e+00,
         1.00000000e+00]])]"
108,"[array([[ 6.77884862e-01, -7.43383031e-01, -1.55775754e-02,
         1.99234000e-01],
       [ 7.35094823e-01,  6.68762787e-01,  2.48202326e-04,
         1.94634000e-01],
       [ 1.03786099e-02, -1.17475194e-02,  9.99878631e-01,
         2.38305500e-01],
       [ 0.00000000e+00,  0.00000000e+00,  0.00000000e+00,
         1.00000000e+00]])]"
109,"[array([[ 0.69291755, -0.73092537, -0.01486986,  0.228487  ],
       [ 0.72099038,  0.68229741,  0.00572476,  0.196181  ],
       [ 0.00617687, -0.01477663,  0.99987305,  0.2385745 ],
       [ 0.        ,  0.        ,  0.        ,  1.        ]])]"
110,"[array([[ 5.88298440e-01, -8.14410096e-01, -1.52255567e-02,
         2.74430500e-01],
       [ 8.08602313e-01,  5.80145344e-01,  9.37182211e-04,
         2.77835500e-01],
       [ 8.20031771e-03, -1.29450552e-02,  9.99883645e-01,
         2.38914500e-01],
       [ 0.00000000e+00,  0.00000000e+00,  0.00000000e+00,
         1.00000000e+00]])]"
111,"[array([[ 5.33505798e-01, -8.50429771e-01, -1.55662351e-02,
         2.71467000e-01],
       [ 8.45761481e-01,  5.25912135e-01,  7.32104329e-04,
         3.11794500e-01],
       [ 7.68642438e-03, -1.36246667e-02,  9.99878571e-01,
         2.38920500e-01],
       [ 0.00000000e+00,  0.00000000e+00,  0.00000000e+00,
         1.00000000e+00]])]"
112,"[array([[ 0.45890798, -0.89152305, -0.01556059,  0.264641  ],
       [ 0.88844721,  0.45277695, -0.00103756,  0.3368725 ],
       [ 0.00806367, -0.01340448,  0.99987839,  0.238867  ],
       [ 0.        ,  0.        ,  0.        ,  1.        ]])]"
113,"[array([[ 0.37384977, -0.9317629 , -0.01577078,  0.258538  ],
       [ 0.92745873,  0.36279506, -0.00175784,  0.3511595 ],
       [ 0.00752718, -0.01405866,  0.99987409,  0.238821  ],
       [ 0.        ,  0.        ,  0.        ,  1.        ]])]"
114,"[array([[ 0.22645944, -0.97599424, -0.01290028,  0.248136  ],
       [ 0.97400083,  0.21747323, -0.00337005,  0.368942  ],
       [ 0.00620437, -0.01185875,  0.99991111,  0.238786  ],
       [ 0.        ,  0.        ,  0.        ,  1.        ]])]"
115,"[array([[ 0.01946439, -0.99986268, -0.0124693 ,  0.2327625 ],
       [ 0.99978129,  0.01100749, -0.00740787,  0.3868355 ],
       [ 0.00764976, -0.01238735,  0.99989481,  0.2386885 ],
       [ 0.        ,  0.        ,  0.        ,  1.        ]])]"
116,"[array([[-0.21774594, -0.97471831, -0.00953307,  0.212229  ],
       [ 0.97597825, -0.22314452, -0.00959634,  0.4014745 ],
       [ 0.0072907 , -0.01143447,  0.99990851,  0.2385265 ],
       [ 0.        ,  0.        ,  0.        ,  1.        ]])]"
117,"[array([[-0.47843164, -0.87687946, -0.00662171,  0.1876075 ],
       [ 0.8781051 , -0.48058988, -0.01030642,  0.41336   ],
       [ 0.00588253, -0.01076041,  0.99992496,  0.238346  ],
       [ 0.        ,  0.        ,  0.        ,  1.        ]])]"
118,"[array([[-0.65258264, -0.75680012, -0.00838056,  0.1690865 ],
       [ 0.75771649, -0.65353335, -0.00889201,  0.416322  ],
       [ 0.00126871, -0.01215455,  0.99992535,  0.2382575 ],
       [ 0.        ,  0.        ,  0.        ,  1.        ]])]"
119,"[array([[-0.72859642, -0.68409794, -0.00285121,  0.1587525 ],
       [ 0.68492967, -0.72933763, -0.00932782,  0.415886  ],
       [ 0.00431172, -0.00875405,  0.99995243,  0.23814   ],
       [ 0.        ,  0.        ,  0.        ,  1.        ]])]"
120,"[array([[-8.09056766e-01, -5.87202219e-01, -8.94069454e-04,
         1.33689000e-01],
       [ 5.87713439e-01, -8.09403741e-01, -8.85200304e-03,
         4.21050000e-01],
       [ 4.47926549e-03, -7.69014832e-03,  9.99960421e-01,
         2.37955000e-01],
       [ 0.00000000e+00,  0.00000000e+00,  0.00000000e+00,
         1.00000000e+00]])]"
121,"[array([[-8.61008848e-01, -5.08451327e-01, -4.42354109e-03,
         9.97305000e-02],
       [ 5.08589835e-01, -8.61040063e-01, -8.23605102e-03,
         4.25728500e-01],
       [ 3.80080421e-04, -9.34113345e-03,  9.99956299e-01,
         2.37743500e-01],
       [ 0.00000000e+00,  0.00000000e+00,  0.00000000e+00,
         1.00000000e+00]])]"
122,"[array([[-8.82121315e-01, -4.70523778e-01, -3.90294447e-03,
         7.09240000e-02],
       [ 4.71022124e-01, -8.82341436e-01, -8.11621320e-03,
         4.25593500e-01],
       [ 3.80060885e-04, -8.99806428e-03,  9.99959446e-01,
         2.37531000e-01],
       [ 0.00000000e+00,  0.00000000e+00,  0.00000000e+00,
         1.00000000e+00]])]"
123,"[array([[-0.91130695, -0.4114813 , -0.00197365,  0.0506625 ],
       [ 0.41172541, -0.91138497, -0.00764804,  0.4119585 ],
       [ 0.00135033, -0.00778267,  0.99996881,  0.2373575 ],
       [ 0.        ,  0.        ,  0.        ,  1.        ]])]"
124,"[array([[-9.47576557e-01, -3.19661150e-01, -1.45836096e-03,
         3.24575000e-02],
       [ 3.19528197e-01, -9.47510039e-01, -6.30473623e-03,
         3.88830000e-01],
       [ 6.32645585e-04, -6.44011707e-03,  9.99979062e-01,
         2.37226000e-01],
       [ 0.00000000e+00,  0.00000000e+00,  0.00000000e+00,
         1.00000000e+00]])]"
125,"[array([[-9.78822437e-01, -2.03868264e-01, -8.73611576e-04,
         2.11510000e-02],
       [ 2.04710827e-01, -9.78980660e-01, -5.82627946e-03,
         3.58132000e-01],
       [ 3.37597736e-04, -5.88201867e-03,  9.99982645e-01,
         2.37149000e-01],
       [ 0.00000000e+00,  0.00000000e+00,  0.00000000e+00,
         1.00000000e+00]])]"
126,"[array([[-0.99557051, -0.09267181,  0.00214556,  0.01931   ],
       [ 0.09397666, -0.99567441, -0.00689258,  0.327189  ],
       [ 0.00278387, -0.00666411,  0.99997394,  0.2370715 ],
       [ 0.        ,  0.        ,  0.        ,  1.        ]])]"
127,"[array([[-9.98989499e-01,  4.83453773e-02,  5.94411774e-04,
         1.52050000e-02],
       [-4.49429334e-02, -9.98814242e-01, -5.70799131e-03,
         2.98486500e-01],
       [ 3.37282802e-04, -5.73005443e-03,  9.99983533e-01,
         2.37032500e-01],
       [ 0.00000000e+00,  0.00000000e+00,  0.00000000e+00,
         1.00000000e+00]])]"
128,"[array([[-9.97576731e-01, -6.66873306e-02,  8.72765412e-04,
         1.19915000e-02],
       [ 6.95600710e-02, -9.97741447e-01, -8.12637848e-03,
         2.95165500e-01],
       [ 1.43596989e-03, -8.05009111e-03,  9.99966600e-01,
         2.37137500e-01],
       [ 0.00000000e+00,  0.00000000e+00,  0.00000000e+00,
         1.00000000e+00]])]"
129,"[array([[-0.9995804 , -0.02397265, -0.00253205,  0.0044485 ],
       [ 0.02887592, -0.9996752 , -0.0085907 ,  0.2934425 ],
       [-0.00228302, -0.00864896,  0.99995989,  0.237036  ],
       [ 0.        ,  0.        ,  0.        ,  1.        ]])]"
130,"[array([[-9.81293580e-01,  1.96764178e-01,  4.62960206e-04,
        -1.51660000e-02],
       [-1.92516513e-01, -9.80437049e-01, -5.21188603e-03,
         2.74222000e-01],
       [-5.49081761e-04, -5.20109134e-03,  9.99986311e-01,
         2.36820000e-01],
       [ 0.00000000e+00,  0.00000000e+00,  0.00000000e+00,
         1.00000000e+00]])]"
131,"[array([[-0.98169667,  0.19628085, -0.00125876, -0.0159545 ],
       [-0.19043426, -0.98052645, -0.00683813,  0.2735515 ],
       [-0.002538  , -0.00645805,  0.99997583,  0.236828  ],
       [ 0.        ,  0.        ,  0.        ,  1.        ]])]"
132,"[array([[-0.99266352,  0.12650794, -0.00266485, -0.011279  ],
       [-0.1208574 , -0.99194008, -0.00751274,  0.28019   ],
       [-0.00355339, -0.00711529,  0.99996823,  0.2368775 ],
       [ 0.        ,  0.        ,  0.        ,  1.        ]])]"
133,"[array([[-0.99268381,  0.12651187, -0.00266609, -0.011292  ],
       [-0.12069065, -0.99193957, -0.00751313,  0.2801925 ],
       [-0.00355346, -0.00711551,  0.99996822,  0.2368775 ],
       [ 0.        ,  0.        ,  0.        ,  1.        ]])]"
134,"[array([[-0.99264164,  0.12665042, -0.00259141, -0.0112955 ],
       [-0.12103941, -0.99192257, -0.00740829,  0.2801975 ],
       [-0.00346915, -0.00702046,  0.9999692 ,  0.236876  ],
       [ 0.        ,  0.        ,  0.        ,  1.        ]])]"
135,"[array([[-0.99265161,  0.12648116, -0.00247377, -0.0112975 ],
       [-0.12096117, -0.9919446 , -0.00733054,  0.2801965 ],
       [-0.0033424 , -0.00695882,  0.99997007,  0.236875  ],
       [ 0.        ,  0.        ,  0.        ,  1.        ]])]"
136,"[array([[-0.99265706,  0.12672774, -0.00287057, -0.0112955 ],
       [-0.12090406, -0.99191179, -0.00757144,  0.2801965 ],
       [-0.00376503, -0.00714665,  0.99996722,  0.236879  ],
       [ 0.        ,  0.        ,  0.        ,  1.        ]])]"
137,"[array([[-0.98759969,  0.16295644, -0.00137171, -0.013126  ],
       [-0.15697397, -0.98661067, -0.00699453,  0.2773565 ],
       [-0.00245272, -0.00667751,  0.9999746 ,  0.2368585 ],
       [ 0.        ,  0.        ,  0.        ,  1.        ]])]"
138,"[array([[-9.86096730e-01,  1.69803949e-01,  4.84395424e-04,
        -1.35955000e-02],
       [-1.66171885e-01, -9.85464310e-01, -5.16105259e-03,
         2.76603500e-01],
       [-3.79966201e-04, -5.16835483e-03,  9.99986564e-01,
         2.36827500e-01],
       [ 0.00000000e+00,  0.00000000e+00,  0.00000000e+00,
         1.00000000e+00]])]"
139,"[array([[-9.69763429e-01,  2.48319873e-01,  3.69085374e-04,
        -1.73200000e-02],
       [-2.44045587e-01, -9.68666701e-01, -4.75436243e-03,
         2.70088000e-01],
       [-8.02364795e-04, -4.69709721e-03,  9.99988630e-01,
         2.36792000e-01],
       [ 0.00000000e+00,  0.00000000e+00,  0.00000000e+00,
         1.00000000e+00]])]"
140,"[array([[-9.69056398e-01,  2.50823307e-01,  6.25803809e-04,
        -1.74415000e-02],
       [-2.46838708e-01, -9.68020709e-01, -4.85364484e-03,
         2.69764000e-01],
       [-5.91635322e-04, -4.85545304e-03,  9.99988025e-01,
         2.36795500e-01],
       [ 0.00000000e+00,  0.00000000e+00,  0.00000000e+00,
         1.00000000e+00]])]"
141,"[array([[-9.69038778e-01,  2.50896190e-01,  6.59257137e-04,
        -1.74420000e-02],
       [-2.46907970e-01, -9.68001980e-01, -4.81224222e-03,
         2.69763000e-01],
       [-5.49341711e-04, -4.82372201e-03,  9.99988204e-01,
         2.36794000e-01],
       [ 0.00000000e+00,  0.00000000e+00,  0.00000000e+00,
         1.00000000e+00]])]"
142,"[array([[-9.76238672e-01,  2.21052451e-01,  9.69943155e-04,
        -1.57900000e-02],
       [-2.16698056e-01, -9.75249832e-01, -4.75921146e-03,
         2.72620000e-01],
       [-8.44168509e-05, -4.85588577e-03,  9.99988204e-01,
         2.36805500e-01],
       [ 0.00000000e+00,  0.00000000e+00,  0.00000000e+00,
         1.00000000e+00]])]"
143,"[array([[-0.97714205,  0.21815072, -0.00150076, -0.0156335 ],
       [-0.2125674 , -0.97589455, -0.00682403,  0.2729465 ],
       [-0.00291709, -0.0063323 ,  0.99997559,  0.236833  ],
       [ 0.        ,  0.        ,  0.        ,  1.        ]])]"
144,"[array([[-0.97711737,  0.21819037, -0.00157581, -0.0156315 ],
       [-0.21267965, -0.97588548, -0.00687236,  0.272945  ],
       [-0.00300144, -0.00636297,  0.99997514,  0.2368325 ],
       [ 0.        ,  0.        ,  0.        ,  1.        ]])]"
