,LP,LD1,LD2,RP,RD1,RD2
0,"[array([[-0.51428526, -0.8570709 , -0.03066176, -0.11267519],
       [ 0.8555517 , -0.51519848,  0.05100811,  0.19031826],
       [-0.05951446,  0.        ,  0.99822744,  0.08611712],
       [ 0.        ,  0.        ,  0.        ,  1.        ]])]","[array([[ 0.8820702 , -0.47108366,  0.00568734, -0.13612071],
       [ 0.47107387,  0.88208854,  0.00303735,  0.25668525],
       [-0.00644759, -0.        ,  0.99997921,  0.08285203],
       [ 0.        ,  0.        ,  0.        ,  1.        ]])]","[array([[ 0.8820702 , -0.47108366,  0.00568734, -0.13612071],
       [ 0.47107387,  0.88208854,  0.00303735,  0.25668525],
       [-0.00644759, -0.        ,  0.99997921,  0.08285203],
       [ 0.        ,  0.        ,  0.        ,  1.        ]])]","[array([[ 0.33543716, -0.94191654, -0.01658719, -0.0558563 ],
       [ 0.94076704,  0.33584702, -0.04652043,  0.18754046],
       [ 0.04938912,  0.        ,  0.99877961,  0.08401668],
       [ 0.        ,  0.        ,  0.        ,  1.        ]])]","[array([[-0.76082383, -0.64755198,  0.04270292, -0.03562164],
       [ 0.6465344 , -0.76202128, -0.03628817,  0.23684241],
       [ 0.05603901, -0.        ,  0.99842858,  0.08200096],
       [ 0.        ,  0.        ,  0.        ,  1.        ]])]","[array([[-0.76082383, -0.64755198,  0.04270292, -0.03562164],
       [ 0.6465344 , -0.76202128, -0.03628817,  0.23684241],
       [ 0.05603901, -0.        ,  0.99842858,  0.08200096],
       [ 0.        ,  0.        ,  0.        ,  1.        ]])]"
1,"[array([[-0.51424866, -0.85709867, -0.03049886, -0.11267433],
       [ 0.85559526, -0.51515228,  0.05074331,  0.19031981],
       [-0.05920358,  0.        ,  0.99824593,  0.08610716],
       [ 0.        ,  0.        ,  0.        ,  1.        ]])]","[array([[ 0.88201698, -0.47118487,  0.00555535, -0.13611847],
       [ 0.47117552,  0.88203448,  0.00296768,  0.25668577],
       [-0.00629834, -0.        ,  0.99998017,  0.08284629],
       [ 0.        ,  0.        ,  0.        ,  1.        ]])]","[array([[ 0.88201698, -0.47118487,  0.00555535, -0.13611847],
       [ 0.47117552,  0.88203448,  0.00296768,  0.25668577],
       [-0.00629834, -0.        ,  0.99998017,  0.08284629],
       [ 0.        ,  0.        ,  0.        ,  1.        ]])]","[array([[ 0.33511273, -0.94202837, -0.0167932 , -0.05584503],
       [ 0.94084777,  0.33553323, -0.04714786,  0.18753487],
       [ 0.0500493 ,  0.        ,  0.99874675,  0.0839959 ],
       [ 0.        ,  0.        ,  0.        ,  1.        ]])]","[array([[-0.76114491, -0.64718668,  0.0425186 , -0.03560441],
       [ 0.64617927, -0.76233156, -0.03609646,  0.23685544],
       [ 0.05577442, -0.        ,  0.9984434 ,  0.08200937],
       [ 0.        ,  0.        ,  0.        ,  1.        ]])]","[array([[-0.76114491, -0.64718668,  0.0425186 , -0.03560441],
       [ 0.64617927, -0.76233156, -0.03609646,  0.23685544],
       [ 0.05577442, -0.        ,  0.9984434 ,  0.08200937],
       [ 0.        ,  0.        ,  0.        ,  1.        ]])]"
2,"[array([[-0.51422104, -0.85711536, -0.03049557, -0.11267514],
       [ 0.85561208, -0.51512451,  0.05074157,  0.19032075],
       [-0.0592004 ,  0.        ,  0.99824612,  0.08610409],
       [ 0.        ,  0.        ,  0.        ,  1.        ]])]","[array([[ 0.88199703, -0.47122376,  0.00542283, -0.13611801],
       [ 0.47121485,  0.8820137 ,  0.0028972 ,  0.25668643],
       [-0.00614824, -0.        ,  0.9999811 ,  0.08284051],
       [ 0.        ,  0.        ,  0.        ,  1.        ]])]","[array([[ 0.88199703, -0.47122376,  0.00542283, -0.13611801],
       [ 0.47121485,  0.8820137 ,  0.0028972 ,  0.25668643],
       [-0.00614824, -0.        ,  0.9999811 ,  0.08284051],
       [ 0.        ,  0.        ,  0.        ,  1.        ]])]","[array([[ 0.31805963, -0.94773583, -0.02519663, -0.05526469],
       [ 0.94477586,  0.31905611, -0.074845  ,  0.18720564],
       [ 0.07897243,  0.        ,  0.9968768 ,  0.08289702],
       [ 0.        ,  0.        ,  0.        ,  1.        ]])]","[array([[-0.76073136, -0.64766887,  0.0425773 , -0.03562919],
       [ 0.64665683, -0.76192193, -0.03619267,  0.23684289],
       [ 0.05588144, -0.        ,  0.99843741,  0.08200897],
       [ 0.        ,  0.        ,  0.        ,  1.        ]])]","[array([[-0.76073136, -0.64766887,  0.0425773 , -0.03562919],
       [ 0.64665683, -0.76192193, -0.03619267,  0.23684289],
       [ 0.05588144, -0.        ,  0.99843741,  0.08200897],
       [ 0.        ,  0.        ,  0.        ,  1.        ]])]"
3,"[array([[-0.51433705, -0.85703768, -0.03072158, -0.11267165],
       [ 0.85551292, -0.51525374,  0.05110017,  0.1903175 ],
       [-0.05962419,  0.        ,  0.9982209 ,  0.08611758],
       [ 0.        ,  0.        ,  0.        ,  1.        ]])]","[array([[ 0.88206024, -0.47110178,  0.00573098, -0.13612147],
       [ 0.47109184,  0.88207886,  0.00306081,  0.25668663],
       [-0.00649713, -0.        ,  0.99997889,  0.08285261],
       [ 0.        ,  0.        ,  0.        ,  1.        ]])]","[array([[ 0.88206024, -0.47110178,  0.00573098, -0.13612147],
       [ 0.47109184,  0.88207886,  0.00306081,  0.25668663],
       [-0.00649713, -0.        ,  0.99997889,  0.08285261],
       [ 0.        ,  0.        ,  0.        ,  1.        ]])]","[array([[ 0.31805322, -0.94774234, -0.02503195, -0.05526461],
       [ 0.94482063,  0.31903675, -0.07436083,  0.18720447],
       [ 0.07846102,  0.        ,  0.99691718,  0.08291547],
       [ 0.        ,  0.        ,  0.        ,  1.        ]])]","[array([[-0.75948402, -0.64900137,  0.0445112 , -0.03568518],
       [ 0.64788964, -0.76078724, -0.03797097,  0.23677428],
       [ 0.05850676, -0.        ,  0.99828701,  0.08186648],
       [ 0.        ,  0.        ,  0.        ,  1.        ]])]","[array([[-0.75948402, -0.64900137,  0.0445112 , -0.03568518],
       [ 0.64788964, -0.76078724, -0.03797097,  0.23677428],
       [ 0.05850676, -0.        ,  0.99828701,  0.08186648],
       [ 0.        ,  0.        ,  0.        ,  1.        ]])]"
4,"[array([[-0.51439368, -0.85702116, -0.03023038, -0.1126672 ],
       [ 0.85554499, -0.51528122,  0.05027949,  0.19031047],
       [-0.05866774,  0.        ,  0.99827757,  0.08608316],
       [ 0.        ,  0.        ,  0.        ,  1.        ]])]","[array([[ 0.88192557, -0.4713585 ,  0.00533348, -0.13611635],
       [ 0.47134988,  0.8819417 ,  0.00285051,  0.25666881],
       [-0.00604743, -0.        ,  0.99998171,  0.08283331],
       [ 0.        ,  0.        ,  0.        ,  1.        ]])]","[array([[ 0.88192557, -0.4713585 ,  0.00533348, -0.13611635],
       [ 0.47134988,  0.8819417 ,  0.00285051,  0.25666881],
       [-0.00604743, -0.        ,  0.99998171,  0.08283331],
       [ 0.        ,  0.        ,  0.        ,  1.        ]])]","[array([[ 0.31677921, -0.94815383, -0.02559776, -0.05523072],
       [ 0.94507335,  0.31781176, -0.07636789,  0.18718594],
       [ 0.08054378,  0.        ,  0.99675107,  0.08285382],
       [ 0.        ,  0.        ,  0.        ,  1.        ]])]","[array([[-0.76104703, -0.64730643,  0.04244768, -0.03561217],
       [ 0.64630192, -0.76222988, -0.03604773,  0.23684794],
       [ 0.05568882, -0.        ,  0.99844817,  0.0820131 ],
       [ 0.        ,  0.        ,  0.        ,  1.        ]])]","[array([[-0.76104703, -0.64730643,  0.04244768, -0.03561217],
       [ 0.64630192, -0.76222988, -0.03604773,  0.23684794],
       [ 0.05568882, -0.        ,  0.99844817,  0.0820131 ],
       [ 0.        ,  0.        ,  0.        ,  1.        ]])]"
