,LP,LD1,LD2,RP,RD1,RD2
0,"[array([[-0.32521843, -0.94542391, -0.02016427, -0.1164093 ],
       [ 0.9436119 , -0.32584295,  0.05850606,  0.07971363],
       [-0.06188341,  0.        ,  0.99808338,  0.08572019],
       [ 0.        ,  0.        ,  0.        ,  1.        ]])]","[array([[ 0.55328547, -0.83297826, -0.00473378, -0.13207088],
       [ 0.83294777,  0.55330572, -0.0071265 ,  0.14932114],
       [ 0.00855544, -0.        ,  0.9999634 ,  0.08189894],
       [ 0.        ,  0.        ,  0.        ,  1.        ]])]","[array([[ 0.55328547, -0.83297826, -0.00473378, -0.13207088],
       [ 0.83294777,  0.55330572, -0.0071265 ,  0.14932114],
       [ 0.00855544, -0.        ,  0.9999634 ,  0.08189894],
       [ 0.        ,  0.        ,  0.        ,  1.        ]])]","[array([[ 0.63602718, -0.77155805,  0.01294604, -0.05539659],
       [ 0.77139827,  0.63615893,  0.01570145,  0.09019959],
       [-0.02035032,  0.        ,  0.99979291,  0.08564185],
       [ 0.        ,  0.        ,  0.        ,  1.        ]])]","[array([[-0.21737375, -0.97603906,  0.00981812, -0.01920005],
       [ 0.975045  , -0.21759537, -0.04403985,  0.13356263],
       [ 0.04512099, -0.        ,  0.99898153,  0.08275615],
       [ 0.        ,  0.        ,  0.        ,  1.        ]])]","[array([[-0.21737375, -0.97603906,  0.00981812, -0.01920005],
       [ 0.975045  , -0.21759537, -0.04403985,  0.13356263],
       [ 0.04512099, -0.        ,  0.99898153,  0.08275615],
       [ 0.        ,  0.        ,  0.        ,  1.        ]])]"
1,"[array([[-0.32527852, -0.94540448, -0.02010604, -0.11640974],
       [ 0.94360359, -0.32589932,  0.05832579,  0.07971217],
       [-0.06169401,  0.        ,  0.99809511,  0.08571495],
       [ 0.        ,  0.        ,  0.        ,  1.        ]])]","[array([[ 0.55312219, -0.83308607, -0.00484231, -0.13207017],
       [ 0.83305414,  0.55314339, -0.00729297,  0.14931102],
       [ 0.00875416, -0.        ,  0.99996168,  0.08189262],
       [ 0.        ,  0.        ,  0.        ,  1.        ]])]","[array([[ 0.55312219, -0.83308607, -0.00484231, -0.13207017],
       [ 0.83305414,  0.55314339, -0.00729297,  0.14931102],
       [ 0.00875416, -0.        ,  0.99996168,  0.08189262],
       [ 0.        ,  0.        ,  0.        ,  1.        ]])]","[array([[ 0.64257088, -0.76619154,  0.00729261, -0.05566254],
       [ 0.7661422 ,  0.64261226,  0.00869504,  0.0903686 ],
       [-0.01134839,  0.        ,  0.9999356 ,  0.0853402 ],
       [ 0.        ,  0.        ,  0.        ,  1.        ]])]","[array([[-0.21728192, -0.97605924,  0.0098449 , -0.01920825],
       [ 0.97505889, -0.21750484, -0.04417926,  0.13356544],
       [ 0.04526289, -0.        ,  0.99897511,  0.08275064],
       [ 0.        ,  0.        ,  0.        ,  1.        ]])]","[array([[-0.21728192, -0.97605924,  0.0098449 , -0.01920825],
       [ 0.97505889, -0.21750484, -0.04417926,  0.13356544],
       [ 0.04526289, -0.        ,  0.99897511,  0.08275064],
       [ 0.        ,  0.        ,  0.        ,  1.        ]])]"
2,"[array([[-0.32547545, -0.94533343, -0.02025904, -0.11640252],
       [ 0.94350745, -0.32610535,  0.05872809,  0.07971198],
       [-0.06212421,  0.        ,  0.99806843,  0.08572358],
       [ 0.        ,  0.        ,  0.        ,  1.        ]])]","[array([[ 0.55341482, -0.8328931 , -0.0045946 , -0.13208261],
       [ 0.8328644 ,  0.55343389, -0.00691466,  0.14932136],
       [ 0.00830198, -0.        ,  0.99996554,  0.081911  ],
       [ 0.        ,  0.        ,  0.        ,  1.        ]])]","[array([[ 0.55341482, -0.8328931 , -0.0045946 , -0.13208261],
       [ 0.8328644 ,  0.55343389, -0.00691466,  0.14932136],
       [ 0.00830198, -0.        ,  0.99996554,  0.081911  ],
       [ 0.        ,  0.        ,  0.        ,  1.        ]])]","[array([[ 0.63708965, -0.77074928,  0.00789422, -0.05541421],
       [ 0.77069012,  0.63713856,  0.00954967,  0.09022215],
       [-0.01239011,  0.        ,  0.99992324,  0.08547054],
       [ 0.        ,  0.        ,  0.        ,  1.        ]])]","[array([[-0.21728721, -0.97605808,  0.0098431 , -0.01921307],
       [ 0.97505815, -0.21751004, -0.04417008,  0.13355739],
       [ 0.04525353, -0.        ,  0.99897553,  0.08274694],
       [ 0.        ,  0.        ,  0.        ,  1.        ]])]","[array([[-0.21728721, -0.97605808,  0.0098431 , -0.01921307],
       [ 0.97505815, -0.21751004, -0.04417008,  0.13355739],
       [ 0.04525353, -0.        ,  0.99897553,  0.08274694],
       [ 0.        ,  0.        ,  0.        ,  1.        ]])]"
3,"[array([[-0.3252554 , -0.94541118, -0.02016495, -0.11640833],
       [ 0.94359948, -0.32587989,  0.0585006 ,  0.07971049],
       [-0.06187847,  0.        ,  0.99808369,  0.08571708],
       [ 0.        ,  0.        ,  0.        ,  1.        ]])]","[array([[ 0.55316896, -0.83305564, -0.0047335 , -0.13206752],
       [ 0.83302514,  0.55318921, -0.00712825,  0.14931415],
       [ 0.00855675, -0.        ,  0.99996339,  0.0818979 ],
       [ 0.        ,  0.        ,  0.        ,  1.        ]])]","[array([[ 0.55316896, -0.83305564, -0.0047335 , -0.13206752],
       [ 0.83302514,  0.55318921, -0.00712825,  0.14931415],
       [ 0.00855675, -0.        ,  0.99996339,  0.0818979 ],
       [ 0.        ,  0.        ,  0.        ,  1.        ]])]","[array([[ 0.64170643, -0.76689478,  0.00923312, -0.05564842],
       [ 0.76681541,  0.64177285,  0.01103324,  0.09034007],
       [-0.0143869 ,  0.        ,  0.9998965 ,  0.08541227],
       [ 0.        ,  0.        ,  0.        ,  1.        ]])]","[array([[-0.21714527, -0.97609002,  0.00980882, -0.01922002],
       [ 0.97509569, -0.21736669, -0.0440467 ,  0.13356416],
       [ 0.04512566, -0.        ,  0.99898132,  0.082753  ],
       [ 0.        ,  0.        ,  0.        ,  1.        ]])]","[array([[-0.21714527, -0.97609002,  0.00980882, -0.01922002],
       [ 0.97509569, -0.21736669, -0.0440467 ,  0.13356416],
       [ 0.04512566, -0.        ,  0.99898132,  0.082753  ],
       [ 0.        ,  0.        ,  0.        ,  1.        ]])]"
4,"[array([[-0.32519315, -0.94542995, -0.02028861, -0.11640994],
       [ 0.94359529, -0.32582543,  0.05887036,  0.0797122 ],
       [-0.06226835,  0.        ,  0.99805944,  0.08572581],
       [ 0.        ,  0.        ,  0.        ,  1.        ]])]","[array([[ 0.55319219, -0.83304005, -0.00476088, -0.13207319],
       [ 0.83300921,  0.55321268, -0.00716905,  0.14931576],
       [ 0.00860588, -0.        ,  0.99996297,  0.08189733],
       [ 0.        ,  0.        ,  0.        ,  1.        ]])]","[array([[ 0.55319219, -0.83304005, -0.00476088, -0.13207319],
       [ 0.83300921,  0.55321268, -0.00716905,  0.14931576],
       [ 0.00860588, -0.        ,  0.99996297,  0.08189733],
       [ 0.        ,  0.        ,  0.        ,  1.        ]])]","[array([[ 0.64205477, -0.76660312,  0.00923767, -0.05565363],
       [ 0.76652378,  0.64212122,  0.01102849,  0.09035369],
       [-0.01438618,  0.        ,  0.99989651,  0.08540925],
       [ 0.        ,  0.        ,  0.        ,  1.        ]])]","[array([[-0.21770221, -0.97596671,  0.00973329, -0.01919061],
       [ 0.97499273, -0.21791968, -0.04359115,  0.13356184],
       [ 0.04466458, -0.        ,  0.99900204,  0.08277467],
       [ 0.        ,  0.        ,  0.        ,  1.        ]])]","[array([[-0.21770221, -0.97596671,  0.00973329, -0.01919061],
       [ 0.97499273, -0.21791968, -0.04359115,  0.13356184],
       [ 0.04466458, -0.        ,  0.99900204,  0.08277467],
       [ 0.        ,  0.        ,  0.        ,  1.        ]])]"
5,"[array([[-0.32519238, -0.94543127, -0.02023946, -0.11640997],
       [ 0.94360545, -0.32582161,  0.05872851,  0.07971302],
       [-0.06211823,  0.        ,  0.9980688 ,  0.08572345],
       [ 0.        ,  0.        ,  0.        ,  1.        ]])]","[array([[ 0.55348277, -0.83284701, -0.00476372, -0.13207856],
       [ 0.83281616,  0.55350327, -0.00716789,  0.14932721],
       [ 0.00860649, -0.        ,  0.99996296,  0.08189731],
       [ 0.        ,  0.        ,  0.        ,  1.        ]])]","[array([[ 0.55348277, -0.83284701, -0.00476372, -0.13207856],
       [ 0.83281616,  0.55350327, -0.00716789,  0.14932721],
       [ 0.00860649, -0.        ,  0.99996296,  0.08189731],
       [ 0.        ,  0.        ,  0.        ,  1.        ]])]","[array([[ 0.64208416, -0.76658286,  0.00886866, -0.05565611],
       [ 0.76650974,  0.64214541,  0.01058727,  0.09035322],
       [-0.01381099,  0.        ,  0.99990462,  0.08539237],
       [ 0.        ,  0.        ,  0.        ,  1.        ]])]","[array([[-0.2167174 , -0.9761847 ,  0.00984919, -0.01924093],
       [ 0.97517813, -0.21694109, -0.04431907,  0.1335584 ],
       [ 0.04540029, -0.        ,  0.99896888,  0.08273527],
       [ 0.        ,  0.        ,  0.        ,  1.        ]])]","[array([[-0.2167174 , -0.9761847 ,  0.00984919, -0.01924093],
       [ 0.97517813, -0.21694109, -0.04431907,  0.1335584 ],
       [ 0.04540029, -0.        ,  0.99896888,  0.08273527],
       [ 0.        ,  0.        ,  0.        ,  1.        ]])]"
6,"[array([[-0.32509566, -0.94546277, -0.02032154, -0.1164135 ],
       [ 0.943621  , -0.32573018,  0.0589852 ,  0.07970771],
       [-0.06238765,  0.        ,  0.99805199,  0.08572948],
       [ 0.        ,  0.        ,  0.        ,  1.        ]])]","[array([[ 0.5534837 , -0.83284686, -0.0046793 , -0.13208059],
       [ 0.8328171 ,  0.55350348, -0.00704087,  0.14932218],
       [ 0.00845397, -0.        ,  0.99996426,  0.08190116],
       [ 0.        ,  0.        ,  0.        ,  1.        ]])]","[array([[ 0.5534837 , -0.83284686, -0.0046793 , -0.13208059],
       [ 0.8328171 ,  0.55350348, -0.00704087,  0.14932218],
       [ 0.00845397, -0.        ,  0.99996426,  0.08190116],
       [ 0.        ,  0.        ,  0.        ,  1.        ]])]","[array([[ 0.64210587, -0.76656179,  0.00911432, -0.05565641],
       [ 0.76648458,  0.64217055,  0.0108798 ,  0.09034801],
       [-0.01419299,  0.        ,  0.99989927,  0.08540192],
       [ 0.        ,  0.        ,  0.        ,  1.        ]])]","[array([[-0.2172346 , -0.97606991,  0.00983195, -0.0192109 ],
       [ 0.97507173, -0.21745698, -0.04413134,  0.13355869],
       [ 0.0452133 , -0.        ,  0.99897736,  0.08275022],
       [ 0.        ,  0.        ,  0.        ,  1.        ]])]","[array([[-0.2172346 , -0.97606991,  0.00983195, -0.0192109 ],
       [ 0.97507173, -0.21745698, -0.04413134,  0.13355869],
       [ 0.0452133 , -0.        ,  0.99897736,  0.08275022],
       [ 0.        ,  0.        ,  0.        ,  1.        ]])]"
7,"[array([[-0.3253818 , -0.94536628, -0.02023069, -0.11640299],
       [ 0.94354428, -0.32601012,  0.05866509,  0.07970824],
       [-0.06205541,  0.        ,  0.99807271,  0.08572204],
       [ 0.        ,  0.        ,  0.        ,  1.        ]])]","[array([[ 0.55337802, -0.83291646, -0.0047902 , -0.13207555],
       [ 0.83288525,  0.55339875, -0.0072097 ,  0.14931654],
       [ 0.00865597, -0.        ,  0.99996254,  0.08189474],
       [ 0.        ,  0.        ,  0.        ,  1.        ]])]","[array([[ 0.55337802, -0.83291646, -0.0047902 , -0.13207555],
       [ 0.83288525,  0.55339875, -0.0072097 ,  0.14931654],
       [ 0.00865597, -0.        ,  0.99996254,  0.08189474],
       [ 0.        ,  0.        ,  0.        ,  1.        ]])]","[array([[ 0.63581877, -0.77172567,  0.01319026, -0.05539341],
       [ 0.77155966,  0.63595557,  0.01600625,  0.09018817],
       [-0.02074085,  0.        ,  0.99978489,  0.0856536 ],
       [ 0.        ,  0.        ,  0.        ,  1.        ]])]","[array([[-0.21692548, -0.97613858,  0.00983943, -0.01922468],
       [ 0.97513597, -0.21714851, -0.04423078,  0.13355888],
       [ 0.04531198, -0.        ,  0.99897288,  0.08274508],
       [ 0.        ,  0.        ,  0.        ,  1.        ]])]","[array([[-0.21692548, -0.97613858,  0.00983943, -0.01922468],
       [ 0.97513597, -0.21714851, -0.04423078,  0.13355888],
       [ 0.04531198, -0.        ,  0.99897288,  0.08274508],
       [ 0.        ,  0.        ,  0.        ,  1.        ]])]"
8,"[array([[-0.32456419, -0.94565084, -0.02006443, -0.11641454],
       [ 0.94384902, -0.32518378,  0.05834838,  0.07971982],
       [-0.06170182,  0.        ,  0.99809463,  0.08571312],
       [ 0.        ,  0.        ,  0.        ,  1.        ]])]","[array([[ 0.55387643, -0.8325841 , -0.00496129, -0.1320259 ],
       [ 0.8325507 ,  0.55389865, -0.00745748,  0.14933643],
       [ 0.00895703, -0.        ,  0.99995989,  0.08189417],
       [ 0.        ,  0.        ,  0.        ,  1.        ]])]","[array([[ 0.55387643, -0.8325841 , -0.00496129, -0.1320259 ],
       [ 0.8325507 ,  0.55389865, -0.00745748,  0.14933643],
       [ 0.00895703, -0.        ,  0.99995989,  0.08189417],
       [ 0.        ,  0.        ,  0.        ,  1.        ]])]","[array([[ 0.63691354, -0.77084789,  0.01160488, -0.05539714],
       [ 0.77071997,  0.63701925,  0.01404291,  0.09021242],
       [-0.01821748,  0.        ,  0.99983405,  0.08559707],
       [ 0.        ,  0.        ,  0.        ,  1.        ]])]","[array([[-0.21647505, -0.97623787,  0.00990853, -0.01917636],
       [ 0.97521682, -0.21670169, -0.04463776,  0.13354846],
       [ 0.04572427, -0.        ,  0.9989541 ,  0.08272497],
       [ 0.        ,  0.        ,  0.        ,  1.        ]])]","[array([[-0.21647505, -0.97623787,  0.00990853, -0.01917636],
       [ 0.97521682, -0.21670169, -0.04463776,  0.13354846],
       [ 0.04572427, -0.        ,  0.9989541 ,  0.08272497],
       [ 0.        ,  0.        ,  0.        ,  1.        ]])]"
9,"[array([[-0.32450027, -0.94567024, -0.02018371, -0.11641719],
       [ 0.94384624, -0.32512737,  0.05870665,  0.07971752],
       [-0.06207941,  0.        ,  0.99807121,  0.08572158],
       [ 0.        ,  0.        ,  0.        ,  1.        ]])]","[array([[ 0.55431959, -0.83229023, -0.00477033, -0.13205767],
       [ 0.83225941,  0.55434012, -0.0071622 ,  0.14935068],
       [ 0.00860542, -0.        ,  0.99996297,  0.08190235],
       [ 0.        ,  0.        ,  0.        ,  1.        ]])]","[array([[ 0.55431959, -0.83229023, -0.00477033, -0.13205767],
       [ 0.83225941,  0.55434012, -0.0071622 ,  0.14935068],
       [ 0.00860542, -0.        ,  0.99996297,  0.08190235],
       [ 0.        ,  0.        ,  0.        ,  1.        ]])]","[array([[ 0.64303251, -0.76580296,  0.00741755, -0.05566243],
       [ 0.76575201,  0.64307529,  0.00883315,  0.09036845],
       [-0.0115345 ,  0.        ,  0.99993348,  0.08534437],
       [ 0.        ,  0.        ,  0.        ,  1.        ]])]","[array([[-0.21622468, -0.97629329,  0.00991426, -0.01920309],
       [ 0.97526864, -0.21645186, -0.04471766,  0.13354324],
       [ 0.04580351, -0.        ,  0.99895047,  0.08272745],
       [ 0.        ,  0.        ,  0.        ,  1.        ]])]","[array([[-0.21622468, -0.97629329,  0.00991426, -0.01920309],
       [ 0.97526864, -0.21645186, -0.04471766,  0.13354324],
       [ 0.04580351, -0.        ,  0.99895047,  0.08272745],
       [ 0.        ,  0.        ,  0.        ,  1.        ]])]"
10,"[array([[-0.32452082, -0.94566357, -0.02016572, -0.11641066],
       [ 0.94384305, -0.32514677,  0.05865041,  0.07971537],
       [-0.06202037,  0.        ,  0.99807488,  0.08572426],
       [ 0.        ,  0.        ,  0.        ,  1.        ]])]","[array([[ 0.55414607, -0.83240626, -0.00468497, -0.13203867],
       [ 0.83237651,  0.55416588, -0.00703725,  0.14934217],
       [ 0.0084541 , -0.        ,  0.99996426,  0.08191516],
       [ 0.        ,  0.        ,  0.        ,  1.        ]])]","[array([[ 0.55414607, -0.83240626, -0.00468497, -0.13203867],
       [ 0.83237651,  0.55416588, -0.00703725,  0.14934217],
       [ 0.0084541 , -0.        ,  0.99996426,  0.08191516],
       [ 0.        ,  0.        ,  0.        ,  1.        ]])]","[array([[ 0.64275442, -0.76601939,  0.00900241, -0.05565912],
       [ 0.76594427,  0.64281746,  0.0107278 ,  0.09036385],
       [-0.01400461,  0.        ,  0.99990193,  0.0853937 ],
       [ 0.        ,  0.        ,  0.        ,  1.        ]])]","[array([[-0.21641362, -0.97625205,  0.00985301, -0.01917951],
       [ 0.9752418 , -0.2166378 , -0.04440141,  0.13355354],
       [ 0.0454815 , -0.        ,  0.99896518,  0.08274469],
       [ 0.        ,  0.        ,  0.        ,  1.        ]])]","[array([[-0.21641362, -0.97625205,  0.00985301, -0.01917951],
       [ 0.9752418 , -0.2166378 , -0.04440141,  0.13355354],
       [ 0.0454815 , -0.        ,  0.99896518,  0.08274469],
       [ 0.        ,  0.        ,  0.        ,  1.        ]])]"
11,"[array([[-0.32448957, -0.94567751, -0.02001411, -0.11640752],
       [ 0.94388382, -0.32510621,  0.05821756,  0.07971992],
       [-0.06156175,  0.        ,  0.99810328,  0.08570798],
       [ 0.        ,  0.        ,  0.        ,  1.        ]])]","[array([[ 0.55429541, -0.8323057 , -0.0048815 , -0.13201797],
       [ 0.83227342,  0.5543169 , -0.00732956,  0.14935213],
       [ 0.00880633, -0.        ,  0.99996122,  0.08189896],
       [ 0.        ,  0.        ,  0.        ,  1.        ]])]","[array([[ 0.55429541, -0.8323057 , -0.0048815 , -0.13201797],
       [ 0.83227342,  0.5543169 , -0.00732956,  0.14935213],
       [ 0.00880633, -0.        ,  0.99996122,  0.08189896],
       [ 0.        ,  0.        ,  0.        ,  1.        ]])]","[array([[ 0.64336798, -0.76552227,  0.00730069, -0.05566345],
       [ 0.76547299,  0.6434094 ,  0.00868629,  0.09037566],
       [-0.01134688,  0.        ,  0.99993562,  0.08533517],
       [ 0.        ,  0.        ,  0.        ,  1.        ]])]","[array([[-0.21613104, -0.97631457,  0.00986047, -0.01917436],
       [ 0.97530009, -0.21635585, -0.04449577,  0.13354456],
       [ 0.04557524, -0.        ,  0.99896091,  0.08274071],
       [ 0.        ,  0.        ,  0.        ,  1.        ]])]","[array([[-0.21613104, -0.97631457,  0.00986047, -0.01917436],
       [ 0.97530009, -0.21635585, -0.04449577,  0.13354456],
       [ 0.04557524, -0.        ,  0.99896091,  0.08274071],
       [ 0.        ,  0.        ,  0.        ,  1.        ]])]"
12,"[array([[-0.32418003, -0.94578049, -0.02016346, -0.11641662],
       [ 0.94395635, -0.32480649,  0.05871251,  0.0797267 ],
       [-0.06207837,  0.        ,  0.99807128,  0.08572356],
       [ 0.        ,  0.        ,  0.        ,  1.        ]])]","[array([[ 0.55386444, -0.83259207, -0.00496333, -0.13201055],
       [ 0.83255864,  0.55388668, -0.00746078,  0.14935313],
       [ 0.0089609 , -0.        ,  0.99995985,  0.08189404],
       [ 0.        ,  0.        ,  0.        ,  1.        ]])]","[array([[ 0.55386444, -0.83259207, -0.00496333, -0.13201055],
       [ 0.83255864,  0.55388668, -0.00746078,  0.14935313],
       [ 0.0089609 , -0.        ,  0.99995985,  0.08189404],
       [ 0.        ,  0.        ,  0.        ,  1.        ]])]","[array([[ 0.64333285, -0.76555332,  0.00713835, -0.05566694],
       [ 0.7655062 ,  0.64337245,  0.00849397,  0.09038259],
       [-0.01109521,  0.        ,  0.99993845,  0.08532553],
       [ 0.        ,  0.        ,  0.        ,  1.        ]])]","[array([[-0.21637623, -0.97626028,  0.00985821, -0.01919281],
       [ 0.97524862, -0.21660069, -0.0444328 ,  0.13354683],
       [ 0.04551327, -0.        ,  0.99896373,  0.08273768],
       [ 0.        ,  0.        ,  0.        ,  1.        ]])]","[array([[-0.21637623, -0.97626028,  0.00985821, -0.01919281],
       [ 0.97524862, -0.21660069, -0.0444328 ,  0.13354683],
       [ 0.04551327, -0.        ,  0.99896373,  0.08273768],
       [ 0.        ,  0.        ,  0.        ,  1.        ]])]"
13,"[array([[-0.32434651, -0.94572235, -0.02021349, -0.11641423],
       [ 0.94389115, -0.32497576,  0.05882392,  0.07972324],
       [-0.06219999,  0.        ,  0.99806371,  0.08572628],
       [ 0.        ,  0.        ,  0.        ,  1.        ]])]","[array([[ 0.5530263 , -0.83314822, -0.00509381, -0.1320154 ],
       [ 0.83311288,  0.55304976, -0.00767362,  0.14933973],
       [ 0.00921039, -0.        ,  0.99995758,  0.08189211],
       [ 0.        ,  0.        ,  0.        ,  1.        ]])]","[array([[ 0.5530263 , -0.83314822, -0.00509381, -0.1320154 ],
       [ 0.83311288,  0.55304976, -0.00767362,  0.14933973],
       [ 0.00921039, -0.        ,  0.99995758,  0.08189211],
       [ 0.        ,  0.        ,  0.        ,  1.        ]])]","[array([[ 0.64286091, -0.7659482 ,  0.00729419, -0.05565987],
       [ 0.7658989 ,  0.64290229,  0.00869023,  0.09037062],
       [-0.01134572,  0.        ,  0.99993564,  0.08532914],
       [ 0.        ,  0.        ,  0.        ,  1.        ]])]","[array([[-0.21863957, -0.97575591,  0.00985604, -0.01917091],
       [ 0.974766  , -0.21886161, -0.04394144,  0.13354109],
       [ 0.04503323, -0.        ,  0.99898549,  0.08275594],
       [ 0.        ,  0.        ,  0.        ,  1.        ]])]","[array([[-0.21863957, -0.97575591,  0.00985604, -0.01917091],
       [ 0.974766  , -0.21886161, -0.04394144,  0.13354109],
       [ 0.04503323, -0.        ,  0.99898549,  0.08275594],
       [ 0.        ,  0.        ,  0.        ,  1.        ]])]"
14,"[array([[-0.32735819, -0.94467529, -0.02062061, -0.11640786],
       [ 0.94280668, -0.328007  ,  0.0593883 ,  0.07968605],
       [-0.06286636,  0.        ,  0.99802195,  0.08575121],
       [ 0.        ,  0.        ,  0.        ,  1.        ]])]","[array([[ 0.54883615, -0.83591075, -0.00566495, -0.13217959],
       [ 0.83586623,  0.54886539, -0.0086276 ,  0.14922235],
       [ 0.0103212 , -0.        ,  0.99994673,  0.08183379],
       [ 0.        ,  0.        ,  0.        ,  1.        ]])]","[array([[ 0.54883615, -0.83591075, -0.00566495, -0.13217959],
       [ 0.83586623,  0.54886539, -0.0086276 ,  0.14922235],
       [ 0.0103212 , -0.        ,  0.99994673,  0.08183379],
       [ 0.        ,  0.        ,  0.        ,  1.        ]])]","[array([[ 0.64189091, -0.76678756,  0.0035912 , -0.0556756 ],
       [ 0.76677556,  0.64190096,  0.0042899 ,  0.0903621 ],
       [-0.00559463,  0.        ,  0.99998435,  0.08520832],
       [ 0.        ,  0.        ,  0.        ,  1.        ]])]","[array([[-0.22661535, -0.97392934,  0.01034993, -0.01922816],
       [ 0.97291516, -0.22685158, -0.04443477,  0.13351009],
       [ 0.04562422, -0.        ,  0.99895867,  0.08273915],
       [ 0.        ,  0.        ,  0.        ,  1.        ]])]","[array([[-0.22661535, -0.97392934,  0.01034993, -0.01922816],
       [ 0.97291516, -0.22685158, -0.04443477,  0.13351009],
       [ 0.04562422, -0.        ,  0.99895867,  0.08273915],
       [ 0.        ,  0.        ,  0.        ,  1.        ]])]"
15,"[array([[-0.33490675, -0.9420125 , -0.02121112, -0.11638948],
       [ 0.94012885, -0.33557778,  0.05954249,  0.07960392],
       [-0.06320775,  0.        ,  0.99800039,  0.08577585],
       [ 0.        ,  0.        ,  0.        ,  1.        ]])]","[array([[ 5.34200542e-01, -8.45357647e-01, -4.78407936e-04,
        -1.32505687e-01],
       [ 8.45357308e-01,  5.34200757e-01, -7.57067081e-04,
         1.48513541e-01],
       [ 8.95558328e-04, -0.00000000e+00,  9.99999599e-01,
         8.23045212e-02],
       [ 0.00000000e+00,  0.00000000e+00,  0.00000000e+00,
         1.00000000e+00]])]","[array([[ 5.34200542e-01, -8.45357647e-01, -4.78407936e-04,
        -1.32505687e-01],
       [ 8.45357308e-01,  5.34200757e-01, -7.57067081e-04,
         1.48513541e-01],
       [ 8.95558328e-04, -0.00000000e+00,  9.99999599e-01,
         8.23045212e-02],
       [ 0.00000000e+00,  0.00000000e+00,  0.00000000e+00,
         1.00000000e+00]])]","[array([[ 0.63641346, -0.7713021 ,  0.00842449, -0.05571097],
       [ 0.77123454,  0.63646922,  0.01020918,  0.09029801],
       [-0.01323629,  0.        ,  0.9999124 ,  0.08540649],
       [ 0.        ,  0.        ,  0.        ,  1.        ]])]","[array([[-0.23926066, -0.97089407,  0.01091069, -0.0195773 ],
       [ 0.96988615, -0.2395093 , -0.04422844,  0.13361937],
       [ 0.04555435, -0.        ,  0.99896186,  0.08271037],
       [ 0.        ,  0.        ,  0.        ,  1.        ]])]","[array([[-0.23926066, -0.97089407,  0.01091069, -0.0195773 ],
       [ 0.96988615, -0.2395093 , -0.04422844,  0.13361937],
       [ 0.04555435, -0.        ,  0.99896186,  0.08271037],
       [ 0.        ,  0.        ,  0.        ,  1.        ]])]"
16,"[array([[-0.35409991, -0.93494205, -0.02228501, -0.11634513],
       [ 0.93309601, -0.35480046,  0.05872369,  0.07939079],
       [-0.06280998,  0.        ,  0.9980255 ,  0.08578394],
       [ 0.        ,  0.        ,  0.        ,  1.        ]])]","[array([[ 0.53291367, -0.84616141, -0.00372737, -0.13408938],
       [ 0.84614071,  0.5329267 , -0.00591818,  0.1484729 ],
       [ 0.00699415, -0.        ,  0.99997554,  0.08197359],
       [ 0.        ,  0.        ,  0.        ,  1.        ]])]","[array([[ 0.53291367, -0.84616141, -0.00372737, -0.13408938],
       [ 0.84614071,  0.5329267 , -0.00591818,  0.1484729 ],
       [ 0.00699415, -0.        ,  0.99997554,  0.08197359],
       [ 0.        ,  0.        ,  0.        ,  1.        ]])]","[array([[ 0.62702873, -0.77893722,  0.00957989, -0.05578051],
       [ 0.77884632,  0.62710191,  0.01189939,  0.09016637],
       [-0.01527645,  0.        ,  0.99988331,  0.08549119],
       [ 0.        ,  0.        ,  0.        ,  1.        ]])]","[array([[-0.26910286, -0.96303758,  0.01192797, -0.0201683 ],
       [ 0.96209293, -0.26936708, -0.04264473,  0.13363365],
       [ 0.04428148, -0.        ,  0.99901909,  0.08278685],
       [ 0.        ,  0.        ,  0.        ,  1.        ]])]","[array([[-0.26910286, -0.96303758,  0.01192797, -0.0201683 ],
       [ 0.96209293, -0.26936708, -0.04264473,  0.13363365],
       [ 0.04428148, -0.        ,  0.99901909,  0.08278685],
       [ 0.        ,  0.        ,  0.        ,  1.        ]])]"
17,"[array([[-0.37659867, -0.9260891 , -0.02307404, -0.11619845],
       [ 0.92435573, -0.37730488,  0.05663489,  0.07917659],
       [-0.0611549 ,  0.        ,  0.99812829,  0.08577287],
       [ 0.        ,  0.        ,  0.        ,  1.        ]])]","[array([[ 5.62970867e-01, -8.26476647e-01, -3.92005287e-04,
        -1.34704618e-01],
       [ 8.26476447e-01,  5.62971004e-01, -5.75488281e-04,
         1.47555419e-01],
       [ 6.96315235e-04, -0.00000000e+00,  9.99999758e-01,
         8.24448572e-02],
       [ 0.00000000e+00,  0.00000000e+00,  0.00000000e+00,
         1.00000000e+00]])]","[array([[ 5.62970867e-01, -8.26476647e-01, -3.92005287e-04,
        -1.34704618e-01],
       [ 8.26476447e-01,  5.62971004e-01, -5.75488281e-04,
         1.47555419e-01],
       [ 6.96315235e-04, -0.00000000e+00,  9.99999758e-01,
         8.24448572e-02],
       [ 0.00000000e+00,  0.00000000e+00,  0.00000000e+00,
         1.00000000e+00]])]","[array([[ 0.63880478, -0.76932626,  0.00809683, -0.055725  ],
       [ 0.76926447,  0.63885609,  0.0097504 ,  0.09032232],
       [-0.01267395,  0.        ,  0.99991968,  0.0853749 ],
       [ 0.        ,  0.        ,  0.        ,  1.        ]])]","[array([[-0.27893837, -0.9602347 ,  0.01194567, -0.01966299],
       [ 0.95935537, -0.27919404, -0.04108486,  0.13297958],
       [ 0.04278627, -0.        ,  0.99908425,  0.0827134 ],
       [ 0.        ,  0.        ,  0.        ,  1.        ]])]","[array([[-0.27893837, -0.9602347 ,  0.01194567, -0.01966299],
       [ 0.95935537, -0.27919404, -0.04108486,  0.13297958],
       [ 0.04278627, -0.        ,  0.99908425,  0.0827134 ],
       [ 0.        ,  0.        ,  0.        ,  1.        ]])]"
18,"[array([[-0.37115076, -0.92829421, -0.02273702, -0.11624057],
       [ 0.9265572 , -0.37184655,  0.0567617 ,  0.07924736],
       [-0.06114624,  0.        ,  0.99812882,  0.08577068],
       [ 0.        ,  0.        ,  0.        ,  1.        ]])]","[array([[ 5.70417129e-01, -8.21355077e-01, -3.68842431e-04,
        -1.34282363e-01],
       [ 8.21354905e-01,  5.70417248e-01, -5.31103511e-04,
         1.47695792e-01],
       [ 6.46618650e-04, -0.00000000e+00,  9.99999791e-01,
         8.24384375e-02],
       [ 0.00000000e+00,  0.00000000e+00,  0.00000000e+00,
         1.00000000e+00]])]","[array([[ 5.70417129e-01, -8.21355077e-01, -3.68842431e-04,
        -1.34282363e-01],
       [ 8.21354905e-01,  5.70417248e-01, -5.31103511e-04,
         1.47695792e-01],
       [ 6.46618650e-04, -0.00000000e+00,  9.99999791e-01,
         8.24384375e-02],
       [ 0.00000000e+00,  0.00000000e+00,  0.00000000e+00,
         1.00000000e+00]])]","[array([[ 0.64428995, -0.76474279,  0.00767648, -0.05569819],
       [ 0.76468852,  0.64433568,  0.00911098,  0.09039046],
       [-0.01191379,  0.        ,  0.99992903,  0.08534987],
       [ 0.        ,  0.        ,  0.        ,  1.        ]])]","[array([[-0.26973388, -0.96286331,  0.01174252, -0.01937783],
       [ 0.9619522 , -0.26998936, -0.04187735,  0.13281257],
       [ 0.04349252, -0.        ,  0.99905375,  0.08271494],
       [ 0.        ,  0.        ,  0.        ,  1.        ]])]","[array([[-0.26973388, -0.96286331,  0.01174252, -0.01937783],
       [ 0.9619522 , -0.26998936, -0.04187735,  0.13281257],
       [ 0.04349252, -0.        ,  0.99905375,  0.08271494],
       [ 0.        ,  0.        ,  0.        ,  1.        ]])]"
19,"[array([[-0.39410269, -0.91893117, -0.01576618, -0.11558894],
       [ 0.91819671, -0.39441793,  0.03673269,  0.07908989],
       [-0.03997327,  0.        ,  0.99920075,  0.0849454 ],
       [ 0.        ,  0.        ,  0.        ,  1.        ]])]","[array([[ 5.62568156e-01, -8.26750775e-01, -4.75451726e-04,
        -1.34968046e-01],
       [ 8.26750480e-01,  5.62568357e-01, -6.98724125e-04,
         1.47400892e-01],
       [ 8.45144808e-04, -0.00000000e+00,  9.99999643e-01,
         8.24331244e-02],
       [ 0.00000000e+00,  0.00000000e+00,  0.00000000e+00,
         1.00000000e+00]])]","[array([[ 5.62568156e-01, -8.26750775e-01, -4.75451726e-04,
        -1.34968046e-01],
       [ 8.26750480e-01,  5.62568357e-01, -6.98724125e-04,
         1.47400892e-01],
       [ 8.45144808e-04, -0.00000000e+00,  9.99999643e-01,
         8.24331244e-02],
       [ 0.00000000e+00,  0.00000000e+00,  0.00000000e+00,
         1.00000000e+00]])]","[array([[ 0.63382038, -0.77343164,  0.00867322, -0.05579078],
       [ 0.77335923,  0.63387972,  0.01058267,  0.09028944],
       [-0.01368275,  0.        ,  0.99990639,  0.08544049],
       [ 0.        ,  0.        ,  0.        ,  1.        ]])]","[array([[-0.27767094, -0.96060098,  0.01202521, -0.02009733],
       [ 0.95970143, -0.2779312 , -0.0415622 ,  0.13327494],
       [ 0.04326687, -0.        ,  0.99906355,  0.08273711],
       [ 0.        ,  0.        ,  0.        ,  1.        ]])]","[array([[-0.27767094, -0.96060098,  0.01202521, -0.02009733],
       [ 0.95970143, -0.2779312 , -0.0415622 ,  0.13327494],
       [ 0.04326687, -0.        ,  0.99906355,  0.08273711],
       [ 0.        ,  0.        ,  0.        ,  1.        ]])]"
20,"[array([[-0.49079813, -0.87108298, -0.01821092, -0.11521469],
       [ 0.87048397, -0.49113586,  0.03229905,  0.07813849],
       [-0.03707918,  0.        ,  0.99931233,  0.08490157],
       [ 0.        ,  0.        ,  0.        ,  1.        ]])]","[array([[ 5.33503467e-01, -8.45797620e-01, -6.61675116e-04,
        -1.41292500e-01],
       [ 8.45796969e-01,  5.33503877e-01, -1.04899563e-03,
         1.44066424e-01],
       [ 1.24024425e-03, -0.00000000e+00,  9.99999231e-01,
         8.25255602e-02],
       [ 0.00000000e+00,  0.00000000e+00,  0.00000000e+00,
         1.00000000e+00]])]","[array([[ 5.33503467e-01, -8.45797620e-01, -6.61675116e-04,
        -1.41292500e-01],
       [ 8.45796969e-01,  5.33503877e-01, -1.04899563e-03,
         1.44066424e-01],
       [ 1.24024425e-03, -0.00000000e+00,  9.99999231e-01,
         8.25255602e-02],
       [ 0.00000000e+00,  0.00000000e+00,  0.00000000e+00,
         1.00000000e+00]])]","[array([[ 0.54638256, -0.83743307,  0.01311332, -0.05658319],
       [ 0.83719199,  0.54653989,  0.02009282,  0.08949144],
       [-0.02399335,  0.        ,  0.99971212,  0.08551345],
       [ 0.        ,  0.        ,  0.        ,  1.        ]])]","[array([[-0.31569973, -0.94873354,  0.01543826, -0.02580283],
       [ 0.94760118, -0.31607699, -0.04633933,  0.13700822],
       [ 0.04884335, -0.        ,  0.99880645,  0.08218578],
       [ 0.        ,  0.        ,  0.        ,  1.        ]])]","[array([[-0.31569973, -0.94873354,  0.01543826, -0.02580283],
       [ 0.94760118, -0.31607699, -0.04633933,  0.13700822],
       [ 0.04884335, -0.        ,  0.99880645,  0.08218578],
       [ 0.        ,  0.        ,  0.        ,  1.        ]])]"
21,"[array([[-0.69011849, -0.7233926 , -0.02096717, -0.11396994],
       [ 0.72305896, -0.69043693,  0.02196797,  0.07615476],
       [-0.03036797,  0.        ,  0.99953879,  0.08471624],
       [ 0.        ,  0.        ,  0.        ,  1.        ]])]","[array([[ 0.51819663, -0.85523427,  0.00682562, -0.15415121],
       [ 0.85516009,  0.51824158,  0.01126406,  0.134421  ],
       [-0.01317073, -0.        ,  0.99991326,  0.08308283],
       [ 0.        ,  0.        ,  0.        ,  1.        ]])]","[array([[ 0.51819663, -0.85523427,  0.00682562, -0.15415121],
       [ 0.85516009,  0.51824158,  0.01126406,  0.134421  ],
       [-0.01317073, -0.        ,  0.99991326,  0.08308283],
       [ 0.        ,  0.        ,  0.        ,  1.        ]])]","[array([[ 0.33955214, -0.94052449,  0.01086455, -0.05792712],
       [ 0.94004341,  0.33972591,  0.03007829,  0.0872231 ],
       [-0.03198033,  0.        ,  0.9994885 ,  0.08555936],
       [ 0.        ,  0.        ,  0.        ,  1.        ]])]","[array([[-0.36670555, -0.93019015,  0.0165323 , -0.03863588],
       [ 0.92924629, -0.36707803, -0.04189349,  0.14297265],
       [ 0.04503755, -0.        ,  0.99898529,  0.08192081],
       [ 0.        ,  0.        ,  0.        ,  1.        ]])]","[array([[-0.36670555, -0.93019015,  0.0165323 , -0.03863588],
       [ 0.92924629, -0.36707803, -0.04189349,  0.14297265],
       [ 0.04503755, -0.        ,  0.99898529,  0.08192081],
       [ 0.        ,  0.        ,  0.        ,  1.        ]])]"
22,"[array([[-0.81873422, -0.57375355, -0.02193513, -0.1125678 ],
       [ 0.57354774, -0.819028  ,  0.01536621,  0.07489209],
       [-0.02678191,  0.        ,  0.9996413 ,  0.08460291],
       [ 0.        ,  0.        ,  0.        ,  1.        ]])]","[array([[ 0.49323299, -0.86989327,  0.00262835, -0.16240433],
       [ 0.86988092,  0.49323999,  0.00463544,  0.12478837],
       [-0.00532875, -0.        ,  0.9999858 ,  0.08285345],
       [ 0.        ,  0.        ,  0.        ,  1.        ]])]","[array([[ 0.49323299, -0.86989327,  0.00262835, -0.16240433],
       [ 0.86988092,  0.49323999,  0.00463544,  0.12478837],
       [-0.00532875, -0.        ,  0.9999858 ,  0.08285345],
       [ 0.        ,  0.        ,  0.        ,  1.        ]])]","[array([[ 0.15666262, -0.9876209 ,  0.00786049, -0.05836138],
       [ 0.98638007,  0.1568597 ,  0.04949125,  0.08518122],
       [-0.05011158,  0.        ,  0.99874363,  0.0860195 ],
       [ 0.        ,  0.        ,  0.        ,  1.        ]])]","[array([[-0.37197333, -0.92812334,  0.01492998, -0.04993394],
       [ 0.92737664, -0.37227284, -0.03722233,  0.14537967],
       [ 0.04010494, -0.        ,  0.99919547,  0.08190366],
       [ 0.        ,  0.        ,  0.        ,  1.        ]])]","[array([[-0.37197333, -0.92812334,  0.01492998, -0.04993394],
       [ 0.92737664, -0.37227284, -0.03722233,  0.14537967],
       [ 0.04010494, -0.        ,  0.99919547,  0.08190366],
       [ 0.        ,  0.        ,  0.        ,  1.        ]])]"
23,"[array([[-0.87878158, -0.47662197, -0.0239673 , -0.11165987],
       [ 0.47644481, -0.87910835,  0.01299424,  0.07436378],
       [-0.0272632 ,  0.        ,  0.99962829,  0.0846577 ],
       [ 0.        ,  0.        ,  0.        ,  1.        ]])]","[array([[ 0.46031662, -0.88774006,  0.00511757, -0.1665639 ],
       [ 0.88768521,  0.46034506,  0.00986884,  0.11882316],
       [-0.01111681, -0.        ,  0.99993821,  0.08322151],
       [ 0.        ,  0.        ,  0.        ,  1.        ]])]","[array([[ 0.46031662, -0.88774006,  0.00511757, -0.1665639 ],
       [ 0.88768521,  0.46034506,  0.00986884,  0.11882316],
       [-0.01111681, -0.        ,  0.99993821,  0.08322151],
       [ 0.        ,  0.        ,  0.        ,  1.        ]])]","[array([[ 0.05269236, -0.99860758,  0.00253403, -0.05862295],
       [ 0.99745481,  0.05275325,  0.04796864,  0.0839322 ],
       [-0.04803553,  0.        ,  0.99884563,  0.085938  ],
       [ 0.        ,  0.        ,  0.        ,  1.        ]])]","[array([[-0.37149683, -0.92832777,  0.01405886, -0.05651191],
       [ 0.92766373, -0.37176275, -0.03510633,  0.14608056],
       [ 0.03781674, -0.        ,  0.99928469,  0.08185743],
       [ 0.        ,  0.        ,  0.        ,  1.        ]])]","[array([[-0.37149683, -0.92832777,  0.01405886, -0.05651191],
       [ 0.92766373, -0.37176275, -0.03510633,  0.14608056],
       [ 0.03781674, -0.        ,  0.99928469,  0.08185743],
       [ 0.        ,  0.        ,  0.        ,  1.        ]])]"
24,"[array([[-0.90155787, -0.43201028, -0.02367553, -0.11126722],
       [ 0.43186139, -0.90186868,  0.01134098,  0.07417855],
       [-0.02625163,  0.        ,  0.99965537,  0.08464904],
       [ 0.        ,  0.        ,  0.        ,  1.        ]])]","[array([[ 0.42794938, -0.90379007,  0.004779  , -0.16814685],
       [ 0.90373372,  0.42797606,  0.01009219,  0.11585416],
       [-0.01116652, -0.        ,  0.99993765,  0.0832451 ],
       [ 0.        ,  0.        ,  0.        ,  1.        ]])]","[array([[ 0.42794938, -0.90379007,  0.004779  , -0.16814685],
       [ 0.90373372,  0.42797606,  0.01009219,  0.11585416],
       [-0.01116652, -0.        ,  0.99993765,  0.0832451 ],
       [ 0.        ,  0.        ,  0.        ,  1.        ]])]","[array([[ 1.71807961e-03, -9.99998521e-01,  8.04425177e-05,
        -5.87104719e-02],
       [ 9.98904210e-01,  1.71996178e-03,  4.67698757e-02,
         8.33208104e-02],
       [-4.67699448e-02,  0.00000000e+00,  9.98905687e-01,
         8.58926468e-02],
       [ 0.00000000e+00,  0.00000000e+00,  0.00000000e+00,
         1.00000000e+00]])]","[array([[-0.36758334, -0.92988926,  0.01372783, -0.05976683],
       [ 0.92924146, -0.36783959, -0.0347036 ,  0.14620333],
       [ 0.03732014, -0.        ,  0.99930336,  0.08182122],
       [ 0.        ,  0.        ,  0.        ,  1.        ]])]","[array([[-0.36758334, -0.92988926,  0.01372783, -0.05976683],
       [ 0.92924146, -0.36783959, -0.0347036 ,  0.14620333],
       [ 0.03732014, -0.        ,  0.99930336,  0.08182122],
       [ 0.        ,  0.        ,  0.        ,  1.        ]])]"
25,"[array([[-0.90286666, -0.42928805, -0.02331453, -0.11123394],
       [ 0.42914499, -0.90316763,  0.01108172,  0.07416762],
       [-0.02581418,  0.        ,  0.99966676,  0.08463924],
       [ 0.        ,  0.        ,  0.        ,  1.        ]])]","[array([[ 0.42576627, -0.90482212,  0.00447384, -0.16822207],
       [ 0.90477217,  0.42578977,  0.00950711,  0.1156813 ],
       [-0.01050716, -0.        ,  0.9999448 ,  0.08326013],
       [ 0.        ,  0.        ,  0.        ,  1.        ]])]","[array([[ 0.42576627, -0.90482212,  0.00447384, -0.16822207],
       [ 0.90477217,  0.42578977,  0.00950711,  0.1156813 ],
       [-0.01050716, -0.        ,  0.9999448 ,  0.08326013],
       [ 0.        ,  0.        ,  0.        ,  1.        ]])]","[array([[-1.52713198e-03, -9.99998831e-01, -7.25722464e-05,
        -5.86847819e-02],
       [ 9.98871575e-01, -1.52885539e-03,  4.74682969e-02,
         8.32937081e-02],
       [-4.74683523e-02, -0.00000000e+00,  9.98872742e-01,
         8.58802911e-02],
       [ 0.00000000e+00,  0.00000000e+00,  0.00000000e+00,
         1.00000000e+00]])]","[array([[-0.3567319 , -0.934044  ,  0.01744044, -0.06028403],
       [ 0.93292972, -0.35715797, -0.04561046,  0.14625591],
       [ 0.04883117, -0.        ,  0.99880705,  0.08137317],
       [ 0.        ,  0.        ,  0.        ,  1.        ]])]","[array([[-0.3567319 , -0.934044  ,  0.01744044, -0.06028403],
       [ 0.93292972, -0.35715797, -0.04561046,  0.14625591],
