,LP,LD1,LD2,RP,RD1,RD2
0,"[array([[-0.30771378, -0.95141895, -0.01068697, -0.1157416 ],
       [ 0.95084567, -0.3078993 ,  0.03302309,  0.0797477 ],
       [-0.03470931,  0.        ,  0.99939745,  0.08461649],
       [ 0.        ,  0.        ,  0.        ,  1.        ]])]","[array([[ 0.34837157, -0.93716129,  0.01913025, -0.13334744],
       [ 0.93575148,  0.34889643,  0.05138525,  0.14943414],
       [-0.05483074, -0.        ,  0.99849566,  0.08396662],
       [ 0.        ,  0.        ,  0.        ,  1.        ]])]","[array([[ 0.34837157, -0.93716129,  0.01913025, -0.13334744],
       [ 0.93575148,  0.34889643,  0.05138525,  0.14943414],
       [-0.05483074, -0.        ,  0.99849566,  0.08396662],
       [ 0.        ,  0.        ,  0.        ,  1.        ]])]","[array([[ 3.34299520e-01, -9.42466509e-01, -8.42711608e-04,
        -5.79766995e-02],
       [ 9.42463515e-01,  3.34300582e-01, -2.37578847e-03,
         8.64687349e-02],
       [ 2.52082004e-03,  0.00000000e+00,  9.99996823e-01,
         8.54155336e-02],
       [ 0.00000000e+00,  0.00000000e+00,  0.00000000e+00,
         1.00000000e+00]])]","[array([[-0.26113946, -0.96528545,  0.00549377, -0.03829044],
       [ 0.96507191, -0.26119724, -0.02030289,  0.14307225],
       [ 0.02103304, -0.        ,  0.99977878,  0.08457715],
       [ 0.        ,  0.        ,  0.        ,  1.        ]])]","[array([[-0.26113946, -0.96528545,  0.00549377, -0.03829044],
       [ 0.96507191, -0.26119724, -0.02030289,  0.14307225],
       [ 0.02103304, -0.        ,  0.99977878,  0.08457715],
       [ 0.        ,  0.        ,  0.        ,  1.        ]])]"
1,"[array([[-0.30769329, -0.95142494, -0.0107439 , -0.11574313],
       [ 0.95084546, -0.30788081,  0.03320122,  0.07974792],
       [-0.03489631,  0.        ,  0.99939094,  0.08462068],
       [ 0.        ,  0.        ,  0.        ,  1.        ]])]","[array([[ 0.34850279, -0.93711054,  0.01922623, -0.13335539],
       [ 0.93568773,  0.34903272,  0.0516201 ,  0.14943878],
       [-0.05508432, -0.        ,  0.99848171,  0.08398068],
       [ 0.        ,  0.        ,  0.        ,  1.        ]])]","[array([[ 0.34850279, -0.93711054,  0.01922623, -0.13335539],
       [ 0.93568773,  0.34903272,  0.0516201 ,  0.14943878],
       [-0.05508432, -0.        ,  0.99848171,  0.08398068],
       [ 0.        ,  0.        ,  0.        ,  1.        ]])]","[array([[ 3.34093605e-01, -9.42539442e-01, -9.28897935e-04,
        -5.79697343e-02],
       [ 9.42535799e-01,  3.34094896e-01, -2.62058161e-03,
         8.64672903e-02],
       [ 2.78034159e-03,  0.00000000e+00,  9.99996135e-01,
         8.54067203e-02],
       [ 0.00000000e+00,  0.00000000e+00,  0.00000000e+00,
         1.00000000e+00]])]","[array([[-0.26109318, -0.96529805,  0.00547982, -0.03829409],
       [ 0.96508551, -0.26115068, -0.02025521,  0.14307046],
       [ 0.02098338, -0.        ,  0.99977982,  0.08457973],
       [ 0.        ,  0.        ,  0.        ,  1.        ]])]","[array([[-0.26109318, -0.96529805,  0.00547982, -0.03829409],
       [ 0.96508551, -0.26115068, -0.02025521,  0.14307046],
       [ 0.02098338, -0.        ,  0.99977982,  0.08457973],
       [ 0.        ,  0.        ,  0.        ,  1.        ]])]"
2,"[array([[-0.3079611 , -0.95133842, -0.01073212, -0.11573315],
       [ 0.95076127, -0.30814804,  0.03313303,  0.07974376],
       [-0.03482781,  0.        ,  0.99939333,  0.08462014],
       [ 0.        ,  0.        ,  0.        ,  1.        ]])]","[array([[ 0.34853311, -0.93710032,  0.01917461, -0.1333553 ],
       [ 0.93568538,  0.34906016,  0.05147691,  0.14943698],
       [-0.05493212, -0.        ,  0.99849009,  0.08397684],
       [ 0.        ,  0.        ,  0.        ,  1.        ]])]","[array([[ 0.34853311, -0.93710032,  0.01917461, -0.1333553 ],
       [ 0.93568538,  0.34906016,  0.05147691,  0.14943698],
       [-0.05493212, -0.        ,  0.99849009,  0.08397684],
       [ 0.        ,  0.        ,  0.        ,  1.        ]])]","[array([[ 3.34320043e-01, -9.42459285e-01, -7.77982786e-04,
        -5.79770951e-02],
       [ 9.42456733e-01,  3.34320948e-01, -2.19315333e-03,
         8.64690676e-02],
       [ 2.32705366e-03,  0.00000000e+00,  9.99997292e-01,
         8.54208740e-02],
       [ 0.00000000e+00,  0.00000000e+00,  0.00000000e+00,
         1.00000000e+00]])]","[array([[-0.2611611 , -0.96527967,  0.00548058, -0.03828867],
       [ 0.96506719, -0.2612186 , -0.02025235,  0.14307011],
       [ 0.02098081, -0.        ,  0.99977988,  0.08458281],
       [ 0.        ,  0.        ,  0.        ,  1.        ]])]","[array([[-0.2611611 , -0.96527967,  0.00548058, -0.03828867],
       [ 0.96506719, -0.2612186 , -0.02025235,  0.14307011],
       [ 0.02098081, -0.        ,  0.99977988,  0.08458281],
       [ 0.        ,  0.        ,  0.        ,  1.        ]])]"
3,"[array([[-0.30769193, -0.95142494, -0.01078271, -0.11574216],
       [ 0.95084126, -0.30788081,  0.03332115,  0.07974701],
       [-0.03502236,  0.        ,  0.99938653,  0.0846235 ],
       [ 0.        ,  0.        ,  0.        ,  1.        ]])]","[array([[ 0.34873237, -0.93702494,  0.01923509, -0.1333653 ],
       [ 0.93560283,  0.34926245,  0.05160522,  0.14944051],
       [-0.05507347, -0.        ,  0.9984823 ,  0.08398134],
       [ 0.        ,  0.        ,  0.        ,  1.        ]])]","[array([[ 0.34873237, -0.93702494,  0.01923509, -0.1333653 ],
       [ 0.93560283,  0.34926245,  0.05160522,  0.14944051],
       [-0.05507347, -0.        ,  0.9984823 ,  0.08398134],
       [ 0.        ,  0.        ,  0.        ,  1.        ]])]","[array([[ 3.34012409e-01, -9.42568301e-01, -8.42078790e-04,
        -5.79691716e-02],
       [ 9.42565305e-01,  3.34013470e-01, -2.37630169e-03,
         8.64639067e-02],
       [ 2.52109231e-03,  0.00000000e+00,  9.99996822e-01,
         8.54165275e-02],
       [ 0.00000000e+00,  0.00000000e+00,  0.00000000e+00,
         1.00000000e+00]])]","[array([[-0.26109588, -0.96529701,  0.00553321, -0.03829299],
       [ 0.96508032, -0.2611545 , -0.02045222,  0.14307357],
       [ 0.02118749, -0.        ,  0.99977552,  0.08457124],
       [ 0.        ,  0.        ,  0.        ,  1.        ]])]","[array([[-0.26109588, -0.96529701,  0.00553321, -0.03829299],
       [ 0.96508032, -0.2611545 , -0.02045222,  0.14307357],
       [ 0.02118749, -0.        ,  0.99977552,  0.08457124],
       [ 0.        ,  0.        ,  0.        ,  1.        ]])]"
4,"[array([[-0.30803501, -0.95131443, -0.01073728, -0.11573322],
       [ 0.95073702, -0.30822209,  0.03314015,  0.07974446],
       [-0.03483617,  0.        ,  0.99939304,  0.08461833],
       [ 0.        ,  0.        ,  0.        ,  1.        ]])]","[array([[ 0.34851004, -0.93710829,  0.01920413, -0.13335761],
       [ 0.93568881,  0.34903874,  0.05155975,  0.14943477],
       [-0.05502005, -0.        ,  0.99848525,  0.08397964],
       [ 0.        ,  0.        ,  0.        ,  1.        ]])]","[array([[ 0.34851004, -0.93710829,  0.01920413, -0.13335761],
       [ 0.93568881,  0.34903874,  0.05155975,  0.14943477],
       [-0.05502005, -0.        ,  0.99848525,  0.08397964],
       [ 0.        ,  0.        ,  0.        ,  1.        ]])]","[array([[ 3.34032533e-01, -9.42561088e-01, -9.28558361e-04,
        -5.79665584e-02],
       [ 9.42557446e-01,  3.34033823e-01, -2.62016274e-03,
         8.64642634e-02],
       [ 2.77983335e-03,  0.00000000e+00,  9.99996136e-01,
         8.54067317e-02],
       [ 0.00000000e+00,  0.00000000e+00,  0.00000000e+00,
         1.00000000e+00]])]","[array([[-0.26113067, -0.96528782,  0.00549445, -0.03829175],
       [ 0.96507422, -0.26118847, -0.02030614,  0.1430723 ],
       [ 0.02103636, -0.        ,  0.99977871,  0.08457804],
       [ 0.        ,  0.        ,  0.        ,  1.        ]])]","[array([[-0.26113067, -0.96528782,  0.00549445, -0.03829175],
       [ 0.96507422, -0.26118847, -0.02030614,  0.1430723 ],
       [ 0.02103636, -0.        ,  0.99977871,  0.08457804],
       [ 0.        ,  0.        ,  0.        ,  1.        ]])]"
5,"[array([[-0.30784448, -0.95137596, -0.01075006, -0.11573619],
       [ 0.95079642, -0.30803212,  0.0332022 ,  0.07974929],
       [-0.03489914,  0.        ,  0.99939084,  0.08462274],
       [ 0.        ,  0.        ,  0.        ,  1.        ]])]","[array([[ 0.34851595, -0.93710638,  0.01919013, -0.13335579],
       [ 0.93568901,  0.34904387,  0.05152129,  0.14943979],
       [-0.05497912, -0.        ,  0.9984875 ,  0.08397534],
       [ 0.        ,  0.        ,  0.        ,  1.        ]])]","[array([[ 0.34851595, -0.93710638,  0.01919013, -0.13335579],
       [ 0.93568901,  0.34904387,  0.05152129,  0.14943979],
       [-0.05497912, -0.        ,  0.9984875 ,  0.08397534],
       [ 0.        ,  0.        ,  0.        ,  1.        ]])]","[array([[ 3.34015978e-01, -9.42567016e-01, -8.63856341e-04,
        -5.79662402e-02],
       [ 9.42563864e-01,  3.34017095e-01, -2.43772701e-03,
         8.64649712e-02],
       [ 2.58626386e-03,  0.00000000e+00,  9.99996656e-01,
         8.54130677e-02],
       [ 0.00000000e+00,  0.00000000e+00,  0.00000000e+00,
         1.00000000e+00]])]","[array([[-0.26105893, -0.96530724,  0.00549249, -0.0382943 ],
       [ 0.96509366, -0.26111671, -0.02030486,  0.14307167],
       [ 0.02103461, -0.        ,  0.99977875,  0.0845781 ],
       [ 0.        ,  0.        ,  0.        ,  1.        ]])]","[array([[-0.26105893, -0.96530724,  0.00549249, -0.0382943 ],
       [ 0.96509366, -0.26111671, -0.02030486,  0.14307167],
       [ 0.02103461, -0.        ,  0.99977875,  0.0845781 ],
       [ 0.        ,  0.        ,  0.        ,  1.        ]])]"
6,"[array([[-0.3078999 , -0.95135798, -0.01075393, -0.11573474],
       [ 0.95077824, -0.30808765,  0.03320755,  0.07975007],
       [-0.03490542,  0.        ,  0.99939062,  0.08462088],
       [ 0.        ,  0.        ,  0.        ,  1.        ]])]","[array([[ 0.34878198, -0.93700672,  0.01922316, -0.1333658 ],
       [ 0.93558679,  0.34931133,  0.05156497,  0.14944424],
       [-0.05503159, -0.        ,  0.99848461,  0.083978  ],
       [ 0.        ,  0.        ,  0.        ,  1.        ]])]","[array([[ 0.34878198, -0.93700672,  0.01922316, -0.1333658 ],
       [ 0.93558679,  0.34931133,  0.05156497,  0.14944424],
       [-0.05503159, -0.        ,  0.99848461,  0.083978  ],
       [ 0.        ,  0.        ,  0.        ,  1.        ]])]","[array([[ 3.33975326e-01, -9.42581441e-01, -8.42054787e-04,
        -5.79664576e-02],
       [ 9.42578445e-01,  3.33976387e-01, -2.37653093e-03,
         8.64642833e-02],
       [ 2.52130037e-03,  0.00000000e+00,  9.99996822e-01,
         8.54155229e-02],
       [ 0.00000000e+00,  0.00000000e+00,  0.00000000e+00,
         1.00000000e+00]])]","[array([[-0.26115287, -0.96528204,  0.00545517, -0.03828997],
       [ 0.96507151, -0.26120984, -0.02015918,  0.14307109],
       [ 0.02088424, -0.        ,  0.9997819 ,  0.08458388],
       [ 0.        ,  0.        ,  0.        ,  1.        ]])]","[array([[-0.26115287, -0.96528204,  0.00545517, -0.03828997],
       [ 0.96507151, -0.26120984, -0.02015918,  0.14307109],
       [ 0.02088424, -0.        ,  0.9997819 ,  0.08458388],
       [ 0.        ,  0.        ,  0.        ,  1.        ]])]"
7,"[array([[-0.3076929 , -0.95142548, -0.01070717, -0.11574214],
       [ 0.95084995, -0.30787914,  0.0330879 ,  0.07974984],
       [-0.03477719,  0.        ,  0.99939509,  0.08461901],
       [ 0.        ,  0.        ,  0.        ,  1.        ]])]","[array([[ 0.34854742, -0.93709425,  0.019211  , -0.13335773],
       [ 0.93567408,  0.34907645,  0.05157186,  0.14944141],
       [-0.0550338 , -0.        ,  0.99848449,  0.08397907],
       [ 0.        ,  0.        ,  0.        ,  1.        ]])]","[array([[ 0.34854742, -0.93709425,  0.019211  , -0.13335773],
       [ 0.93567408,  0.34907645,  0.05157186,  0.14944141],
       [-0.0550338 , -0.        ,  0.99848449,  0.08397907],
       [ 0.        ,  0.        ,  0.        ,  1.        ]])]","[array([[ 3.34110382e-01, -9.42533516e-01, -9.07211043e-04,
        -5.79710575e-02],
       [ 9.42530042e-01,  3.34111614e-01, -2.55925499e-03,
         8.64675676e-02],
       [ 2.71529335e-03,  0.00000000e+00,  9.99996314e-01,
         8.54091774e-02],
       [ 0.00000000e+00,  0.00000000e+00,  0.00000000e+00,
         1.00000000e+00]])]","[array([[-0.26092779, -0.96534264,  0.00550211, -0.03830196],
       [ 0.96512809, -0.2609858 , -0.0203514 ,  0.14307237],
       [ 0.02108205, -0.        ,  0.99977775,  0.08457559],
       [ 0.        ,  0.        ,  0.        ,  1.        ]])]","[array([[-0.26092779, -0.96534264,  0.00550211, -0.03830196],
       [ 0.96512809, -0.2609858 , -0.0203514 ,  0.14307237],
       [ 0.02108205, -0.        ,  0.99977775,  0.08457559],
       [ 0.        ,  0.        ,  0.        ,  1.        ]])]"
8,"[array([[-0.30796143, -0.95133894, -0.01067594, -0.11573614],
       [ 0.95076781, -0.30814642,  0.03295977,  0.07974664],
       [-0.03464566,  0.        ,  0.99939966,  0.08461606],
       [ 0.        ,  0.        ,  0.        ,  1.        ]])]","[array([[ 0.3484246 , -0.93714085,  0.0191654 , -0.13335204],
       [ 0.93572634,  0.34895131,  0.05147045,  0.14943418],
       [-0.05492285, -0.        ,  0.9984906 ,  0.08397255],
       [ 0.        ,  0.        ,  0.        ,  1.        ]])]","[array([[ 0.3484246 , -0.93714085,  0.0191654 , -0.13335204],
       [ 0.93572634,  0.34895131,  0.05147045,  0.14943418],
       [-0.05492285, -0.        ,  0.9984906 ,  0.08397255],
       [ 0.        ,  0.        ,  0.        ,  1.        ]])]","[array([[ 3.34225464e-01, -9.42492793e-01, -8.21057237e-04,
        -5.79742739e-02],
       [ 9.42489949e-01,  3.34226472e-01, -2.31531788e-03,
         8.64694851e-02],
       [ 2.45658948e-03,  0.00000000e+00,  9.99996983e-01,
         8.54169724e-02],
       [ 0.00000000e+00,  0.00000000e+00,  0.00000000e+00,
         1.00000000e+00]])]","[array([[-0.26095296, -0.96533583,  0.00550318, -0.03830106],
       [ 0.96512124, -0.26101098, -0.02035322,  0.14307224],
       [ 0.02108408, -0.        ,  0.99977771,  0.08457353],
       [ 0.        ,  0.        ,  0.        ,  1.        ]])]","[array([[-0.26095296, -0.96533583,  0.00550318, -0.03830106],
       [ 0.96512124, -0.26101098, -0.02035322,  0.14307224],
       [ 0.02108408, -0.        ,  0.99977771,  0.08457353],
       [ 0.        ,  0.        ,  0.        ,  1.        ]])]"
9,"[array([[-0.30811091, -0.9512894 , -0.01077712, -0.11573123],
       [ 0.950708  , -0.30829934,  0.03325391,  0.07974324],
       [-0.03495668,  0.        ,  0.99938883,  0.08462503],
       [ 0.        ,  0.        ,  0.        ,  1.        ]])]","[array([[ 0.34861855, -0.93706774,  0.01921336, -0.13336087],
       [ 0.93564784,  0.3491476 ,  0.05156622,  0.14943956],
       [-0.05502934, -0.        ,  0.99848474,  0.08397893],
       [ 0.        ,  0.        ,  0.        ,  1.        ]])]","[array([[ 0.34861855, -0.93706774,  0.01921336, -0.13336087],
       [ 0.93564784,  0.3491476 ,  0.05156622,  0.14943956],
       [-0.05502934, -0.        ,  0.99848474,  0.08397893],
       [ 0.        ,  0.        ,  0.        ,  1.        ]])]","[array([[ 3.34262357e-01, -9.42479651e-01, -8.85902211e-04,
        -5.79759837e-02],
       [ 9.42476341e-01,  3.34263530e-01, -2.49786390e-03,
         8.64671188e-02],
       [ 2.65031070e-03,  0.00000000e+00,  9.99996488e-01,
         8.54096330e-02],
       [ 0.00000000e+00,  0.00000000e+00,  0.00000000e+00,
         1.00000000e+00]])]","[array([[-0.26099924, -0.96532324,  0.00551712, -0.03829942],
       [ 0.96510764, -0.26105755, -0.02040089,  0.14307104],
       [ 0.02113374, -0.        ,  0.99977666,  0.08457095],
       [ 0.        ,  0.        ,  0.        ,  1.        ]])]","[array([[-0.26099924, -0.96532324,  0.00551712, -0.03829942],
       [ 0.96510764, -0.26105755, -0.02040089,  0.14307104],
       [ 0.02113374, -0.        ,  0.99977666,  0.08457095],
       [ 0.        ,  0.        ,  0.        ,  1.        ]])]"
10,"[array([[-0.30790228, -0.95135745, -0.01073242, -0.11573568],
       [ 0.95078004, -0.30808927,  0.03314095,  0.07974701],
       [-0.03483543,  0.        ,  0.99939306,  0.08461831],
       [ 0.        ,  0.        ,  0.        ,  1.        ]])]","[array([[ 0.34855334, -0.93709234,  0.019197  , -0.13335491],
       [ 0.93567428,  0.34908159,  0.05153339,  0.14943743],
       [-0.05499287, -0.        ,  0.99848675,  0.08397477],
       [ 0.        ,  0.        ,  0.        ,  1.        ]])]","[array([[ 0.34855334, -0.93709234,  0.019197  , -0.13335491],
       [ 0.93567428,  0.34908159,  0.05153339,  0.14943743],
       [-0.05499287, -0.        ,  0.99848675,  0.08397477],
       [ 0.        ,  0.        ,  0.        ,  1.        ]])]","[array([[ 3.34147393e-01, -9.42520375e-01, -9.28837533e-04,
        -5.79727699e-02],
       [ 9.42516733e-01,  3.34148684e-01, -2.61993640e-03,
         8.64641947e-02],
       [ 2.77971327e-03,  0.00000000e+00,  9.99996137e-01,
         8.54047344e-02],
       [ 0.00000000e+00,  0.00000000e+00,  0.00000000e+00,
         1.00000000e+00]])]","[array([[-0.26111564, -0.96529227,  0.00542751, -0.03829129],
       [ 0.96508381, -0.26117204, -0.02006007,  0.14307122],
       [ 0.02078135, -0.        ,  0.99978404,  0.08458915],
       [ 0.        ,  0.        ,  0.        ,  1.        ]])]","[array([[-0.26111564, -0.96529227,  0.00542751, -0.03829129],
       [ 0.96508381, -0.26117204, -0.02006007,  0.14307122],
       [ 0.02078135, -0.        ,  0.99978404,  0.08458915],
       [ 0.        ,  0.        ,  0.        ,  1.        ]])]"
11,"[array([[-0.30796076, -0.95133894, -0.01069536, -0.11573116],
       [ 0.95076573, -0.30814642,  0.03301973,  0.07974368],
       [-0.03470869,  0.        ,  0.99939747,  0.08461347],
       [ 0.        ,  0.        ,  0.        ,  1.        ]])]","[array([[ 0.34852091, -0.93710447,  0.01919342, -0.13335293],
       [ 0.93568666,  0.34904901,  0.05152927,  0.14943488],
       [-0.05498775, -0.        ,  0.99848703,  0.08397561],
       [ 0.        ,  0.        ,  0.        ,  1.        ]])]","[array([[ 0.34852091, -0.93710447,  0.01919342, -0.13335293],
       [ 0.93568666,  0.34904901,  0.05152927,  0.14943488],
       [-0.05498775, -0.        ,  0.99848703,  0.08397561],
       [ 0.        ,  0.        ,  0.        ,  1.        ]])]","[array([[ 3.34052827e-01, -9.42553874e-01, -9.50268372e-04,
        -5.79719490e-02],
       [ 9.42550061e-01,  3.34054178e-01, -2.68123913e-03,
         8.64626095e-02],
       [ 2.84465345e-03,  0.00000000e+00,  9.99995954e-01,
         8.54042798e-02],
       [ 0.00000000e+00,  0.00000000e+00,  0.00000000e+00,
         1.00000000e+00]])]","[array([[-0.2613432 , -0.96523058,  0.00544692, -0.03828021],
       [ 0.965021  , -0.26139995, -0.02011299,  0.14306908],
       [ 0.0208375 , -0.        ,  0.99978288,  0.08458737],
       [ 0.        ,  0.        ,  0.        ,  1.        ]])]","[array([[-0.2613432 , -0.96523058,  0.00544692, -0.03828021],
       [ 0.965021  , -0.26139995, -0.02011299,  0.14306908],
       [ 0.0208375 , -0.        ,  0.99978288,  0.08458737],
       [ 0.        ,  0.        ,  0.        ,  1.        ]])]"
12,"[array([[-0.30796177, -0.95133842, -0.0107127 , -0.11573213],
       [ 0.95076335, -0.30814804,  0.03307308,  0.07974472],
       [-0.03476479,  0.        ,  0.99939552,  0.08461173],
       [ 0.        ,  0.        ,  0.        ,  1.        ]])]","[array([[ 0.34856459, -0.93708818,  0.01919549, -0.13335725],
       [ 0.93567045,  0.34909273,  0.05152748,  0.1494366 ],
       [-0.0549868 , -0.        ,  0.99848708,  0.08397258],
       [ 0.        ,  0.        ,  0.        ,  1.        ]])]","[array([[ 0.34856459, -0.93708818,  0.01919549, -0.13335725],
       [ 0.93567045,  0.34909273,  0.05152748,  0.1494366 ],
       [-0.0549868 , -0.        ,  0.99848708,  0.08397258],
       [ 0.        ,  0.        ,  0.        ,  1.        ]])]","[array([[ 0.33312612, -0.94288046, -0.00185245, -0.05794809],
       [ 0.94286588,  0.33313127, -0.0052431 ,  0.08644634],
       [ 0.00556072,  0.        ,  0.99998454,  0.08534344],
       [ 0.        ,  0.        ,  0.        ,  1.        ]])]","[array([[-0.26119915, -0.96526944,  0.00546912, -0.03828632],
       [ 0.96505791, -0.2612564 , -0.02020686,  0.14306888],
       [ 0.0209339 , -0.        ,  0.99978086,  0.0845773 ],
       [ 0.        ,  0.        ,  0.        ,  1.        ]])]","[array([[-0.26119915, -0.96526944,  0.00546912, -0.03828632],
       [ 0.96505791, -0.2612564 , -0.02020686,  0.14306888],
       [ 0.0209339 , -0.        ,  0.99978086,  0.0845773 ],
       [ 0.        ,  0.        ,  0.        ,  1.        ]])]"
13,"[array([[-0.30811663, -0.95128888, -0.01065847, -0.1157321 ],
       [ 0.95072022, -0.30830092,  0.03288762,  0.07974194],
       [-0.03457164,  0.        ,  0.99940222,  0.0846094 ],
       [ 0.        ,  0.        ,  0.        ,  1.        ]])]","[array([[ 0.34839714, -0.93715107,  0.01916512, -0.13335321],
       [ 0.93573636,  0.34892387,  0.05147429,  0.14943174],
       [-0.05492636, -0.        ,  0.99849041,  0.08397066],
       [ 0.        ,  0.        ,  0.        ,  1.        ]])]","[array([[ 0.34839714, -0.93715107,  0.01916512, -0.13335321],
       [ 0.93573636,  0.34892387,  0.05147429,  0.14943174],
       [-0.05492636, -0.        ,  0.99849041,  0.08397066],
       [ 0.        ,  0.        ,  0.        ,  1.        ]])]","[array([[ 3.34150858e-01, -9.42519080e-01, -9.93853587e-04,
        -5.79698361e-02],
       [ 9.42514911e-01,  3.34152336e-01, -2.80329020e-03,
         8.64642680e-02],
       [ 2.97425300e-03,  0.00000000e+00,  9.99995577e-01,
         8.53993767e-02],
       [ 0.00000000e+00,  0.00000000e+00,  0.00000000e+00,
         1.00000000e+00]])]","[array([[-0.26099181, -0.96532562,  0.00545261, -0.03829969],
       [ 0.96511502, -0.26104876, -0.02016308,  0.14306892],
       [ 0.02088734, -0.        ,  0.99978184,  0.08457978],
       [ 0.        ,  0.        ,  0.        ,  1.        ]])]","[array([[-0.26099181, -0.96532562,  0.00545261, -0.03829969],
       [ 0.96511502, -0.26104876, -0.02016308,  0.14306892],
       [ 0.02088734, -0.        ,  0.99978184,  0.08457978],
       [ 0.        ,  0.        ,  0.        ,  1.        ]])]"
14,"[array([[-0.30767618, -0.95143092, -0.01070381, -0.11574658],
       [ 0.95085569, -0.30786231,  0.03307951,  0.0797459 ],
       [-0.03476817,  0.        ,  0.9993954 ,  0.08461781],
       [ 0.        ,  0.        ,  0.        ,  1.        ]])]","[array([[ 0.34867006, -0.93704953,  0.01916681, -0.13335943],
       [ 0.93563693,  0.34919647,  0.05143307,  0.14944013],
       [-0.05488831, -0.        ,  0.9984925 ,  0.08397345],
       [ 0.        ,  0.        ,  0.        ,  1.        ]])]","[array([[ 0.34867006, -0.93704953,  0.01916681, -0.13335943],
       [ 0.93563693,  0.34919647,  0.05143307,  0.14944013],
       [-0.05488831, -0.        ,  0.9984925 ,  0.08397345],
       [ 0.        ,  0.        ,  0.        ,  1.        ]])]","[array([[ 0.33314298, -0.9428745 , -0.00185228, -0.05795241],
       [ 0.94285993,  0.33314813, -0.00524231,  0.08644963],
       [ 0.00555993,  0.        ,  0.99998454,  0.08534346],
       [ 0.        ,  0.        ,  0.        ,  1.        ]])]","[array([[-0.26113095, -0.96528782,  0.00548141, -0.03830174],
       [ 0.96507523, -0.26118847, -0.02025793,  0.14307327],
       [ 0.02098641, -0.        ,  0.99977976,  0.08457563],
       [ 0.        ,  0.        ,  0.        ,  1.        ]])]","[array([[-0.26113095, -0.96528782,  0.00548141, -0.03830174],
       [ 0.96507523, -0.26118847, -0.02025793,  0.14307327],
       [ 0.02098641, -0.        ,  0.99977976,  0.08457563],
       [ 0.        ,  0.        ,  0.        ,  1.        ]])]"
15,"[array([[-0.30723884, -0.95157282, -0.01065209, -0.11573399],
       [ 0.95100142, -0.30742345,  0.03297159,  0.07975563],
       [-0.03464957,  0.        ,  0.99939952,  0.08461315],
       [ 0.        ,  0.        ,  0.        ,  1.        ]])]","[array([[ 0.34934974, -0.93679279,  0.01934008, -0.13332289],
       [ 0.93536056,  0.34988466,  0.05178178,  0.14946302],
       [-0.0552756 , -0.        ,  0.99847114,  0.08399576],
       [ 0.        ,  0.        ,  0.        ,  1.        ]])]","[array([[ 0.34934974, -0.93679279,  0.01934008, -0.13332289],
       [ 0.93536056,  0.34988466,  0.05178178,  0.14946302],
       [-0.0552756 , -0.        ,  0.99847114,  0.08399576],
       [ 0.        ,  0.        ,  0.        ,  1.        ]])]","[array([[ 3.34053117e-01, -9.42553874e-01, -8.42284060e-04,
        -5.79689554e-02],
       [ 9.42550878e-01,  3.34054178e-01, -2.37655493e-03,
         8.64645912e-02],
       [ 2.52139956e-03,  0.00000000e+00,  9.99996821e-01,
         8.54115206e-02],
       [ 0.00000000e+00,  0.00000000e+00,  0.00000000e+00,
         1.00000000e+00]])]","[array([[-0.26115205, -0.96528204,  0.0054943 , -0.03830399],
       [ 0.96506848, -0.26120984, -0.0203038 ,  0.14307519],
       [ 0.02103406, -0.        ,  0.99977876,  0.08457212],
       [ 0.        ,  0.        ,  0.        ,  1.        ]])]","[array([[-0.26115205, -0.96528204,  0.0054943 , -0.03830399],
       [ 0.96506848, -0.26120984, -0.0203038 ,  0.14307519],
       [ 0.02103406, -0.        ,  0.99977876,  0.08457212],
       [ 0.        ,  0.        ,  0.        ,  1.        ]])]"
16,"[array([[-0.30736754, -0.95152989, -0.01077325, -0.11574262],
       [ 0.95094595, -0.30755629,  0.0333307 ,  0.07975536],
       [-0.03502854,  0.        ,  0.99938631,  0.08461964],
       [ 0.        ,  0.        ,  0.        ,  1.        ]])]","[array([[ 0.34946566, -0.93674795,  0.01941723, -0.13335737],
       [ 0.93530532,  0.35000468,  0.05196802,  0.14946831],
       [-0.05547705, -0.        ,  0.99845996,  0.08399117],
       [ 0.        ,  0.        ,  0.        ,  1.        ]])]","[array([[ 0.34946566, -0.93674795,  0.01941723, -0.13335737],
       [ 0.93530532,  0.35000468,  0.05196802,  0.14946831],
       [-0.05547705, -0.        ,  0.99845996,  0.08399117],
       [ 0.        ,  0.        ,  0.        ,  1.        ]])]","[array([[ 0.33311409, -0.94288532, -0.00150652, -0.05796586],
       [ 0.94287568,  0.3331175 , -0.00426419,  0.086461  ],
       [ 0.0045225 ,  0.        ,  0.99998977,  0.0853607 ],
       [ 0.        ,  0.        ,  0.        ,  1.        ]])]","[array([[-0.26159118, -0.96516278,  0.00555457, -0.03834839],
       [ 0.96494528, -0.26165015, -0.02048944,  0.14308305],
       [ 0.021229  , -0.        ,  0.99977464,  0.08455492],
       [ 0.        ,  0.        ,  0.        ,  1.        ]])]","[array([[-0.26159118, -0.96516278,  0.00555457, -0.03834839],
       [ 0.96494528, -0.26165015, -0.02048944,  0.14308305],
       [ 0.021229  , -0.        ,  0.99977464,  0.08455492],
       [ 0.        ,  0.        ,  0.        ,  1.        ]])]"
17,"[array([[-0.30701052, -0.95164015, -0.01120574, -0.11574787],
       [ 0.95100689, -0.30721495,  0.03471131,  0.07978088],
       [-0.03647525,  0.        ,  0.99933456,  0.08460005],
       [ 0.        ,  0.        ,  0.        ,  1.        ]])]","[array([[ 0.34991624, -0.93657041,  0.01986189, -0.1333669 ],
       [ 0.93506527,  0.35047948,  0.05307603,  0.14950408],
       [-0.05667062, -0.        ,  0.99839293,  0.08388413],
       [ 0.        ,  0.        ,  0.        ,  1.        ]])]","[array([[ 0.34991624, -0.93657041,  0.01986189, -0.1333669 ],
       [ 0.93506527,  0.35047948,  0.05307603,  0.14950408],
       [-0.05667062, -0.        ,  0.99839293,  0.08388413],
       [ 0.        ,  0.        ,  0.        ,  1.        ]])]","[array([[ 3.32521858e-01, -9.43095266e-01, -7.30551070e-04,
        -5.79414601e-02],
       [ 9.43092990e-01,  3.32522661e-01, -2.07197685e-03,
         8.64898557e-02],
       [ 2.19699634e-03,  0.00000000e+00,  9.99997587e-01,
         8.53437873e-02],
       [ 0.00000000e+00,  0.00000000e+00,  0.00000000e+00,
         1.00000000e+00]])]","[array([[-0.26004443, -0.96556621,  0.00766806, -0.03845312],
       [ 0.96514669, -0.26015746, -0.02845976,  0.14314517],
       [ 0.02947469, -0.        ,  0.99956553,  0.0840327 ],
       [ 0.        ,  0.        ,  0.        ,  1.        ]])]","[array([[-0.26004443, -0.96556621,  0.00766806, -0.03845312],
       [ 0.96514669, -0.26015746, -0.02845976,  0.14314517],
       [ 0.02947469, -0.        ,  0.99956553,  0.0840327 ],
       [ 0.        ,  0.        ,  0.        ,  1.        ]])]"
18,"[array([[-0.31372526, -0.94943268, -0.0124117 , -0.11579635],
       [ 0.94869053, -0.31397068,  0.03753241,  0.07971192],
       [-0.0395314 ,  0.        ,  0.99921833,  0.0846205 ],
       [ 0.        ,  0.        ,  0.        ,  1.        ]])]","[array([[ 0.34306597, -0.93909188,  0.02030228, -0.13393641],
       [ 0.93745177,  0.34366618,  0.05547739,  0.14930553],
       [-0.05907557, -0.        ,  0.99825351,  0.0837846 ],
       [ 0.        ,  0.        ,  0.        ,  1.        ]])]","[array([[ 0.34306597, -0.93909188,  0.02030228, -0.13393641],
       [ 0.93745177,  0.34366618,  0.05547739,  0.14930553],
       [-0.05907557, -0.        ,  0.99825351,  0.0837846 ],
       [ 0.        ,  0.        ,  0.        ,  1.        ]])]","[array([[ 0.32342601, -0.94625096,  0.00217452, -0.05791772],
       [ 0.94622958,  0.32343332,  0.00636186,  0.08647593],
       [-0.00672323,  0.        ,  0.9999774 ,  0.0853726 ],
       [ 0.        ,  0.        ,  0.        ,  1.        ]])]","[array([[-0.2658879 , -0.96395735,  0.00947901, -0.03919118],
       [ 0.96334536, -0.26605682, -0.03434366,  0.14333634],
       [ 0.03562778, -0.        ,  0.99936513,  0.08307504],
       [ 0.        ,  0.        ,  0.        ,  1.        ]])]","[array([[-0.2658879 , -0.96395735,  0.00947901, -0.03919118],
       [ 0.96334536, -0.26605682, -0.03434366,  0.14333634],
       [ 0.03562778, -0.        ,  0.99936513,  0.08307504],
       [ 0.        ,  0.        ,  0.        ,  1.        ]])]"
19,"[array([[-0.33048273, -0.9437204 , -0.01315171, -0.11581101],
       [ 0.94297402, -0.33074431,  0.03752606,  0.07951217],
       [-0.03976396,  0.        ,  0.9992091 ,  0.08461671],
       [ 0.        ,  0.        ,  0.        ,  1.        ]])]","[array([[ 0.31248163, -0.94984106,  0.01253744, -0.1343942 ],
       [ 0.94907746,  0.31273305,  0.03807904,  0.14847264],
       [-0.04008991, -0.        ,  0.99919608,  0.08275886],
       [ 0.        ,  0.        ,  0.        ,  1.        ]])]","[array([[ 0.31248163, -0.94984106,  0.01253744, -0.1343942 ],
       [ 0.94907746,  0.31273305,  0.03807904,  0.14847264],
       [-0.04008991, -0.        ,  0.99919608,  0.08275886],
       [ 0.        ,  0.        ,  0.        ,  1.        ]])]","[array([[ 0.30492743, -0.95236994,  0.0032814 , -0.05777766],
       [ 0.9523148 ,  0.30494508,  0.01024809,  0.08628454],
       [-0.01076062,  0.        ,  0.9999421 ,  0.08521804],
       [ 0.        ,  0.        ,  0.        ,  1.        ]])]","[array([[-0.28759449, -0.95773144,  0.0063164 , -0.0398853 ],
       [ 0.95750053, -0.28766385, -0.02102947,  0.14346711],
       [ 0.02195759, -0.        ,  0.9997589 ,  0.08307875],
       [ 0.        ,  0.        ,  0.        ,  1.        ]])]","[array([[-0.28759449, -0.95773144,  0.0063164 , -0.0398853 ],
       [ 0.95750053, -0.28766385, -0.02102947,  0.14346711],
       [ 0.02195759, -0.        ,  0.9997589 ,  0.08307875],
       [ 0.        ,  0.        ,  0.        ,  1.        ]])]"
20,"[array([[-0.35373999, -0.93523993, -0.01393916, -0.11582458],
       [ 0.93451467, -0.35401452,  0.03682466,  0.07919396],
       [-0.03937455,  0.        ,  0.99922452,  0.08464199],
       [ 0.        ,  0.        ,  0.        ,  1.        ]])]","[array([[ 0.30428227, -0.95242531,  0.01727241, -0.13693509],
       [ 0.95089455,  0.30477211,  0.05397699,  0.14796503],
       [-0.0566732 , -0.        ,  0.99839278,  0.08379721],
       [ 0.        ,  0.        ,  0.        ,  1.        ]])]","[array([[ 0.30428227, -0.95242531,  0.01727241, -0.13693509],
       [ 0.95089455,  0.30477211,  0.05397699,  0.14796503],
       [-0.0566732 , -0.        ,  0.99839278,  0.08379721],
       [ 0.        ,  0.        ,  0.        ,  1.        ]])]","[array([[ 0.28303997, -0.95909379,  0.00524185, -0.05771805],
       [ 0.95892936,  0.28308851,  0.01775919,  0.08611839],
       [-0.01851663,  0.        ,  0.99982855,  0.08512177],
       [ 0.        ,  0.        ,  0.        ,  1.        ]])]","[array([[-0.31077174, -0.95044996,  0.00811175, -0.04123215],
       [ 0.95012635, -0.31087759, -0.02480014,  0.14370742],
       [ 0.02609305, -0.        ,  0.99965952,  0.08228924],
       [ 0.        ,  0.        ,  0.        ,  1.        ]])]","[array([[-0.31077174, -0.95044996,  0.00811175, -0.04123215],
       [ 0.95012635, -0.31087759, -0.02480014,  0.14370742],
       [ 0.02609305, -0.        ,  0.99965952,  0.08228924],
       [ 0.        ,  0.        ,  0.        ,  1.        ]])]"
21,"[array([[-0.39040884, -0.92052465, -0.01467314, -0.11570281],
       [ 0.91987519, -0.39068448,  0.03457262,  0.07879576],
       [-0.03755752,  0.        ,  0.99929447,  0.08466929],
       [ 0.        ,  0.        ,  0.        ,  1.        ]])]","[array([[ 0.27311849, -0.96186021,  0.01520618, -0.13949154],
       [ 0.96037286,  0.27354147,  0.05346985,  0.14670408],
       [-0.05559005, -0.        ,  0.99845368,  0.08395476],
       [ 0.        ,  0.        ,  0.        ,  1.        ]])]","[array([[ 0.27311849, -0.96186021,  0.01520618, -0.13949154],
       [ 0.96037286,  0.27354147,  0.05346985,  0.14670408],
       [-0.05559005, -0.        ,  0.99845368,  0.08395476],
       [ 0.        ,  0.        ,  0.        ,  1.        ]])]","[array([[ 0.24807558, -0.96871989,  0.00634639, -0.05781528],
       [ 0.96840305,  0.24815674,  0.02477418,  0.08584716],
       [-0.02557414,  0.        ,  0.99967293,  0.08516886],
       [ 0.        ,  0.        ,  0.        ,  1.        ]])]","[array([[-0.34077418, -0.94009609,  0.00960741, -0.0434927 ],
       [ 0.9397227 , -0.34090958, -0.02649351,  0.14402431],
       [ 0.02818171, -0.        ,  0.99960282,  0.08187182],
       [ 0.        ,  0.        ,  0.        ,  1.        ]])]","[array([[-0.34077418, -0.94009609,  0.00960741, -0.0434927 ],
       [ 0.9397227 , -0.34090958, -0.02649351,  0.14402431],
       [ 0.02818171, -0.        ,  0.99960282,  0.08187182],
       [ 0.        ,  0.        ,  0.        ,  1.        ]])]"
22,"[array([[-0.46940661, -0.88282783, -0.01650627, -0.11534146],
       [ 0.88228252, -0.46969673,  0.03102469,  0.07803307],
       [-0.0351424 ,  0.        ,  0.99938231,  0.08465719],
       [ 0.        ,  0.        ,  0.        ,  1.        ]])]","[array([[ 0.26702198, -0.96356144,  0.01576724, -0.14448233],
       [ 0.96188599,  0.26748709,  0.0567979 ,  0.14423072],
       [-0.0589458 , -0.        ,  0.99826118,  0.08429848],
       [ 0.        ,  0.        ,  0.        ,  1.        ]])]","[array([[ 0.26702198, -0.96356144,  0.01576724, -0.14448233],
       [ 0.96188599,  0.26748709,  0.0567979 ,  0.14423072],
       [-0.0589458 , -0.        ,  0.99826118,  0.08429848],
       [ 0.        ,  0.        ,  0.        ,  1.        ]])]","[array([[ 0.18766983, -0.98221837,  0.00520591, -0.05807799],
       [ 0.98184069,  0.18774202,  0.027236  ,  0.08524698],
       [-0.02772907,  0.        ,  0.99961548,  0.08517413],
       [ 0.        ,  0.        ,  0.        ,  1.        ]])]","[array([[-0.37688062, -0.92620533,  0.01023133, -0.04750252],
       [ 0.92586423, -0.37701947, -0.0251348 ,  0.1444645 ],
       [ 0.0271374 , -0.        ,  0.99963171,  0.08181303],
       [ 0.        ,  0.        ,  0.        ,  1.        ]])]","[array([[-0.37688062, -0.92620533,  0.01023133, -0.04750252],
       [ 0.92586423, -0.37701947, -0.0251348 ,  0.1444645 ],
       [ 0.0271374 , -0.        ,  0.99963171,  0.08181303],
       [ 0.        ,  0.        ,  0.        ,  1.        ]])]"
23,"[array([[-0.5443954 , -0.83863127, -0.01819995, -0.11492897],
       [ 0.83816301, -0.54469954,  0.02802104,  0.07730819],
       [-0.03341283,  0.        ,  0.99944164,  0.08468245],
       [ 0.        ,  0.        ,  0.        ,  1.        ]])]","[array([[ 0.25863353, -0.96584162,  0.01608286, -0.14934383],
       [ 0.96397964,  0.25913309,  0.05994409,  0.14129355],
       [-0.0620641 , -0.        ,  0.99807217,  0.08465664],
       [ 0.        ,  0.        ,  0.        ,  1.        ]])]","[array([[ 0.25863353, -0.96584162,  0.01608286, -0.14934383],
       [ 0.96397964,  0.25913309,  0.05994409,  0.14129355],
       [-0.0620641 , -0.        ,  0.99807217,  0.08465664],
       [ 0.        ,  0.        ,  0.        ,  1.        ]])]","[array([[ 0.11083101, -0.9938344 ,  0.00311115, -0.05831389],
       [ 0.99344306,  0.11087467,  0.0278871 ,  0.08439189],
       [-0.02806011,  0.        ,  0.99960624,  0.08515555],
       [ 0.        ,  0.        ,  0.        ,  1.        ]])]","[array([[-0.39097125, -0.9203471 ,  0.01013411, -0.05241789],
       [ 0.92003808, -0.39110257, -0.02384771,  0.14505113],
       [ 0.02591164, -0.        ,  0.99966424,  0.08183701],
       [ 0.        ,  0.        ,  0.        ,  1.        ]])]","[array([[-0.39097125, -0.9203471 ,  0.01013411, -0.05241789],
       [ 0.92003808, -0.39110257, -0.02384771,  0.14505113],
       [ 0.02591164, -0.        ,  0.99966424,  0.08183701],
       [ 0.        ,  0.        ,  0.        ,  1.        ]])]"
24,"[array([[-0.60660071, -0.79476504, -0.0195987 , -0.1145026 ],
       [ 0.79435055, -0.60691723,  0.02566472,  0.07673086],
       [-0.03229221,  0.        ,  0.99947847,  0.08467535],
       [ 0.        ,  0.        ,  0.        ,  1.        ]])]","[array([[ 0.25622354, -0.96648012,  0.01629947, -0.15323207],
       [ 0.96453047,  0.25674146,  0.06135791,  0.13845427],
       [-0.06348595, -0.        ,  0.99798273,  0.08483785],
       [ 0.        ,  0.        ,  0.        ,  1.        ]])]","[array([[ 0.25622354, -0.96648012,  0.01629947, -0.15323207],
       [ 0.96453047,  0.25674146,  0.06135791,  0.13845427],
       [-0.06348595, -0.        ,  0.99798273,  0.08483785],
       [ 0.        ,  0.        ,  0.        ,  1.        ]])]","[array([[ 0.04826495, -0.99883359,  0.00139457, -0.05844478],
       [ 0.99841691,  0.04828509,  0.02884826,  0.08370099],
       [-0.02888195,  0.        ,  0.99958283,  0.08517096],
       [ 0.        ,  0.        ,  0.        ,  1.        ]])]","[array([[-0.39672021, -0.91783194,  0.01405733, -0.05662749],
       [ 0.91725628, -0.39696918, -0.03250193,  0.14523392],
       [ 0.03541164, -0.        ,  0.99937281,  0.08131991],
       [ 0.        ,  0.        ,  0.        ,  1.        ]])]","[array([[-0.39672021, -0.91783194,  0.01405733, -0.05662749],
       [ 0.91725628, -0.39696918, -0.03250193,  0.14523392],
       [ 0.03541164, -0.        ,  0.99937281,  0.08131991],
       [ 0.        ,  0.        ,  0.        ,  1.        ]])]"
25,"[array([[-0.67277803, -0.73937927, -0.02622994, -0.11401121],
       [ 0.73881798, -0.67328916,  0.02880467,  0.07609781],
       [-0.03895791,  0.        ,  0.99924085,  0.08482866],
       [ 0.        ,  0.        ,  0.        ,  1.        ]])]","[array([[ 0.254424  , -0.96695447,  0.01635489, -0.15739198],
       [ 0.96496282,  0.25494912,  0.06202978,  0.13481245],
       [-0.06414964, -0.        ,  0.99794029,  0.08491496],
       [ 0.        ,  0.        ,  0.        ,  1.        ]])]","[array([[ 0.254424  , -0.96695447,  0.01635489, -0.15739198],
       [ 0.96496282,  0.25494912,  0.06202978,  0.13481245],
       [-0.06414964, -0.        ,  0.99794029,  0.08491496],
       [ 0.        ,  0.        ,  0.        ,  1.        ]])]","[array([[-2.22055427e-02, -9.99753241e-01, -6.08748202e-04,
        -5.85354059e-02],
       [ 9.99377775e-01, -2.22138853e-02,  2.73971879e-02,
         8.28897896e-02],
       [-2.74039500e-02, -0.00000000e+00,  9.99624441e-01,
         8.51538485e-02],
       [ 0.00000000e+00,  0.00000000e+00,  0.00000000e+00,
