,LP,LD1,LD2,RP,RD1,RD2
0,"[array([[-0.58944473, -0.80766942, -0.01500063, -0.01364768],
       [ 0.80740801, -0.58963557,  0.02054752,  0.09895896],
       [-0.02544051,  0.        ,  0.99967634,  0.08552587],
       [ 0.        ,  0.        ,  0.        ,  1.        ]])]","[array([[ 1.39971062e-01, -9.90155282e-01,  7.87061438e-04,
        -4.94337785e-02],
       [ 9.90139629e-01,  1.39973275e-01,  5.56758453e-03,
         1.60662440e-01],
       [-5.62294080e-03, -0.00000000e+00,  9.99984191e-01,
         8.37248095e-02],
       [ 0.00000000e+00,  0.00000000e+00,  0.00000000e+00,
         1.00000000e+00]])]","[array([[ 1.39971062e-01, -9.90155282e-01,  7.87061438e-04,
        -4.94337785e-02],
       [ 9.90139629e-01,  1.39973275e-01,  5.56758453e-03,
         1.60662440e-01],
       [-5.62294080e-03, -0.00000000e+00,  9.99984191e-01,
         8.37248095e-02],
       [ 0.00000000e+00,  0.00000000e+00,  0.00000000e+00,
         1.00000000e+00]])]","[array([[ 0.24378404, -0.96982296,  0.00357399,  0.04346006],
       [ 0.96971875,  0.24381024,  0.01421655,  0.10581212],
       [-0.01465891,  0.        ,  0.99989255,  0.08614536],
       [ 0.        ,  0.        ,  0.        ,  1.        ]])]","[array([[-0.71690936, -0.69602689,  0.03984385,  0.05794735],
       [ 0.69495442, -0.71801571, -0.03862366,  0.15866673],
       [ 0.05549161, -0.        ,  0.99845915,  0.08387137],
       [ 0.        ,  0.        ,  0.        ,  1.        ]])]","[array([[-0.71690936, -0.69602689,  0.03984385,  0.05794735],
       [ 0.69495442, -0.71801571, -0.03862366,  0.15866673],
       [ 0.05549161, -0.        ,  0.99845915,  0.08387137],
       [ 0.        ,  0.        ,  0.        ,  1.        ]])]"
1,"[array([[-0.58603553, -0.81008627, -0.01796093, -0.01374654],
       [ 0.80970607, -0.5863107 ,  0.02481603,  0.0989433 ],
       [-0.03063382,  0.        ,  0.99953067,  0.0856422 ],
       [ 0.        ,  0.        ,  0.        ,  1.        ]])]","[array([[ 1.39795096e-01, -9.90180153e-01,  7.72171825e-04,
        -4.94232947e-02],
       [ 9.90165048e-01,  1.39797228e-01,  5.46927307e-03,
         1.60656839e-01],
       [-5.52351312e-03, -0.00000000e+00,  9.99984745e-01,
         8.37186477e-02],
       [ 0.00000000e+00,  0.00000000e+00,  0.00000000e+00,
         1.00000000e+00]])]","[array([[ 1.39795096e-01, -9.90180153e-01,  7.72171825e-04,
        -4.94232947e-02],
       [ 9.90165048e-01,  1.39797228e-01,  5.46927307e-03,
         1.60656839e-01],
       [-5.52351312e-03, -0.00000000e+00,  9.99984745e-01,
         8.37186477e-02],
       [ 0.00000000e+00,  0.00000000e+00,  0.00000000e+00,
         1.00000000e+00]])]","[array([[ 0.24360482, -0.96986823,  0.0035085 ,  0.04346767],
       [ 0.96976766,  0.24363008,  0.01396699,  0.10580542],
       [-0.01440091,  0.        ,  0.9998963 ,  0.08613858],
       [ 0.        ,  0.        ,  0.        ,  1.        ]])]","[array([[-0.71690413, -0.69602848,  0.03991018,  0.05794616],
       [ 0.69495243, -0.71801417, -0.03868812,  0.15866382],
       [ 0.05558411, -0.        ,  0.99845401,  0.08386643],
       [ 0.        ,  0.        ,  0.        ,  1.        ]])]","[array([[-0.71690413, -0.69602848,  0.03991018,  0.05794616],
       [ 0.69495243, -0.71801417, -0.03868812,  0.15866382],
       [ 0.05558411, -0.        ,  0.99845401,  0.08386643],
       [ 0.        ,  0.        ,  0.        ,  1.        ]])]"
2,"[array([[-0.58609138, -0.81004335, -0.01807423, -0.0137498 ],
       [ 0.80965844, -0.58637   ,  0.02496872,  0.09894169],
       [-0.03082393,  0.        ,  0.99952483,  0.08564746],
       [ 0.        ,  0.        ,  0.        ,  1.        ]])]","[array([[ 1.39858905e-01, -9.90171158e-01,  7.51258122e-04,
        -4.94262834e-02],
       [ 9.90156873e-01,  1.39860923e-01,  5.31867021e-03,
         1.60649386e-01],
       [-5.37146550e-03, -0.00000000e+00,  9.99985574e-01,
         8.37108126e-02],
       [ 0.00000000e+00,  0.00000000e+00,  0.00000000e+00,
         1.00000000e+00]])]","[array([[ 1.39858905e-01, -9.90171158e-01,  7.51258122e-04,
        -4.94262834e-02],
       [ 9.90156873e-01,  1.39860923e-01,  5.31867021e-03,
         1.60649386e-01],
       [-5.37146550e-03, -0.00000000e+00,  9.99985574e-01,
         8.37108126e-02],
       [ 0.00000000e+00,  0.00000000e+00,  0.00000000e+00,
         1.00000000e+00]])]","[array([[ 0.24369282, -0.9698456 ,  0.00364993,  0.0434759 ],
       [ 0.96973684,  0.24372015,  0.0145243 ,  0.10580491],
       [-0.01497589,  0.        ,  0.99988786,  0.08615846],
       [ 0.        ,  0.        ,  0.        ,  1.        ]])]","[array([[-0.71680019, -0.6961293 ,  0.04001862,  0.05794647],
       [ 0.69504693, -0.71791643, -0.03880415,  0.15865816],
       [ 0.05574273, -0.        ,  0.99844517,  0.08386438],
       [ 0.        ,  0.        ,  0.        ,  1.        ]])]","[array([[-0.71680019, -0.6961293 ,  0.04001862,  0.05794647],
       [ 0.69504693, -0.71791643, -0.03880415,  0.15865816],
       [ 0.05574273, -0.        ,  0.99844517,  0.08386438],
       [ 0.        ,  0.        ,  0.        ,  1.        ]])]"
3,"[array([[-0.58951772, -0.80761459, -0.01508453, -0.01362742],
       [ 0.80735033, -0.58971067,  0.02065841,  0.09896739],
       [-0.02557954,  0.        ,  0.99967279,  0.08553098],
       [ 0.        ,  0.        ,  0.        ,  1.        ]])]","[array([[ 1.40857558e-01, -9.90029681e-01,  6.15390575e-04,
        -4.94234039e-02],
       [ 9.90020233e-01,  1.40858902e-01,  4.32528527e-03,
         1.60679222e-01],
       [-4.36884404e-03, -0.00000000e+00,  9.99990457e-01,
         8.36719292e-02],
       [ 0.00000000e+00,  0.00000000e+00,  0.00000000e+00,
         1.00000000e+00]])]","[array([[ 1.40857558e-01, -9.90029681e-01,  6.15390575e-04,
        -4.94234039e-02],
       [ 9.90020233e-01,  1.40858902e-01,  4.32528527e-03,
         1.60679222e-01],
       [-4.36884404e-03, -0.00000000e+00,  9.99990457e-01,
         8.36719292e-02],
       [ 0.00000000e+00,  0.00000000e+00,  0.00000000e+00,
         1.00000000e+00]])]","[array([[ 0.2436484 , -0.96985688,  0.00361848,  0.0434798 ],
       [ 0.96974994,  0.24367527,  0.014402  ,  0.10580922],
       [-0.01484961,  0.        ,  0.99988974,  0.08614363],
       [ 0.        ,  0.        ,  0.        ,  1.        ]])]","[array([[-0.71636906, -0.69659372,  0.03965564,  0.05795237],
       [ 0.69552886, -0.71746581, -0.038502  ,  0.15866803],
       [ 0.05527182, -0.        ,  0.99847134,  0.08384836],
       [ 0.        ,  0.        ,  0.        ,  1.        ]])]","[array([[-0.71636906, -0.69659372,  0.03965564,  0.05795237],
       [ 0.69552886, -0.71746581, -0.038502  ,  0.15866803],
       [ 0.05527182, -0.        ,  0.99847134,  0.08384836],
       [ 0.        ,  0.        ,  0.        ,  1.        ]])]"
4,"[array([[-0.61154526, -0.79114742, -0.0099075 , -0.01338669],
       [ 0.79104361, -0.61162551,  0.01281551,  0.09857338],
       [-0.01619863,  0.        ,  0.99986879,  0.08559785],
       [ 0.        ,  0.        ,  0.        ,  1.        ]])]","[array([[ 1.29454638e-01, -9.91585260e-01,  4.10175218e-04,
        -5.10937912e-02],
       [ 9.91580283e-01,  1.29455288e-01,  3.14180832e-03,
         1.59343296e-01],
       [-3.16847017e-03, -0.00000000e+00,  9.99994980e-01,
         8.46337574e-02],
       [ 0.00000000e+00,  0.00000000e+00,  0.00000000e+00,
         1.00000000e+00]])]","[array([[ 1.29454638e-01, -9.91585260e-01,  4.10175218e-04,
        -5.10937912e-02],
       [ 9.91580283e-01,  1.29455288e-01,  3.14180832e-03,
         1.59343296e-01],
       [-3.16847017e-03, -0.00000000e+00,  9.99994980e-01,
         8.46337574e-02],
       [ 0.00000000e+00,  0.00000000e+00,  0.00000000e+00,
         1.00000000e+00]])]","[array([[ 0.24985853, -0.9682818 ,  0.00103492,  0.04327567],
       [ 0.96827349,  0.24986067,  0.00401063,  0.10570019],
       [-0.00414201,  0.        ,  0.99999142,  0.08612178],
       [ 0.        ,  0.        ,  0.        ,  1.        ]])]","[array([[-0.72276777, -0.68934288,  0.0491238 ,  0.05796855],
       [ 0.68775619, -0.72443523, -0.04674419,  0.15840437],
       [ 0.06780978, -0.        ,  0.99769827,  0.08439265],
       [ 0.        ,  0.        ,  0.        ,  1.        ]])]","[array([[-0.72276777, -0.68934288,  0.0491238 ,  0.05796855],
       [ 0.68775619, -0.72443523, -0.04674419,  0.15840437],
       [ 0.06780978, -0.        ,  0.99769827,  0.08439265],
       [ 0.        ,  0.        ,  0.        ,  1.        ]])]"
5,"[array([[-0.64588271, -0.76341235, -0.00609232, -0.01307204],
       [ 0.76337839, -0.64591144,  0.00720061,  0.09802608],
       [-0.00943214,  0.        ,  0.99995552,  0.08577328],
       [ 0.        ,  0.        ,  0.        ,  1.        ]])]","[array([[ 9.00970802e-02, -9.95932807e-01, -5.99961717e-04,
        -5.40627848e-02],
       [ 9.95910726e-01,  9.00990778e-02, -6.63182767e-03,
         1.57003485e-01],
       [ 6.65891074e-03, -0.00000000e+00,  9.99977829e-01,
         8.55532466e-02],
       [ 0.00000000e+00,  0.00000000e+00,  0.00000000e+00,
         1.00000000e+00]])]","[array([[ 9.00970802e-02, -9.95932807e-01, -5.99961717e-04,
        -5.40627848e-02],
       [ 9.95910726e-01,  9.00990778e-02, -6.63182767e-03,
         1.57003485e-01],
       [ 6.65891074e-03, -0.00000000e+00,  9.99977829e-01,
         8.55532466e-02],
       [ 0.00000000e+00,  0.00000000e+00,  0.00000000e+00,
         1.00000000e+00]])]","[array([[ 0.22339307, -0.97470785,  0.00633625,  0.04360846],
       [ 0.97431601,  0.22348291,  0.02763518,  0.10523473],
       [-0.02835227,  0.        ,  0.99959799,  0.08702109],
       [ 0.        ,  0.        ,  0.        ,  1.        ]])]","[array([[-0.73892505, -0.67232659,  0.04434774,  0.05732433],
       [ 0.671119  , -0.74025466, -0.04027825,  0.15834391],
       [ 0.05990876, -0.        ,  0.99820386,  0.0842969 ],
       [ 0.        ,  0.        ,  0.        ,  1.        ]])]","[array([[-0.73892505, -0.67232659,  0.04434774,  0.05732433],
       [ 0.671119  , -0.74025466, -0.04027825,  0.15834391],
       [ 0.05990876, -0.        ,  0.99820386,  0.0842969 ],
       [ 0.        ,  0.        ,  0.        ,  1.        ]])]"
6,"[array([[-0.65014918, -0.75959162, -0.01807256, -0.01333101],
       [ 0.75929832, -0.65040032,  0.02110664,  0.09816841],
       [-0.02778682,  0.        ,  0.99961387,  0.08589942],
       [ 0.        ,  0.        ,  0.        ,  1.        ]])]","[array([[ 0.11202239, -0.99370483,  0.00129846, -0.05406398],
       [ 0.99363809,  0.11202991,  0.0115173 ,  0.15719544],
       [-0.01159026, -0.        ,  0.99993283,  0.08440757],
       [ 0.        ,  0.        ,  0.        ,  1.        ]])]","[array([[ 0.11202239, -0.99370483,  0.00129846, -0.05406398],
       [ 0.99363809,  0.11202991,  0.0115173 ,  0.15719544],
       [-0.01159026, -0.        ,  0.99993283,  0.08440757],
       [ 0.        ,  0.        ,  0.        ,  1.        ]])]","[array([[ 0.23706322, -0.97145195,  0.00906273,  0.04347715],
       [ 0.97074286,  0.23723639,  0.03711069,  0.10564783],
       [-0.03820126,  0.        ,  0.99927007,  0.08694771],
       [ 0.        ,  0.        ,  0.        ,  1.        ]])]","[array([[-0.75648034, -0.65307413,  0.03509516,  0.05775131],
       [ 0.65237246, -0.75729398, -0.03026532,  0.15811276],
       [ 0.04634285, -0.        ,  0.99892559,  0.0836103 ],
       [ 0.        ,  0.        ,  0.        ,  1.        ]])]","[array([[-0.75648034, -0.65307413,  0.03509516,  0.05775131],
       [ 0.65237246, -0.75729398, -0.03026532,  0.15811276],
       [ 0.04634285, -0.        ,  0.99892559,  0.0836103 ],
       [ 0.        ,  0.        ,  0.        ,  1.        ]])]"
7,"[array([[-0.6610839 , -0.75025501, -0.00924676, -0.01309687],
       [ 0.75018163, -0.66114857,  0.010493  ,  0.09781837],
       [-0.01398591,  0.        ,  0.99990219,  0.08591928],
       [ 0.        ,  0.        ,  0.        ,  1.        ]])]","[array([[ 0.12531844, -0.99211592, -0.00113661, -0.05429965],
       [ 0.99207511,  0.1253236 , -0.00899792,  0.15624597],
       [ 0.00906943, -0.        ,  0.99995887,  0.08523459],
       [ 0.        ,  0.        ,  0.        ,  1.        ]])]","[array([[ 0.12531844, -0.99211592, -0.00113661, -0.05429965],
       [ 0.99207511,  0.1253236 , -0.00899792,  0.15624597],
       [ 0.00906943, -0.        ,  0.99995887,  0.08523459],
       [ 0.        ,  0.        ,  0.        ,  1.        ]])]","[array([[ 0.27559793, -0.96126319,  0.00434327,  0.0430544 ],
       [ 0.96114384,  0.27563216,  0.0151471 ,  0.10590761],
       [-0.01575749,  0.        ,  0.99987584,  0.08651797],
       [ 0.        ,  0.        ,  0.        ,  1.        ]])]","[array([[-0.77251535, -0.63338882,  0.04515141,  0.05956589],
       [ 0.63230973, -0.77383371, -0.03695677,  0.15723134],
       [ 0.05834769, -0.        ,  0.99829632,  0.08443254],
       [ 0.        ,  0.        ,  0.        ,  1.        ]])]","[array([[-0.77251535, -0.63338882,  0.04515141,  0.05956589],
       [ 0.63230973, -0.77383371, -0.03695677,  0.15723134],
       [ 0.05834769, -0.        ,  0.99829632,  0.08443254],
       [ 0.        ,  0.        ,  0.        ,  1.        ]])]"
8,"[array([[-0.66036618, -0.75081289, -0.01401836, -0.01302029],
       [ 0.75064377, -0.66051496,  0.01593478,  0.09827722],
       [-0.02122337,  0.        ,  0.99977476,  0.0856764 ],
       [ 0.        ,  0.        ,  0.        ,  1.        ]])]","[array([[ 0.14535168, -0.98937915,  0.00133859, -0.05363039],
       [ 0.98933719,  0.14535784,  0.00911112,  0.15687419],
       [-0.00920892, -0.        ,  0.9999576 ,  0.08431284],
       [ 0.        ,  0.        ,  0.        ,  1.        ]])]","[array([[ 0.14535168, -0.98937915,  0.00133859, -0.05363039],
       [ 0.98933719,  0.14535784,  0.00911112,  0.15687419],
       [-0.00920892, -0.        ,  0.9999576 ,  0.08431284],
       [ 0.        ,  0.        ,  0.        ,  1.        ]])]","[array([[ 0.29528403, -0.95539192,  0.005799  ,  0.04318153],
       [ 0.95520773,  0.29534097,  0.01875905,  0.1062435 ],
       [-0.01963493,  0.        ,  0.99980722,  0.08646582],
       [ 0.        ,  0.        ,  0.        ,  1.        ]])]","[array([[-0.773224  , -0.632811  ,  0.04092523,  0.06064137],
       [ 0.63192649, -0.77430629, -0.03344663,  0.15674303],
       [ 0.05285405, -0.        ,  0.99860225,  0.08390924],
       [ 0.        ,  0.        ,  0.        ,  1.        ]])]","[array([[-0.773224  , -0.632811  ,  0.04092523,  0.06064137],
       [ 0.63192649, -0.77430629, -0.03344663,  0.15674303],
       [ 0.05285405, -0.        ,  0.99860225,  0.08390924],
       [ 0.        ,  0.        ,  0.        ,  1.        ]])]"
9,"[array([[-0.71346702, -0.70052976, -0.01492889, -0.01246886],
       [ 0.70037645, -0.71362319,  0.01465498,  0.0979061 ],
       [-0.02091985,  0.        ,  0.99978116,  0.0856256 ],
       [ 0.        ,  0.        ,  0.        ,  1.        ]])]","[array([[ 0.12273081, -0.9924388 ,  0.00154127, -0.05686881],
       [ 0.99236055,  0.12274049,  0.01246216,  0.15372927],
       [-0.01255711, -0.        ,  0.99992116,  0.08421032],
       [ 0.        ,  0.        ,  0.        ,  1.        ]])]","[array([[ 0.12273081, -0.9924388 ,  0.00154127, -0.05686881],
       [ 0.99236055,  0.12274049,  0.01246216,  0.15372927],
       [-0.01255711, -0.        ,  0.99992116,  0.08421032],
       [ 0.        ,  0.        ,  0.        ,  1.        ]])]","[array([[ 0.27126944, -0.96247786,  0.00701875,  0.04299657],
       [ 0.96215585,  0.27136023,  0.02489457,  0.10609203],
       [-0.02586508,  0.        ,  0.99966544,  0.08652838],
       [ 0.        ,  0.        ,  0.        ,  1.        ]])]","[array([[-0.81532   , -0.57818369,  0.03093401,  0.05955015],
       [ 0.57776799, -0.81590662, -0.02192106,  0.15675626],
       [ 0.03791366, -0.        ,  0.99928102,  0.08420535],
       [ 0.        ,  0.        ,  0.        ,  1.        ]])]","[array([[-0.81532   , -0.57818369,  0.03093401,  0.05955015],
       [ 0.57776799, -0.81590662, -0.02192106,  0.15675626],
       [ 0.03791366, -0.        ,  0.99928102,  0.08420535],
       [ 0.        ,  0.        ,  0.        ,  1.        ]])]"
10,"[array([[-0.72936908, -0.68390992, -0.01696955, -0.01249861],
       [ 0.68372489, -0.72956646,  0.01590759,  0.09747274],
       [-0.02325978,  0.        ,  0.99972945,  0.08592502],
       [ 0.        ,  0.        ,  0.        ,  1.        ]])]","[array([[ 1.15117020e-01, -9.93351924e-01,  1.66150593e-04,
        -5.84168049e-02],
       [ 9.93350889e-01,  1.15117140e-01,  1.43372230e-03,
         1.52147469e-01],
       [-1.44331759e-03, -0.00000000e+00,  9.99998958e-01,
         8.46348975e-02],
       [ 0.00000000e+00,  0.00000000e+00,  0.00000000e+00,
         1.00000000e+00]])]","[array([[ 1.15117020e-01, -9.93351924e-01,  1.66150593e-04,
        -5.84168049e-02],
       [ 9.93350889e-01,  1.15117140e-01,  1.43372230e-03,
         1.52147469e-01],
       [-1.44331759e-03, -0.00000000e+00,  9.99998958e-01,
         8.46348975e-02],
       [ 0.00000000e+00,  0.00000000e+00,  0.00000000e+00,
         1.00000000e+00]])]","[array([[ 0.24380372, -0.96980458,  0.00623145,  0.04338478],
       [ 0.96948796,  0.24388334,  0.02477941,  0.10583693],
       [-0.02555093,  0.        ,  0.99967352,  0.08633234],
       [ 0.        ,  0.        ,  0.        ,  1.        ]])]","[array([[-0.82986092, -0.5570985 ,  0.03117856,  0.05892847],
       [ 0.55670573, -0.83044642, -0.02091589,  0.15702412],
       [ 0.03754433, -0.        ,  0.99929496,  0.08385109],
       [ 0.        ,  0.        ,  0.        ,  1.        ]])]","[array([[-0.82986092, -0.5570985 ,  0.03117856,  0.05892847],
       [ 0.55670573, -0.83044642, -0.02091589,  0.15702412],
       [ 0.03754433, -0.        ,  0.99929496,  0.08385109],
       [ 0.        ,  0.        ,  0.        ,  1.        ]])]"
11,"[array([[-0.7277268 , -0.68570041, -0.01512129, -0.01247876],
       [ 0.68555243, -0.72788388,  0.01424496,  0.09745895],
       [-0.02077432,  0.        ,  0.99978419,  0.08593134],
       [ 0.        ,  0.        ,  0.        ,  1.        ]])]","[array([[ 1.32285457e-01, -9.91211596e-01, -3.60264347e-04,
        -5.86091297e-02],
       [ 9.91207920e-01,  1.32285948e-01, -2.69944166e-03,
         1.52648875e-01],
       [ 2.72337579e-03, -0.00000000e+00,  9.99996292e-01,
         8.48553967e-02],
       [ 0.00000000e+00,  0.00000000e+00,  0.00000000e+00,
         1.00000000e+00]])]","[array([[ 1.32285457e-01, -9.91211596e-01, -3.60264347e-04,
        -5.86091297e-02],
       [ 9.91207920e-01,  1.32285948e-01, -2.69944166e-03,
         1.52648875e-01],
       [ 2.72337579e-03, -0.00000000e+00,  9.99996292e-01,
         8.48553967e-02],
       [ 0.00000000e+00,  0.00000000e+00,  0.00000000e+00,
         1.00000000e+00]])]","[array([[ 0.23962231, -0.97084561,  0.00632008,  0.04334521],
       [ 0.97050811,  0.23970564,  0.02559732,  0.10580401],
       [-0.02636601,  0.        ,  0.99965236,  0.0863566 ],
       [ 0.        ,  0.        ,  0.        ,  1.        ]])]","[array([[-0.83107418, -0.55539758,  0.02914163,  0.05857544],
       [ 0.55505645, -0.83158495, -0.01946306,  0.15690891],
       [ 0.03504348, -0.        ,  0.99938579,  0.08395362],
       [ 0.        ,  0.        ,  0.        ,  1.        ]])]","[array([[-0.83107418, -0.55539758,  0.02914163,  0.05857544],
       [ 0.55505645, -0.83158495, -0.01946306,  0.15690891],
       [ 0.03504348, -0.        ,  0.99938579,  0.08395362],
       [ 0.        ,  0.        ,  0.        ,  1.        ]])]"
12,"[array([[-0.71592146, -0.69762008, -0.02797662, -0.01275779],
       [ 0.69708803, -0.71646788,  0.02724065,  0.09806241],
       [-0.03904798,  0.        ,  0.99923734,  0.08564667],
       [ 0.        ,  0.        ,  0.        ,  1.        ]])]","[array([[ 0.14554655, -0.98934479,  0.00361875, -0.05727543],
       [ 0.98903913,  0.14559153,  0.02459065,  0.15371072],
       [-0.02485549, -0.        ,  0.99969105,  0.0831044 ],
       [ 0.        ,  0.        ,  0.        ,  1.        ]])]","[array([[ 0.14554655, -0.98934479,  0.00361875, -0.05727543],
       [ 0.98903913,  0.14559153,  0.02459065,  0.15371072],
       [-0.02485549, -0.        ,  0.99969105,  0.0831044 ],
       [ 0.        ,  0.        ,  0.        ,  1.        ]])]","[array([[ 0.23098777, -0.97292504,  0.00784277,  0.04323816],
       [ 0.97236472,  0.23112088,  0.03301486,  0.10587923],
       [-0.03393361,  0.        ,  0.99942409,  0.08633911],
       [ 0.        ,  0.        ,  0.        ,  1.        ]])]","[array([[-0.83614748, -0.54801411,  0.02319305,  0.0577783 ],
       [ 0.54780341, -0.83646909, -0.01519497,  0.1568354 ],
       [ 0.02772733, -0.        ,  0.99961552,  0.08341227],
       [ 0.        ,  0.        ,  0.        ,  1.        ]])]","[array([[-0.83614748, -0.54801411,  0.02319305,  0.0577783 ],
       [ 0.54780341, -0.83646909, -0.01519497,  0.1568354 ],
       [ 0.02772733, -0.        ,  0.99961552,  0.08341227],
       [ 0.        ,  0.        ,  0.        ,  1.        ]])]"
13,"[array([[-0.72275835, -0.6908345 , -0.01918495, -0.01252746],
       [ 0.69059125, -0.72301293,  0.0183311 ,  0.09764048],
       [-0.02653473,  0.        ,  0.99964789,  0.08592938],
       [ 0.        ,  0.        ,  0.        ,  1.        ]])]","[array([[ 0.12277826, -0.99243107, -0.00246353, -0.05725129],
       [ 0.99223136,  0.12280297, -0.01990898,  0.15278866],
       [ 0.02006082, -0.        ,  0.99979876,  0.08376107],
       [ 0.        ,  0.        ,  0.        ,  1.        ]])]","[array([[ 0.12277826, -0.99243107, -0.00246353, -0.05725129],
       [ 0.99223136,  0.12280297, -0.01990898,  0.15278866],
       [ 0.02006082, -0.        ,  0.99979876,  0.08376107],
       [ 0.        ,  0.        ,  0.        ,  1.        ]])]","[array([[ 0.22657225, -0.97398507,  0.00425369,  0.04320566],
       [ 0.97381347,  0.22661218,  0.01828247,  0.10545976],
       [-0.01877079,  0.        ,  0.99982381,  0.08643347],
       [ 0.        ,  0.        ,  0.        ,  1.        ]])]","[array([[ 0.8345703 ,  0.55007856, -0.03009973,  0.00223724],
       [-0.54972115,  0.83511291,  0.01982632,  0.22495194],
       [ 0.03604271,  0.        ,  0.99935025,  0.08549184],
       [ 0.        ,  0.        ,  0.        ,  1.        ]])]","[array([[ 0.8345703 ,  0.55007856, -0.03009973,  0.00223724],
       [-0.54972115,  0.83511291,  0.01982632,  0.22495194],
       [ 0.03604271,  0.        ,  0.99935025,  0.08549184],
       [ 0.        ,  0.        ,  0.        ,  1.        ]])]"
14,"[array([[-0.68751036, -0.72551499, -0.03094362, -0.0129035 ],
       [ 0.72478125, -0.68820637,  0.03262111,  0.09848555],
       [-0.0449627 ,  0.        ,  0.99898867,  0.08571516],
       [ 0.        ,  0.        ,  0.        ,  1.        ]])]","[array([[ 0.19552983, -0.98067852,  0.00614239, -0.0558339 ],
       [ 0.98019499,  0.19562629,  0.03079192,  0.15575812],
       [-0.03139859, -0.        ,  0.99950694,  0.08348348],
       [ 0.        ,  0.        ,  0.        ,  1.        ]])]","[array([[ 0.19552983, -0.98067852,  0.00614239, -0.0558339 ],
       [ 0.98019499,  0.19562629,  0.03079192,  0.15575812],
       [-0.03139859, -0.        ,  0.99950694,  0.08348348],
       [ 0.        ,  0.        ,  0.        ,  1.        ]])]","[array([[ 0.18078825, -0.98351634,  0.00334986,  0.04314764],
       [ 0.98334755,  0.18081928,  0.01822063,  0.10551179],
       [-0.018526  ,  0.        ,  0.99982838,  0.08597198],
       [ 0.        ,  0.        ,  0.        ,  1.        ]])]","[array([[ 0.87197368,  0.48891677,  0.02494581, -0.00388316],
       [-0.48871681,  0.87233044, -0.01398143,  0.22143074],
       [-0.02859674,  0.        ,  0.99959103,  0.08656338],
       [ 0.        ,  0.        ,  0.        ,  1.        ]])]","[array([[ 0.87197368,  0.48891677,  0.02494581, -0.00388316],
       [-0.48871681,  0.87233044, -0.01398143,  0.22143074],
       [-0.02859674,  0.        ,  0.99959103,  0.08656338],
       [ 0.        ,  0.        ,  0.        ,  1.        ]])]"
15,"[array([[-0.69328066, -0.7197681 , -0.03599739, -0.01262888],
       [ 0.7187998 , -0.69421458,  0.03732243,  0.09868219],
       [-0.05185341,  0.        ,  0.99865471,  0.08594452],
       [ 0.        ,  0.        ,  0.        ,  1.        ]])]","[array([[ 0.19624807, -0.98053827,  0.00560243, -0.05582911],
       [ 0.98013896,  0.19632802,  0.02798071,  0.15592306],
       [-0.02853607, -0.        ,  0.99959276,  0.08325845],
       [ 0.        ,  0.        ,  0.        ,  1.        ]])]","[array([[ 0.19624807, -0.98053827,  0.00560243, -0.05582911],
       [ 0.98013896,  0.19632802,  0.02798071,  0.15592306],
       [-0.02853607, -0.        ,  0.99959276,  0.08325845],
       [ 0.        ,  0.        ,  0.        ,  1.        ]])]","[array([[ 0.17859128, -0.98391476,  0.00411031,  0.04311231],
       [ 0.98365428,  0.17863858,  0.02263898,  0.10550156],
       [-0.02300908,  0.        ,  0.99973526,  0.0860694 ],
       [ 0.        ,  0.        ,  0.        ,  1.        ]])]","[array([[ 0.87356623,  0.48586956,  0.02851007, -0.0041527 ],
       [-0.485611  ,  0.87403133, -0.0158486 ,  0.22146936],
       [-0.03261905,  0.        ,  0.99946786,  0.08641129],
       [ 0.        ,  0.        ,  0.        ,  1.        ]])]","[array([[ 0.87356623,  0.48586956,  0.02851007, -0.0041527 ],
       [-0.485611  ,  0.87403133, -0.0158486 ,  0.22146936],
       [-0.03261905,  0.        ,  0.99946786,  0.08641129],
       [ 0.        ,  0.        ,  0.        ,  1.        ]])]"
16,"[array([[-0.6839713 , -0.7287617 , -0.03300979, -0.01307871],
       [ 0.72791446, -0.68476739,  0.03513057,  0.09843349],
       [-0.04820584,  0.        ,  0.99883742,  0.08580781],
       [ 0.        ,  0.        ,  0.        ,  1.        ]])]","[array([[ 0.19670137, -0.98044753,  0.00558587, -0.05581712],
       [ 0.98005244,  0.19678067,  0.02783125,  0.15593985],
       [-0.02838628, -0.        ,  0.99959703,  0.08326268],
       [ 0.        ,  0.        ,  0.        ,  1.        ]])]","[array([[ 0.19670137, -0.98044753,  0.00558587, -0.05581712],
       [ 0.98005244,  0.19678067,  0.02783125,  0.15593985],
       [-0.02838628, -0.        ,  0.99959703,  0.08326268],
       [ 0.        ,  0.        ,  0.        ,  1.        ]])]","[array([[ 0.1775706 , -0.98409963,  0.00407547,  0.04309053],
       [ 0.98384054,  0.17761736,  0.02258039,  0.10549533],
       [-0.02294523,  0.        ,  0.99973672,  0.08606397],
       [ 0.        ,  0.        ,  0.        ,  1.        ]])]","[array([[ 0.87435985,  0.48444052,  0.02849971, -0.00434759],
       [-0.48418338,  0.8748242 , -0.01578193,  0.22135886],
       [-0.03257765,  0.        ,  0.99946921,  0.08638997],
       [ 0.        ,  0.        ,  0.        ,  1.        ]])]","[array([[ 0.87435985,  0.48444052,  0.02849971, -0.00434759],
       [-0.48418338,  0.8748242 , -0.01578193,  0.22135886],
       [-0.03257765,  0.        ,  0.99946921,  0.08638997],
       [ 0.        ,  0.        ,  0.        ,  1.        ]])]"
17,"[array([[-0.68374418, -0.72897524, -0.03299997, -0.01308222],
       [ 0.72812769, -0.68454007,  0.03514208,  0.0984393 ],
       [-0.04820751,  0.        ,  0.99883734,  0.08581385],
       [ 0.        ,  0.        ,  0.        ,  1.        ]])]","[array([[ 0.19687315, -0.98041275,  0.00563927, -0.05578942],
       [ 0.98001079,  0.19695389,  0.02807162,  0.15595295],
       [-0.02863245, -0.        ,  0.99959001,  0.08327251],
       [ 0.        ,  0.        ,  0.        ,  1.        ]])]","[array([[ 0.19687315, -0.98041275,  0.00563927, -0.05578942],
       [ 0.98001079,  0.19695389,  0.02807162,  0.15595295],
       [-0.02863245, -0.        ,  0.99959001,  0.08327251],
       [ 0.        ,  0.        ,  0.        ,  1.        ]])]","[array([[ 0.17655872, -0.98428144,  0.00413127,  0.04308559],
       [ 0.9840121 ,  0.17660705,  0.02302474,  0.10549152],
       [-0.02339244,  0.        ,  0.99972636,  0.08607999],
       [ 0.        ,  0.        ,  0.        ,  1.        ]])]","[array([[ 0.8751495 ,  0.48303207,  0.02816699, -0.00450806],
       [-0.48278208,  0.87560266, -0.01553851,  0.22126701],
       [-0.03216869,  0.        ,  0.99948245,  0.08636496],
       [ 0.        ,  0.        ,  0.        ,  1.        ]])]","[array([[ 0.8751495 ,  0.48303207,  0.02816699, -0.00450806],
       [-0.48278208,  0.87560266, -0.01553851,  0.22126701],
       [-0.03216869,  0.        ,  0.99948245,  0.08636496],
       [ 0.        ,  0.        ,  0.        ,  1.        ]])]"
18,"[array([[-0.68361292, -0.72909668, -0.03303635, -0.01307955],
       [ 0.7282468 , -0.68441072,  0.03519334,  0.0984421 ],
       [-0.04826978,  0.        ,  0.99883433,  0.08581424],
       [ 0.        ,  0.        ,  0.        ,  1.        ]])]","[array([[ 0.19726771, -0.98033337,  0.00565041, -0.05578461],
       [ 0.97993147,  0.19734861,  0.02806851,  0.15596525],
       [-0.0286316 , -0.        ,  0.99959003,  0.08327448],
       [ 0.        ,  0.        ,  0.        ,  1.        ]])]","[array([[ 0.19726771, -0.98033337,  0.00565041, -0.05578461],
       [ 0.97993147,  0.19734861,  0.02806851,  0.15596525],
       [-0.0286316 , -0.        ,  0.99959003,  0.08327448],
       [ 0.        ,  0.        ,  0.        ,  1.        ]])]","[array([[ 0.17624834, -0.98433681,  0.00419166,  0.04306205],
       [ 0.98405855,  0.17629818,  0.02340359,  0.10549473],
       [-0.023776  ,  0.        ,  0.99971731,  0.08609258],
       [ 0.        ,  0.        ,  0.        ,  1.        ]])]","[array([[ 0.87568877,  0.48204248,  0.02835886, -0.00463482],
       [-0.48178991,  0.87614784, -0.01560259,  0.22119595],
       [-0.03236766,  0.        ,  0.99947603,  0.08636529],
       [ 0.        ,  0.        ,  0.        ,  1.        ]])]","[array([[ 0.87568877,  0.48204248,  0.02835886, -0.00463482],
       [-0.48178991,  0.87614784, -0.01560259,  0.22119595],
       [-0.03236766,  0.        ,  0.99947603,  0.08636529],
       [ 0.        ,  0.        ,  0.        ,  1.        ]])]"
19,"[array([[-0.68335861, -0.7293395 , -0.03293792, -0.013094  ],
       [ 0.72849375, -0.68415195,  0.03511343,  0.09844051],
       [-0.04814415,  0.        ,  0.9988404 ,  0.08581043],
       [ 0.        ,  0.        ,  0.        ,  1.        ]])]","[array([[ 0.19745185, -0.98029656,  0.00560575, -0.0557823 ],
       [ 0.97990173,  0.19753141,  0.02781985,  0.15597402],
       [-0.02837901, -0.        ,  0.99959723,  0.08326445],
       [ 0.        ,  0.        ,  0.        ,  1.        ]])]","[array([[ 0.19745185, -0.98029656,  0.00560575, -0.0557823 ],
       [ 0.97990173,  0.19753141,  0.02781985,  0.15597402],
       [-0.02837901, -0.        ,  0.99959723,  0.08326445],
       [ 0.        ,  0.        ,  0.        ,  1.        ]])]","[array([[ 0.17568751, -0.98443703,  0.00419953,  0.04304572],
       [ 0.98415591,  0.17573769,  0.02352466,  0.10549158],
       [-0.02389656,  0.        ,  0.99971444,  0.08609028],
       [ 0.        ,  0.        ,  0.        ,  1.        ]])]","[array([[ 0.87637855,  0.48079889,  0.02816141, -0.00476185],
       [-0.48055084,  0.8768309 , -0.01544195,  0.22111794],
       [-0.03211727,  0.        ,  0.99948411,  0.08634133],
       [ 0.        ,  0.        ,  0.        ,  1.        ]])]","[array([[ 0.87637855,  0.48079889,  0.02816141, -0.00476185],
       [-0.48055084,  0.8768309 , -0.01544195,  0.22111794],
       [-0.03211727,  0.        ,  0.99948411,  0.08634133],
       [ 0.        ,  0.        ,  0.        ,  1.        ]])]"
20,"[array([[-0.68345251, -0.72924749, -0.03302691, -0.01308385],
       [ 0.72839752, -0.68425003,  0.03519881,  0.09844755],
       [-0.04826731,  0.        ,  0.99883445,  0.08581419],
       [ 0.        ,  0.        ,  0.        ,  1.        ]])]","[array([[ 0.19739379, -0.98030821,  0.00561376, -0.05575951],
       [ 0.97991201,  0.1974736 ,  0.02786811,  0.15597843],
       [-0.02842791, -0.        ,  0.99959585,  0.08326401],
       [ 0.        ,  0.        ,  0.        ,  1.        ]])]","[array([[ 0.19739379, -0.98030821,  0.00561376, -0.05575951],
       [ 0.97991201,  0.1974736 ,  0.02786811,  0.15597843],
       [-0.02842791, -0.        ,  0.99959585,  0.08326401],
       [ 0.        ,  0.        ,  0.        ,  1.        ]])]","[array([[ 0.17547348, -0.98447522,  0.00419539,  0.04303318],
       [ 0.98419396,  0.17552362,  0.02353105,  0.10549483],
       [-0.02390213,  0.        ,  0.9997143 ,  0.08609041],
       [ 0.        ,  0.        ,  0.        ,  1.        ]])]","[array([[ 0.8769311 ,  0.4797869 ,  0.0282201 , -0.00485934],
       [-0.47953866,  0.87738505, -0.0154318 ,  0.22105437],
       [-0.03216387,  0.        ,  0.99948261,  0.08633781],
       [ 0.        ,  0.        ,  0.        ,  1.        ]])]","[array([[ 0.8769311 ,  0.4797869 ,  0.0282201 , -0.00485934],
       [-0.47953866,  0.87738505, -0.0154318 ,  0.22105437],
       [-0.03216387,  0.        ,  0.99948261,  0.08633781],
       [ 0.        ,  0.        ,  0.        ,  1.        ]])]"
21,"[array([[-0.68328779, -0.72940019, -0.03306306, -0.01308228],
       [ 0.72854777, -0.68408725,  0.03525311,  0.09844804],
       [-0.04833164,  0.        ,  0.99883134,  0.08581963],
       [ 0.        ,  0.        ,  0.        ,  1.        ]])]","[array([[ 0.19774984, -0.98023639,  0.00562405, -0.05575551],
       [ 0.9798402 ,  0.1978298 ,  0.02786687,  0.15599032],
       [-0.02842873, -0.        ,  0.99959582,  0.08326403],
       [ 0.        ,  0.        ,  0.        ,  1.        ]])]","[array([[ 0.19774984, -0.98023639,  0.00562405, -0.05575551],
       [ 0.9798402 ,  0.1978298 ,  0.02786687,  0.15599032],
       [-0.02842873, -0.        ,  0.99959582,  0.08326403],
       [ 0.        ,  0.        ,  0.        ,  1.        ]])]","[array([[ 0.17504626, -0.98455103,  0.00425109,  0.04303007],
       [ 0.98426082,  0.17509787,  0.02390327,  0.10549255],
       [-0.02427835,  0.        ,  0.99970524,  0.08610084],
       [ 0.        ,  0.        ,  0.        ,  1.        ]])]","[array([[ 0.87607674,  0.48134007,  0.02830703, -0.00482581],
       [-0.48108901,  0.87653393, -0.01554453,  0.22109797],
       [-0.03229428,  0.        ,  0.9994784 ,  0.08633596],
       [ 0.        ,  0.        ,  0.        ,  1.        ]])]","[array([[ 0.87607674,  0.48134007,  0.02830703, -0.00482581],
       [-0.48108901,  0.87653393, -0.01554453,  0.22109797],
       [-0.03229428,  0.        ,  0.9994784 ,  0.08633596],
       [ 0.        ,  0.        ,  0.        ,  1.        ]])]"
22,"[array([[-0.68306045, -0.72961353, -0.03305319, -0.0130928 ],
       [ 0.72876081, -0.6838597 ,  0.03526463,  0.09844585],
       [-0.0483333 ,  0.        ,  0.99883126,  0.08581667],
       [ 0.        ,  0.        ,  0.        ,  1.        ]])]","[array([[ 0.19787429, -0.98021108,  0.00565803, -0.05575135],
       [ 0.9798106 ,  0.19795516,  0.02801678,  0.15599682],
       [-0.0285824 , -0.        ,  0.99959144,  0.08326992],
       [ 0.        ,  0.        ,  0.        ,  1.        ]])]","[array([[ 0.19787429, -0.98021108,  0.00565803, -0.05575135],
       [ 0.9798106 ,  0.19795516,  0.02801678,  0.15599682],
       [-0.0285824 , -0.        ,  0.99959144,  0.08326992],
       [ 0.        ,  0.        ,  0.        ,  1.        ]])]","[array([[ 0.17480024, -0.98459496,  0.00420073,  0.04301719],
       [ 0.98431077,  0.1748507 ,  0.02365458,  0.10549024],
       [-0.02402468,  0.        ,  0.99971137,  0.08609115],
       [ 0.        ,  0.        ,  0.        ,  1.        ]])]","[array([[ 0.87644071,  0.48063131,  0.0290727 , -0.00490613],
       [-0.4803671 ,  0.87692277, -0.01593441,  0.22104736],
       [-0.03315309,  0.        ,  0.99945029,  0.08635427],
       [ 0.        ,  0.        ,  0.        ,  1.        ]])]","[array([[ 0.87644071,  0.48063131,  0.0290727 , -0.00490613],
       [-0.4803671 ,  0.87692277, -0.01593441,  0.22104736],
       [-0.03315309,  0.        ,  0.99945029,  0.08635427],
       [ 0.        ,  0.        ,  0.        ,  1.        ]])]"
23,"[array([[-0.68306492, -0.72960961, -0.03304755, -0.01308566],
       [ 0.72875719, -0.68386389,  0.0352582 ,  0.09844689],
       [-0.04832474,  0.        ,  0.99883168,  0.08581447],
       [ 0.        ,  0.        ,  0.        ,  1.        ]])]","[array([[ 0.1979602 , -0.9801936 ,  0.00567993, -0.05574401],
       [ 0.97979038,  0.19804167,  0.0281124 ,  0.15600185],
       [-0.02868045, -0.        ,  0.99958863,  0.08327304],
       [ 0.        ,  0.        ,  0.        ,  1.        ]])]","[array([[ 0.1979602 , -0.9801936 ,  0.00567993, -0.05574401],
       [ 0.97979038,  0.19804167,  0.0281124 ,  0.15600185],
       [-0.02868045, -0.        ,  0.99958863,  0.08327304],
       [ 0.        ,  0.        ,  0.        ,  1.        ]])]","[array([[ 0.17424334, -0.98469358,  0.00422109,  0.04301679],
       [ 0.98440476,  0.17429446,  0.02384747,  0.1054862 ],
       [-0.02421817,  0.        ,  0.9997067 ,  0.08609349],
       [ 0.        ,  0.        ,  0.        ,  1.        ]])]","[array([[ 0.87684104,  0.47991845,  0.02877613, -0.00497567],
       [-0.47966022,  0.8773131 , -0.01574147,  0.22100325],
       [-0.03280029,  0.        ,  0.99946193,  0.08633705],
       [ 0.        ,  0.        ,  0.        ,  1.        ]])]","[array([[ 0.87684104,  0.47991845,  0.02877613, -0.00497567],
       [-0.47966022,  0.8773131 , -0.01574147,  0.22100325],
       [-0.03280029,  0.        ,  0.99946193,  0.08633705],
       [ 0.        ,  0.        ,  0.        ,  1.        ]])]"
24,"[array([[-0.68293339, -0.72973288, -0.03304392, -0.01309   ],
       [ 0.72888018, -0.68373235,  0.03526707,  0.09844963],
       [-0.04832874,  0.        ,  0.99883148,  0.08582256],
       [ 0.        ,  0.        ,  0.        ,  1.        ]])]","[array([[ 0.19791352, -0.98020332,  0.00562909, -0.05573357],
       [ 0.97980709,  0.19799356,  0.02786784,  0.15600511],
       [-0.02843067, -0.        ,  0.99959577,  0.0832671 ],
       [ 0.        ,  0.        ,  0.        ,  1.        ]])]","[array([[ 0.19791352, -0.98020332,  0.00562909, -0.05573357],
       [ 0.97980709,  0.19799356,  0.02786784,  0.15600511],
       [-0.02843067, -0.        ,  0.99959577,  0.0832671 ],
       [ 0.        ,  0.        ,  0.        ,  1.        ]])]","[array([[ 0.17420974, -0.98469939,  0.0042528 ,  0.04300149],
       [ 0.9844061 ,  0.17426164,  0.02403125,  0.10548888],
       [-0.02440466,  0.        ,  0.99970216,  0.08610166],
       [ 0.        ,  0.        ,  0.        ,  1.        ]])]","[array([[ 0.8785447 ,  0.47680394,  0.02858707, -0.00515967],
       [-0.47655172,  0.87900967, -0.01550658,  0.22086473],
       [-0.03252191,  0.        ,  0.99947102,  0.0863222 ],
       [ 0.        ,  0.        ,  0.        ,  1.        ]])]","[array([[ 0.8785447 ,  0.47680394,  0.02858707, -0.00515967],
       [-0.47655172,  0.87900967, -0.01550658,  0.22086473],
       [-0.03252191,  0.        ,  0.99947102,  0.0863222 ],
       [ 0.        ,  0.        ,  0.        ,  1.        ]])]"
25,"[array([[-0.68276403, -0.72988945, -0.03308568, -0.01309358],
       [ 0.72903399, -0.6835652 ,  0.03532784,  0.09845008],
       [-0.04840164,  0.        ,  0.99882795,  0.0858242 ],
       [ 0.        ,  0.        ,  0.        ,  1.        ]])]","[array([[ 0.19813447, -0.98015853,  0.00565583, -0.05573039],
       [ 0.97975944,  0.19821518,  0.02796761,  0.15600962],
       [-0.02853377, -0.        ,  0.99959283,  0.08327037],
       [ 0.        ,  0.        ,  0.        ,  1.        ]])]","[array([[ 0.19813447, -0.98015853,  0.00565583, -0.05573039],
       [ 0.97975944,  0.19821518,  0.02796761,  0.15600962],
       [-0.02853377, -0.        ,  0.99959283,  0.08327037],
       [ 0.        ,  0.        ,  0.        ,  1.        ]])]","[array([[ 0.17377638, -0.98477586,  0.00427578,  0.04300552],
       [ 0.9844779 ,  0.17382897,  0.02422313,  0.10548443],
       [-0.02459761,  0.        ,  0.99969743,  0.08610699],
