,LP,LD1,LD2,RP,RD1,RD2
0,"[array([[-0.6315659 , -0.77472626, -0.03039294, -0.11455144],
       [ 0.77383075, -0.63229678,  0.03723917,  0.02292082],
       [-0.04806752,  0.        ,  0.99884409,  0.08500071],
       [ 0.        ,  0.        ,  0.        ,  1.        ]])]","[array([[-0.15145674, -0.98845567, -0.00403087, -0.15581173],
       [ 0.98810579, -0.15151037,  0.02629744,  0.08046144],
       [-0.02660457,  0.        ,  0.99964604,  0.08279803],
       [ 0.        ,  0.        ,  0.        ,  1.        ]])]","[array([[-0.15145674, -0.98845567, -0.00403087, -0.15581173],
       [ 0.98810579, -0.15151037,  0.02629744,  0.08046144],
       [-0.02660457,  0.        ,  0.99964604,  0.08279803],
       [ 0.        ,  0.        ,  0.        ,  1.        ]])]","[array([[ 0.3893197 , -0.9210596 ,  0.00890945, -0.05730717],
       [ 0.92081852,  0.38942163,  0.02107262,  0.03390878],
       [-0.02287867,  0.        ,  0.99973825,  0.08546048],
       [ 0.        ,  0.        ,  0.        ,  1.        ]])]","[array([[ 2.05796093e-02, -9.99787996e-01, -6.65584621e-04,
        -3.33115165e-02],
       [ 9.99265516e-01,  2.05903696e-02, -3.23181918e-02,
         9.19194742e-02],
       [ 3.23250448e-02,  0.00000000e+00,  9.99477409e-01,
         8.29880636e-02],
       [ 0.00000000e+00,  0.00000000e+00,  0.00000000e+00,
         1.00000000e+00]])]","[array([[ 2.05796093e-02, -9.99787996e-01, -6.65584621e-04,
        -3.33115165e-02],
       [ 9.99265516e-01,  2.05903696e-02, -3.23181918e-02,
         9.19194742e-02],
       [ 3.23250448e-02,  0.00000000e+00,  9.99477409e-01,
         8.29880636e-02],
       [ 0.00000000e+00,  0.00000000e+00,  0.00000000e+00,
         1.00000000e+00]])]"
1,"[array([[-0.63142829, -0.77484324, -0.0302699 , -0.11455985],
       [ 0.77395443, -0.63215343,  0.03710242,  0.02292268],
       [-0.04788378,  0.        ,  0.99885291,  0.0849966 ],
       [ 0.        ,  0.        ,  0.        ,  1.        ]])]","[array([[-0.15142922, -0.9884597 , -0.00407605, -0.15581162],
       [ 0.98810181, -0.15148407,  0.02659694,  0.08046668],
       [-0.02690746,  0.        ,  0.99963793,  0.08281266],
       [ 0.        ,  0.        ,  0.        ,  1.        ]])]","[array([[-0.15142922, -0.9884597 , -0.00407605, -0.15581162],
       [ 0.98810181, -0.15148407,  0.02659694,  0.08046668],
       [-0.02690746,  0.        ,  0.99963793,  0.08281266],
       [ 0.        ,  0.        ,  0.        ,  1.        ]])]","[array([[ 0.38951982, -0.92097517,  0.00889084, -0.0573119 ],
       [ 0.92073536,  0.38962127,  0.02101591,  0.03391542],
       [-0.02281919,  0.        ,  0.99973961,  0.08545815],
       [ 0.        ,  0.        ,  0.        ,  1.        ]])]","[array([[ 1.60575595e-02, -9.99871021e-01, -3.11084155e-04,
        -3.30818569e-02],
       [ 9.99683440e-01,  1.60605726e-02, -1.93669329e-02,
         9.18298995e-02],
       [ 1.93694312e-02,  0.00000000e+00,  9.99812395e-01,
         8.36580521e-02],
       [ 0.00000000e+00,  0.00000000e+00,  0.00000000e+00,
         1.00000000e+00]])]","[array([[ 1.60575595e-02, -9.99871021e-01, -3.11084155e-04,
        -3.30818569e-02],
       [ 9.99683440e-01,  1.60605726e-02, -1.93669329e-02,
         9.18298995e-02],
       [ 1.93694312e-02,  0.00000000e+00,  9.99812395e-01,
         8.36580521e-02],
       [ 0.00000000e+00,  0.00000000e+00,  0.00000000e+00,
         1.00000000e+00]])]"
2,"[array([[-0.63152453, -0.77475692, -0.03047119, -0.11455571],
       [ 0.77385664, -0.63225922,  0.03733874,  0.02292366],
       [-0.04819414,  0.        ,  0.99883799,  0.08500755],
       [ 0.        ,  0.        ,  0.        ,  1.        ]])]","[array([[-0.15149675, -0.98844935, -0.004077  , -0.15580643],
       [ 0.98809161, -0.1515516 ,  0.02659103,  0.0804627 ],
       [-0.02690176,  0.        ,  0.99963808,  0.08281548],
       [ 0.        ,  0.        ,  0.        ,  1.        ]])]","[array([[-0.15149675, -0.98844935, -0.004077  , -0.15580643],
       [ 0.98809161, -0.1515516 ,  0.02659103,  0.0804627 ],
       [-0.02690176,  0.        ,  0.99963808,  0.08281548],
       [ 0.        ,  0.        ,  0.        ,  1.        ]])]","[array([[ 0.38930576, -0.92106667,  0.00878755, -0.05730692],
       [ 0.92083211,  0.38940492,  0.02078534,  0.03391233],
       [-0.0225666 ,  0.        ,  0.99974534,  0.08545349],
       [ 0.        ,  0.        ,  0.        ,  1.        ]])]","[array([[ 2.06789511e-02, -9.99785945e-01, -6.67724113e-04,
        -3.33156474e-02],
       [ 9.99265140e-01,  2.06897287e-02, -3.22663091e-02,
         9.19218523e-02],
       [ 3.22732174e-02,  0.00000000e+00,  9.99479084e-01,
         8.29927117e-02],
       [ 0.00000000e+00,  0.00000000e+00,  0.00000000e+00,
         1.00000000e+00]])]","[array([[ 2.06789511e-02, -9.99785945e-01, -6.67724113e-04,
        -3.33156474e-02],
       [ 9.99265140e-01,  2.06897287e-02, -3.22663091e-02,
         9.19218523e-02],
       [ 3.22732174e-02,  0.00000000e+00,  9.99479084e-01,
         8.29927117e-02],
       [ 0.00000000e+00,  0.00000000e+00,  0.00000000e+00,
         1.00000000e+00]])]"
3,"[array([[-0.63142829, -0.77484324, -0.0302699 , -0.11455985],
       [ 0.77395443, -0.63215343,  0.03710242,  0.02292068],
       [-0.04788378,  0.        ,  0.99885291,  0.0849966 ],
       [ 0.        ,  0.        ,  0.        ,  1.        ]])]","[array([[-0.15166435, -0.9884235 , -0.00411226, -0.15579998],
       [ 0.98806036, -0.15172009,  0.0267905 ,  0.08046394],
       [-0.02710427,  0.        ,  0.99963261,  0.08281992],
       [ 0.        ,  0.        ,  0.        ,  1.        ]])]","[array([[-0.15166435, -0.9884235 , -0.00411226, -0.15579998],
       [ 0.98806036, -0.15172009,  0.0267905 ,  0.08046394],
       [-0.02710427,  0.        ,  0.99963261,  0.08281992],
       [ 0.        ,  0.        ,  0.        ,  1.        ]])]","[array([[ 0.38959618, -0.92094261,  0.00891773, -0.05731432],
       [ 0.92070145,  0.38969823,  0.02107455,  0.03391886],
       [-0.02288368,  0.        ,  0.99973813,  0.08546359],
       [ 0.        ,  0.        ,  0.        ,  1.        ]])]","[array([[ 2.05838722e-02, -9.99787911e-01, -6.61720469e-04,
        -3.33116509e-02],
       [ 9.99271689e-01,  2.05945058e-02, -3.21241078e-02,
         9.19223348e-02],
       [ 3.21309225e-02,  0.00000000e+00,  9.99483669e-01,
         8.29962367e-02],
       [ 0.00000000e+00,  0.00000000e+00,  0.00000000e+00,
         1.00000000e+00]])]","[array([[ 2.05838722e-02, -9.99787911e-01, -6.61720469e-04,
        -3.33116509e-02],
       [ 9.99271689e-01,  2.05945058e-02, -3.21241078e-02,
         9.19223348e-02],
       [ 3.21309225e-02,  0.00000000e+00,  9.99483669e-01,
         8.29962367e-02],
       [ 0.00000000e+00,  0.00000000e+00,  0.00000000e+00,
         1.00000000e+00]])]"
4,"[array([[-0.6313775 , -0.77488196, -0.0303382 , -0.11456043],
       [ 0.77398895, -0.63210597,  0.0371908 ,  0.02291944],
       [-0.04799544,  0.        ,  0.99884755,  0.0849981 ],
       [ 0.        ,  0.        ,  0.        ,  1.        ]])]","[array([[-0.15019693, -0.98864873, -0.00381616, -0.15585366],
       [ 0.98832978, -0.1502454 ,  0.02511116,  0.08046101],
       [-0.02539948,  0.        ,  0.99967738,  0.0827647 ],
       [ 0.        ,  0.        ,  0.        ,  1.        ]])]","[array([[-0.15019693, -0.98864873, -0.00381616, -0.15585366],
       [ 0.98832978, -0.1502454 ,  0.02511116,  0.08046101],
       [-0.02539948,  0.        ,  0.99967738,  0.0827647 ],
       [ 0.        ,  0.        ,  0.        ,  1.        ]])]","[array([[ 0.38943622, -0.92101125,  0.0088154 , -0.05730935],
       [ 0.92077537,  0.38953598,  0.02084297,  0.03391276],
       [-0.02263052,  0.        ,  0.9997439 ,  0.08545592],
       [ 0.        ,  0.        ,  0.        ,  1.        ]])]","[array([[ 1.61553670e-02, -9.99869443e-01, -3.17795586e-04,
        -3.30839455e-02],
       [ 9.99676046e-01,  1.61584924e-02, -1.96648356e-02,
         9.18264810e-02],
       [ 1.96674033e-02,  0.00000000e+00,  9.99806578e-01,
         8.36435766e-02],
       [ 0.00000000e+00,  0.00000000e+00,  0.00000000e+00,
         1.00000000e+00]])]","[array([[ 1.61553670e-02, -9.99869443e-01, -3.17795586e-04,
        -3.30839455e-02],
       [ 9.99676046e-01,  1.61584924e-02, -1.96648356e-02,
         9.18264810e-02],
       [ 1.96674033e-02,  0.00000000e+00,  9.99806578e-01,
         8.36435766e-02],
       [ 0.00000000e+00,  0.00000000e+00,  0.00000000e+00,
         1.00000000e+00]])]"
5,"[array([[-0.63172507, -0.77459802, -0.03035358, -0.11454541],
       [ 0.77370542, -0.63245387,  0.03717556,  0.02292384],
       [-0.04799336,  0.        ,  0.99884765,  0.08499905],
       [ 0.        ,  0.        ,  0.        ,  1.        ]])]","[array([[-0.15142881, -0.9884597 , -0.00409114, -0.15581063],
       [ 0.98809915, -0.15148407,  0.02669538,  0.08046377],
       [-0.02700705,  0.        ,  0.99963524,  0.08281582],
       [ 0.        ,  0.        ,  0.        ,  1.        ]])]","[array([[-0.15142881, -0.9884597 , -0.00409114, -0.15581063],
       [ 0.98809915, -0.15148407,  0.02669538,  0.08046377],
       [-0.02700705,  0.        ,  0.99963524,  0.08281582],
       [ 0.        ,  0.        ,  0.        ,  1.        ]])]","[array([[ 0.38927284, -0.92107987,  0.00886201, -0.0573063 ],
       [ 0.92084128,  0.3893737 ,  0.02096345,  0.03390885],
       [-0.02275965,  0.        ,  0.99974097,  0.08545682],
       [ 0.        ,  0.        ,  0.        ,  1.        ]])]","[array([[ 1.62071675e-02, -9.99868605e-01, -3.18032919e-04,
        -3.30875812e-02],
       [ 9.99676155e-01,  1.62102876e-02, -1.96166249e-02,
         9.18301897e-02],
       [ 1.96192028e-02,  0.00000000e+00,  9.99807525e-01,
         8.36431094e-02],
       [ 0.00000000e+00,  0.00000000e+00,  0.00000000e+00,
         1.00000000e+00]])]","[array([[ 1.62071675e-02, -9.99868605e-01, -3.18032919e-04,
        -3.30875812e-02],
       [ 9.99676155e-01,  1.62102876e-02, -1.96166249e-02,
         9.18301897e-02],
       [ 1.96192028e-02,  0.00000000e+00,  9.99807525e-01,
         8.36431094e-02],
       [ 0.00000000e+00,  0.00000000e+00,  0.00000000e+00,
         1.00000000e+00]])]"
6,"[array([[-0.63150101, -0.77477629, -0.0304659 , -0.11455446],
       [ 0.77387624, -0.63223548,  0.03733459,  0.02292149],
       [-0.04818758,  0.        ,  0.9988383 ,  0.0850064 ],
       [ 0.        ,  0.        ,  0.        ,  1.        ]])]","[array([[-0.15139215, -0.98846542, -0.00406651, -0.15581182],
       [ 0.98810902, -0.15144676,  0.02654134,  0.08046162],
       [-0.02685106,  0.        ,  0.99963945,  0.08281086],
       [ 0.        ,  0.        ,  0.        ,  1.        ]])]","[array([[-0.15139215, -0.98846542, -0.00406651, -0.15581182],
       [ 0.98810902, -0.15144676,  0.02654134,  0.08046162],
       [-0.02685106,  0.        ,  0.99963945,  0.08281086],
       [ 0.        ,  0.        ,  0.        ,  1.        ]])]","[array([[ 0.38925781, -0.921086  ,  0.0088847 , -0.05730401],
       [ 0.92084617,  0.38935919,  0.02101806,  0.03390861],
       [-0.02281878,  0.        ,  0.99973962,  0.08545914],
       [ 0.        ,  0.        ,  0.        ,  1.        ]])]","[array([[ 2.05818403e-02, -9.99787953e-01, -6.60554965e-04,
        -3.33095869e-02],
       [ 9.99273445e-01,  2.05924375e-02, -3.20707491e-02,
         9.19212505e-02],
       [ 3.20775511e-02,  0.00000000e+00,  9.99485383e-01,
         8.29989339e-02],
       [ 0.00000000e+00,  0.00000000e+00,  0.00000000e+00,
         1.00000000e+00]])]","[array([[ 2.05818403e-02, -9.99787953e-01, -6.60554965e-04,
        -3.33095869e-02],
       [ 9.99273445e-01,  2.05924375e-02, -3.20707491e-02,
         9.19212505e-02],
       [ 3.20775511e-02,  0.00000000e+00,  9.99485383e-01,
         8.29989339e-02],
       [ 0.00000000e+00,  0.00000000e+00,  0.00000000e+00,
         1.00000000e+00]])]"
7,"[array([[-0.63168239, -0.7746343 , -0.03031588, -0.11454578],
       [ 0.77374375, -0.63240944,  0.03713373,  0.02292248],
       [-0.04793711,  0.        ,  0.99885036,  0.08499679],
       [ 0.        ,  0.        ,  0.        ,  1.        ]])]","[array([[-0.15169205, -0.98841947, -0.00405946, -0.15579908],
       [ 0.98806572, -0.15174636,  0.02644181,  0.08046265],
       [-0.0267516 ,  0.        ,  0.99964211,  0.0828047 ],
       [ 0.        ,  0.        ,  0.        ,  1.        ]])]","[array([[-0.15169205, -0.98841947, -0.00405946, -0.15579908],
       [ 0.98806572, -0.15174636,  0.02644181,  0.08046265],
       [-0.0267516 ,  0.        ,  0.99964211,  0.0828047 ],
       [ 0.        ,  0.        ,  0.        ,  1.        ]])]","[array([[ 0.38922266, -0.92110274,  0.00868734, -0.05730537],
       [ 0.92087339,  0.38931959,  0.02055363,  0.03391065],
       [-0.02231416,  0.        ,  0.99975101,  0.08544584],
       [ 0.        ,  0.        ,  0.        ,  1.        ]])]","[array([[ 1.60016479e-02, -9.99871915e-01, -3.16315006e-04,
        -3.30900912e-02],
       [ 9.99676618e-01,  1.60047740e-02, -1.97612594e-02,
         9.18263492e-02],
       [ 1.97637908e-02,  0.00000000e+00,  9.99804677e-01,
         8.36385115e-02],
       [ 0.00000000e+00,  0.00000000e+00,  0.00000000e+00,
         1.00000000e+00]])]","[array([[ 1.60016479e-02, -9.99871915e-01, -3.16315006e-04,
        -3.30900912e-02],
       [ 9.99676618e-01,  1.60047740e-02, -1.97612594e-02,
         9.18263492e-02],
       [ 1.97637908e-02,  0.00000000e+00,  9.99804677e-01,
         8.36385115e-02],
       [ 0.00000000e+00,  0.00000000e+00,  0.00000000e+00,
         1.00000000e+00]])]"
8,"[array([[-0.6313755 , -0.77487389, -0.03058468, -0.11456438],
       [ 0.77396635, -0.63211585,  0.03749198,  0.02292184],
       [-0.04838462,  0.        ,  0.99882878,  0.08501182],
       [ 0.        ,  0.        ,  0.        ,  1.        ]])]","[array([[-0.15143378, -0.9884591 , -0.0040523 , -0.15581147],
       [ 0.98810538, -0.15148798,  0.02644126,  0.08046055],
       [-0.02674998,  0.        ,  0.99964216,  0.08280265],
       [ 0.        ,  0.        ,  0.        ,  1.        ]])]","[array([[-0.15143378, -0.9884591 , -0.0040523 , -0.15581147],
       [ 0.98810538, -0.15148798,  0.02644126,  0.08046055],
       [-0.02674998,  0.        ,  0.99964216,  0.08280265],
       [ 0.        ,  0.        ,  0.        ,  1.        ]])]","[array([[ 0.38933643, -0.92105347,  0.00881233, -0.05730949],
       [ 0.92081763,  0.38943615,  0.02084199,  0.03391193],
       [-0.02262843,  0.        ,  0.99974394,  0.08545788],
       [ 0.        ,  0.        ,  0.        ,  1.        ]])]","[array([[ 2.03832034e-02, -9.99792028e-01, -6.53224438e-04,
        -3.33123262e-02],
       [ 9.99279018e-01,  2.03936678e-02, -3.20240868e-02,
         9.19203402e-02],
       [ 3.20307483e-02,  0.00000000e+00,  9.99486884e-01,
         8.30024222e-02],
       [ 0.00000000e+00,  0.00000000e+00,  0.00000000e+00,
         1.00000000e+00]])]","[array([[ 2.03832034e-02, -9.99792028e-01, -6.53224438e-04,
        -3.33123262e-02],
       [ 9.99279018e-01,  2.03936678e-02, -3.20240868e-02,
         9.19203402e-02],
       [ 3.20307483e-02,  0.00000000e+00,  9.99486884e-01,
         8.30024222e-02],
       [ 0.00000000e+00,  0.00000000e+00,  0.00000000e+00,
         1.00000000e+00]])]"
9,"[array([[-0.63015675, -0.77588613, -0.0300528 , -0.11456419],
       [ 0.77500529, -0.63087297,  0.03696077,  0.0229327 ],
       [-0.04763685,  0.        ,  0.99886472,  0.08500807],
       [ 0.        ,  0.        ,  0.        ,  1.        ]])]","[array([[-0.14754834, -0.98904796, -0.00368982, -0.15577868],
       [ 0.98873884, -0.14759446,  0.02472592,  0.08055093],
       [-0.02499972,  0.        ,  0.99968746,  0.08283799],
       [ 0.        ,  0.        ,  0.        ,  1.        ]])]","[array([[-0.14754834, -0.98904796, -0.00368982, -0.15577868],
       [ 0.98873884, -0.14759446,  0.02472592,  0.08055093],
       [-0.02499972,  0.        ,  0.99968746,  0.08283799],
       [ 0.        ,  0.        ,  0.        ,  1.        ]])]","[array([[ 0.38949582, -0.92098485,  0.00893944, -0.05730445],
       [ 0.92074237,  0.38959839,  0.02113224,  0.03391506],
       [-0.02294526,  0.        ,  0.99973672,  0.08546097],
       [ 0.        ,  0.        ,  0.        ,  1.        ]])]","[array([[ 1.63083449e-02, -9.99866959e-01, -3.18396857e-04,
        -3.30717761e-02],
       [ 9.99676455e-01,  1.63114528e-02, -1.95172375e-02,
         9.18315712e-02],
       [ 1.95198344e-02,  0.00000000e+00,  9.99809470e-01,
         8.36362693e-02],
       [ 0.00000000e+00,  0.00000000e+00,  0.00000000e+00,
         1.00000000e+00]])]","[array([[ 1.63083449e-02, -9.99866959e-01, -3.18396857e-04,
        -3.30717761e-02],
       [ 9.99676455e-01,  1.63114528e-02, -1.95172375e-02,
         9.18315712e-02],
       [ 1.95198344e-02,  0.00000000e+00,  9.99809470e-01,
         8.36362693e-02],
       [ 0.00000000e+00,  0.00000000e+00,  0.00000000e+00,
         1.00000000e+00]])]"
10,"[array([[-0.63131308, -0.77492955, -0.03046285, -0.11455741],
       [ 0.77402897, -0.63204761,  0.03734935,  0.02292121],
       [-0.04819709,  0.        ,  0.99883785,  0.08500661],
       [ 0.        ,  0.        ,  0.        ,  1.        ]])]","[array([[-0.15123827, -0.98848893, -0.00407734, -0.15579682],
       [ 0.98812989, -0.15129322,  0.02663968,  0.08046965],
       [-0.0269499 ,  0.        ,  0.99963679,  0.08281801],
       [ 0.        ,  0.        ,  0.        ,  1.        ]])]","[array([[-0.15123827, -0.98848893, -0.00407734, -0.15579682],
       [ 0.98812989, -0.15129322,  0.02663968,  0.08046965],
       [-0.0269499 ,  0.        ,  0.99963679,  0.08281801],
       [ 0.        ,  0.        ,  0.        ,  1.        ]])]","[array([[ 0.38942388, -0.92101477,  0.00899022, -0.0573051 ],
       [ 0.92076944,  0.38952764,  0.02125684,  0.03391182],
       [-0.0230798 ,  0.        ,  0.99973363,  0.08546699],
       [ 0.        ,  0.        ,  0.        ,  1.        ]])]","[array([[ 2.05346859e-02, -9.99788922e-01, -6.61204607e-04,
        -3.33071007e-02],
       [ 9.99271034e-01,  2.05453283e-02, -3.21759298e-02,
         9.19206794e-02],
       [ 3.21827228e-02,  0.00000000e+00,  9.99482002e-01,
         8.29885894e-02],
       [ 0.00000000e+00,  0.00000000e+00,  0.00000000e+00,
         1.00000000e+00]])]","[array([[ 2.05346859e-02, -9.99788922e-01, -6.61204607e-04,
        -3.33071007e-02],
       [ 9.99271034e-01,  2.05453283e-02, -3.21759298e-02,
         9.19206794e-02],
       [ 3.21827228e-02,  0.00000000e+00,  9.99482002e-01,
         8.29885894e-02],
       [ 0.00000000e+00,  0.00000000e+00,  0.00000000e+00,
         1.00000000e+00]])]"
11,"[array([[-0.63115193, -0.77506584, -0.03033456, -0.11456557],
       [ 0.7741722 , -0.63188048,  0.03720843,  0.0229209 ],
       [-0.0480068 ,  0.        ,  0.99884701,  0.08499735],
       [ 0.        ,  0.        ,  0.        ,  1.        ]])]","[array([[-0.15112984, -0.98850558, -0.00406044, -0.15579435],
       [ 0.988149  , -0.15118438,  0.02654885,  0.08047953],
       [-0.02685756,  0.        ,  0.99963927,  0.08280907],
       [ 0.        ,  0.        ,  0.        ,  1.        ]])]","[array([[-0.15112984, -0.98850558, -0.00406044, -0.15579435],
       [ 0.988149  , -0.15118438,  0.02654885,  0.08047953],
       [-0.02685756,  0.        ,  0.99963927,  0.08280907],
       [ 0.        ,  0.        ,  0.        ,  1.        ]])]","[array([[ 0.38909554, -0.92115459,  0.00888166, -0.05730299],
       [ 0.9209147 ,  0.3891969 ,  0.02102119,  0.03390563],
       [-0.02282048,  0.        ,  0.99973958,  0.08546418],
       [ 0.        ,  0.        ,  0.        ,  1.        ]])]","[array([[ 1.60016795e-02, -9.99871915e-01, -3.14709968e-04,
        -3.30970922e-02],
       [ 9.99678595e-01,  1.60047740e-02, -1.96609873e-02,
         9.18272863e-02],
       [ 1.96635059e-02,  0.00000000e+00,  9.99806655e-01,
         8.36457005e-02],
       [ 0.00000000e+00,  0.00000000e+00,  0.00000000e+00,
         1.00000000e+00]])]","[array([[ 1.60016795e-02, -9.99871915e-01, -3.14709968e-04,
        -3.30970922e-02],
       [ 9.99678595e-01,  1.60047740e-02, -1.96609873e-02,
         9.18272863e-02],
       [ 1.96635059e-02,  0.00000000e+00,  9.99806655e-01,
         8.36457005e-02],
       [ 0.00000000e+00,  0.00000000e+00,  0.00000000e+00,
         1.00000000e+00]])]"
12,"[array([[-0.63083835, -0.77532465, -0.03024331, -0.11456554],
       [ 0.77443519, -0.63156289,  0.03712755,  0.02292962],
       [-0.04788645,  0.        ,  0.99885279,  0.08498766],
       [ 0.        ,  0.        ,  0.        ,  1.        ]])]","[array([[-0.14920936, -0.98879839, -0.00378264, -0.15582273],
       [ 0.9884808 , -0.1492573 ,  0.02505921,  0.08050265],
       [-0.0253431 ,  0.        ,  0.99967881,  0.08276991],
       [ 0.        ,  0.        ,  0.        ,  1.        ]])]","[array([[-0.14920936, -0.98879839, -0.00378264, -0.15582273],
       [ 0.9884808 , -0.1492573 ,  0.02505921,  0.08050265],
       [-0.0253431 ,  0.        ,  0.99967881,  0.08276991],
       [ 0.        ,  0.        ,  0.        ,  1.        ]])]","[array([[ 0.38816392, -0.92154892,  0.00873857, -0.05730862],
       [ 0.92131548,  0.38826227,  0.02074119,  0.03389936],
       [-0.02250688,  0.        ,  0.99974669,  0.08545715],
       [ 0.        ,  0.        ,  0.        ,  1.        ]])]","[array([[ 1.54516570e-02, -9.99880571e-01, -3.00049034e-04,
        -3.31497205e-02],
       [ 9.99692106e-01,  1.54545700e-02, -1.94125880e-02,
         9.18442914e-02],
       [ 1.94149067e-02,  0.00000000e+00,  9.99811513e-01,
         8.36736060e-02],
       [ 0.00000000e+00,  0.00000000e+00,  0.00000000e+00,
         1.00000000e+00]])]","[array([[ 1.54516570e-02, -9.99880571e-01, -3.00049034e-04,
        -3.31497205e-02],
       [ 9.99692106e-01,  1.54545700e-02, -1.94125880e-02,
         9.18442914e-02],
       [ 1.94149067e-02,  0.00000000e+00,  9.99811513e-01,
         8.36736060e-02],
       [ 0.00000000e+00,  0.00000000e+00,  0.00000000e+00,
         1.00000000e+00]])]"
13,"[array([[-0.63130467, -0.77494086, -0.03034926, -0.11457873],
       [ 0.77404693, -0.63203375,  0.03721144,  0.02291996],
       [-0.04801842,  0.        ,  0.99884645,  0.08498361],
       [ 0.        ,  0.        ,  0.        ,  1.        ]])]","[array([[-0.15053002, -0.98859781, -0.00388445, -0.15587284],
       [ 0.98826881, -0.15058013,  0.02550244,  0.08045144],
       [-0.02579658,  0.        ,  0.99966721,  0.08275033],
       [ 0.        ,  0.        ,  0.        ,  1.        ]])]","[array([[-0.15053002, -0.98859781, -0.00388445, -0.15587284],
       [ 0.98826881, -0.15058013,  0.02550244,  0.08045144],
       [-0.02579658,  0.        ,  0.99966721,  0.08275033],
       [ 0.        ,  0.        ,  0.        ,  1.        ]])]","[array([[ 0.38467599, -0.92301465,  0.00826637, -0.0573465 ],
       [ 0.92280161,  0.3847648 ,  0.01983025,  0.03386003],
       [-0.02148422,  0.        ,  0.99976919,  0.08545925],
       [ 0.        ,  0.        ,  0.        ,  1.        ]])]","[array([[ 1.21878002e-02, -9.99925700e-01, -2.28049551e-04,
        -3.33645504e-02],
       [ 9.99750703e-01,  1.21899335e-02, -1.87066325e-02,
         9.19005392e-02],
       [ 1.87080225e-02,  0.00000000e+00,  9.99824990e-01,
         8.38390849e-02],
       [ 0.00000000e+00,  0.00000000e+00,  0.00000000e+00,
         1.00000000e+00]])]","[array([[ 1.21878002e-02, -9.99925700e-01, -2.28049551e-04,
        -3.33645504e-02],
       [ 9.99750703e-01,  1.21899335e-02, -1.87066325e-02,
         9.19005392e-02],
       [ 1.87080225e-02,  0.00000000e+00,  9.99824990e-01,
         8.38390849e-02],
       [ 0.00000000e+00,  0.00000000e+00,  0.00000000e+00,
         1.00000000e+00]])]"
14,"[array([[-0.67206851, -0.73982396, -0.03137544, -0.11436816],
       [ 0.73901906, -0.67280049,  0.03450102,  0.02235787],
       [-0.04663409,  0.        ,  0.99891204,  0.0849726 ],
       [ 0.        ,  0.        ,  0.        ,  1.        ]])]","[array([[-0.1994595 , -0.97989393, -0.00487725, -0.15879471],
       [ 0.97960112, -0.19951913,  0.02395354,  0.07756585],
       [-0.02444504,  0.        ,  0.99970118,  0.08281435],
       [ 0.        ,  0.        ,  0.        ,  1.        ]])]","[array([[-0.1994595 , -0.97989393, -0.00487725, -0.15879471],
       [ 0.97960112, -0.19951913,  0.02395354,  0.07756585],
       [-0.02444504,  0.        ,  0.99970118,  0.08281435],
       [ 0.        ,  0.        ,  0.        ,  1.        ]])]","[array([[ 0.32749074, -0.94482593,  0.00733286, -0.05786612],
       [ 0.94458917,  0.32757283,  0.02115035,  0.03343841],
       [-0.02238544,  0.        ,  0.99974941,  0.08544843],
       [ 0.        ,  0.        ,  0.        ,  1.        ]])]","[array([[-2.81234258e-02, -9.99604304e-01,  5.55590149e-04,
        -3.75922342e-02],
       [ 9.99409300e-01, -2.81289132e-02, -1.97437526e-02,
         9.30880117e-02],
       [ 1.97515682e-02, -0.00000000e+00,  9.99804919e-01,
         8.37619001e-02],
       [ 0.00000000e+00,  0.00000000e+00,  0.00000000e+00,
         1.00000000e+00]])]","[array([[-2.81234258e-02, -9.99604304e-01,  5.55590149e-04,
        -3.75922342e-02],
       [ 9.99409300e-01, -2.81289132e-02, -1.97437526e-02,
         9.30880117e-02],
       [ 1.97515682e-02, -0.00000000e+00,  9.99804919e-01,
         8.37619001e-02],
       [ 0.00000000e+00,  0.00000000e+00,  0.00000000e+00,
         1.00000000e+00]])]"
15,"[array([[-0.70526278, -0.70826323, -0.03110642, -0.11408661],
       [ 0.70757532, -0.70594844,  0.03120841,  0.02200715],
       [-0.0440633 ,  0.        ,  0.99902874,  0.08497802],
       [ 0.        ,  0.        ,  0.        ,  1.        ]])]","[array([[-0.23087698, -0.97296479, -0.00594517, -0.16104845],
       [ 0.97264237, -0.23095351,  0.02504592,  0.07518768],
       [-0.02574186,  0.        ,  0.99966862,  0.08305759],
       [ 0.        ,  0.        ,  0.        ,  1.        ]])]","[array([[-0.23087698, -0.97296479, -0.00594517, -0.16104845],
       [ 0.97264237, -0.23095351,  0.02504592,  0.07518768],
       [-0.02574186,  0.        ,  0.99966862,  0.08305759],
       [ 0.        ,  0.        ,  0.        ,  1.        ]])]","[array([[ 0.27381204, -0.96176905,  0.00522147, -0.05820509],
       [ 0.96159422,  0.27386182,  0.01833718,  0.03286281],
       [-0.01906609,  0.        ,  0.99981823,  0.08534608],
       [ 0.        ,  0.        ,  0.        ,  1.        ]])]","[array([[-4.11206149e-02, -9.99153811e-01,  8.70392351e-04,
        -4.11937293e-02],
       [ 9.98930058e-01, -4.11298255e-02, -2.11441654e-02,
         9.40614890e-02],
       [ 2.11620725e-02, -0.00000000e+00,  9.99776058e-01,
         8.37620461e-02],
       [ 0.00000000e+00,  0.00000000e+00,  0.00000000e+00,
         1.00000000e+00]])]","[array([[-4.11206149e-02, -9.99153811e-01,  8.70392351e-04,
        -4.11937293e-02],
       [ 9.98930058e-01, -4.11298255e-02, -2.11441654e-02,
         9.40614890e-02],
       [ 2.11620725e-02, -0.00000000e+00,  9.99776058e-01,
         8.37620461e-02],
       [ 0.00000000e+00,  0.00000000e+00,  0.00000000e+00,
         1.00000000e+00]])]"
16,"[array([[-0.78403556, -0.61988365, -0.03213254, -0.11329378],
       [ 0.61936371, -0.78469374,  0.02538371,  0.02124636],
       [-0.04094915,  0.        ,  0.99916123,  0.08496626],
       [ 0.        ,  0.        ,  0.        ,  1.        ]])]","[array([[-0.27994596, -0.95998432, -0.00776999, -0.16605265],
       [ 0.95961476, -0.28005377,  0.02663442,  0.06907701],
       [-0.02774464,  0.        ,  0.99961504,  0.08329328],
       [ 0.        ,  0.        ,  0.        ,  1.        ]])]","[array([[-0.27994596, -0.95998432, -0.00776999, -0.16605265],
       [ 0.95961476, -0.28005377,  0.02663442,  0.06907701],
       [-0.02774464,  0.        ,  0.99961504,  0.08329328],
       [ 0.        ,  0.        ,  0.        ,  1.        ]])]","[array([[ 0.15622038, -0.98771605,  0.00349157, -0.05859532],
       [ 0.98746945,  0.15625939,  0.02207023,  0.03156349],
       [-0.02234471,  0.        ,  0.99975033,  0.08537552],
       [ 0.        ,  0.        ,  0.        ,  1.        ]])]","[array([[-0.07673984, -0.99704947,  0.00183266, -0.0481321 ],
       [ 0.99676527, -0.07676172, -0.02380417,  0.09533539],
       [ 0.02387462, -0.        ,  0.99971496,  0.08350079],
       [ 0.        ,  0.        ,  0.        ,  1.        ]])]","[array([[-0.07673984, -0.99704947,  0.00183266, -0.0481321 ],
       [ 0.99676527, -0.07676172, -0.02380417,  0.09533539],
       [ 0.02387462, -0.        ,  0.99971496,  0.08350079],
       [ 0.        ,  0.        ,  0.        ,  1.        ]])]"
17,"[array([[-0.78952135, -0.61284824, -0.03275779, -0.11322387],
       [ 0.61232142, -0.79020063,  0.02540564,  0.02120147],
       [-0.04145503,  0.        ,  0.99914037,  0.08495859],
       [ 0.        ,  0.        ,  0.        ,  1.        ]])]","[array([[-0.27041609, -0.96271442, -0.0074883 , -0.16631898],
       [ 0.96234551, -0.27051975,  0.02664907,  0.06874007],
       [-0.02768117,  0.        ,  0.9996168 ,  0.08325326],
       [ 0.        ,  0.        ,  0.        ,  1.        ]])]","[array([[-0.27041609, -0.96271442, -0.0074883 , -0.16631898],
       [ 0.96234551, -0.27051975,  0.02664907,  0.06874007],
       [-0.02768117,  0.        ,  0.9996168 ,  0.08325326],
       [ 0.        ,  0.        ,  0.        ,  1.        ]])]","[array([[ 0.15738975, -0.98753065,  0.00341687, -0.05856987],
       [ 0.98729802,  0.15742684,  0.02143386,  0.03156369],
       [-0.0217045 ,  0.        ,  0.99976443,  0.08536018],
       [ 0.        ,  0.        ,  0.        ,  1.        ]])]","[array([[-0.07432122, -0.99723288,  0.00171495, -0.04806654],
       [ 0.9969675 , -0.074341  , -0.02300483,  0.09535424],
       [ 0.02306866, -0.        ,  0.99973388,  0.08346342],
       [ 0.        ,  0.        ,  0.        ,  1.        ]])]","[array([[-0.07432122, -0.99723288,  0.00171495, -0.04806654],
       [ 0.9969675 , -0.074341  , -0.02300483,  0.09535424],
       [ 0.02306866, -0.        ,  0.99973388,  0.08346342],
       [ 0.        ,  0.        ,  0.        ,  1.        ]])]"
18,"[array([[-0.76464225, -0.64361327, -0.03292698, -0.11345011],
       [ 0.64301736, -0.76535087,  0.02768957,  0.02155154],
       [-0.04302207,  0.        ,  0.99907412,  0.08494669],
       [ 0.        ,  0.        ,  0.        ,  1.        ]])]","[array([[-0.22174019, -0.97508816, -0.00586285, -0.16452156],
       [ 0.9747475 , -0.22181769,  0.02577251,  0.07131485],
       [-0.02643095,  0.        ,  0.99965064,  0.0831015 ],
       [ 0.        ,  0.        ,  0.        ,  1.        ]])]","[array([[-0.22174019, -0.97508816, -0.00586285, -0.16452156],
       [ 0.9747475 , -0.22181769,  0.02577251,  0.07131485],
       [-0.02643095,  0.        ,  0.99965064,  0.0831015 ],
       [ 0.        ,  0.        ,  0.        ,  1.        ]])]","[array([[ 0.20134621, -0.97950888,  0.00469542, -0.0582563 ],
       [ 0.97924265,  0.20140095,  0.02283605,  0.0319624 ],
       [-0.02331377,  0.        ,  0.9997282 ,  0.08540423],
       [ 0.        ,  0.        ,  0.        ,  1.        ]])]","[array([[-3.12055217e-02, -9.99512761e-01,  6.74918500e-04,
        -4.49049649e-02],
       [ 9.99279068e-01, -3.12128194e-02, -2.16125831e-02,
         9.52077494e-02],
       [ 2.16231187e-02, -0.00000000e+00,  9.99766193e-01,
         8.34553848e-02],
       [ 0.00000000e+00,  0.00000000e+00,  0.00000000e+00,
         1.00000000e+00]])]","[array([[-3.12055217e-02, -9.99512761e-01,  6.74918500e-04,
        -4.49049649e-02],
       [ 9.99279068e-01, -3.12128194e-02, -2.16125831e-02,
         9.52077494e-02],
       [ 2.16231187e-02, -0.00000000e+00,  9.99766193e-01,
         8.34553848e-02],
       [ 0.00000000e+00,  0.00000000e+00,  0.00000000e+00,
         1.00000000e+00]])]"
19,"[array([[-0.74164663, -0.67001499, -0.0322521 , -0.11362454],
       [ 0.66938234, -0.74234757,  0.02910953,  0.02185663],
       [-0.04344609,  0.        ,  0.99905577,  0.08494719],
       [ 0.        ,  0.        ,  0.        ,  1.        ]])]","[array([[-0.18872301, -0.98201857, -0.00481204, -0.16289069],
       [ 0.9816995 , -0.18878435,  0.02503126,  0.07338743],
       [-0.0254896 ,  0.        ,  0.99967509,  0.08306157],
       [ 0.        ,  0.        ,  0.        ,  1.        ]])]","[array([[-0.18872301, -0.98201857, -0.00481204, -0.16289069],
       [ 0.9816995 , -0.18878435,  0.02503126,  0.07338743],
       [-0.0254896 ,  0.        ,  0.99967509,  0.08306157],
       [ 0.        ,  0.        ,  0.        ,  1.        ]])]","[array([[ 0.23921475, -0.97095537,  0.00468686, -0.05804764],
       [ 0.97076906,  0.23926066,  0.01901998,  0.03230321],
       [-0.01958894,  0.        ,  0.99980812,  0.08530179],
       [ 0.        ,  0.        ,  0.        ,  1.        ]])]","[array([[-3.00888024e-04, -9.99999955e-01,  6.00659217e-06,
        -4.24264311e-02],
       [ 9.99800756e-01, -3.00947973e-04, -1.99589047e-02,
         9.48901979e-02],
       [ 1.99589056e-02, -0.00000000e+00,  9.99800801e-01,
         8.34633068e-02],
       [ 0.00000000e+00,  0.00000000e+00,  0.00000000e+00,
         1.00000000e+00]])]","[array([[-3.00888024e-04, -9.99999955e-01,  6.00659217e-06,
        -4.24264311e-02],
       [ 9.99800756e-01, -3.00947973e-04, -1.99589047e-02,
         9.48901979e-02],
       [ 1.99589056e-02, -0.00000000e+00,  9.99800801e-01,
         8.34633068e-02],
       [ 0.00000000e+00,  0.00000000e+00,  0.00000000e+00,
         1.00000000e+00]])]"
20,"[array([[-0.70907863, -0.70444386, -0.03108609, -0.11387169],
       [ 0.70376788, -0.70975971,  0.03085327,  0.02223908],
       [-0.04379805,  0.        ,  0.9990404 ,  0.08496108],
       [ 0.        ,  0.        ,  0.        ,  1.        ]])]","[array([[-0.15806075, -0.98742097, -0.00407702, -0.16065806],
       [ 0.98709265, -0.15811333,  0.02546108,  0.07595694],
       [-0.02578544,  0.        ,  0.9996675 ,  0.08313398],
       [ 0.        ,  0.        ,  0.        ,  1.        ]])]","[array([[-0.15806075, -0.98742097, -0.00407702, -0.16065806],
       [ 0.98709265, -0.15811333,  0.02546108,  0.07595694],
       [-0.02578544,  0.        ,  0.9996675 ,  0.08313398],
       [ 0.        ,  0.        ,  0.        ,  1.        ]])]","[array([[ 0.2760273 , -0.96112358,  0.00709936, -0.05776398],
       [ 0.96080584,  0.27611858,  0.02471169,  0.0325755 ],
       [-0.02571125,  0.        ,  0.99966941,  0.08549493],
       [ 0.        ,  0.        ,  0.        ,  1.        ]])]","[array([[ 2.99931215e-02, -9.99549928e-01, -5.95830891e-04,
        -3.97875928e-02],
       [ 9.99352754e-01,  2.99990392e-02, -1.98527266e-02,
         9.44190692e-02],
       [ 1.98616658e-02,  0.00000000e+00,  9.99802738e-01,
         8.35213990e-02],
       [ 0.00000000e+00,  0.00000000e+00,  0.00000000e+00,
         1.00000000e+00]])]","[array([[ 2.99931215e-02, -9.99549928e-01, -5.95830891e-04,
        -3.97875928e-02],
       [ 9.99352754e-01,  2.99990392e-02, -1.98527266e-02,
         9.44190692e-02],
       [ 1.98616658e-02,  0.00000000e+00,  9.99802738e-01,
         8.35213990e-02],
       [ 0.00000000e+00,  0.00000000e+00,  0.00000000e+00,
         1.00000000e+00]])]"
21,"[array([[-0.6487735 , -0.76040328, -0.02966145, -0.11436006],
       [ 0.7596098 , -0.6494512 ,  0.0347288 ,  0.02283423],
       [-0.04567156,  0.        ,  0.99895651,  0.08499904],
       [ 0.        ,  0.        ,  0.        ,  1.        ]])]","[array([[-0.14245297, -0.98979496, -0.00361701, -0.15690007],
       [ 0.98947606, -0.14249889,  0.02512368,  0.07967242],
       [-0.02538271,  0.        ,  0.99967781,  0.08310317],
       [ 0.        ,  0.        ,  0.        ,  1.        ]])]","[array([[-0.14245297, -0.98979496, -0.00361701, -0.15690007],
       [ 0.98947606, -0.14249889,  0.02512368,  0.07967242],
       [-0.02538271,  0.        ,  0.99967781,  0.08310317],
       [ 0.        ,  0.        ,  0.        ,  1.        ]])]","[array([[ 0.33716179, -0.94141543,  0.0076751 , -0.05750649],
       [ 0.94117161,  0.33724914,  0.02142468,  0.03323884],
       [-0.02275794,  0.        ,  0.999741  ,  0.08542778],
       [ 0.        ,  0.        ,  0.        ,  1.        ]])]","[array([[ 0.0548464 , -0.99849429, -0.00101022, -0.03583941],
       [ 0.99832496,  0.05485571, -0.01838822,  0.09341853],
       [ 0.01841595,  0.        ,  0.99983041,  0.08360237],
       [ 0.        ,  0.        ,  0.        ,  1.        ]])]","[array([[ 0.0548464 , -0.99849429, -0.00101022, -0.03583941],
       [ 0.99832496,  0.05485571, -0.01838822,  0.09341853],
       [ 0.01841595,  0.        ,  0.99983041,  0.08360237],
       [ 0.        ,  0.        ,  0.        ,  1.        ]])]"
22,"[array([[-0.59969411, -0.79975199, -0.02763567, -0.11472603],
       [ 0.79890414, -0.60033054,  0.03681586,  0.02328079],
       [-0.04603409,  0.        ,  0.99893987,  0.08501716],
       [ 0.        ,  0.        ,  0.        ,  1.        ]])]","[array([[-0.13883004, -0.9903104 , -0.00339614, -0.1538696 ],
       [ 0.99001422, -0.13887157,  0.02421833,  0.08219563],
       [-0.02445529,  0.        ,  0.99970092,  0.08308368],
       [ 0.        ,  0.        ,  0.        ,  1.        ]])]","[array([[-0.13883004, -0.9903104 , -0.00339614, -0.1538696 ],
       [ 0.99001422, -0.13887157,  0.02421833,  0.08219563],
       [-0.02445529,  0.        ,  0.99970092,  0.08308368],
       [ 0.        ,  0.        ,  0.        ,  1.        ]])]","[array([[ 0.37851889, -0.92555   ,  0.00897993, -0.05725108],
       [ 0.92528965,  0.3786254 ,  0.02195146,  0.03369381],
       [-0.0237172 ,  0.        ,  0.99971871,  0.08545027],
       [ 0.        ,  0.        ,  0.        ,  1.        ]])]","[array([[ 0.07297354, -0.99733319, -0.00117132, -0.03308189],
       [ 0.99720474,  0.07298294, -0.01600636,  0.0925714 ],
       [ 0.01604916,  0.        ,  0.9998712 ,  0.08369664],
       [ 0.        ,  0.        ,  0.        ,  1.        ]])]","[array([[ 0.07297354, -0.99733319, -0.00117132, -0.03308189],
       [ 0.99720474,  0.07298294, -0.01600636,  0.0925714 ],
       [ 0.01604916,  0.        ,  0.9998712 ,  0.08369664],
       [ 0.        ,  0.        ,  0.        ,  1.        ]])]"
23,"[array([[-0.51490253, -0.85690102, -0.02441371, -0.11524243],
       [ 0.85593943, -0.51548099,  0.04058371,  0.02410036],
       [-0.04736102,  0.        ,  0.99887784,  0.08503789],
       [ 0.        ,  0.        ,  0.        ,  1.        ]])]","[array([[-0.13396095, -0.99098131, -0.00324065, -0.14859746],
       [ 0.99069148, -0.13400015,  0.02396582,  0.08591901],
       [-0.02418392,  0.        ,  0.99970753,  0.08301705],
       [ 0.        ,  0.        ,  0.        ,  1.        ]])]","[array([[-0.13396095, -0.99098131, -0.00324065, -0.14859746],
       [ 0.99069148, -0.13400015,  0.02396582,  0.08591901],
       [-0.02418392,  0.        ,  0.99970753,  0.08301705],
       [ 0.        ,  0.        ,  0.        ,  1.        ]])]","[array([[ 0.44712063, -0.89441444,  0.01029361, -0.05681243],
       [ 0.8941775 ,  0.4472391 ,  0.02058576,  0.03444367],
       [-0.02301591,  0.        ,  0.9997351 ,  0.08544656],
       [ 0.        ,  0.        ,  0.        ,  1.        ]])]","[array([[ 0.10875532, -0.99406695, -0.00178257, -0.02856884],
       [ 0.99393345,  0.10876993, -0.01629124,  0.0909325 ],
       [ 0.01638848,  0.        ,  0.9998657 ,  0.08378985],
       [ 0.        ,  0.        ,  0.        ,  1.        ]])]","[array([[ 0.10875532, -0.99406695, -0.00178257, -0.02856884],
       [ 0.99393345,  0.10876993, -0.01629124,  0.0909325 ],
       [ 0.01638848,  0.        ,  0.9998657 ,  0.08378985],
       [ 0.        ,  0.        ,  0.        ,  1.        ]])]"
24,"[array([[-0.39883016, -0.91684775, -0.01801966, -0.11574135],
       [ 0.91591338, -0.39923703,  0.04138213,  0.02521022],
       [-0.04513523,  0.        ,  0.99898089,  0.08500503],
       [ 0.        ,  0.        ,  0.        ,  1.        ]])]","[array([[-0.12989062, -0.99152433, -0.00281476, -0.14146534],
       [ 0.99129161, -0.12992112,  0.02148149,  0.08983728],
