,LP,LD1,LD2,RP,RD1,RD2
0,"[array([[-0.91434332, -0.40297335, -0.03985936, -0.11123753],
       [ 0.40259099, -0.91521171,  0.01755032,  0.02006943],
       [-0.04355206,  0.        ,  0.99905116,  0.08510257],
       [ 0.        ,  0.        ,  0.        ,  1.        ]])]","[array([[ 2.85292963e-02, -9.99592779e-01,  5.95959887e-04,
        -1.71925399e-01],
       [ 9.99374756e-01,  2.85355203e-02,  2.08763392e-02,
         5.79762926e-02],
       [-2.08848439e-02, -0.00000000e+00,  9.99781888e-01,
         8.29101380e-02],
       [ 0.00000000e+00,  0.00000000e+00,  0.00000000e+00,
         1.00000000e+00]])]","[array([[ 2.85292963e-02, -9.99592779e-01,  5.95959887e-04,
        -1.71925399e-01],
       [ 9.99374756e-01,  2.85355203e-02,  2.08763392e-02,
         5.79762926e-02],
       [-2.08848439e-02, -0.00000000e+00,  9.99781888e-01,
         8.29101380e-02],
       [ 0.00000000e+00,  0.00000000e+00,  0.00000000e+00,
         1.00000000e+00]])]","[array([[ 0.38436814, -0.92313596,  0.00900732, -0.05734868],
       [ 0.92288259,  0.38447367,  0.02162692,  0.03375663],
       [-0.02342766,  0.        ,  0.99972553,  0.08555678],
       [ 0.        ,  0.        ,  0.        ,  1.        ]])]","[array([[-0.3183235 , -0.94792489,  0.01041879, -0.03470128],
       [ 0.94741756, -0.31849396, -0.03100917,  0.08784883],
       [ 0.03271269, -0.        ,  0.9994648 ,  0.08329674],
       [ 0.        ,  0.        ,  0.        ,  1.        ]])]","[array([[-0.3183235 , -0.94792489,  0.01041879, -0.03470128],
       [ 0.94741756, -0.31849396, -0.03100917,  0.08784883],
       [ 0.03271269, -0.        ,  0.9994648 ,  0.08329674],
       [ 0.        ,  0.        ,  0.        ,  1.        ]])]"
1,"[array([[-0.91422858, -0.40321839, -0.04001297, -0.11123889],
       [ 0.40283275, -0.91510378,  0.01763075,  0.02006424],
       [-0.04372506,  0.        ,  0.9990436 ,  0.08510644],
       [ 0.        ,  0.        ,  0.        ,  1.        ]])]","[array([[ 2.86747093e-02, -9.99588615e-01,  6.01770729e-04,
        -1.71932005e-01],
       [ 9.99368570e-01,  2.86810230e-02,  2.09728631e-02,
         5.79801441e-02],
       [-2.09814946e-02, -0.00000000e+00,  9.99779864e-01,
         8.29162115e-02],
       [ 0.00000000e+00,  0.00000000e+00,  0.00000000e+00,
         1.00000000e+00]])]","[array([[ 2.86747093e-02, -9.99588615e-01,  6.01770729e-04,
        -1.71932005e-01],
       [ 9.99368570e-01,  2.86810230e-02,  2.09728631e-02,
         5.79801441e-02],
       [-2.09814946e-02, -0.00000000e+00,  9.99779864e-01,
         8.29162115e-02],
       [ 0.00000000e+00,  0.00000000e+00,  0.00000000e+00,
         1.00000000e+00]])]","[array([[ 0.38577495, -0.92255838,  0.00798225, -0.05737606],
       [ 0.92236096,  0.38585752,  0.019085  ,  0.0337826 ],
       [-0.02068704,  0.        ,  0.999786  ,  0.08549439],
       [ 0.        ,  0.        ,  0.        ,  1.        ]])]","[array([[-0.31846976, -0.94787448,  0.01053515, -0.03469094],
       [ 0.94735626, -0.31864397, -0.03133904,  0.08785072],
       [ 0.03306243, -0.        ,  0.99945329,  0.08327961],
       [ 0.        ,  0.        ,  0.        ,  1.        ]])]","[array([[-0.31846976, -0.94787448,  0.01053515, -0.03469094],
       [ 0.94735626, -0.31864397, -0.03133904,  0.08785072],
       [ 0.03306243, -0.        ,  0.99945329,  0.08327961],
       [ 0.        ,  0.        ,  0.        ,  1.        ]])]"
2,"[array([[-0.91421858, -0.4032246 , -0.0401784 , -0.11123318],
       [ 0.40283576, -0.91510104,  0.01770397,  0.0200622 ],
       [-0.04390598,  0.        ,  0.99903567,  0.08511149],
       [ 0.        ,  0.        ,  0.        ,  1.        ]])]","[array([[ 2.85764547e-02, -9.99591434e-01,  5.92600650e-04,
        -1.71923893e-01],
       [ 9.99376572e-01,  2.85825985e-02,  2.07244465e-02,
         5.79764467e-02],
       [-2.07329173e-02, -0.00000000e+00,  9.99785050e-01,
         8.29043068e-02],
       [ 0.00000000e+00,  0.00000000e+00,  0.00000000e+00,
         1.00000000e+00]])]","[array([[ 2.85764547e-02, -9.99591434e-01,  5.92600650e-04,
        -1.71923893e-01],
       [ 9.99376572e-01,  2.85825985e-02,  2.07244465e-02,
         5.79764467e-02],
       [-2.07329173e-02, -0.00000000e+00,  9.99785050e-01,
         8.29043068e-02],
       [ 0.00000000e+00,  0.00000000e+00,  0.00000000e+00,
         1.00000000e+00]])]","[array([[ 0.38577393, -0.92255838,  0.0080315 , -0.05737504],
       [ 0.92235851,  0.38585752,  0.01920276,  0.03377965],
       [-0.02081468,  0.        ,  0.99978335,  0.08549625],
       [ 0.        ,  0.        ,  0.        ,  1.        ]])]","[array([[-0.31836793, -0.94790978,  0.01043602, -0.03469666],
       [ 0.94740092, -0.31853892, -0.03105555,  0.08784674],
       [ 0.03276214, -0.        ,  0.99946318,  0.08329516],
       [ 0.        ,  0.        ,  0.        ,  1.        ]])]","[array([[-0.31836793, -0.94790978,  0.01043602, -0.03469666],
       [ 0.94740092, -0.31853892, -0.03105555,  0.08784674],
       [ 0.03276214, -0.        ,  0.99946318,  0.08329516],
       [ 0.        ,  0.        ,  0.        ,  1.        ]])]"
3,"[array([[-0.91438476, -0.40284127, -0.04024205, -0.1112261 ],
       [ 0.4024517 , -0.91526986,  0.01771189,  0.02007189],
       [-0.04396741,  0.        ,  0.99903297,  0.08511287],
       [ 0.        ,  0.        ,  0.        ,  1.        ]])]","[array([[ 2.84807953e-02, -9.99594163e-01,  5.94977299e-04,
        -1.71918863e-01],
       [ 9.99376117e-01,  2.84870093e-02,  2.08774403e-02,
         5.79790310e-02],
       [-2.08859165e-02, -0.00000000e+00,  9.99781865e-01,
         8.29101721e-02],
       [ 0.00000000e+00,  0.00000000e+00,  0.00000000e+00,
         1.00000000e+00]])]","[array([[ 2.84807953e-02, -9.99594163e-01,  5.94977299e-04,
        -1.71918863e-01],
       [ 9.99376117e-01,  2.84870093e-02,  2.08774403e-02,
         5.79790310e-02],
       [-2.08859165e-02, -0.00000000e+00,  9.99781865e-01,
         8.29101721e-02],
       [ 0.00000000e+00,  0.00000000e+00,  0.00000000e+00,
         1.00000000e+00]])]","[array([[ 0.38590585, -0.9225034 ,  0.00800968, -0.05737751],
       [ 0.92230476,  0.38598896,  0.01914292,  0.03378503],
       [-0.02075106,  0.        ,  0.99978467,  0.08549582],
       [ 0.        ,  0.        ,  0.        ,  1.        ]])]","[array([[-0.31821799, -0.94796018,  0.0104311 , -0.03469812],
       [ 0.94745129, -0.31838891, -0.03105721,  0.0878462 ],
       [ 0.03276215, -0.        ,  0.99946318,  0.08329716],
       [ 0.        ,  0.        ,  0.        ,  1.        ]])]","[array([[-0.31821799, -0.94796018,  0.0104311 , -0.03469812],
       [ 0.94745129, -0.31838891, -0.03105721,  0.0878462 ],
       [ 0.03276215, -0.        ,  0.99946318,  0.08329716],
       [ 0.        ,  0.        ,  0.        ,  1.        ]])]"
4,"[array([[-0.91436156, -0.40291042, -0.04007642, -0.11123441],
       [ 0.40252397, -0.91523942,  0.01764261,  0.02006961],
       [-0.04378791,  0.        ,  0.99904085,  0.08510985],
       [ 0.        ,  0.        ,  0.        ,  1.        ]])]","[array([[ 2.89256946e-02, -9.99581379e-01,  6.08509278e-04,
        -1.71938953e-01],
       [ 9.99360268e-01,  2.89320945e-02,  2.10235226e-02,
         5.79785379e-02],
       [-2.10323272e-02, -0.00000000e+00,  9.99778796e-01,
         8.29148280e-02],
       [ 0.00000000e+00,  0.00000000e+00,  0.00000000e+00,
         1.00000000e+00]])]","[array([[ 2.89256946e-02, -9.99581379e-01,  6.08509278e-04,
        -1.71938953e-01],
       [ 9.99360268e-01,  2.89320945e-02,  2.10235226e-02,
         5.79785379e-02],
       [-2.10323272e-02, -0.00000000e+00,  9.99778796e-01,
         8.29148280e-02],
       [ 0.00000000e+00,  0.00000000e+00,  0.00000000e+00,
         1.00000000e+00]])]","[array([[ 0.38571803, -0.92258112,  0.00810444, -0.05737299],
       [ 0.92237754,  0.38580317,  0.01938035,  0.03377975],
       [-0.02100666,  0.        ,  0.99977934,  0.08550355],
       [ 0.        ,  0.        ,  0.        ,  1.        ]])]","[array([[-0.31853033, -0.94785428,  0.01052154, -0.03468573],
       [ 0.94733761, -0.31870405, -0.03129199,  0.08785048],
       [ 0.03301351, -0.        ,  0.99945491,  0.08328217],
       [ 0.        ,  0.        ,  0.        ,  1.        ]])]","[array([[-0.31853033, -0.94785428,  0.01052154, -0.03468573],
       [ 0.94733761, -0.31870405, -0.03129199,  0.08785048],
       [ 0.03301351, -0.        ,  0.99945491,  0.08328217],
       [ 0.        ,  0.        ,  0.        ,  1.        ]])]"
5,"[array([[-0.91421334, -0.40326009, -0.0399407 , -0.1112357 ],
       [ 0.40287579, -0.9150854 ,  0.01760108,  0.02005549],
       [-0.04364696,  0.        ,  0.99904702,  0.08510569],
       [ 0.        ,  0.        ,  0.        ,  1.        ]])]","[array([[ 2.85348156e-02, -9.99592616e-01,  6.04752125e-04,
        -1.71923574e-01],
       [ 9.99368202e-01,  2.85412233e-02,  2.11800928e-02,
         5.79765267e-02],
       [-2.11887247e-02, -0.00000000e+00,  9.99775494e-01,
         8.29248014e-02],
       [ 0.00000000e+00,  0.00000000e+00,  0.00000000e+00,
         1.00000000e+00]])]","[array([[ 2.85348156e-02, -9.99592616e-01,  6.04752125e-04,
        -1.71923574e-01],
       [ 9.99368202e-01,  2.85412233e-02,  2.11800928e-02,
         5.79765267e-02],
       [-2.11887247e-02, -0.00000000e+00,  9.99775494e-01,
         8.29248014e-02],
       [ 0.00000000e+00,  0.00000000e+00,  0.00000000e+00,
         1.00000000e+00]])]","[array([[ 0.38597404, -0.92247485,  0.00801251, -0.05737478],
       [ 0.92227614,  0.38605719,  0.01914571,  0.03378427],
       [-0.02075473,  0.        ,  0.9997846 ,  0.08549691],
       [ 0.        ,  0.        ,  0.        ,  1.        ]])]","[array([[-0.31848518, -0.94786926,  0.01053782, -0.03468637],
       [ 0.94735084, -0.31865947, -0.0313453 ,  0.08784768],
       [ 0.03306923, -0.        ,  0.99945306,  0.0832804 ],
       [ 0.        ,  0.        ,  0.        ,  1.        ]])]","[array([[-0.31848518, -0.94786926,  0.01053782, -0.03468637],
       [ 0.94735084, -0.31865947, -0.0313453 ,  0.08784768],
       [ 0.03306923, -0.        ,  0.99945306,  0.0832804 ],
       [ 0.        ,  0.        ,  0.        ,  1.        ]])]"
6,"[array([[-0.91426183, -0.4031305 , -0.04013868, -0.11123614],
       [ 0.40274255, -0.9151425 ,  0.01768154,  0.02006182],
       [-0.04386058,  0.        ,  0.99903766,  0.08511148],
       [ 0.        ,  0.        ,  0.        ,  1.        ]])]","[array([[ 2.88288610e-02, -9.99584181e-01,  6.00771733e-04,
        -1.71929887e-01],
       [ 9.99367205e-01,  2.88351201e-02,  2.08260593e-02,
         5.79778809e-02],
       [-2.08347228e-02, -0.00000000e+00,  9.99782934e-01,
         8.29065442e-02],
       [ 0.00000000e+00,  0.00000000e+00,  0.00000000e+00,
         1.00000000e+00]])]","[array([[ 2.88288610e-02, -9.99584181e-01,  6.00771733e-04,
        -1.71929887e-01],
       [ 9.99367205e-01,  2.88351201e-02,  2.08260593e-02,
         5.79778809e-02],
       [-2.08347228e-02, -0.00000000e+00,  9.99782934e-01,
         8.29065442e-02],
       [ 0.00000000e+00,  0.00000000e+00,  0.00000000e+00,
         1.00000000e+00]])]","[array([[ 0.38581497, -0.92254145,  0.00800591, -0.05737481],
       [ 0.92234289,  0.38589802,  0.0191392 ,  0.03377436],
       [-0.02074617,  0.        ,  0.99978478,  0.08549471],
       [ 0.        ,  0.        ,  0.        ,  1.        ]])]","[array([[-0.31823307, -0.94795511,  0.01043209, -0.03469857],
       [ 0.94744617, -0.31840401, -0.03105852,  0.08784616],
       [ 0.0327637 , -0.        ,  0.99946313,  0.08329311],
       [ 0.        ,  0.        ,  0.        ,  1.        ]])]","[array([[-0.31823307, -0.94795511,  0.01043209, -0.03469857],
       [ 0.94744617, -0.31840401, -0.03105852,  0.08784616],
       [ 0.0327637 , -0.        ,  0.99946313,  0.08329311],
       [ 0.        ,  0.        ,  0.        ,  1.        ]])]"
7,"[array([[-0.91425158, -0.40316603, -0.04001499, -0.11123678],
       [ 0.40278042, -0.91512685,  0.0176289 ,  0.02006315],
       [-0.04372616,  0.        ,  0.99904355,  0.08510547],
       [ 0.        ,  0.        ,  0.        ,  1.        ]])]","[array([[ 2.88274216e-02, -9.99584223e-01,  6.00711730e-04,
        -1.71930841e-01],
       [ 9.99367269e-01,  2.88336798e-02,  2.08250203e-02,
         5.79788724e-02],
       [-2.08336825e-02, -0.00000000e+00,  9.99782955e-01,
         8.29055111e-02],
       [ 0.00000000e+00,  0.00000000e+00,  0.00000000e+00,
         1.00000000e+00]])]","[array([[ 2.88274216e-02, -9.99584223e-01,  6.00711730e-04,
        -1.71930841e-01],
       [ 9.99367269e-01,  2.88336798e-02,  2.08250203e-02,
         5.79788724e-02],
       [-2.08336825e-02, -0.00000000e+00,  9.99782955e-01,
         8.29055111e-02],
       [ 0.00000000e+00,  0.00000000e+00,  0.00000000e+00,
         1.00000000e+00]])]","[array([[ 0.38604663, -0.92244469,  0.00798689, -0.05738014],
       [ 0.92224734,  0.38612924,  0.0190803 ,  0.03378356],
       [-0.02068449,  0.        ,  0.99978605,  0.08549333],
       [ 0.        ,  0.        ,  0.        ,  1.        ]])]","[array([[-0.31839548, -0.94789962,  0.01051759, -0.03469064],
       [ 0.94738288, -0.31856915, -0.03129499,  0.0878479 ],
       [ 0.03301509, -0.        ,  0.99945485,  0.08327712],
       [ 0.        ,  0.        ,  0.        ,  1.        ]])]","[array([[-0.31839548, -0.94789962,  0.01051759, -0.03469064],
       [ 0.94738288, -0.31856915, -0.03129499,  0.0878479 ],
       [ 0.03301509, -0.        ,  0.99945485,  0.08327712],
       [ 0.        ,  0.        ,  0.        ,  1.        ]])]"
8,"[array([[-0.91422356, -0.40321217, -0.04018985, -0.11123893],
       [ 0.40282312, -0.91510652,  0.01770836,  0.02006143],
       [-0.04391822,  0.        ,  0.99903513,  0.08511177],
       [ 0.        ,  0.        ,  0.        ,  1.        ]])]","[array([[ 2.87760354e-02, -9.99585703e-01,  6.01049763e-04,
        -1.71931214e-01],
       [ 9.99367728e-01,  2.87823118e-02,  2.08739574e-02,
         5.79796266e-02],
       [-2.08826090e-02, -0.00000000e+00,  9.99781935e-01,
         8.29080670e-02],
       [ 0.00000000e+00,  0.00000000e+00,  0.00000000e+00,
         1.00000000e+00]])]","[array([[ 2.87760354e-02, -9.99585703e-01,  6.01049763e-04,
        -1.71931214e-01],
       [ 9.99367728e-01,  2.87823118e-02,  2.08739574e-02,
         5.79796266e-02],
       [-2.08826090e-02, -0.00000000e+00,  9.99781935e-01,
         8.29080670e-02],
       [ 0.00000000e+00,  0.00000000e+00,  0.00000000e+00,
         1.00000000e+00]])]","[array([[ 0.3855116 , -0.9226683 ,  0.00800127, -0.05737314],
       [ 0.92246963,  0.38559463,  0.01914579,  0.03377783],
       [-0.02075046,  0.        ,  0.99978469,  0.08549581],
       [ 0.        ,  0.        ,  0.        ,  1.        ]])]","[array([[-0.31867903, -0.94780368,  0.01057597, -0.03470531],
       [ 0.94728217, -0.31885447, -0.03143735,  0.08785418],
       [ 0.03316863, -0.        ,  0.99944977,  0.08327424],
       [ 0.        ,  0.        ,  0.        ,  1.        ]])]","[array([[-0.31867903, -0.94780368,  0.01057597, -0.03470531],
       [ 0.94728217, -0.31885447, -0.03143735,  0.08785418],
       [ 0.03316863, -0.        ,  0.99944977,  0.08327424],
       [ 0.        ,  0.        ,  0.        ,  1.        ]])]"
9,"[array([[-0.91437681, -0.4028811 , -0.04002322, -0.11122973],
       [ 0.40249572, -0.91525232,  0.01761765,  0.0200681 ],
       [-0.04372916,  0.        ,  0.99904342,  0.08510453],
       [ 0.        ,  0.        ,  0.        ,  1.        ]])]","[array([[ 2.85918576e-02, -9.99590985e-01,  6.07541104e-04,
        -1.71925381e-01],
       [ 9.99365399e-01,  2.85983116e-02,  2.12352610e-02,
         5.79758727e-02],
       [-2.12439501e-02, -0.00000000e+00,  9.99774322e-01,
         8.29215576e-02],
       [ 0.00000000e+00,  0.00000000e+00,  0.00000000e+00,
         1.00000000e+00]])]","[array([[ 2.85918576e-02, -9.99590985e-01,  6.07541104e-04,
        -1.71925381e-01],
       [ 9.99365399e-01,  2.85983116e-02,  2.12352610e-02,
         5.79758727e-02],
       [-2.12439501e-02, -0.00000000e+00,  9.99774322e-01,
         8.29215576e-02],
       [ 0.00000000e+00,  0.00000000e+00,  0.00000000e+00,
         1.00000000e+00]])]","[array([[ 0.38550418, -0.92267203,  0.00792838, -0.05737001],
       [ 0.92247696,  0.3855857 ,  0.01897191,  0.03377359],
       [-0.02056193,  0.        ,  0.99978858,  0.08549159],
       [ 0.        ,  0.        ,  0.        ,  1.        ]])]","[array([[-0.31836897, -0.94790978,  0.01040418, -0.03470563],
       [ 0.94740402, -0.31853892, -0.03096082,  0.08784764],
       [ 0.03266221, -0.        ,  0.99946645,  0.08329734],
       [ 0.        ,  0.        ,  0.        ,  1.        ]])]","[array([[-0.31836897, -0.94790978,  0.01040418, -0.03470563],
       [ 0.94740402, -0.31853892, -0.03096082,  0.08784764],
       [ 0.03266221, -0.        ,  0.99946645,  0.08329734],
       [ 0.        ,  0.        ,  0.        ,  1.        ]])]"
10,"[array([[-0.91425682, -0.40313673, -0.04019002, -0.11123433],
       [ 0.40274778, -0.91513976,  0.01770448,  0.02006173],
       [-0.04391681,  0.        ,  0.99903519,  0.08511574],
       [ 0.        ,  0.        ,  0.        ,  1.        ]])]","[array([[ 2.87245030e-02, -9.99587181e-01,  6.08555935e-04,
        -1.71928582e-01],
       [ 9.99362927e-01,  2.87309487e-02,  2.11724548e-02,
         5.79775482e-02],
       [-2.11811988e-02, -0.00000000e+00,  9.99775653e-01,
         8.29245621e-02],
       [ 0.00000000e+00,  0.00000000e+00,  0.00000000e+00,
         1.00000000e+00]])]","[array([[ 2.87245030e-02, -9.99587181e-01,  6.08555935e-04,
        -1.71928582e-01],
       [ 9.99362927e-01,  2.87309487e-02,  2.11724548e-02,
         5.79775482e-02],
       [-2.11811988e-02, -0.00000000e+00,  9.99775653e-01,
         8.29245621e-02],
       [ 0.00000000e+00,  0.00000000e+00,  0.00000000e+00,
         1.00000000e+00]])]","[array([[ 0.38554325, -0.92265507,  0.00800125, -0.05737073],
       [ 0.92245644,  0.38562627,  0.01914392,  0.03377641],
       [-0.02074873,  0.        ,  0.99978472,  0.08549177],
       [ 0.        ,  0.        ,  0.        ,  1.        ]])]","[array([[-0.31874119, -0.94778347,  0.01051454, -0.03469705],
       [ 0.9472682 , -0.31891457, -0.03124821,  0.0878558 ],
       [ 0.03296978, -0.        ,  0.99945635,  0.08327956],
       [ 0.        ,  0.        ,  0.        ,  1.        ]])]","[array([[-0.31874119, -0.94778347,  0.01051454, -0.03469705],
       [ 0.9472682 , -0.31891457, -0.03124821,  0.0878558 ],
       [ 0.03296978, -0.        ,  0.99945635,  0.08327956],
       [ 0.        ,  0.        ,  0.        ,  1.        ]])]"
11,"[array([[-0.91422607, -0.40321217, -0.04013279, -0.11123987],
       [ 0.40282422, -0.91510652,  0.01768322,  0.0200604 ],
       [-0.04385586,  0.        ,  0.99903787,  0.08510837],
       [ 0.        ,  0.        ,  0.        ,  1.        ]])]","[array([[ 2.88274216e-02, -9.99584223e-01,  6.00711730e-04,
        -1.71923841e-01],
       [ 9.99367269e-01,  2.88336798e-02,  2.08250203e-02,
         5.79828724e-02],
       [-2.08336825e-02, -0.00000000e+00,  9.99782955e-01,
         8.29085111e-02],
       [ 0.00000000e+00,  0.00000000e+00,  0.00000000e+00,
         1.00000000e+00]])]","[array([[ 2.88274216e-02, -9.99584223e-01,  6.00711730e-04,
        -1.71923841e-01],
       [ 9.99367269e-01,  2.88336798e-02,  2.08250203e-02,
         5.79828724e-02],
       [-2.08336825e-02, -0.00000000e+00,  9.99782955e-01,
         8.29085111e-02],
       [ 0.00000000e+00,  0.00000000e+00,  0.00000000e+00,
         1.00000000e+00]])]","[array([[ 0.38571503, -0.92258277,  0.00805903, -0.05737294],
       [ 0.92238146,  0.38579921,  0.01927199,  0.03377962],
       [-0.02088917,  0.        ,  0.9997818 ,  0.08549592],
       [ 0.        ,  0.        ,  0.        ,  1.        ]])]","[array([[-0.31815796, -0.94798036,  0.01042881, -0.03471131],
       [ 0.94747149, -0.31832883, -0.03105689,  0.08784739],
       [ 0.03276112, -0.        ,  0.99946321,  0.0832882 ],
       [ 0.        ,  0.        ,  0.        ,  1.        ]])]","[array([[-0.31815796, -0.94798036,  0.01042881, -0.03471131],
       [ 0.94747149, -0.31832883, -0.03105689,  0.08784739],
       [ 0.03276112, -0.        ,  0.99946321,  0.0832882 ],
       [ 0.        ,  0.        ,  0.        ,  1.        ]])]"
12,"[array([[-0.91419302, -0.40326453, -0.04035899, -0.11124421],
       [ 0.40287213, -0.91508345,  0.01778564,  0.02005759],
       [-0.04410416,  0.        ,  0.99902694,  0.08511793],
       [ 0.        ,  0.        ,  0.        ,  1.        ]])]","[array([[ 2.89243715e-02, -9.99581421e-01,  6.02670045e-04,
        -1.71935911e-01],
       [ 9.99364512e-01,  2.89306495e-02,  2.08228225e-02,
         5.79763964e-02],
       [-2.08315422e-02, -0.00000000e+00,  9.99783000e-01,
         8.29064430e-02],
       [ 0.00000000e+00,  0.00000000e+00,  0.00000000e+00,
         1.00000000e+00]])]","[array([[ 2.89243715e-02, -9.99581421e-01,  6.02670045e-04,
        -1.71935911e-01],
       [ 9.99364512e-01,  2.89306495e-02,  2.08228225e-02,
         5.79763964e-02],
       [-2.08315422e-02, -0.00000000e+00,  9.99783000e-01,
         8.29064430e-02],
       [ 0.00000000e+00,  0.00000000e+00,  0.00000000e+00,
         1.00000000e+00]])]","[array([[ 0.38532954, -0.92274393,  0.00804959, -0.05736173],
       [ 0.92254265,  0.3854136 ,  0.01927205,  0.03377159],
       [-0.02088559,  0.        ,  0.99978187,  0.08549984],
       [ 0.        ,  0.        ,  0.        ,  1.        ]])]","[array([[-0.31842933, -0.94788946,  0.01040813, -0.03470343],
       [ 0.94738352, -0.31859938, -0.03096603,  0.08785146],
       [ 0.0326684 , -0.        ,  0.99946625,  0.08329814],
       [ 0.        ,  0.        ,  0.        ,  1.        ]])]","[array([[-0.31842933, -0.94788946,  0.01040813, -0.03470343],
       [ 0.94738352, -0.31859938, -0.03096603,  0.08785146],
       [ 0.0326684 , -0.        ,  0.99946625,  0.08329814],
       [ 0.        ,  0.        ,  0.        ,  1.        ]])]"
13,"[array([[-0.91416732, -0.40335237, -0.04006212, -0.11123879],
       [ 0.40296561, -0.91504473,  0.01765941,  0.02006194],
       [-0.0437816 ,  0.        ,  0.99904113,  0.08510671],
       [ 0.        ,  0.        ,  0.        ,  1.        ]])]","[array([[ 2.89813984e-02, -9.99579765e-01,  6.09802069e-04,
        -1.71920717e-01],
       [ 9.99358566e-01,  2.89878132e-02,  2.10276576e-02,
         5.80008427e-02],
       [-2.10364978e-02, -0.00000000e+00,  9.99778708e-01,
         8.29189606e-02],
       [ 0.00000000e+00,  0.00000000e+00,  0.00000000e+00,
         1.00000000e+00]])]","[array([[ 2.89813984e-02, -9.99579765e-01,  6.09802069e-04,
        -1.71920717e-01],
       [ 9.99358566e-01,  2.89878132e-02,  2.10276576e-02,
         5.80008427e-02],
       [-2.10364978e-02, -0.00000000e+00,  9.99778708e-01,
         8.29189606e-02],
       [ 0.00000000e+00,  0.00000000e+00,  0.00000000e+00,
         1.00000000e+00]])]","[array([[ 0.38534645, -0.92273645,  0.00809687, -0.05738605],
       [ 0.92253282,  0.38543151,  0.01938419,  0.03377897],
       [-0.02100729,  0.        ,  0.99977932,  0.08550356],
       [ 0.        ,  0.        ,  0.        ,  1.        ]])]","[array([[-0.31886091, -0.94774316,  0.01051749, -0.03474469],
       [ 0.94722802, -0.31903432, -0.0312439 ,  0.08785643],
       [ 0.03296664, -0.        ,  0.99945645,  0.08328966],
       [ 0.        ,  0.        ,  0.        ,  1.        ]])]","[array([[-0.31886091, -0.94774316,  0.01051749, -0.03474469],
       [ 0.94722802, -0.31903432, -0.0312439 ,  0.08785643],
       [ 0.03296664, -0.        ,  0.99945645,  0.08328966],
       [ 0.        ,  0.        ,  0.        ,  1.        ]])]"
14,"[array([[-0.91379072, -0.40422345, -0.03987383, -0.11123813],
       [ 0.40383916, -0.91466027,  0.01762178,  0.02006174],
       [-0.04359414,  0.        ,  0.99904932,  0.08510851],
       [ 0.        ,  0.        ,  0.        ,  1.        ]])]","[array([[ 3.06937724e-02, -9.99528638e-01,  6.28203309e-04,
        -1.71923941e-01],
       [ 9.99319357e-01,  3.07002004e-02,  2.04528697e-02,
         5.80577953e-02],
       [-2.04625149e-02, -0.00000000e+00,  9.99790621e-01,
         8.29267080e-02],
       [ 0.00000000e+00,  0.00000000e+00,  0.00000000e+00,
         1.00000000e+00]])]","[array([[ 3.06937724e-02, -9.99528638e-01,  6.28203309e-04,
        -1.71923941e-01],
       [ 9.99319357e-01,  3.07002004e-02,  2.04528697e-02,
         5.80577953e-02],
       [-2.04625149e-02, -0.00000000e+00,  9.99790621e-01,
         8.29267080e-02],
       [ 0.00000000e+00,  0.00000000e+00,  0.00000000e+00,
         1.00000000e+00]])]","[array([[ 0.38539237, -0.92271747,  0.00807417, -0.05737391],
       [ 0.92251503,  0.38547694,  0.01932718,  0.03377777],
       [-0.02094593,  0.        ,  0.99978061,  0.08550419],
       [ 0.        ,  0.        ,  0.        ,  1.        ]])]","[array([[-0.31890148, -0.94772787,  0.010664  , -0.03471519],
       [ 0.94719843, -0.31907973, -0.03167412,  0.08785674],
       [ 0.03342112, -0.        ,  0.99944136,  0.08326721],
       [ 0.        ,  0.        ,  0.        ,  1.        ]])]","[array([[-0.31890148, -0.94772787,  0.010664  , -0.03471519],
       [ 0.94719843, -0.31907973, -0.03167412,  0.08785674],
       [ 0.03342112, -0.        ,  0.99944136,  0.08326721],
       [ 0.        ,  0.        ,  0.        ,  1.        ]])]"
15,"[array([[-0.90342093, -0.42698926, -0.03886888, -0.11143637],
       [ 0.42659461, -0.9042567 ,  0.01835385,  0.02024936],
       [-0.04298434,  0.        ,  0.99907575,  0.08508185],
       [ 0.        ,  0.        ,  0.        ,  1.        ]])]","[array([[ 4.18314898e-02, -9.99124311e-01,  8.58412214e-04,
        -1.71265301e-01],
       [ 9.98914012e-01,  4.18402965e-02,  2.04984330e-02,
         5.96528157e-02],
       [-2.05163989e-02, -0.00000000e+00,  9.99789517e-01,
         8.29814215e-02],
       [ 0.00000000e+00,  0.00000000e+00,  0.00000000e+00,
         1.00000000e+00]])]","[array([[ 4.18314898e-02, -9.99124311e-01,  8.58412214e-04,
        -1.71265301e-01],
       [ 9.98914012e-01,  4.18402965e-02,  2.04984330e-02,
         5.96528157e-02],
       [-2.05163989e-02, -0.00000000e+00,  9.99789517e-01,
         8.29814215e-02],
       [ 0.00000000e+00,  0.00000000e+00,  0.00000000e+00,
         1.00000000e+00]])]","[array([[ 0.39468668, -0.91877788,  0.00834529, -0.05729314],
       [ 0.91857256,  0.39477489,  0.01942238,  0.0338546 ],
       [-0.02113937,  0.        ,  0.99977654,  0.08549952],
       [ 0.        ,  0.        ,  0.        ,  1.        ]])]","[array([[-0.308813  , -0.95106902,  0.01011221, -0.03410195],
       [ 0.95055953, -0.30897852, -0.03112647,  0.08770475],
       [ 0.03272787, -0.        ,  0.9994643 ,  0.08330425],
       [ 0.        ,  0.        ,  0.        ,  1.        ]])]","[array([[-0.308813  , -0.95106902,  0.01011221, -0.03410195],
       [ 0.95055953, -0.30897852, -0.03112647,  0.08770475],
       [ 0.03272787, -0.        ,  0.9994643 ,  0.08330425],
       [ 0.        ,  0.        ,  0.        ,  1.        ]])]"
16,"[array([[-0.86453652, -0.50094012, -0.04044252, -0.11215658],
       [ 0.50039291, -0.86548194,  0.02340809,  0.02074234],
       [-0.04672833,  0.        ,  0.99890764,  0.08508771],
       [ 0.        ,  0.        ,  0.        ,  1.        ]])]","[array([[ 6.89996002e-02, -9.97616234e-01,  9.51589956e-04,
        -1.68937460e-01],
       [ 9.97521375e-01,  6.90061617e-02,  1.37570554e-02,
         6.46203480e-02],
       [-1.37899273e-02, -0.00000000e+00,  9.99904914e-01,
         8.27985197e-02],
       [ 0.00000000e+00,  0.00000000e+00,  0.00000000e+00,
         1.00000000e+00]])]","[array([[ 6.89996002e-02, -9.97616234e-01,  9.51589956e-04,
        -1.68937460e-01],
       [ 9.97521375e-01,  6.90061617e-02,  1.37570554e-02,
         6.46203480e-02],
       [-1.37899273e-02, -0.00000000e+00,  9.99904914e-01,
         8.27985197e-02],
       [ 0.00000000e+00,  0.00000000e+00,  0.00000000e+00,
         1.00000000e+00]])]","[array([[ 0.42886826, -0.90332266,  0.00895468, -0.05701464],
       [ 0.90312582,  0.42896173,  0.01885709,  0.03413602],
       [-0.02087525,  0.        ,  0.99978209,  0.08548161],
       [ 0.        ,  0.        ,  0.        ,  1.        ]])]","[array([[-0.26744115, -0.9635294 ,  0.00929123, -0.0318209 ],
       [ 0.96294846, -0.26760249, -0.03345399,  0.0871567 ],
       [ 0.03472025, -0.        ,  0.99939707,  0.0832789 ],
       [ 0.        ,  0.        ,  0.        ,  1.        ]])]","[array([[-0.26744115, -0.9635294 ,  0.00929123, -0.0318209 ],
       [ 0.96294846, -0.26760249, -0.03345399,  0.0871567 ],
       [ 0.03472025, -0.        ,  0.99939707,  0.0832789 ],
       [ 0.        ,  0.        ,  0.        ,  1.        ]])]"
17,"[array([[-0.81055078, -0.58424703, -0.04077795, -0.11298647],
       [ 0.58350907, -0.81157588,  0.02935573,  0.02123772],
       [-0.0502454 ,  0.        ,  0.9987369 ,  0.0851065 ],
       [ 0.        ,  0.        ,  0.        ,  1.        ]])]","[array([[ 7.52371383e-02, -9.97165254e-01,  9.10885719e-04,
        -1.65782785e-01],
       [ 9.97092181e-01,  7.52426521e-02,  1.20716583e-02,
         6.99460606e-02],
       [-1.21059757e-02, -0.00000000e+00,  9.99926720e-01,
         8.27149700e-02],
       [ 0.00000000e+00,  0.00000000e+00,  0.00000000e+00,
         1.00000000e+00]])]","[array([[ 7.52371383e-02, -9.97165254e-01,  9.10885719e-04,
        -1.65782785e-01],
       [ 9.97092181e-01,  7.52426521e-02,  1.20716583e-02,
         6.99460606e-02],
       [-1.21059757e-02, -0.00000000e+00,  9.99926720e-01,
         8.27149700e-02],
       [ 0.00000000e+00,  0.00000000e+00,  0.00000000e+00,
         1.00000000e+00]])]","[array([[ 0.46635445, -0.88454658,  0.00953303, -0.05672769],
       [ 0.88436183,  0.46645187,  0.01807778,  0.03453506],
       [-0.02043734,  0.        ,  0.99979114,  0.0854748 ],
       [ 0.        ,  0.        ,  0.        ,  1.        ]])]","[array([[-0.22800854, -0.97362868,  0.00770079, -0.02920372],
       [ 0.97307385, -0.22813855, -0.03286473,  0.08647835],
       [ 0.03375489, -0.        ,  0.99943014,  0.08338059],
       [ 0.        ,  0.        ,  0.        ,  1.        ]])]","[array([[-0.22800854, -0.97362868,  0.00770079, -0.02920372],
       [ 0.97307385, -0.22813855, -0.03286473,  0.08647835],
       [ 0.03375489, -0.        ,  0.99943014,  0.08338059],
       [ 0.        ,  0.        ,  0.        ,  1.        ]])]"
18,"[array([[-0.74610192, -0.66476766, -0.03762834, -0.11364905],
       [ 0.66392384, -0.74705017,  0.03348383,  0.02187441],
       [-0.05036922,  0.        ,  0.99873067,  0.08514427],
       [ 0.        ,  0.        ,  0.        ,  1.        ]])]","[array([[ 6.79020312e-02, -9.97691565e-01,  9.24943138e-04,
        -1.61902897e-01],
       [ 9.97599016e-01,  6.79083306e-02,  1.35890245e-02,
         7.50759388e-02],
       [-1.36204664e-02, -0.00000000e+00,  9.99907237e-01,
         8.28431308e-02],
       [ 0.00000000e+00,  0.00000000e+00,  0.00000000e+00,
         1.00000000e+00]])]","[array([[ 6.79020312e-02, -9.97691565e-01,  9.24943138e-04,
        -1.61902897e-01],
       [ 9.97599016e-01,  6.79083306e-02,  1.35890245e-02,
         7.50759388e-02],
       [-1.36204664e-02, -0.00000000e+00,  9.99907237e-01,
         8.28431308e-02],
       [ 0.00000000e+00,  0.00000000e+00,  0.00000000e+00,
         1.00000000e+00]])]","[array([[ 0.5050879 , -0.86301107,  0.00990454, -0.05632419],
       [ 0.86284519,  0.505185  ,  0.01691999,  0.03491778],
       [-0.01960576,  0.        ,  0.99980779,  0.08545917],
       [ 0.        ,  0.        ,  0.        ,  1.        ]])]","[array([[-0.18725798, -0.98229294,  0.00591909, -0.02652172],
       [ 0.98180258, -0.1873515 , -0.0310341 ,  0.08552559],
       [ 0.03159352, -0.        ,  0.9995008 ,  0.08352133],
       [ 0.        ,  0.        ,  0.        ,  1.        ]])]","[array([[-0.18725798, -0.98229294,  0.00591909, -0.02652172],
       [ 0.98180258, -0.1873515 , -0.0310341 ,  0.08552559],
       [ 0.03159352, -0.        ,  0.9995008 ,  0.08352133],
       [ 0.        ,  0.        ,  0.        ,  1.        ]])]"
19,"[array([[-0.70720527, -0.70604248, -0.0369422 , -0.11402584],
       [ 0.70508116, -0.70816949,  0.03683124,  0.02219375],
       [-0.05216576,  0.        ,  0.99863844,  0.08514851],
       [ 0.        ,  0.        ,  0.        ,  1.        ]])]","[array([[ 6.84926284e-02, -9.97651346e-01,  7.43108778e-04,
        -1.59566497e-01],
       [ 9.97592634e-01,  6.84966595e-02,  1.08233522e-02,
         7.76657892e-02],
       [-1.08488324e-02, -0.00000000e+00,  9.99941150e-01,
         8.27059929e-02],
       [ 0.00000000e+00,  0.00000000e+00,  0.00000000e+00,
         1.00000000e+00]])]","[array([[ 6.84926284e-02, -9.97651346e-01,  7.43108778e-04,
        -1.59566497e-01],
       [ 9.97592634e-01,  6.84966595e-02,  1.08233522e-02,
         7.76657892e-02],
       [-1.08488324e-02, -0.00000000e+00,  9.99941150e-01,
         8.27059929e-02],
       [ 0.00000000e+00,  0.00000000e+00,  0.00000000e+00,
         1.00000000e+00]])]","[array([[ 0.52846064, -0.84889745,  0.0101228 , -0.05604848],
       [ 0.84874175,  0.52855758,  0.01625787,  0.03514013],
       [-0.01915175,  0.        ,  0.99981659,  0.085449  ],
       [ 0.        ,  0.        ,  0.        ,  1.        ]])]","[array([[-0.16139586, -0.98687604,  0.00520272, -0.02483216],
       [ 0.98636368, -0.16147969, -0.0317962 ,  0.08490729],
       [ 0.03221904, -0.        ,  0.99948083,  0.08353543],
       [ 0.        ,  0.        ,  0.        ,  1.        ]])]","[array([[-0.16139586, -0.98687604,  0.00520272, -0.02483216],
       [ 0.98636368, -0.16147969, -0.0317962 ,  0.08490729],
       [ 0.03221904, -0.        ,  0.99948083,  0.08353543],
       [ 0.        ,  0.        ,  0.        ,  1.        ]])]"
20,"[array([[-0.67047632, -0.74113094, -0.03444476, -0.11432769],
       [ 0.74015486, -0.67136051,  0.03802439,  0.02254781],
       [-0.05130591,  0.        ,  0.99868298,  0.08515325],
       [ 0.        ,  0.        ,  0.        ,  1.        ]])]","[array([[ 6.14856913e-02, -9.98107712e-01,  7.11198422e-04,
        -1.57272730e-01],
       [ 9.98040948e-01,  6.14898043e-02,  1.15442330e-02,
         7.98820020e-02],
       [-1.15661195e-02, -0.00000000e+00,  9.99933110e-01,
         8.27548026e-02],
       [ 0.00000000e+00,  0.00000000e+00,  0.00000000e+00,
         1.00000000e+00]])]","[array([[ 6.14856913e-02, -9.98107712e-01,  7.11198422e-04,
        -1.57272730e-01],
       [ 9.98040948e-01,  6.14898043e-02,  1.15442330e-02,
         7.98820020e-02],
       [-1.15661195e-02, -0.00000000e+00,  9.99933110e-01,
         8.27548026e-02],
       [ 0.00000000e+00,  0.00000000e+00,  0.00000000e+00,
         1.00000000e+00]])]","[array([[ 0.55198157, -0.83377608,  0.01156656, -0.05592015],
       [ 0.83359309,  0.55210274,  0.01746761,  0.03545143],
       [-0.02095001,  0.        ,  0.99978052,  0.08551728],
       [ 0.        ,  0.        ,  0.        ,  1.        ]])]","[array([[-0.13880855, -0.9903091 ,  0.00448031, -0.02338164],
       [ 0.98979365, -0.13888084, -0.03194746,  0.08431595],
       [ 0.03226009, -0.        ,  0.99947951,  0.08355213],
       [ 0.        ,  0.        ,  0.        ,  1.        ]])]","[array([[-0.13880855, -0.9903091 ,  0.00448031, -0.02338164],
       [ 0.98979365, -0.13888084, -0.03194746,  0.08431595],
       [ 0.03226009, -0.        ,  0.99947951,  0.08355213],
       [ 0.        ,  0.        ,  0.        ,  1.        ]])]"
21,"[array([[-0.6311213 , -0.77497718, -0.03311008, -0.11464025],
       [ 0.77391289, -0.63198922,  0.04060125,  0.02291547],
       [-0.05239026,  0.        ,  0.99862669,  0.08521854],
       [ 0.        ,  0.        ,  0.        ,  1.        ]])]","[array([[ 5.82061782e-02, -9.98304300e-01,  7.52294727e-04,
        -1.54860326e-01],
       [ 9.98220928e-01,  5.82110396e-02,  1.29016603e-02,
         8.20255242e-02],
       [-1.29235748e-02, -0.00000000e+00,  9.99916487e-01,
         8.28109697e-02],
       [ 0.00000000e+00,  0.00000000e+00,  0.00000000e+00,
         1.00000000e+00]])]","[array([[ 5.82061782e-02, -9.98304300e-01,  7.52294727e-04,
        -1.54860326e-01],
       [ 9.98220928e-01,  5.82110396e-02,  1.29016603e-02,
         8.20255242e-02],
       [-1.29235748e-02, -0.00000000e+00,  9.99916487e-01,
         8.28109697e-02],
       [ 0.00000000e+00,  0.00000000e+00,  0.00000000e+00,
         1.00000000e+00]])]","[array([[ 0.57352963, -0.81909981,  0.01180126, -0.05568057],
       [ 0.81892646,  0.57365103,  0.01685068,  0.0356692 ],
       [-0.02057219,  0.        ,  0.99978837,  0.08551582],
       [ 0.        ,  0.        ,  0.        ,  1.        ]])]","[array([[-0.11347486, -0.99353429,  0.0036159 , -0.0218326 ],
       [ 0.99303026, -0.11353246, -0.03164315,  0.08366557],
       [ 0.03184908, -0.        ,  0.99949269,  0.0835932 ],
       [ 0.        ,  0.        ,  0.        ,  1.        ]])]","[array([[-0.11347486, -0.99353429,  0.0036159 , -0.0218326 ],
       [ 0.99303026, -0.11353246, -0.03164315,  0.08366557],
       [ 0.03184908, -0.        ,  0.99949269,  0.0835932 ],
       [ 0.        ,  0.        ,  0.        ,  1.        ]])]"
22,"[array([[-0.59045504, -0.80648263, -0.03079957, -0.11493655],
       [ 0.80538768, -0.59125778,  0.04201098,  0.02330176],
       [-0.05209162,  0.        ,  0.99864231,  0.08524685],
       [ 0.        ,  0.        ,  0.        ,  1.        ]])]","[array([[ 5.44455326e-02, -9.98516451e-01,  7.61625310e-04,
        -1.52360692e-01],
       [ 9.98418768e-01,  5.44508595e-02,  1.39666372e-02,
         8.40353120e-02],
       [-1.39873882e-02, -0.00000000e+00,  9.99902172e-01,
         8.28907989e-02],
       [ 0.00000000e+00,  0.00000000e+00,  0.00000000e+00,
         1.00000000e+00]])]","[array([[ 5.44455326e-02, -9.98516451e-01,  7.61625310e-04,
        -1.52360692e-01],
       [ 9.98418768e-01,  5.44508595e-02,  1.39666372e-02,
         8.40353120e-02],
       [-1.39873882e-02, -0.00000000e+00,  9.99902172e-01,
         8.28907989e-02],
       [ 0.00000000e+00,  0.00000000e+00,  0.00000000e+00,
         1.00000000e+00]])]","[array([[ 0.59618192, -0.80274821,  0.01274449, -0.05547387],
       [ 0.80256486,  0.59631813,  0.0171563 ,  0.03593787],
       [-0.02137196,  0.        ,  0.99977159,  0.08552373],
       [ 0.        ,  0.        ,  0.        ,  1.        ]])]","[array([[-0.0866739 , -0.99623268,  0.00284146, -0.02029497],
       [ 0.99569777, -0.08672047, -0.0326423 ,  0.0829774 ],
       [ 0.03276574, -0.        ,  0.99946306,  0.08357205],
       [ 0.        ,  0.        ,  0.        ,  1.        ]])]","[array([[-0.0866739 , -0.99623268,  0.00284146, -0.02029497],
       [ 0.99569777, -0.08672047, -0.0326423 ,  0.0829774 ],
       [ 0.03276574, -0.        ,  0.99946306,  0.08357205],
       [ 0.        ,  0.        ,  0.        ,  1.        ]])]"
23,"[array([[-0.54592781, -0.83736242, -0.02805376, -0.11520721],
       [ 0.83625901, -0.54664813,  0.0429731 ,  0.02372168],
       [-0.05131959,  0.        ,  0.99868228,  0.08526056],
       [ 0.        ,  0.        ,  0.        ,  1.        ]])]","[array([[ 0.05815873, -0.99830566,  0.00183768, -0.15003782],
       [ 0.99780767,  0.05818776,  0.03152838,  0.08603556],
       [-0.03158189, -0.        ,  0.99950117,  0.0838483 ],
       [ 0.        ,  0.        ,  0.        ,  1.        ]])]","[array([[ 0.05815873, -0.99830566,  0.00183768, -0.15003782],
       [ 0.99780767,  0.05818776,  0.03152838,  0.08603556],
       [-0.03158189, -0.        ,  0.99950117,  0.0838483 ],
       [ 0.        ,  0.        ,  0.        ,  1.        ]])]","[array([[ 0.61983238, -0.7846194 ,  0.01342454, -0.05518874],
       [ 0.78443544,  0.61997774,  0.01698956,  0.03619795],
       [-0.02165325,  0.        ,  0.99976554,  0.08553203],
       [ 0.        ,  0.        ,  0.        ,  1.        ]])]","[array([[-0.05812916, -0.99830721,  0.00192776, -0.01858622],
       [ 0.99775869, -0.05816111, -0.03308903,  0.08214856],
