,LP,LD1,LD2,RP,RD1,RD2
0,"[array([[-0.66367391, -0.74760316, -0.02502896, -0.03017769],
       [ 0.74707209, -0.6641457 ,  0.02817413,  0.25776193],
       [-0.03768594,  0.        ,  0.99928963,  0.08570717],
       [ 0.        ,  0.        ,  0.        ,  1.        ]])]","[array([[ 9.21718160e-02, -9.95742725e-01,  8.84810635e-04,
        -7.17389060e-02],
       [ 9.95696848e-01,  9.21760628e-02,  9.55827061e-03,
         3.15910633e-01],
       [-9.59913678e-03, -0.00000000e+00,  9.99953927e-01,
         8.32732525e-02],
       [ 0.00000000e+00,  0.00000000e+00,  0.00000000e+00,
         1.00000000e+00]])]","[array([[ 9.21718160e-02, -9.95742725e-01,  8.84810635e-04,
        -7.17389060e-02],
       [ 9.95696848e-01,  9.21760628e-02,  9.55827061e-03,
         3.15910633e-01],
       [-9.59913678e-03, -0.00000000e+00,  9.99953927e-01,
         8.32732525e-02],
       [ 0.00000000e+00,  0.00000000e+00,  0.00000000e+00,
         1.00000000e+00]])]","[array([[ 3.35975603e-02, -9.99435131e-01,  7.89299918e-04,
         2.57464279e-02],
       [ 9.99159446e-01,  3.36068304e-02,  2.34730279e-02,
         2.63870089e-01],
       [-2.34862945e-02,  0.00000000e+00,  9.99724159e-01,
         8.62620930e-02],
       [ 0.00000000e+00,  0.00000000e+00,  0.00000000e+00,
         1.00000000e+00]])]","[array([[-0.56545637, -0.82444069,  0.02359352,  0.02712745],
       [ 0.82372396, -0.56594837, -0.03436967,  0.32343979],
       [ 0.04168847, -0.        ,  0.99913066,  0.08345431],
       [ 0.        ,  0.        ,  0.        ,  1.        ]])]","[array([[-0.56545637, -0.82444069,  0.02359352,  0.02712745],
       [ 0.82372396, -0.56594837, -0.03436967,  0.32343979],
       [ 0.04168847, -0.        ,  0.99913066,  0.08345431],
       [ 0.        ,  0.        ,  0.        ,  1.        ]])]"
1,"[array([[-0.66386989, -0.74743354, -0.02489736, -0.03017237],
       [ 0.74690846, -0.66433659,  0.02801159,  0.25776442],
       [-0.03747703,  0.        ,  0.99929749,  0.08569949],
       [ 0.        ,  0.        ,  0.        ,  1.        ]])]","[array([[ 9.21174641e-02, -9.95747763e-01,  8.74989573e-04,
        -7.17392003e-02],
       [ 9.95702846e-01,  9.21216196e-02,  9.45781146e-03,
         3.15910197e-01],
       [-9.49820006e-03, -0.00000000e+00,  9.99954891e-01,
         8.32690428e-02],
       [ 0.00000000e+00,  0.00000000e+00,  0.00000000e+00,
         1.00000000e+00]])]","[array([[ 9.21174641e-02, -9.95747763e-01,  8.74989573e-04,
        -7.17392003e-02],
       [ 9.95702846e-01,  9.21216196e-02,  9.45781146e-03,
         3.15910197e-01],
       [-9.49820006e-03, -0.00000000e+00,  9.99954891e-01,
         8.32690428e-02],
       [ 0.00000000e+00,  0.00000000e+00,  0.00000000e+00,
         1.00000000e+00]])]","[array([[ 0.0372485 , -0.99930552,  0.00101181,  0.0256048 ],
       [ 0.99893705,  0.03726224,  0.02713485,  0.26388351],
       [-0.02715371,  0.        ,  0.99963127,  0.08640024],
       [ 0.        ,  0.        ,  0.        ,  1.        ]])]","[array([[-0.56545452, -0.82444208,  0.02358917,  0.02712238],
       [ 0.82372562, -0.56594634, -0.03436351,  0.32343876],
       [ 0.04168093, -0.        ,  0.99913097,  0.08345355],
       [ 0.        ,  0.        ,  0.        ,  1.        ]])]","[array([[-0.56545452, -0.82444208,  0.02358917,  0.02712238],
       [ 0.82372562, -0.56594634, -0.03436351,  0.32343876],
       [ 0.04168093, -0.        ,  0.99913097,  0.08345355],
       [ 0.        ,  0.        ,  0.        ,  1.        ]])]"
2,"[array([[-0.66372254, -0.74756158, -0.02498146, -0.03017713],
       [ 0.74703263, -0.6641925 ,  0.02811712,  0.25776028],
       [-0.03761178,  0.        ,  0.99929243,  0.0857045 ],
       [ 0.        ,  0.        ,  0.        ,  1.        ]])]","[array([[ 9.21173757e-02, -9.95747763e-01,  8.84247873e-04,
        -7.17361975e-02],
       [ 9.95701890e-01,  9.21216196e-02,  9.55788495e-03,
         3.15912227e-01],
       [-9.59870090e-03, -0.00000000e+00,  9.99953931e-01,
         8.32702387e-02],
       [ 0.00000000e+00,  0.00000000e+00,  0.00000000e+00,
         1.00000000e+00]])]","[array([[ 9.21173757e-02, -9.95747763e-01,  8.84247873e-04,
        -7.17361975e-02],
       [ 9.95701890e-01,  9.21216196e-02,  9.55788495e-03,
         3.15912227e-01],
       [-9.59870090e-03, -0.00000000e+00,  9.99953931e-01,
         8.32702387e-02],
       [ 0.00000000e+00,  0.00000000e+00,  0.00000000e+00,
         1.00000000e+00]])]","[array([[ 0.03742783, -0.99929881,  0.00102113,  0.02560084],
       [ 0.99892711,  0.03744176,  0.02725338,  0.26388533],
       [-0.0272725 ,  0.        ,  0.99962804,  0.0864049 ],
       [ 0.        ,  0.        ,  0.        ,  1.        ]])]","[array([[-0.56554318, -0.82438048,  0.02361665,  0.02712704],
       [ 0.82366262, -0.56603607, -0.03439552,  0.32343953],
       [ 0.04172287, -0.        ,  0.99912922,  0.08345121],
       [ 0.        ,  0.        ,  0.        ,  1.        ]])]","[array([[-0.56554318, -0.82438048,  0.02361665,  0.02712704],
       [ 0.82366262, -0.56603607, -0.03439552,  0.32343953],
       [ 0.04172287, -0.        ,  0.99912922,  0.08345121],
       [ 0.        ,  0.        ,  0.        ,  1.        ]])]"
3,"[array([[-0.66368118, -0.74759273, -0.02514749, -0.03017641],
       [ 0.74705664, -0.66415744,  0.02830666,  0.25776014],
       [-0.03786374,  0.        ,  0.99928291,  0.08571615],
       [ 0.        ,  0.        ,  0.        ,  1.        ]])]","[array([[ 9.24661585e-02, -9.95715432e-01,  8.87567070e-04,
        -7.17491433e-02],
       [ 9.95669564e-01,  9.24704182e-02,  9.55726432e-03,
         3.15915825e-01],
       [-9.59838927e-03, -0.00000000e+00,  9.99953934e-01,
         8.32722288e-02],
       [ 0.00000000e+00,  0.00000000e+00,  0.00000000e+00,
         1.00000000e+00]])]","[array([[ 9.24661585e-02, -9.95715432e-01,  8.87567070e-04,
        -7.17491433e-02],
       [ 9.95669564e-01,  9.24704182e-02,  9.55726432e-03,
         3.15915825e-01],
       [-9.59838927e-03, -0.00000000e+00,  9.99953934e-01,
         8.32722288e-02],
       [ 0.00000000e+00,  0.00000000e+00,  0.00000000e+00,
         1.00000000e+00]])]","[array([[ 0.03526461, -0.99937748,  0.00103149,  0.0256536 ],
       [ 0.99895023,  0.03527969,  0.02921937,  0.26386762],
       [-0.02923757,  0.        ,  0.99957249,  0.08644892],
       [ 0.        ,  0.        ,  0.        ,  1.        ]])]","[array([[-0.56542101, -0.82446414,  0.02362114,  0.02712101],
       [ 0.82374563, -0.5659142 , -0.03441296,  0.32344357],
       [ 0.04173979, -0.        ,  0.99912852,  0.08345067],
       [ 0.        ,  0.        ,  0.        ,  1.        ]])]","[array([[-0.56542101, -0.82446414,  0.02362114,  0.02712101],
       [ 0.82374563, -0.5659142 , -0.03441296,  0.32344357],
       [ 0.04173979, -0.        ,  0.99912852,  0.08345067],
       [ 0.        ,  0.        ,  0.        ,  1.        ]])]"
4,"[array([[-0.66364768, -0.74762388, -0.02510563, -0.03017951],
       [ 0.74708949, -0.66412238,  0.02826221,  0.2577618 ],
       [-0.03780272,  0.        ,  0.99928522,  0.08570878],
       [ 0.        ,  0.        ,  0.        ,  1.        ]])]","[array([[ 9.22621521e-02, -9.95734349e-01,  8.94854075e-04,
        -7.17427410e-02],
       [ 9.95687518e-01,  9.22664916e-02,  9.65721059e-03,
         3.15912336e-01],
       [-9.69858135e-03, -0.00000000e+00,  9.99952968e-01,
         8.32754149e-02],
       [ 0.00000000e+00,  0.00000000e+00,  0.00000000e+00,
         1.00000000e+00]])]","[array([[ 9.22621521e-02, -9.95734349e-01,  8.94854075e-04,
        -7.17427410e-02],
       [ 9.95687518e-01,  9.22664916e-02,  9.65721059e-03,
         3.15912336e-01],
       [-9.69858135e-03, -0.00000000e+00,  9.99952968e-01,
         8.32754149e-02],
       [ 0.00000000e+00,  0.00000000e+00,  0.00000000e+00,
         1.00000000e+00]])]","[array([[ 0.03705249, -0.99931282,  0.00100163,  0.02561412],
       [ 0.99894789,  0.03706603,  0.02700419,  0.26387853],
       [-0.02702276,  0.        ,  0.99963482,  0.08639631],
       [ 0.        ,  0.        ,  0.        ,  1.        ]])]","[array([[-0.56551747, -0.82440113,  0.02351109,  0.02712194],
       [ 0.82368959, -0.56600599, -0.03424446,  0.32344009],
       [ 0.04153859, -0.        ,  0.9991369 ,  0.08345707],
       [ 0.        ,  0.        ,  0.        ,  1.        ]])]","[array([[-0.56551747, -0.82440113,  0.02351109,  0.02712194],
       [ 0.82368959, -0.56600599, -0.03424446,  0.32344009],
       [ 0.04153859, -0.        ,  0.9991369 ,  0.08345707],
       [ 0.        ,  0.        ,  0.        ,  1.        ]])]"
5,"[array([[-0.66365551, -0.74762388, -0.02489775, -0.03017934],
       [ 0.74709831, -0.66412238,  0.0280282 ,  0.25775661],
       [-0.0374897 ,  0.        ,  0.99929701,  0.08569977],
       [ 0.        ,  0.        ,  0.        ,  1.        ]])]","[array([[ 9.24256282e-02, -9.95719199e-01,  8.82625550e-04,
        -7.17498714e-02],
       [ 9.95673801e-01,  9.24298424e-02,  9.50826252e-03,
         3.15913507e-01],
       [-9.54914048e-03, -0.00000000e+00,  9.99954406e-01,
         8.32686627e-02],
       [ 0.00000000e+00,  0.00000000e+00,  0.00000000e+00,
         1.00000000e+00]])]","[array([[ 9.24256282e-02, -9.95719199e-01,  8.82625550e-04,
        -7.17498714e-02],
       [ 9.95673801e-01,  9.24298424e-02,  9.50826252e-03,
         3.15913507e-01],
       [-9.54914048e-03, -0.00000000e+00,  9.99954406e-01,
         8.32686627e-02],
       [ 0.00000000e+00,  0.00000000e+00,  0.00000000e+00,
         1.00000000e+00]])]","[array([[ 3.71140443e-02, -9.99310538e-01,  9.98480612e-04,
         2.56107644e-02],
       [ 9.98949097e-01,  3.71274730e-02,  2.68747673e-02,
         2.63877047e-01],
       [-2.68933092e-02,  0.00000000e+00,  9.99638310e-01,
         8.63914101e-02],
       [ 0.00000000e+00,  0.00000000e+00,  0.00000000e+00,
         1.00000000e+00]])]","[array([[-0.56549104, -0.82441863,  0.02353318,  0.02712186],
       [ 0.82370567, -0.5659805 , -0.0342789 ,  0.32343893],
       [ 0.04157949, -0.        ,  0.9991352 ,  0.08345277],
       [ 0.        ,  0.        ,  0.        ,  1.        ]])]","[array([[-0.56549104, -0.82441863,  0.02353318,  0.02712186],
       [ 0.82370567, -0.5659805 , -0.0342789 ,  0.32343893],
       [ 0.04157949, -0.        ,  0.9991352 ,  0.08345277],
       [ 0.        ,  0.        ,  0.        ,  1.        ]])]"
6,"[array([[-0.6636859 , -0.74759273, -0.02502276, -0.0301783 ],
       [ 0.74706195, -0.66415744,  0.02816626,  0.25775602],
       [-0.03767594,  0.        ,  0.99929001,  0.08570394],
       [ 0.        ,  0.        ,  0.        ,  1.        ]])]","[array([[ 9.20722424e-02, -9.95751946e-01,  8.74607846e-04,
        -7.17337811e-02],
       [ 9.95707023e-01,  9.20763963e-02,  9.45836826e-03,
         3.15908860e-01],
       [-9.49871933e-03, -0.00000000e+00,  9.99954886e-01,
         8.32660593e-02],
       [ 0.00000000e+00,  0.00000000e+00,  0.00000000e+00,
         1.00000000e+00]])]","[array([[ 9.20722424e-02, -9.95751946e-01,  8.74607846e-04,
        -7.17337811e-02],
       [ 9.95707023e-01,  9.20763963e-02,  9.45836826e-03,
         3.15908860e-01],
       [-9.49871933e-03, -0.00000000e+00,  9.99954886e-01,
         8.32660593e-02],
       [ 0.00000000e+00,  0.00000000e+00,  0.00000000e+00,
         1.00000000e+00]])]","[array([[ 0.03692235, -0.99931763,  0.00100513,  0.025618  ],
       [ 0.99894755,  0.03693603,  0.0271941 ,  0.26387638],
       [-0.02721267,  0.        ,  0.99962967,  0.08640156],
       [ 0.        ,  0.        ,  0.        ,  1.        ]])]","[array([[-0.56542994, -0.82445818,  0.02361558,  0.02712037],
       [ 0.82374003, -0.56592289, -0.03440409,  0.32343263],
       [ 0.04172933, -0.        ,  0.99912895,  0.08344701],
       [ 0.        ,  0.        ,  0.        ,  1.        ]])]","[array([[-0.56542994, -0.82445818,  0.02361558,  0.02712037],
       [ 0.82374003, -0.56592289, -0.03440409,  0.32343263],
       [ 0.04172933, -0.        ,  0.99912895,  0.08344701],
       [ 0.        ,  0.        ,  0.        ,  1.        ]])]"
7,"[array([[-0.6636692 , -0.74760316, -0.02515371, -0.0301798 ],
       [ 0.74706678, -0.6641457 ,  0.02831457,  0.25775805],
       [-0.03787379,  0.        ,  0.99928253,  0.08571337],
       [ 0.        ,  0.        ,  0.        ,  1.        ]])]","[array([[ 9.22714752e-02, -9.95733494e-01,  8.85759110e-04,
        -7.17440336e-02],
       [ 9.95687618e-01,  9.22757265e-02,  9.55809340e-03,
         3.15912375e-01],
       [-9.59904780e-03, -0.00000000e+00,  9.99953928e-01,
         8.32722497e-02],
       [ 0.00000000e+00,  0.00000000e+00,  0.00000000e+00,
         1.00000000e+00]])]","[array([[ 9.22714752e-02, -9.95733494e-01,  8.85759110e-04,
        -7.17440336e-02],
       [ 9.95687618e-01,  9.22757265e-02,  9.55809340e-03,
         3.15912375e-01],
       [-9.59904780e-03, -0.00000000e+00,  9.99953928e-01,
         8.32722497e-02],
       [ 0.00000000e+00,  0.00000000e+00,  0.00000000e+00,
         1.00000000e+00]])]","[array([[ 0.03704757, -0.99931299,  0.00100847,  0.02561623],
       [ 0.99894297,  0.03706129,  0.02719211,  0.2638766 ],
       [-0.0272108 ,  0.        ,  0.99962972,  0.08640352],
       [ 0.        ,  0.        ,  0.        ,  1.        ]])]","[array([[-0.56548986, -0.82441863,  0.02356155,  0.02712382],
       [ 0.82370395, -0.5659805 , -0.03432023,  0.32343698],
       [ 0.04162961, -0.        ,  0.99913311,  0.08345218],
       [ 0.        ,  0.        ,  0.        ,  1.        ]])]","[array([[-0.56548986, -0.82441863,  0.02356155,  0.02712382],
       [ 0.82370395, -0.5659805 , -0.03432023,  0.32343698],
       [ 0.04162961, -0.        ,  0.99913311,  0.08345218],
       [ 0.        ,  0.        ,  0.        ,  1.        ]])]"
8,"[array([[-0.66368503, -0.74759621, -0.02494166, -0.03018136],
       [ 0.74706885, -0.66415353,  0.02807528,  0.25775591],
       [-0.03755407,  0.        ,  0.9992946 ,  0.08569921],
       [ 0.        ,  0.        ,  0.        ,  1.        ]])]","[array([[ 9.22668582e-02, -9.95733922e-01,  8.85670466e-04,
        -7.17428887e-02],
       [ 9.95688051e-01,  9.22711089e-02,  9.55761925e-03,
         3.15908340e-01],
       [-9.59856749e-03, -0.00000000e+00,  9.99953933e-01,
         8.32682344e-02],
       [ 0.00000000e+00,  0.00000000e+00,  0.00000000e+00,
         1.00000000e+00]])]","[array([[ 9.22668582e-02, -9.95733922e-01,  8.85670466e-04,
        -7.17428887e-02],
       [ 9.95688051e-01,  9.22711089e-02,  9.55761925e-03,
         3.15908340e-01],
       [-9.59856749e-03, -0.00000000e+00,  9.99953933e-01,
         8.32682344e-02],
       [ 0.00000000e+00,  0.00000000e+00,  0.00000000e+00,
         1.00000000e+00]])]","[array([[ 3.70502525e-02, -9.99312907e-01,  9.96766780e-04,
         2.56141723e-02],
       [ 9.98951463e-01,  3.70636581e-02,  2.68748947e-02,
         2.63876427e-01],
       [-2.68933729e-02,  0.00000000e+00,  9.99638308e-01,
         8.63914116e-02],
       [ 0.00000000e+00,  0.00000000e+00,  0.00000000e+00,
         1.00000000e+00]])]","[array([[-0.56548393, -0.82441863,  0.02370341,  0.02712663],
       [ 0.82369531, -0.5659805 , -0.03452687,  0.32343526],
       [ 0.04188026, -0.        ,  0.99912264,  0.08344321],
       [ 0.        ,  0.        ,  0.        ,  1.        ]])]","[array([[-0.56548393, -0.82441863,  0.02370341,  0.02712663],
       [ 0.82369531, -0.5659805 , -0.03452687,  0.32343526],
       [ 0.04188026, -0.        ,  0.99912264,  0.08344321],
       [ 0.        ,  0.        ,  0.        ,  1.        ]])]"
9,"[array([[-0.66532868, -0.7461437 , -0.02464402, -0.03146702],
       [ 0.74563238, -0.66578493,  0.0276185 ,  0.25975153],
       [-0.03701499,  0.        ,  0.99931471,  0.08567114],
       [ 0.        ,  0.        ,  0.        ,  1.        ]])]","[array([[ 0.09535862, -0.99544107,  0.00195   , -0.07335089],
       [ 0.99523301,  0.09537855,  0.0203516 ,  0.31786079],
       [-0.02044481, -0.        ,  0.99979098,  0.08362514],
       [ 0.        ,  0.        ,  0.        ,  1.        ]])]","[array([[ 0.09535862, -0.99544107,  0.00195   , -0.07335089],
       [ 0.99523301,  0.09537855,  0.0203516 ,  0.31786079],
       [-0.02044481, -0.        ,  0.99979098,  0.08362514],
       [ 0.        ,  0.        ,  0.        ,  1.        ]])]","[array([[ 3.38362850e-02, -9.99426973e-01,  9.11926007e-04,
         2.43191528e-02],
       [ 9.99064197e-01,  3.38485715e-02,  2.69259058e-02,
         2.66086368e-01],
       [-2.69413439e-02,  0.00000000e+00,  9.99637016e-01,
         8.63884861e-02],
       [ 0.00000000e+00,  0.00000000e+00,  0.00000000e+00,
         1.00000000e+00]])]","[array([[-0.56832925, -0.82246156,  0.02363982,  0.02566702],
       [ 0.82175099, -0.56882069, -0.03418098,  0.32567103],
       [ 0.04155936, -0.        ,  0.99913604,  0.08345141],
       [ 0.        ,  0.        ,  0.        ,  1.        ]])]","[array([[-0.56832925, -0.82246156,  0.02363982,  0.02566702],
       [ 0.82175099, -0.56882069, -0.03418098,  0.32567103],
       [ 0.04155936, -0.        ,  0.99913604,  0.08345141],
       [ 0.        ,  0.        ,  0.        ,  1.        ]])]"
10,"[array([[-0.66946183, -0.74242281, -0.02508438, -0.03253311],
       [ 0.74190219, -0.66993162,  0.02779869,  0.26625192],
       [-0.0374432 ,  0.        ,  0.99929876,  0.08568073],
       [ 0.        ,  0.        ,  0.        ,  1.        ]])]","[array([[ 0.09243016, -0.99571735,  0.00190152, -0.07483401],
       [ 0.99550671,  0.09244972,  0.02048003,  0.32417991],
       [-0.02056811, -0.        ,  0.99978845,  0.08361207],
       [ 0.        ,  0.        ,  0.        ,  1.        ]])]","[array([[ 0.09243016, -0.99571735,  0.00190152, -0.07483401],
       [ 0.99550671,  0.09244972,  0.02048003,  0.32417991],
       [-0.02056811, -0.        ,  0.99978845,  0.08361207],
       [ 0.        ,  0.        ,  0.        ,  1.        ]])]","[array([[ 2.86558486e-02, -9.99589120e-01,  6.58925055e-04,
         2.31967556e-02],
       [ 9.99324961e-01,  2.86634234e-02,  2.29789131e-02,
         2.72842509e-01],
       [-2.29883586e-02,  0.00000000e+00,  9.99735733e-01,
         8.62699392e-02],
       [ 0.00000000e+00,  0.00000000e+00,  0.00000000e+00,
         1.00000000e+00]])]","[array([[-0.57280132, -0.81935699,  0.02351104,  0.02423492],
       [ 0.81866766, -0.57328363, -0.0336028 ,  0.33246672],
       [ 0.04101119, -0.        ,  0.99915869,  0.08347484],
       [ 0.        ,  0.        ,  0.        ,  1.        ]])]","[array([[-0.57280132, -0.81935699,  0.02351104,  0.02423492],
       [ 0.81866766, -0.57328363, -0.0336028 ,  0.33246672],
       [ 0.04101119, -0.        ,  0.99915869,  0.08347484],
       [ 0.        ,  0.        ,  0.        ,  1.        ]])]"
11,"[array([[-0.68472855, -0.72781711, -0.03780287, -0.033516  ],
       [ 0.72671046, -0.68577128,  0.04012063,  0.28792204],
       [-0.0551246 ,  0.        ,  0.99847948,  0.08626479],
       [ 0.        ,  0.        ,  0.        ,  1.        ]])]","[array([[ 0.06316893, -0.99800179,  0.00145429, -0.07712478],
       [ 0.99773741,  0.06318567,  0.02297021,  0.34473029],
       [-0.02301621, -0.        ,  0.99973509,  0.08372692],
       [ 0.        ,  0.        ,  0.        ,  1.        ]])]","[array([[ 0.06316893, -0.99800179,  0.00145429, -0.07712478],
       [ 0.99773741,  0.06318567,  0.02297021,  0.34473029],
       [-0.02301621, -0.        ,  0.99973509,  0.08372692],
       [ 0.        ,  0.        ,  0.        ,  1.        ]])]","[array([[ 5.29172639e-03, -9.99985996e-01,  7.65928118e-05,
         2.20415896e-02],
       [ 9.99881264e-01,  5.29228066e-03,  1.44723502e-02,
         2.96215629e-01],
       [-1.44725529e-02,  0.00000000e+00,  9.99895267e-01,
         8.61341852e-02],
       [ 0.00000000e+00,  0.00000000e+00,  0.00000000e+00,
         1.00000000e+00]])]","[array([[-0.59480926, -0.80351628,  0.02373869,  0.02157559],
       [ 0.80287713, -0.59528277, -0.03204262,  0.35579237],
       [ 0.039878  , -0.        ,  0.99920456,  0.08357788],
       [ 0.        ,  0.        ,  0.        ,  1.        ]])]","[array([[-0.59480926, -0.80351628,  0.02373869,  0.02157559],
       [ 0.80287713, -0.59528277, -0.03204262,  0.35579237],
       [ 0.039878  , -0.        ,  0.99920456,  0.08357788],
       [ 0.        ,  0.        ,  0.        ,  1.        ]])]"
12,"[array([[-0.67863669, -0.7337194 , -0.03328796, -0.0309386 ],
       [ 0.73283832, -0.6794526 ,  0.03594662,  0.30422965],
       [-0.04899232,  0.        ,  0.99879916,  0.08613243],
       [ 0.        ,  0.        ,  0.        ,  1.        ]])]","[array([[ 0.07413283, -0.997247  ,  0.0016547 , -0.07406204],
       [ 0.99699867,  0.0741513 ,  0.02225381,  0.36151512],
       [-0.02231524, -0.        ,  0.99975098,  0.08373062],
       [ 0.        ,  0.        ,  0.        ,  1.        ]])]","[array([[ 0.07413283, -0.997247  ,  0.0016547 , -0.07406204],
       [ 0.99699867,  0.0741513 ,  0.02225381,  0.36151512],
       [-0.02231524, -0.        ,  0.99975098,  0.08373062],
       [ 0.        ,  0.        ,  0.        ,  1.        ]])]","[array([[ 1.51261531e-02, -9.99885572e-01,  2.04684169e-04,
         2.46661897e-02],
       [ 9.99794040e-01,  1.51275379e-02,  1.35290190e-02,
         3.11913870e-01],
       [-1.35305673e-02,  0.00000000e+00,  9.99908458e-01,
         8.60960847e-02],
       [ 0.00000000e+00,  0.00000000e+00,  0.00000000e+00,
         1.00000000e+00]])]","[array([[-0.58593371, -0.81002761,  0.0231724 ,  0.02479481],
       [ 0.8093949 , -0.58639174, -0.0320098 ,  0.37146936],
       [ 0.03951693, -0.        ,  0.9992189 ,  0.08360036],
       [ 0.        ,  0.        ,  0.        ,  1.        ]])]","[array([[-0.58593371, -0.81002761,  0.0231724 ,  0.02479481],
       [ 0.8093949 , -0.58639174, -0.0320098 ,  0.37146936],
       [ 0.03951693, -0.        ,  0.9992189 ,  0.08360036],
       [ 0.        ,  0.        ,  0.        ,  1.        ]])]"
13,"[array([[-0.6683465 , -0.74309662, -0.03347197, -0.02902676],
       [ 0.74216646, -0.66918414,  0.037169  ,  0.3072685 ],
       [-0.05001907,  0.        ,  0.99874826,  0.08621943],
       [ 0.        ,  0.        ,  0.        ,  1.        ]])]","[array([[ 0.08628956, -0.99626844,  0.0018207 , -0.07128622],
       [ 0.99604674,  0.08630877,  0.02101652,  0.3650911 ],
       [-0.02109524, -0.        ,  0.99977747,  0.08370383],
       [ 0.        ,  0.        ,  0.        ,  1.        ]])]","[array([[ 0.08628956, -0.99626844,  0.0018207 , -0.07128622],
       [ 0.99604674,  0.08630877,  0.02101652,  0.3650911 ],
       [-0.02109524, -0.        ,  0.99977747,  0.08370383],
       [ 0.        ,  0.        ,  0.        ,  1.        ]])]","[array([[ 2.81620412e-02, -9.99603312e-01,  3.43522623e-04,
         2.67086909e-02],
       [ 9.99528953e-01,  2.81641363e-02,  1.21923268e-02,
         3.14175508e-01],
       [-1.21971652e-02,  0.00000000e+00,  9.99925612e-01,
         8.61562165e-02],
       [ 0.00000000e+00,  0.00000000e+00,  0.00000000e+00,
         1.00000000e+00]])]","[array([[-0.5756428 , -0.81739057,  0.02253943,  0.02764732],
       [ 0.8167647 , -0.5760839 , -0.03198061,  0.37374273],
       [ 0.03912525, -0.        ,  0.99923431,  0.08371982],
       [ 0.        ,  0.        ,  0.        ,  1.        ]])]","[array([[-0.5756428 , -0.81739057,  0.02253943,  0.02764732],
       [ 0.8167647 , -0.5760839 , -0.03198061,  0.37374273],
       [ 0.03912525, -0.        ,  0.99923431,  0.08371982],
       [ 0.        ,  0.        ,  0.        ,  1.        ]])]"
14,"[array([[-0.61982999, -0.78444599, -0.02133713, -0.01817388],
       [ 0.78398161, -0.62019714,  0.02698791,  0.32703307],
       [-0.03440378,  0.        ,  0.99940801,  0.08571864],
       [ 0.        ,  0.        ,  0.        ,  1.        ]])]","[array([[ 0.15364572, -0.98812157,  0.0029582 , -0.05664848],
       [ 0.98793848,  0.1536742 ,  0.01902115,  0.38750809],
       [-0.01924981, -0.        ,  0.99981471,  0.08375514],
       [ 0.        ,  0.        ,  0.        ,  1.        ]])]","[array([[ 0.15364572, -0.98812157,  0.0029582 , -0.05664848],
       [ 0.98793848,  0.1536742 ,  0.01902115,  0.38750809],
       [-0.01924981, -0.        ,  0.99981471,  0.08375514],
       [ 0.        ,  0.        ,  0.        ,  1.        ]])]","[array([[ 0.09339107, -0.99562884,  0.00114551,  0.03789883],
       [ 0.99555396,  0.0933981 ,  0.01221115,  0.3301935 ],
       [-0.01226476,  0.        ,  0.99992478,  0.08623773],
       [ 0.        ,  0.        ,  0.        ,  1.        ]])]","[array([[-0.51514326, -0.85672877,  0.02536217,  0.04250554],
       [ 0.85569233, -0.51576721, -0.04212851,  0.38956918],
       [ 0.04917368, -0.        ,  0.99879024,  0.08353128],
       [ 0.        ,  0.        ,  0.        ,  1.        ]])]","[array([[-0.51514326, -0.85672877,  0.02536217,  0.04250554],
       [ 0.85569233, -0.51576721, -0.04212851,  0.38956918],
       [ 0.04917368, -0.        ,  0.99879024,  0.08353128],
       [ 0.        ,  0.        ,  0.        ,  1.        ]])]"
15,"[array([[-0.60037484, -0.79939892, -0.02261453, -0.00470277],
       [ 0.79883242, -0.6008006 ,  0.03008991,  0.35211205],
       [-0.03764066,  0.        ,  0.99929134,  0.08594415],
       [ 0.        ,  0.        ,  0.        ,  1.        ]])]","[array([[ 0.17711536, -0.98418438,  0.00335528, -0.0416961 ],
       [ 0.98400782,  0.17714714,  0.01864111,  0.41347571],
       [-0.01894066, -0.        ,  0.99982061,  0.08387031],
       [ 0.        ,  0.        ,  0.        ,  1.        ]])]","[array([[ 0.17711536, -0.98418438,  0.00335528, -0.0416961 ],
       [ 0.98400782,  0.17714714,  0.01864111,  0.41347571],
       [-0.01894066, -0.        ,  0.99982061,  0.08387031],
       [ 0.        ,  0.        ,  0.        ,  1.        ]])]","[array([[ 0.11602062, -0.99324584,  0.00138697,  0.05148908],
       [ 0.99317487,  0.11602891,  0.0118729 ,  0.35393964],
       [-0.01195364,  0.        ,  0.99992855,  0.08636876],
       [ 0.        ,  0.        ,  0.        ,  1.        ]])]","[array([[-0.5005236 , -0.86551107,  0.01914985,  0.05770487],
       [ 0.86487829, -0.5008898 , -0.03308992,  0.41319364],
       [ 0.03823165, -0.        ,  0.9992689 ,  0.08402723],
       [ 0.        ,  0.        ,  0.        ,  1.        ]])]","[array([[-0.5005236 , -0.86551107,  0.01914985,  0.05770487],
       [ 0.86487829, -0.5008898 , -0.03308992,  0.41319364],
       [ 0.03823165, -0.        ,  0.9992689 ,  0.08402723],
       [ 0.        ,  0.        ,  0.        ,  1.        ]])]"
16,"[array([[-0.61135171, -0.79078785, -0.03006101,  0.00492807],
       [ 0.78983359, -0.61209033,  0.03883721,  0.3697812 ],
       [-0.04911205,  0.        ,  0.99879328,  0.08645611],
       [ 0.        ,  0.        ,  0.        ,  1.        ]])]","[array([[ 0.15834535, -0.98737926,  0.00299187, -0.03284459],
       [ 0.98720306,  0.15837361,  0.01865278,  0.43049862],
       [-0.0188912 , -0.        ,  0.99982155,  0.08393474],
       [ 0.        ,  0.        ,  0.        ,  1.        ]])]","[array([[ 0.15834535, -0.98737926,  0.00299187, -0.03284459],
       [ 0.98720306,  0.15837361,  0.01865278,  0.43049862],
       [-0.0188912 , -0.        ,  0.99982155,  0.08393474],
       [ 0.        ,  0.        ,  0.        ,  1.        ]])]","[array([[ 0.10154802, -0.99482979,  0.00129967,  0.06104821],
       [ 0.99474832,  0.10155634,  0.01273132,  0.37257295],
       [-0.01279748,  0.        ,  0.99991811,  0.08645266],
       [ 0.        ,  0.        ,  0.        ,  1.        ]])]","[array([[-0.5136739 , -0.85776316,  0.01953166,  0.06637759],
       [ 0.85714376, -0.5140451 , -0.03259158,  0.43190571],
       [ 0.03799601, -0.        ,  0.99927789,  0.08408673],
       [ 0.        ,  0.        ,  0.        ,  1.        ]])]","[array([[-0.5136739 , -0.85776316,  0.01953166,  0.06637759],
       [ 0.85714376, -0.5140451 , -0.03259158,  0.43190571],
       [ 0.03799601, -0.        ,  0.99927789,  0.08408673],
       [ 0.        ,  0.        ,  0.        ,  1.        ]])]"
17,"[array([[-0.63324125, -0.77309296, -0.0365074 ,  0.01089167],
       [ 0.77181139, -0.63429273,  0.0444962 ,  0.38558735],
       [-0.05755607,  0.        ,  0.99834228,  0.08681826],
       [ 0.        ,  0.        ,  0.        ,  1.        ]])]","[array([[ 0.13597071, -0.99070919,  0.00269429, -0.02853006],
       [ 0.99051475,  0.1359974 ,  0.01962724,  0.44532862],
       [-0.0198113 , -0.        ,  0.99980374,  0.084013  ],
       [ 0.        ,  0.        ,  0.        ,  1.        ]])]","[array([[ 0.13597071, -0.99070919,  0.00269429, -0.02853006],
       [ 0.99051475,  0.1359974 ,  0.01962724,  0.44532862],
       [-0.0198113 , -0.        ,  0.99980374,  0.084013  ],
       [ 0.        ,  0.        ,  0.        ,  1.        ]])]","[array([[ 0.07499152, -0.99718298,  0.00154147,  0.06685519],
       [ 0.99697238,  0.07500736,  0.02049298,  0.38961951],
       [-0.02055087,  0.        ,  0.99978881,  0.08663034],
       [ 0.        ,  0.        ,  0.        ,  1.        ]])]","[array([[-0.53339027, -0.84561546,  0.02072005,  0.0706576 ],
       [ 0.84497816, -0.53379256, -0.03282398,  0.44908005],
       [ 0.03881667, -0.        ,  0.99924635,  0.08406363],
       [ 0.        ,  0.        ,  0.        ,  1.        ]])]","[array([[-0.53339027, -0.84561546,  0.02072005,  0.0706576 ],
       [ 0.84497816, -0.53379256, -0.03282398,  0.44908005],
       [ 0.03881667, -0.        ,  0.99924635,  0.08406363],
       [ 0.        ,  0.        ,  0.        ,  1.        ]])]"
18,"[array([[-0.64254125, -0.76526851, -0.03879231,  0.02240599],
       [ 0.76387764, -0.64371119,  0.04611778,  0.39672493],
       [-0.06026353,  0.        ,  0.9981825 ,  0.0870109 ],
       [ 0.        ,  0.        ,  0.        ,  1.        ]])]","[array([[ 0.12480535, -0.99217802,  0.00252879, -0.01769461],
       [ 0.99197442,  0.12483097,  0.02009922,  0.45599695],
       [-0.02025768, -0.        ,  0.99979479,  0.08411119],
       [ 0.        ,  0.        ,  0.        ,  1.        ]])]","[array([[ 0.12480535, -0.99217802,  0.00252879, -0.01769461],
       [ 0.99197442,  0.12483097,  0.02009922,  0.45599695],
       [-0.02025768, -0.        ,  0.99979479,  0.08411119],
       [ 0.        ,  0.        ,  0.        ,  1.        ]])]","[array([[ 6.61213766e-02, -9.97811141e-01,  9.43914295e-04,
         7.82353073e-02],
       [ 9.97709485e-01,  6.61281137e-02,  1.42427804e-02,
         4.01303195e-01],
       [-1.42740242e-02,  0.00000000e+00,  9.99898121e-01,
         8.66157381e-02],
       [ 0.00000000e+00,  0.00000000e+00,  0.00000000e+00,
         1.00000000e+00]])]","[array([[-0.54263658, -0.83971039,  0.02078486,  0.08144583],
       [ 0.83909507, -0.5430345 , -0.03214025,  0.46079505],
       [ 0.03827539, -0.        ,  0.99926723,  0.08419884],
       [ 0.        ,  0.        ,  0.        ,  1.        ]])]","[array([[-0.54263658, -0.83971039,  0.02078486,  0.08144583],
       [ 0.83909507, -0.5430345 , -0.03214025,  0.46079505],
       [ 0.03827539, -0.        ,  0.99926723,  0.08419884],
       [ 0.        ,  0.        ,  0.        ,  1.        ]])]"
19,"[array([[-0.62554005, -0.77922008, -0.03893213,  0.04383147],
       [ 0.77771529, -0.6267504 ,  0.04840315,  0.40140789],
       [-0.06211744,  0.        ,  0.99806885,  0.08722543],
       [ 0.        ,  0.        ,  0.        ,  1.        ]])]","[array([[ 0.1438349 , -0.98959773,  0.00280367,  0.00508686],
       [ 0.98940978,  0.14386222,  0.01928588,  0.46148315],
       [-0.0194886 , -0.        ,  0.99981008,  0.08425574],
       [ 0.        ,  0.        ,  0.        ,  1.        ]])]","[array([[ 0.1438349 , -0.98959773,  0.00280367,  0.00508686],
       [ 0.98940978,  0.14386222,  0.01928588,  0.46148315],
       [-0.0194886 , -0.        ,  0.99981008,  0.08425574],
       [ 0.        ,  0.        ,  0.        ,  1.        ]])]","[array([[ 0.08614702, -0.99628051,  0.00195898,  0.09979832],
       [ 0.99602302,  0.08616929,  0.02264957,  0.40487284],
       [-0.02273413,  0.        ,  0.99974155,  0.08697924],
       [ 0.        ,  0.        ,  0.        ,  1.        ]])]","[array([[-0.52540945, -0.85061295,  0.02006257,  0.10424609],
       [ 0.84999351, -0.52579236, -0.03245669,  0.46427156],
       [ 0.03815683, -0.        ,  0.99927176,  0.08437461],
       [ 0.        ,  0.        ,  0.        ,  1.        ]])]","[array([[-0.52540945, -0.85061295,  0.02006257,  0.10424609],
       [ 0.84999351, -0.52579236, -0.03245669,  0.46427156],
       [ 0.03815683, -0.        ,  0.99927176,  0.08437461],
       [ 0.        ,  0.        ,  0.        ,  1.        ]])]"
20,"[array([[-0.60875552, -0.79252421, -0.03636069,  0.06564816],
       [ 0.79111427, -0.60984045,  0.04725289,  0.39894311],
       [-0.05962328,  0.        ,  0.99822095,  0.08730656],
       [ 0.        ,  0.        ,  0.        ,  1.        ]])]","[array([[ 0.16366379, -0.98651148,  0.00304232,  0.02815419],
       [ 0.98634109,  0.16369206,  0.01833494,  0.45979897],
       [-0.01858563, -0.        ,  0.99982727,  0.08438802],
       [ 0.        ,  0.        ,  0.        ,  1.        ]])]","[array([[ 0.16366379, -0.98651148,  0.00304232,  0.02815419],
       [ 0.98634109,  0.16369206,  0.01833494,  0.45979897],
       [-0.01858563, -0.        ,  0.99982727,  0.08438802],
       [ 0.        ,  0.        ,  0.        ,  1.        ]])]","[array([[ 0.10642351, -0.99431786,  0.00245631,  0.12171054],
       [ 0.99405312,  0.10645185,  0.02294329,  0.40135097],
       [-0.02307441,  0.        ,  0.99973375,  0.08718887],
       [ 0.        ,  0.        ,  0.        ,  1.        ]])]","[array([[-0.50848223, -0.86085749,  0.01924063,  0.12733794],
       [ 0.86024186, -0.50884612, -0.03255098,  0.46063267],
       [ 0.03781228, -0.        ,  0.99928486,  0.08458557],
       [ 0.        ,  0.        ,  0.        ,  1.        ]])]","[array([[-0.50848223, -0.86085749,  0.01924063,  0.12733794],
       [ 0.86024186, -0.50884612, -0.03255098,  0.46063267],
       [ 0.03781228, -0.        ,  0.99928486,  0.08458557],
       [ 0.        ,  0.        ,  0.        ,  1.        ]])]"
21,"[array([[-0.6080406 , -0.79347443, -0.0261717 ,  0.08696434],
       [ 0.79274043, -0.60860359,  0.03412168,  0.38750075],
       [-0.04300287,  0.        ,  0.99907495,  0.08701026],
       [ 0.        ,  0.        ,  0.        ,  1.        ]])]","[array([[ 0.17000892, -0.98544129,  0.00156032,  0.04998923],
       [ 0.98539979,  0.17001608,  0.00904386,  0.44875836],
       [-0.00917747, -0.        ,  0.99995789,  0.08425884],
       [ 0.        ,  0.        ,  0.        ,  1.        ]])]","[array([[ 0.17000892, -0.98544129,  0.00156032,  0.04998923],
       [ 0.98539979,  0.17001608,  0.00904386,  0.44875836],
       [-0.00917747, -0.        ,  0.99995789,  0.08425884],
       [ 0.        ,  0.        ,  0.        ,  1.        ]])]","[array([[ 0.11645779, -0.99319243,  0.00252401,  0.14284676],
       [ 0.99295925,  0.11648514,  0.02152055,  0.38929552],
       [-0.02166805,  0.        ,  0.99976522,  0.08729636],
       [ 0.        ,  0.        ,  0.        ,  1.        ]])]","[array([[-0.49975894, -0.8659705 ,  0.01833267,  0.14909724],
       [ 0.86538845, -0.50009508, -0.03174506,  0.44853534],
       [ 0.03665836, -0.        ,  0.99932786,  0.08480526],
       [ 0.        ,  0.        ,  0.        ,  1.        ]])]","[array([[-0.49975894, -0.8659705 ,  0.01833267,  0.14909724],
       [ 0.86538845, -0.50009508, -0.03174506,  0.44853534],
       [ 0.03665836, -0.        ,  0.99932786,  0.08480526],
       [ 0.        ,  0.        ,  0.        ,  1.        ]])]"
22,"[array([[-0.59481173, -0.80357939, -0.02142816,  0.10648807],
       [ 0.80305845, -0.59519758,  0.02893027,  0.37306312],
       [-0.03600176,  0.        ,  0.99935173,  0.08689044],
       [ 0.        ,  0.        ,  0.        ,  1.        ]])]","[array([[ 0.18969512, -0.98183717,  0.00339726,  0.07044843],
       [ 0.98167975,  0.18972553,  0.01758095,  0.43490235],
       [-0.01790618, -0.        ,  0.99983967,  0.08466542],
       [ 0.        ,  0.        ,  0.        ,  1.        ]])]","[array([[ 0.18969512, -0.98183717,  0.00339726,  0.07044843],
       [ 0.98167975,  0.18972553,  0.01758095,  0.43490235],
       [-0.01790618, -0.        ,  0.99983967,  0.08466542],
       [ 0.        ,  0.        ,  0.        ,  1.        ]])]","[array([[ 0.13177812, -0.99127531,  0.00278955,  0.1624526 ],
       [ 0.99105329,  0.13180764,  0.02097914,  0.3739812 ],
       [-0.02116378,  0.        ,  0.99977602,  0.08741407],
       [ 0.        ,  0.        ,  0.        ,  1.        ]])]","[array([[-0.48681926, -0.87331818,  0.01795435,  0.16965573],
       [ 0.87272484, -0.48715024, -0.0321869 ,  0.43315803],
       [ 0.03685587, -0.        ,  0.99932059,  0.08494298],
       [ 0.        ,  0.        ,  0.        ,  1.        ]])]","[array([[-0.48681926, -0.87331818,  0.01795435,  0.16965573],
       [ 0.87272484, -0.48715024, -0.0321869 ,  0.43315803],
       [ 0.03685587, -0.        ,  0.99932059,  0.08494298],
       [ 0.        ,  0.        ,  0.        ,  1.        ]])]"
23,"[array([[-0.55926259, -0.82868648, -0.02245176,  0.12003717],
       [ 0.82801951, -0.55971307,  0.03324108,  0.35780663],
       [-0.04011297,  0.        ,  0.99919515,  0.08694853],
       [ 0.        ,  0.        ,  0.        ,  1.        ]])]","[array([[ 0.21528911, -0.97654946,  0.00132491,  0.08663533],
       [ 0.97653097,  0.21529318,  0.00600966,  0.42069313],
       [-0.00615398, -0.        ,  0.99998106,  0.0844097 ],
       [ 0.        ,  0.        ,  0.        ,  1.        ]])]","[array([[ 0.21528911, -0.97654946,  0.00132491,  0.08663533],
       [ 0.97653097,  0.21529318,  0.00600966,  0.42069313],
       [-0.00615398, -0.        ,  0.99998106,  0.0844097 ],
       [ 0.        ,  0.        ,  0.        ,  1.        ]])]","[array([[ 0.16705653, -0.9859407 ,  0.0036122 ,  0.17619271],
       [ 0.9857103 ,  0.16709558,  0.02131365,  0.35677906],
       [-0.02161758,  0.        ,  0.99976631,  0.08751723],
       [ 0.        ,  0.        ,  0.        ,  1.        ]])]","[array([[-0.45879868, -0.88839034,  0.01632124,  0.18559943],
       [ 0.88782874, -0.45908889, -0.03158349,  0.41568057],
       [ 0.03555137, -0.        ,  0.99936785,  0.08512347],
       [ 0.        ,  0.        ,  0.        ,  1.        ]])]","[array([[-0.45879868, -0.88839034,  0.01632124,  0.18559943],
       [ 0.88782874, -0.45908889, -0.03158349,  0.41568057],
       [ 0.03555137, -0.        ,  0.99936785,  0.08512347],
       [ 0.        ,  0.        ,  0.        ,  1.        ]])]"
24,"[array([[-0.53691101, -0.84337215, -0.02121311,  0.12788045],
       [ 0.84271466, -0.5373299 ,  0.03329528,  0.33511606],
       [-0.03947875,  0.        ,  0.99922041,  0.08698532],
       [ 0.        ,  0.        ,  0.        ,  1.        ]])]","[array([[ 0.24787723, -0.96878283,  0.00408848,  0.09592498],
       [ 0.96865107,  0.24791094,  0.01597691,  0.3989455 ],
       [-0.01649173, -0.        ,  0.999864  ,  0.08479244],
       [ 0.        ,  0.        ,  0.        ,  1.        ]])]","[array([[ 0.24787723, -0.96878283,  0.00408848,  0.09592498],
       [ 0.96865107,  0.24791094,  0.01597691,  0.3989455 ],
       [-0.01649173, -0.        ,  0.999864  ,  0.08479244],
       [ 0.        ,  0.        ,  0.        ,  1.        ]])]","[array([[ 0.19270101, -0.98124904,  0.00408032,  0.18401791],
       [ 0.98102914,  0.1927442 ,  0.02077266,  0.33267655],
       [-0.02116961,  0.        ,  0.9997759 ,  0.0875242 ],
       [ 0.        ,  0.        ,  0.        ,  1.        ]])]","[array([[-0.43634801, -0.8996427 ,  0.01560209,  0.19498678],
       [ 0.89906816, -0.43662686, -0.03214714,  0.39132701],
       [ 0.03573323, -0.        ,  0.99936136,  0.08515168],
       [ 0.        ,  0.        ,  0.        ,  1.        ]])]","[array([[-0.43634801, -0.8996427 ,  0.01560209,  0.19498678],
       [ 0.89906816, -0.43662686, -0.03214714,  0.39132701],
       [ 0.03573323, -0.        ,  0.99936136,  0.08515168],
