,LP,LD1,LD2,RP,RD1,RD2
0,"[array([[-0.5717071 , -0.82012559, -0.02334542, -0.16566069],
       [ 0.81944268, -0.57218355,  0.03346159,  0.0233759 ],
       [-0.04080057,  0.        ,  0.99916731,  0.08449593],
       [ 0.        ,  0.        ,  0.        ,  1.        ]])]","[array([[ 0.69882709, -0.71511882,  0.01567676, -0.19715774],
       [ 0.71493895,  0.69900291,  0.01603819,  0.08861745],
       [-0.02242731, -0.        ,  0.99974848,  0.08271119],
       [ 0.        ,  0.        ,  0.        ,  1.        ]])]","[array([[ 0.69882709, -0.71511882,  0.01567676, -0.19715774],
       [ 0.71493895,  0.69900291,  0.01603819,  0.08861745],
       [-0.02242731, -0.        ,  0.99974848,  0.08271119],
       [ 0.        ,  0.        ,  0.        ,  1.        ]])]","[array([[ 0.46208293, -0.88675659,  0.01192153, -0.10751562],
       [ 0.88646161,  0.46223669,  0.02287031,  0.03459961],
       [-0.02579097,  0.        ,  0.99966736,  0.08503472],
       [ 0.        ,  0.        ,  0.        ,  1.        ]])]","[array([[-0.56858238, -0.82241932,  0.01845392, -0.08101735],
       [ 0.82198649, -0.56888177, -0.0266784 ,  0.08203671],
       [ 0.03243893, -0.        ,  0.99947372,  0.08164944],
       [ 0.        ,  0.        ,  0.        ,  1.        ]])]","[array([[-0.56858238, -0.82241932,  0.01845392, -0.08101735],
       [ 0.82198649, -0.56888177, -0.0266784 ,  0.08203671],
       [ 0.03243893, -0.        ,  0.99947372,  0.08164944],
       [ 0.        ,  0.        ,  0.        ,  1.        ]])]"
1,"[array([[-0.5717557 , -0.82009356, -0.02328041, -0.16565924],
       [ 0.81941458, -0.57222946,  0.03336444,  0.023381  ],
       [-0.0406837 ,  0.        ,  0.99917208,  0.08449031],
       [ 0.        ,  0.        ,  0.        ,  1.        ]])]","[array([[ 0.69875523, -0.71519285,  0.01550189, -0.19715578],
       [ 0.71501692,  0.69892717,  0.01586265,  0.08861563],
       [-0.02217955, -0.        ,  0.999754  ,  0.08270231],
       [ 0.        ,  0.        ,  0.        ,  1.        ]])]","[array([[ 0.69875523, -0.71519285,  0.01550189, -0.19715578],
       [ 0.71501692,  0.69892717,  0.01586265,  0.08861563],
       [-0.02217955, -0.        ,  0.999754  ,  0.08270231],
       [ 0.        ,  0.        ,  0.        ,  1.        ]])]","[array([[ 0.4620598 , -0.88676903,  0.01189266, -0.10751821],
       [ 0.88647545,  0.46221282,  0.02281643,  0.03460009],
       [-0.02572984,  0.        ,  0.99966893,  0.08503035],
       [ 0.        ,  0.        ,  0.        ,  1.        ]])]","[array([[-0.56854942, -0.82244275,  0.0184249 , -0.08102172],
       [ 0.82201123, -0.56884789, -0.02663879,  0.08203638],
       [ 0.03238985, -0.        ,  0.99947531,  0.081653  ],
       [ 0.        ,  0.        ,  0.        ,  1.        ]])]","[array([[-0.56854942, -0.82244275,  0.0184249 , -0.08102172],
       [ 0.82201123, -0.56884789, -0.02663879,  0.08203638],
       [ 0.03238985, -0.        ,  0.99947531,  0.081653  ],
       [ 0.        ,  0.        ,  0.        ,  1.        ]])]"
2,"[array([[-0.5716951 , -0.82013173, -0.02342363, -0.16566403],
       [ 0.8194442 , -0.57217476,  0.03357446,  0.02337896],
       [-0.04093789,  0.        ,  0.99916169,  0.08449901],
       [ 0.        ,  0.        ,  0.        ,  1.        ]])]","[array([[ 0.69885564, -0.71509396,  0.01553781, -0.19716153],
       [ 0.71491728,  0.69902835,  0.01589491,  0.08862026],
       [-0.02222773, -0.        ,  0.99975293,  0.08270184],
       [ 0.        ,  0.        ,  0.        ,  1.        ]])]","[array([[ 0.69885564, -0.71509396,  0.01553781, -0.19716153],
       [ 0.71491728,  0.69902835,  0.01589491,  0.08862026],
       [-0.02222773, -0.        ,  0.99975293,  0.08270184],
       [ 0.        ,  0.        ,  0.        ,  1.        ]])]","[array([[ 0.46205773, -0.88677013,  0.01189092, -0.10752018],
       [ 0.88647663,  0.46221071,  0.02281322,  0.03459704],
       [-0.0257262 ,  0.        ,  0.99966903,  0.08503227],
       [ 0.        ,  0.        ,  0.        ,  1.        ]])]","[array([[-0.5686492 , -0.82237245,  0.01848351, -0.08101858],
       [ 0.82193837, -0.56894952, -0.02671649,  0.0820343 ],
       [ 0.03248709, -0.        ,  0.99947216,  0.08164591],
       [ 0.        ,  0.        ,  0.        ,  1.        ]])]","[array([[-0.5686492 , -0.82237245,  0.01848351, -0.08101858],
       [ 0.82193837, -0.56894952, -0.02671649,  0.0820343 ],
       [ 0.03248709, -0.        ,  0.99947216,  0.08164591],
       [ 0.        ,  0.        ,  0.        ,  1.        ]])]"
3,"[array([[-0.57198879, -0.81993264, -0.02322275, -0.16565418],
       [ 0.8192577 , -0.57246002,  0.03326186,  0.02338189],
       [-0.04056658,  0.        ,  0.99917684,  0.08448669],
       [ 0.        ,  0.        ,  0.        ,  1.        ]])]","[array([[ 0.6987057 , -0.71524202,  0.01546602, -0.19715643],
       [ 0.71506686,  0.69887686,  0.01582818,  0.08861182],
       [-0.02212982, -0.        ,  0.99975511,  0.08269773],
       [ 0.        ,  0.        ,  0.        ,  1.        ]])]","[array([[ 0.6987057 , -0.71524202,  0.01546602, -0.19715643],
       [ 0.71506686,  0.69887686,  0.01582818,  0.08861182],
       [-0.02212982, -0.        ,  0.99975511,  0.08269773],
       [ 0.        ,  0.        ,  0.        ,  1.        ]])]","[array([[ 0.46198455, -0.88680745,  0.01195067, -0.10751487],
       [ 0.88651089,  0.46213909,  0.02293237,  0.03459664],
       [-0.02585947,  0.        ,  0.99966559,  0.08503425],
       [ 0.        ,  0.        ,  0.        ,  1.        ]])]","[array([[-0.56879914, -0.82226792,  0.01852016, -0.08101037],
       [ 0.8218324 , -0.56910057, -0.02675895,  0.0820396 ],
       [ 0.03254286, -0.        ,  0.99947034,  0.08164414],
       [ 0.        ,  0.        ,  0.        ,  1.        ]])]","[array([[-0.56879914, -0.82226792,  0.01852016, -0.08101037],
       [ 0.8218324 , -0.56910057, -0.02675895,  0.0820396 ],
       [ 0.03254286, -0.        ,  0.99947034,  0.08164414],
       [ 0.        ,  0.        ,  0.        ,  1.        ]])]"
4,"[array([[-0.57092207, -0.82067598, -0.02321492, -0.16566254],
       [ 0.81999836, -0.57139385,  0.0333429 ,  0.02338843],
       [-0.04062858,  0.        ,  0.99917432,  0.08448708],
       [ 0.        ,  0.        ,  0.        ,  1.        ]])]","[array([[ 0.6943035 , -0.71945917,  0.01792072, -0.19697542],
       [ 0.71921964,  0.69453474,  0.01856383,  0.08837622],
       [-0.02580248, -0.        ,  0.99966706,  0.08305552],
       [ 0.        ,  0.        ,  0.        ,  1.        ]])]","[array([[ 0.6943035 , -0.71945917,  0.01792072, -0.19697542],
       [ 0.71921964,  0.69453474,  0.01856383,  0.08837622],
       [-0.02580248, -0.        ,  0.99966706,  0.08305552],
       [ 0.        ,  0.        ,  0.        ,  1.        ]])]","[array([[ 0.46203535, -0.88678257,  0.01183279, -0.10752279],
       [ 0.8864919 ,  0.46218684,  0.02270318,  0.03459749],
       [-0.02560174,  0.        ,  0.99967222,  0.08502448],
       [ 0.        ,  0.        ,  0.        ,  1.        ]])]","[array([[-0.56868645, -0.82234724,  0.01845905, -0.08103105],
       [ 0.82191438, -0.56898595, -0.0266786 ,  0.08204057],
       [ 0.03244201, -0.        ,  0.99947362,  0.08164334],
       [ 0.        ,  0.        ,  0.        ,  1.        ]])]","[array([[-0.56868645, -0.82234724,  0.01845905, -0.08103105],
       [ 0.82191438, -0.56898595, -0.0266786 ,  0.08204057],
       [ 0.03244201, -0.        ,  0.99947362,  0.08164334],
       [ 0.        ,  0.        ,  0.        ,  1.        ]])]"
5,"[array([[-0.57117361, -0.8204976 , -0.02333243, -0.16566487],
       [ 0.81981386, -0.57164997,  0.03348939,  0.02340065],
       [-0.04081595,  0.        ,  0.99916668,  0.08446128],
       [ 0.        ,  0.        ,  0.        ,  1.        ]])]","[array([[ 0.69759286, -0.71608302,  0.02427573, -0.19707783],
       [ 0.71564983,  0.69801512,  0.0249041 ,  0.0885124 ],
       [-0.03477823, -0.        ,  0.99939505,  0.08330595],
       [ 0.        ,  0.        ,  0.        ,  1.        ]])]","[array([[ 0.69759286, -0.71608302,  0.02427573, -0.19707783],
       [ 0.71564983,  0.69801512,  0.0249041 ,  0.0885124 ],
       [-0.03477823, -0.        ,  0.99939505,  0.08330595],
       [ 0.        ,  0.        ,  0.        ,  1.        ]])]","[array([[ 0.46092743, -0.88735894,  0.01183286, -0.10754108],
       [ 0.88706668,  0.46107929,  0.02277265,  0.03459779],
       [-0.0256634 ,  0.        ,  0.99967064,  0.08501886],
       [ 0.        ,  0.        ,  0.        ,  1.        ]])]","[array([[-0.5695298 , -0.82176282,  0.01848455, -0.08111019],
       [ 0.82133035, -0.56982968, -0.02665693,  0.08207654],
       [ 0.03243872, -0.        ,  0.99947373,  0.08163245],
       [ 0.        ,  0.        ,  0.        ,  1.        ]])]","[array([[-0.5695298 , -0.82176282,  0.01848455, -0.08111019],
       [ 0.82133035, -0.56982968, -0.02665693,  0.08207654],
       [ 0.03243872, -0.        ,  0.99947373,  0.08163245],
       [ 0.        ,  0.        ,  0.        ,  1.        ]])]"
6,"[array([[-0.6043278 , -0.79639471, -0.02331035, -0.16547205],
       [ 0.79580292, -0.6047772 ,  0.03069599,  0.02302567],
       [-0.03854369,  0.        ,  0.99925692,  0.08443338],
       [ 0.        ,  0.        ,  0.        ,  1.        ]])]","[array([[ 0.6686319 , -0.74322033,  0.02355672, -0.19954599],
       [ 0.7427595 ,  0.66904674,  0.02616832,  0.08687096],
       [-0.03520937, -0.        ,  0.99937996,  0.08333466],
       [ 0.        ,  0.        ,  0.        ,  1.        ]])]","[array([[ 0.6686319 , -0.74322033,  0.02355672, -0.19954599],
       [ 0.7427595 ,  0.66904674,  0.02616832,  0.08687096],
       [-0.03520937, -0.        ,  0.99937996,  0.08333466],
       [ 0.        ,  0.        ,  0.        ,  1.        ]])]","[array([[ 0.42579037, -0.90471058,  0.01418907, -0.10793701],
       [ 0.90420866,  0.42602672,  0.03013192,  0.03441271],
       [-0.03330559,  0.        ,  0.99944521,  0.08501305],
       [ 0.        ,  0.        ,  0.        ,  1.        ]])]","[array([[-0.59919454, -0.80041436,  0.01739978, -0.08335231],
       [ 0.8000771 , -0.59944712, -0.02323313,  0.08283815],
       [ 0.02902638, -0.        ,  0.99957865,  0.08126496],
       [ 0.        ,  0.        ,  0.        ,  1.        ]])]","[array([[-0.59919454, -0.80041436,  0.01739978, -0.08335231],
       [ 0.8000771 , -0.59944712, -0.02323313,  0.08283815],
       [ 0.02902638, -0.        ,  0.99957865,  0.08126496],
       [ 0.        ,  0.        ,  0.        ,  1.        ]])]"
7,"[array([[-0.65806117, -0.75222901, -0.03327162, -0.16514403],
       [ 0.75126938, -0.65890175,  0.03798423,  0.02243256],
       [-0.05049556,  0.        ,  0.99872429,  0.0847151 ],
       [ 0.        ,  0.        ,  0.        ,  1.        ]])]","[array([[ 0.62227954, -0.78243703,  0.02367427, -0.20363446],
       [ 0.7818714 ,  0.62272972,  0.02974585,  0.08367077],
       [-0.03801692, -0.        ,  0.9992771 ,  0.08353394],
       [ 0.        ,  0.        ,  0.        ,  1.        ]])]","[array([[ 0.62227954, -0.78243703,  0.02367427, -0.20363446],
       [ 0.7818714 ,  0.62272972,  0.02974585,  0.08367077],
       [-0.03801692, -0.        ,  0.9992771 ,  0.08353394],
       [ 0.        ,  0.        ,  0.        ,  1.        ]])]","[array([[ 0.34668136, -0.93790677,  0.01195536, -0.10848158],
       [ 0.93734957,  0.34688744,  0.03232463,  0.033559  ],
       [-0.03446465,  0.        ,  0.99940592,  0.08500001],
       [ 0.        ,  0.        ,  0.        ,  1.        ]])]","[array([[-0.618982  , -0.78523264,  0.01646191, -0.08834032],
       [ 0.78495509, -0.61920086, -0.02087599,  0.08467442],
       [ 0.02658573, -0.        ,  0.99964654,  0.08129457],
       [ 0.        ,  0.        ,  0.        ,  1.        ]])]","[array([[-0.618982  , -0.78523264,  0.01646191, -0.08834032],
       [ 0.78495509, -0.61920086, -0.02087599,  0.08467442],
       [ 0.02658573, -0.        ,  0.99964654,  0.08129457],
       [ 0.        ,  0.        ,  0.        ,  1.        ]])]"
8,"[array([[-0.71276176, -0.7001309 , -0.04227765, -0.16470513],
       [ 0.6989025 , -0.71401451,  0.04145559,  0.02171267],
       [-0.0592112 ,  0.        ,  0.99824548,  0.08508333],
       [ 0.        ,  0.        ,  0.        ,  1.        ]])]","[array([[ 0.57615181, -0.81701584,  0.02311304, -0.2076332 ],
       [ 0.81635922,  0.57661522,  0.03274926,  0.07986655],
       [-0.04008399, -0.        ,  0.99919631,  0.08365267],
       [ 0.        ,  0.        ,  0.        ,  1.        ]])]","[array([[ 0.57615181, -0.81701584,  0.02311304, -0.2076332 ],
       [ 0.81635922,  0.57661522,  0.03274926,  0.07986655],
       [-0.04008399, -0.        ,  0.99919631,  0.08365267],
       [ 0.        ,  0.        ,  0.        ,  1.        ]])]","[array([[ 0.25714675, -0.9663279 ,  0.00926999, -0.10890125],
       [ 0.96570061,  0.25731378,  0.03481293,  0.03254997],
       [-0.036026  ,  0.        ,  0.99935085,  0.08507498],
       [ 0.        ,  0.        ,  0.        ,  1.        ]])]","[array([[-0.62899945, -0.77724721,  0.0156994 , -0.09393897],
       [ 0.77700522, -0.62919535, -0.01939352,  0.0862778 ],
       [ 0.02495155, -0.        ,  0.99968866,  0.08138154],
       [ 0.        ,  0.        ,  0.        ,  1.        ]])]","[array([[-0.62899945, -0.77724721,  0.0156994 , -0.09393897],
       [ 0.77700522, -0.62919535, -0.01939352,  0.0862778 ],
       [ 0.02495155, -0.        ,  0.99968866,  0.08138154],
       [ 0.        ,  0.        ,  0.        ,  1.        ]])]"
9,"[array([[-0.76678034, -0.64036704, -0.04447429, -0.1641493 ],
       [ 0.6392926 , -0.76806904,  0.03707983,  0.02110306],
       [-0.05790403,  0.        ,  0.99832215,  0.08506905],
       [ 0.        ,  0.        ,  0.        ,  1.        ]])]","[array([[ 0.53082881, -0.84722388,  0.02079604, -0.21143486],
       [ 0.84657446,  0.53123602,  0.03316587,  0.07570549],
       [-0.03914652, -0.        ,  0.99923348,  0.08363486],
       [ 0.        ,  0.        ,  0.        ,  1.        ]])]","[array([[ 0.53082881, -0.84722388,  0.02079604, -0.21143486],
       [ 0.84657446,  0.53123602,  0.03316587,  0.07570549],
       [-0.03914652, -0.        ,  0.99923348,  0.08363486],
       [ 0.        ,  0.        ,  0.        ,  1.        ]])]","[array([[ 0.16952724, -0.98549756,  0.00742096, -0.1092117 ],
       [ 0.98455471,  0.16968959,  0.04309833,  0.03153997],
       [-0.04373256,  0.        ,  0.99904327,  0.08534161],
       [ 0.        ,  0.        ,  0.        ,  1.        ]])]","[array([[-0.64102943, -0.767362  ,  0.01538899, -0.09937849],
       [ 0.76714098, -0.64121413, -0.01841651,  0.08731822],
       [ 0.02399977, -0.        ,  0.99971196,  0.08140181],
       [ 0.        ,  0.        ,  0.        ,  1.        ]])]","[array([[-0.64102943, -0.767362  ,  0.01538899, -0.09937849],
       [ 0.76714098, -0.64121413, -0.01841651,  0.08731822],
       [ 0.02399977, -0.        ,  0.99971196,  0.08140181],
       [ 0.        ,  0.        ,  0.        ,  1.        ]])]"
10,"[array([[-0.77195835, -0.63411658, -0.04445764, -0.16408021],
       [ 0.6330676 , -0.77323746,  0.03645882,  0.02106171],
       [-0.05749546,  0.        ,  0.99834577,  0.0850469 ],
       [ 0.        ,  0.        ,  0.        ,  1.        ]])]","[array([[ 0.52744069, -0.84933933,  0.02071279, -0.21177364],
       [ 0.84868518,  0.52784723,  0.03332818,  0.07531012],
       [-0.03924012, -0.        ,  0.99922981,  0.08362684],
       [ 0.        ,  0.        ,  0.        ,  1.        ]])]","[array([[ 0.52744069, -0.84933933,  0.02071279, -0.21177364],
       [ 0.84868518,  0.52784723,  0.03332818,  0.07531012],
       [-0.03924012, -0.        ,  0.99922981,  0.08362684],
       [ 0.        ,  0.        ,  0.        ,  1.        ]])]","[array([[ 0.16065159, -0.9869871 ,  0.00689485, -0.10925011],
       [ 0.98607936,  0.16079948,  0.04232056,  0.03142892],
       [-0.04287854,  0.        ,  0.99908029,  0.08532348],
       [ 0.        ,  0.        ,  0.        ,  1.        ]])]","[array([[-0.63996246, -0.76825826,  0.01507657, -0.09998574],
       [ 0.76804515, -0.64014003, -0.018094  ,  0.08742924],
       [ 0.02355198, -0.        ,  0.99972261,  0.08143205],
       [ 0.        ,  0.        ,  0.        ,  1.        ]])]","[array([[-0.63996246, -0.76825826,  0.01507657, -0.09998574],
       [ 0.76804515, -0.64014003, -0.018094  ,  0.08742924],
       [ 0.02355198, -0.        ,  0.99972261,  0.08143205],
       [ 0.        ,  0.        ,  0.        ,  1.        ]])]"
11,"[array([[-0.75814421, -0.65060296, -0.04396743, -0.16419118],
       [ 0.64951165, -0.75941806,  0.03766745,  0.02129456],
       [-0.05789622,  0.        ,  0.99832261,  0.08508588],
       [ 0.        ,  0.        ,  0.        ,  1.        ]])]","[array([[ 0.54652021, -0.8371378 ,  0.02271474, -0.21071546],
       [ 0.83641569,  0.54699205,  0.03476352,  0.07658445],
       [-0.04152664, -0.        ,  0.9991374 ,  0.08370655],
       [ 0.        ,  0.        ,  0.        ,  1.        ]])]","[array([[ 0.54652021, -0.8371378 ,  0.02271474, -0.21071546],
       [ 0.83641569,  0.54699205,  0.03476352,  0.07658445],
       [-0.04152664, -0.        ,  0.9991374 ,  0.08370655],
       [ 0.        ,  0.        ,  0.        ,  1.        ]])]","[array([[ 0.17947981, -0.98373246,  0.00757891, -0.10910997],
       [ 0.98285657,  0.17963976,  0.04150317,  0.03161032],
       [-0.04218949,  0.        ,  0.99910963,  0.08526104],
       [ 0.        ,  0.        ,  0.        ,  1.        ]])]","[array([[-0.62594736, -0.77971305,  0.01540976, -0.09883893],
       [ 0.77947688, -0.62613701, -0.01918939,  0.08742525],
       [ 0.02461084, -0.        ,  0.99969711,  0.08128738],
       [ 0.        ,  0.        ,  0.        ,  1.        ]])]","[array([[-0.62594736, -0.77971305,  0.01540976, -0.09883893],
       [ 0.77947688, -0.62613701, -0.01918939,  0.08742525],
       [ 0.02461084, -0.        ,  0.99969711,  0.08128738],
       [ 0.        ,  0.        ,  0.        ,  1.        ]])]"
12,"[array([[-0.73478366, -0.67785686, -0.02455701, -0.16429547],
       [ 0.67747861, -0.73519391,  0.02264183,  0.02187365],
       [-0.03340208,  0.        ,  0.99944199,  0.08445021],
       [ 0.        ,  0.        ,  0.        ,  1.        ]])]","[array([[ 0.58240073, -0.81246349,  0.02669202, -0.20854943],
       [ 0.81161155,  0.58301207,  0.03719699,  0.07896531],
       [-0.04578296, -0.        ,  0.99895141,  0.0839059 ],
       [ 0.        ,  0.        ,  0.        ,  1.        ]])]","[array([[ 0.58240073, -0.81246349,  0.02669202, -0.20854943],
       [ 0.81161155,  0.58301207,  0.03719699,  0.07896531],
       [-0.04578296, -0.        ,  0.99895141,  0.0839059 ],
       [ 0.        ,  0.        ,  0.        ,  1.        ]])]","[array([[ 0.2147597 , -0.97663968,  0.00729446, -0.10882429],
       [ 0.97607681,  0.21488354,  0.0331531 ,  0.03191697],
       [-0.03394609,  0.        ,  0.99942367,  0.08507039],
       [ 0.        ,  0.        ,  0.        ,  1.        ]])]","[array([[-0.59942398, -0.80026467,  0.0163506 , -0.09660196],
       [ 0.79996712, -0.59964694, -0.02182086,  0.0873449 ],
       [ 0.02726705, -0.        ,  0.99962818,  0.08132091],
       [ 0.        ,  0.        ,  0.        ,  1.        ]])]","[array([[-0.59942398, -0.80026467,  0.0163506 , -0.09660196],
       [ 0.79996712, -0.59964694, -0.02182086,  0.0873449 ],
       [ 0.02726705, -0.        ,  0.99962818,  0.08132091],
       [ 0.        ,  0.        ,  0.        ,  1.        ]])]"
13,"[array([[-0.68107682, -0.73193692, -0.02006776, -0.16469066],
       [ 0.7316194 , -0.6813724 ,  0.02155698,  0.02251611],
       [-0.02945197,  0.        ,  0.9995662 ,  0.08447372],
       [ 0.        ,  0.        ,  0.        ,  1.        ]])]","[array([[ 0.63573651, -0.7714217 ,  0.02734316, -0.20448282],
       [ 0.77070917,  0.63632426,  0.03314837,  0.08269191],
       [-0.04297049, -0.        ,  0.99907634,  0.08428646],
       [ 0.        ,  0.        ,  0.        ,  1.        ]])]","[array([[ 0.63573651, -0.7714217 ,  0.02734316, -0.20448282],
       [ 0.77070917,  0.63632426,  0.03314837,  0.08269191],
       [-0.04297049, -0.        ,  0.99907634,  0.08428646],
       [ 0.        ,  0.        ,  0.        ,  1.        ]])]","[array([[ 0.28064775, -0.95974492,  0.01124818, -0.10832625],
       [ 0.95897501,  0.28087307,  0.0384351 ,  0.03253971],
       [-0.0400472 ,  0.        ,  0.99919779,  0.08523106],
       [ 0.        ,  0.        ,  0.        ,  1.        ]])]","[array([[-0.56059581, -0.82790217,  0.01761622, -0.09222171],
       [ 0.82749371, -0.56087252, -0.02600324,  0.0866907 ],
       [ 0.03140859, -0.        ,  0.99950663,  0.08143721],
       [ 0.        ,  0.        ,  0.        ,  1.        ]])]","[array([[-0.56059581, -0.82790217,  0.01761622, -0.09222171],
       [ 0.82749371, -0.56087252, -0.02600324,  0.0866907 ],
       [ 0.03140859, -0.        ,  0.99950663,  0.08143721],
       [ 0.        ,  0.        ,  0.        ,  1.        ]])]"
14,"[array([[-0.60077668, -0.79918933, -0.01907321, -0.16517438],
       [ 0.79878688, -0.60107937,  0.02535956,  0.0233889 ],
       [-0.0317316 ,  0.        ,  0.99949643,  0.08447479],
       [ 0.        ,  0.        ,  0.        ,  1.        ]])]","[array([[ 0.69975984, -0.71400633,  0.02304612, -0.19868039],
       [ 0.71361941,  0.70013924,  0.02350258,  0.08752253],
       [-0.03291648, -0.        ,  0.99945811,  0.08366274],
       [ 0.        ,  0.        ,  0.        ,  1.        ]])]","[array([[ 0.69975984, -0.71400633,  0.02304612, -0.19868039],
       [ 0.71361941,  0.70013924,  0.02350258,  0.08752253],
       [-0.03291648, -0.        ,  0.99945811,  0.08366274],
       [ 0.        ,  0.        ,  0.        ,  1.        ]])]","[array([[ 0.411313  , -0.91136675,  0.01524043, -0.10759679],
       [ 0.91074177,  0.41159525,  0.03374583,  0.03401629],
       [-0.03702771,  0.        ,  0.99931424,  0.08504142],
       [ 0.        ,  0.        ,  0.        ,  1.        ]])]","[array([[-0.5565554 , -0.83061405,  0.01806641, -0.08396648],
       [ 0.83017677, -0.55684855, -0.02694847,  0.08367071],
       [ 0.03244404, -0.        ,  0.99947355,  0.08125528],
       [ 0.        ,  0.        ,  0.        ,  1.        ]])]","[array([[-0.5565554 , -0.83061405,  0.01806641, -0.08396648],
       [ 0.83017677, -0.55684855, -0.02694847,  0.08367071],
       [ 0.03244404, -0.        ,  0.99947355,  0.08125528],
       [ 0.        ,  0.        ,  0.        ,  1.        ]])]"
15,"[array([[-0.5361932 , -0.84388797, -0.01870695, -0.1655475 ],
       [ 0.84337485, -0.53651942,  0.02942405,  0.02398949],
       [-0.03486724,  0.        ,  0.99939195,  0.08455703],
       [ 0.        ,  0.        ,  0.        ,  1.        ]])]","[array([[ 0.73291381, -0.68005226,  0.01913805, -0.19394489],
       [ 0.67982053,  0.73316364,  0.01775166,  0.09019194],
       [-0.02610337, -0.        ,  0.99965925,  0.08357609],
       [ 0.        ,  0.        ,  0.        ,  1.        ]])]","[array([[ 0.73291381, -0.68005226,  0.01913805, -0.19394489],
       [ 0.67982053,  0.73316364,  0.01775166,  0.09019194],
       [-0.02610337, -0.        ,  0.99965925,  0.08357609],
       [ 0.        ,  0.        ,  0.        ,  1.        ]])]","[array([[ 0.49913918, -0.86624679,  0.02183087, -0.10698266],
       [ 0.86541944,  0.49961636,  0.03785088,  0.0348767 ],
       [-0.04369526,  0.        ,  0.99904491,  0.08528377],
       [ 0.        ,  0.        ,  0.        ,  1.        ]])]","[array([[-0.54401406, -0.83884945,  0.01950126, -0.07844653],
       [ 0.83831101, -0.54436348, -0.03005092,  0.08096971],
       [ 0.03582397, -0.        ,  0.99935812,  0.0811628 ],
       [ 0.        ,  0.        ,  0.        ,  1.        ]])]","[array([[-0.54401406, -0.83884945,  0.01950126, -0.07844653],
       [ 0.83831101, -0.54436348, -0.03005092,  0.08096971],
       [ 0.03582397, -0.        ,  0.99935812,  0.0811628 ],
       [ 0.        ,  0.        ,  0.        ,  1.        ]])]"
16,"[array([[-0.45923689, -0.88800906, -0.02326781, -0.1660952 ],
       [ 0.88687146, -0.45982596,  0.04493444,  0.02467156],
       [-0.05060133,  0.        ,  0.99871893,  0.08516947],
       [ 0.        ,  0.        ,  0.        ,  1.        ]])]","[array([[ 0.77337422, -0.63377505,  0.01488295, -0.18863529],
       [ 0.63365773,  0.77351741,  0.01219422,  0.09281351],
       [-0.01924062, -0.        ,  0.99981488,  0.08345085],
       [ 0.        ,  0.        ,  0.        ,  1.        ]])]","[array([[ 0.77337422, -0.63377505,  0.01488295, -0.18863529],
       [ 0.63365773,  0.77351741,  0.01219422,  0.09281351],
       [-0.01924062, -0.        ,  0.99981488,  0.08345085],
       [ 0.        ,  0.        ,  0.        ,  1.        ]])]","[array([[ 0.60176351, -0.79836185,  0.02233911, -0.10619196],
       [ 0.7978123 ,  0.60217802,  0.02961698,  0.03607633],
       [-0.03709719,  0.        ,  0.99931166,  0.08505998],
       [ 0.        ,  0.        ,  0.        ,  1.        ]])]","[array([[-0.53541113, -0.844312  ,  0.02172925, -0.07225922],
       [ 0.84361754, -0.53585188, -0.03423756,  0.076931  ],
       [ 0.04055084, -0.        ,  0.99917748,  0.08113948],
       [ 0.        ,  0.        ,  0.        ,  1.        ]])]","[array([[-0.53541113, -0.844312  ,  0.02172925, -0.07225922],
       [ 0.84361754, -0.53585188, -0.03423756,  0.076931  ],
       [ 0.04055084, -0.        ,  0.99917748,  0.08113948],
       [ 0.        ,  0.        ,  0.        ,  1.        ]])]"
17,"[array([[-0.40932091, -0.91213058, -0.02177599, -0.1663057 ],
       [ 0.91084253, -0.40989975,  0.04845709,  0.02513152],
       [-0.05312516,  0.        ,  0.99858786,  0.085276  ],
       [ 0.        ,  0.        ,  0.        ,  1.        ]])]","[array([[ 0.79909374, -0.60108262,  0.01220152, -0.18505005],
       [ 0.60101257,  0.79918689,  0.00917698,  0.09429414],
       [-0.01526742, -0.        ,  0.99988345,  0.0834255 ],
       [ 0.        ,  0.        ,  0.        ,  1.        ]])]","[array([[ 0.79909374, -0.60108262,  0.01220152, -0.18505005],
       [ 0.60101257,  0.79918689,  0.00917698,  0.09429414],
       [-0.01526742, -0.        ,  0.99988345,  0.0834255 ],
       [ 0.        ,  0.        ,  0.        ,  1.        ]])]","[array([[ 0.6648611 , -0.74650847,  0.02616899, -0.10563015],
       [ 0.74593089,  0.66537591,  0.0293599 ,  0.03673836],
       [-0.03932963,  0.        ,  0.99922629,  0.08518098],
       [ 0.        ,  0.        ,  0.        ,  1.        ]])]","[array([[-0.52793665, -0.8489778 ,  0.02279464, -0.06837306],
       [ 0.84818755, -0.52842852, -0.03662206,  0.07379874],
       [ 0.04313665, -0.        ,  0.99906918,  0.08118325],
       [ 0.        ,  0.        ,  0.        ,  1.        ]])]","[array([[-0.52793665, -0.8489778 ,  0.02279464, -0.06837306],
       [ 0.84818755, -0.52842852, -0.03662206,  0.07379874],
       [ 0.04313665, -0.        ,  0.99906918,  0.08118325],
       [ 0.        ,  0.        ,  0.        ,  1.        ]])]"
18,"[array([[-0.35528827, -0.9345564 , -0.01935431, -0.16650112],
       [ 0.93317282, -0.35581504,  0.05083454,  0.02564953],
       [-0.0543943 ,  0.        ,  0.99851953,  0.08530543],
       [ 0.        ,  0.        ,  0.        ,  1.        ]])]","[array([[ 0.81969547, -0.57278808,  0.0036273 , -0.18119786],
       [ 0.57278247,  0.81970349,  0.00253467,  0.09567918],
       [-0.00442514, -0.        ,  0.99999021,  0.08287172],
       [ 0.        ,  0.        ,  0.        ,  1.        ]])]","[array([[ 0.81969547, -0.57278808,  0.0036273 , -0.18119786],
       [ 0.57278247,  0.81970349,  0.00253467,  0.09567918],
       [-0.00442514, -0.        ,  0.99999021,  0.08287172],
       [ 0.        ,  0.        ,  0.        ,  1.        ]])]","[array([[ 0.72440993, -0.68884606,  0.02685795, -0.10493329],
       [ 0.68837311,  0.72490765,  0.02552186,  0.037361  ],
       [-0.03705017,  0.        ,  0.99931341,  0.08511592],
       [ 0.        ,  0.        ,  0.        ,  1.        ]])]","[array([[-0.52016719, -0.85382013,  0.02042754, -0.06461271],
       [ 0.8531625 , -0.52056814, -0.03350463,  0.07033762],
       [ 0.03924086, -0.        ,  0.99922978,  0.08134214],
       [ 0.        ,  0.        ,  0.        ,  1.        ]])]","[array([[-0.52016719, -0.85382013,  0.02042754, -0.06461271],
       [ 0.8531625 , -0.52056814, -0.03350463,  0.07033762],
       [ 0.03924086, -0.        ,  0.99922978,  0.08134214],
       [ 0.        ,  0.        ,  0.        ,  1.        ]])]"
19,"[array([[-0.35124611, -0.93608616, -0.01920593, -0.16651107],
       [ 0.93468992, -0.3517708 ,  0.05110828,  0.02569055],
       [-0.05459784,  0.        ,  0.99850843,  0.08530099],
       [ 0.        ,  0.        ,  0.        ,  1.        ]])]","[array([[ 0.81939165, -0.57321526,  0.00464674, -0.18095512],
       [ 0.57320604,  0.81940482,  0.00325063,  0.09580137],
       [-0.00567087, -0.        ,  0.99998392,  0.08285133],
       [ 0.        ,  0.        ,  0.        ,  1.        ]])]","[array([[ 0.81939165, -0.57321526,  0.00464674, -0.18095512],
       [ 0.57320604,  0.81940482,  0.00325063,  0.09580137],
       [-0.00567087, -0.        ,  0.99998392,  0.08285133],
       [ 0.        ,  0.        ,  0.        ,  1.        ]])]","[array([[ 0.72736528, -0.68566738,  0.02828401, -0.10490728],
       [ 0.68514957,  0.727915  ,  0.02664243,  0.0374149 ],
       [-0.0388562 ,  0.        ,  0.99924481,  0.08515838],
       [ 0.        ,  0.        ,  0.        ,  1.        ]])]","[array([[-0.51945456, -0.85424798,  0.02067255, -0.06444425],
       [ 0.85357231, -0.51986575, -0.03396932,  0.07017925],
       [ 0.03976518, -0.        ,  0.99920905,  0.08129347],
       [ 0.        ,  0.        ,  0.        ,  1.        ]])]","[array([[-0.51945456, -0.85424798,  0.02067255, -0.06444425],
       [ 0.85357231, -0.51986575, -0.03396932,  0.07017925],
       [ 0.03976518, -0.        ,  0.99920905,  0.08129347],
       [ 0.        ,  0.        ,  0.        ,  1.        ]])]"
20,"[array([[-0.35498274, -0.93467083, -0.01943449, -0.16651727],
       [ 0.93327322, -0.35551434,  0.05109456,  0.0256517 ],
       [-0.05466584,  0.        ,  0.99850471,  0.08530151],
       [ 0.        ,  0.        ,  0.        ,  1.        ]])]","[array([[ 0.81757787, -0.57579874,  0.00471451, -0.18123207],
       [ 0.57578917,  0.81759147,  0.00332025,  0.09570407],
       [-0.00576634, -0.        ,  0.99998337,  0.08284037],
       [ 0.        ,  0.        ,  0.        ,  1.        ]])]","[array([[ 0.81757787, -0.57579874,  0.00471451, -0.18123207],
       [ 0.57578917,  0.81759147,  0.00332025,  0.09570407],
       [-0.00576634, -0.        ,  0.99998337,  0.08284037],
       [ 0.        ,  0.        ,  0.        ,  1.        ]])]","[array([[ 0.72427055, -0.68901253,  0.02634211, -0.10498565],
       [ 0.68855726,  0.72474943,  0.0250432 ,  0.03740447],
       [-0.0363465 ,  0.        ,  0.99933925,  0.08509416],
       [ 0.        ,  0.        ,  0.        ,  1.        ]])]","[array([[-0.52283336, -0.85220619,  0.01974557, -0.06465973],
       [ 0.85159909, -0.52320609, -0.03216188,  0.07036607],
       [ 0.03773956, -0.        ,  0.99928761,  0.08136688],
       [ 0.        ,  0.        ,  0.        ,  1.        ]])]","[array([[-0.52283336, -0.85220619,  0.01974557, -0.06465973],
       [ 0.85159909, -0.52320609, -0.03216188,  0.07036607],
       [ 0.03773956, -0.        ,  0.99928761,  0.08136688],
       [ 0.        ,  0.        ,  0.        ,  1.        ]])]"
21,"[array([[-0.42524128, -0.90494189, -0.01581264, -0.16624531],
       [ 0.90431689, -0.42553517,  0.03362712,  0.02491084],
       [-0.03715943,  0.        ,  0.99930935,  0.08460837],
       [ 0.        ,  0.        ,  0.        ,  1.        ]])]","[array([[ 0.77839256, -0.62758523,  0.01554972, -0.18623802],
       [ 0.62746005,  0.77854786,  0.01253459,  0.09393524],
       [-0.01997273, -0.        ,  0.99980053,  0.08314413],
       [ 0.        ,  0.        ,  0.        ,  1.        ]])]","[array([[ 0.77839256, -0.62758523,  0.01554972, -0.18623802],
       [ 0.62746005,  0.77854786,  0.01253459,  0.09393524],
       [-0.01997273, -0.        ,  0.99980053,  0.08314413],
       [ 0.        ,  0.        ,  0.        ,  1.        ]])]","[array([[ 0.66105636, -0.74979667,  0.02845051, -0.10557911],
       [ 0.74910323,  0.66166831,  0.03223986,  0.03696539],
       [-0.04299814,  0.        ,  0.99907515,  0.08540216],
       [ 0.        ,  0.        ,  0.        ,  1.        ]])]","[array([[-0.57394255, -0.81863503,  0.02065525, -0.06839086],
       [ 0.81810541, -0.57431411, -0.02944226,  0.07324343],
       [ 0.03596507, -0.        ,  0.99935305,  0.08104231],
       [ 0.        ,  0.        ,  0.        ,  1.        ]])]","[array([[-0.57394255, -0.81863503,  0.02065525, -0.06839086],
       [ 0.81810541, -0.57431411, -0.02944226,  0.07324343],
       [ 0.03596507, -0.        ,  0.99935305,  0.08104231],
       [ 0.        ,  0.        ,  0.        ,  1.        ]])]"
22,"[array([[-0.51611048, -0.85630442, -0.0193059 , -0.16596059],
       [ 0.85570595, -0.51647144,  0.03200899,  0.02390232],
       [-0.03738038,  0.        ,  0.99930111,  0.08448632],
       [ 0.        ,  0.        ,  0.        ,  1.        ]])]","[array([[ 0.71544505, -0.69847299,  0.01654909, -0.19307528],
       [ 0.6982862 ,  0.71563642,  0.01615219,  0.09074686],
       [-0.023125  , -0.        ,  0.99973258,  0.08300737],
       [ 0.        ,  0.        ,  0.        ,  1.        ]])]","[array([[ 0.71544505, -0.69847299,  0.01654909, -0.19307528],
       [ 0.6982862 ,  0.71563642,  0.01615219,  0.09074686],
       [-0.023125  , -0.        ,  0.99973258,  0.08300737],
       [ 0.        ,  0.        ,  0.        ,  1.        ]])]","[array([[ 0.5466059 , -0.8370012 ,  0.02551443, -0.10680336],
       [ 0.83609084,  0.54720106,  0.03902699,  0.03577097],
       [-0.04662716,  0.        ,  0.99891236,  0.08547945],
       [ 0.        ,  0.        ,  0.        ,  1.        ]])]","[array([[-0.59690984, -0.80207269,  0.0194433 , -0.07552777],
       [ 0.80164752, -0.59722643, -0.02611227,  0.07844875],
       [ 0.03255599, -0.        ,  0.99946991,  0.08112172],
       [ 0.        ,  0.        ,  0.        ,  1.        ]])]","[array([[-0.59690984, -0.80207269,  0.0194433 , -0.07552777],
       [ 0.80164752, -0.59722643, -0.02611227,  0.07844875],
       [ 0.03255599, -0.        ,  0.99946991,  0.08112172],
       [ 0.        ,  0.        ,  0.        ,  1.        ]])]"
23,"[array([[-0.62893267, -0.77717541, -0.02102579, -0.16525128],
       [ 0.77674147, -0.62928403,  0.02596717,  0.02271289],
       [-0.03341224,  0.        ,  0.99944166,  0.08440543],
       [ 0.        ,  0.        ,  0.        ,  1.        ]])]","[array([[ 0.64511628, -0.76389442,  0.01703807, -0.20110422],
       [ 0.76362814,  0.64534124,  0.02016807,  0.08537866],
       [-0.02640164, -0.        ,  0.99965142,  0.08327757],
       [ 0.        ,  0.        ,  0.        ,  1.        ]])]","[array([[ 0.64511628, -0.76389442,  0.01703807, -0.20110422],
       [ 0.76362814,  0.64534124,  0.02016807,  0.08537866],
       [-0.02640164, -0.        ,  0.99965142,  0.08327757],
       [ 0.        ,  0.        ,  0.        ,  1.        ]])]","[array([[ 0.40240922, -0.91532631,  0.01563895, -0.10808749],
       [ 0.91463585,  0.40271299,  0.03554577,  0.03420923],
       [-0.03883399,  0.        ,  0.99924568,  0.08504688],
       [ 0.        ,  0.        ,  0.        ,  1.        ]])]","[array([[-0.62133515, -0.78335815,  0.01710655, -0.08474272],
       [ 0.78306143, -0.62157059, -0.02155918,  0.08316805],
       [ 0.02752149, -0.        ,  0.99962121,  0.08102382],
       [ 0.        ,  0.        ,  0.        ,  1.        ]])]","[array([[-0.62133515, -0.78335815,  0.01710655, -0.08474272],
       [ 0.78306143, -0.62157059, -0.02155918,  0.08316805],
       [ 0.02752149, -0.        ,  0.99962121,  0.08102382],
       [ 0.        ,  0.        ,  0.        ,  1.        ]])]"
24,"[array([[-0.73053075, -0.6816699 , -0.04063213, -0.16446511],
       [ 0.68061794, -0.73165985,  0.03785598,  0.02146753],
       [-0.05553417,  0.        ,  0.99845679,  0.08507597],
       [ 0.        ,  0.        ,  0.        ,  1.        ]])]","[array([[ 0.56542887, -0.8245052 ,  0.0219401 , -0.20876791],
       [ 0.8238852 ,  0.56585437,  0.03196887,  0.0785838 ],
       [-0.0387734 , -0.        ,  0.99924803,  0.08377999],
       [ 0.        ,  0.        ,  0.        ,  1.        ]])]","[array([[ 0.56542887, -0.8245052 ,  0.0219401 , -0.20876791],
       [ 0.8238852 ,  0.56585437,  0.03196887,  0.0785838 ],
       [-0.0387734 , -0.        ,  0.99924803,  0.08377999],
       [ 0.        ,  0.        ,  0.        ,  1.        ]])]","[array([[ 0.23878973, -0.97102375,  0.00960995, -0.10898773],
       [ 0.97023836,  0.23898302,  0.03904667,  0.03238064],
       [-0.04021186,  0.        ,  0.99919118,  0.08509475],
       [ 0.        ,  0.        ,  0.        ,  1.        ]])]","[array([[-0.6418237 , -0.76670317,  0.0151194 , -0.09504617],
       [ 0.76649052, -0.64200176, -0.01805617,  0.08640808],
       [ 0.02355041, -0.        ,  0.99972265,  0.0811311 ],
       [ 0.        ,  0.        ,  0.        ,  1.        ]])]","[array([[-0.6418237 , -0.76670317,  0.0151194 , -0.09504617],
       [ 0.76649052, -0.64200176, -0.01805617,  0.08640808],
       [ 0.02355041, -0.        ,  0.99972265,  0.0811311 ],
       [ 0.        ,  0.        ,  0.        ,  1.        ]])]"
25,"[array([[-0.80042841, -0.59783464, -0.04368185, -0.16370277],
       [ 0.59694638, -0.80161945,  0.03257721,  0.02066398],
       [-0.05449201,  0.        ,  0.99851421,  0.08505062],
       [ 0.        ,  0.        ,  0.        ,  1.        ]])]","[array([[ 0.50401362, -0.86348747,  0.01896452, -0.21362133],
       [ 0.86287686,  0.50437028,  0.03246746,  0.07270318],
       [-0.03760039, -0.        ,  0.99929286,  0.08370669],
       [ 0.        ,  0.        ,  0.        ,  1.        ]])]","[array([[ 0.50401362, -0.86348747,  0.01896452, -0.21362133],
       [ 0.86287686,  0.50437028,  0.03246746,  0.07270318],
       [-0.03760039, -0.        ,  0.99929286,  0.08370669],
       [ 0.        ,  0.        ,  0.        ,  1.        ]])]","[array([[ 0.124844  , -0.9921589 ,  0.00589001, -0.10938992],
       [ 0.99105654,  0.12498286,  0.04675702,  0.03109456],
       [-0.04712654,  0.        ,  0.99888893,  0.08532863],
       [ 0.        ,  0.        ,  0.        ,  1.        ]])]","[array([[-0.66021294, -0.75094504,  0.01415674, -0.10211272],
       [ 0.75077246, -0.66036471, -0.01609858,  0.08750042],
       [ 0.02143776, -0.        ,  0.99977018,  0.08111428],
       [ 0.        ,  0.        ,  0.        ,  1.        ]])]","[array([[-0.66021294, -0.75094504,  0.01415674, -0.10211272],
       [ 0.75077246, -0.66036471, -0.01609858,  0.08750042],
       [ 0.02143776, -0.        ,  0.99977018,  0.08111428],
       [ 0.        ,  0.        ,  0.        ,  1.        ]])]"
26,"[array([[-0.82035878, -0.56998295, -0.04616178, -0.16345752],
       [ 0.56908271, -0.82165652,  0.03202242,  0.0204282 ],
       [-0.05618136,  0.        ,  0.99842058,  0.08510246],
       [ 0.        ,  0.        ,  0.        ,  1.        ]])]","[array([[ 0.4862798 , -0.87361378,  0.01819144, -0.21502396],
       [ 0.87300312,  0.48661994,  0.03265853,  0.07076229],
       [-0.03738326, -0.        ,  0.999301  ,  0.08366379],
       [ 0.        ,  0.        ,  0.        ,  1.        ]])]","[array([[ 0.4862798 , -0.87361378,  0.01819144, -0.21502396],
       [ 0.87300312,  0.48661994,  0.03265853,  0.07076229],
       [-0.03738326, -0.        ,  0.999301  ,  0.08366379],
       [ 0.        ,  0.        ,  0.        ,  1.        ]])]","[array([[ 0.09515224, -0.99545244,  0.00452603, -0.10947105],
       [ 0.99432822,  0.09525983,  0.04729645,  0.03077548],
       [-0.04751252,  0.        ,  0.99887064,  0.08529728],
       [ 0.        ,  0.        ,  0.        ,  1.        ]])]","[array([[-0.67067819, -0.74163434,  0.01301068, -0.10396891],
