,LP,LD1,LD2,RP,RD1,RD2
0,"[array([[-0.54366218, -0.83896515, -0.02385197, -0.0205822 ],
       [ 0.83815888, -0.54418515,  0.03677236,  0.27398913],
       [-0.04383061,  0.        ,  0.99903898,  0.08591781],
       [ 0.        ,  0.        ,  0.        ,  1.        ]])]","[array([[ 0.17088878, -0.98528408,  0.00350886, -0.05383204],
       [ 0.98507644,  0.1709248 ,  0.02022659,  0.33719973],
       [-0.02052868, -0.        ,  0.99978926,  0.08392881],
       [ 0.        ,  0.        ,  0.        ,  1.        ]])]","[array([[ 0.17088878, -0.98528408,  0.00350886, -0.05383204],
       [ 0.98507644,  0.1709248 ,  0.02022659,  0.33719973],
       [-0.02052868, -0.        ,  0.99978926,  0.08392881],
       [ 0.        ,  0.        ,  0.        ,  1.        ]])]","[array([[ 0.6315542 , -0.77506184,  0.02045585,  0.03878451],
       [ 0.7746556 ,  0.63188539,  0.02509086,  0.2816157 ],
       [-0.03237272,  0.        ,  0.99947587,  0.08665815],
       [ 0.        ,  0.        ,  0.        ,  1.        ]])]","[array([[ 2.59889052e-02, -9.99661781e-01, -9.49348573e-04,
         7.59562033e-02],
       [ 9.98995489e-01,  2.60062388e-02, -3.64923006e-02,
         3.27888529e-01],
       [ 3.65046472e-02,  0.00000000e+00,  9.99333483e-01,
         8.36101522e-02],
       [ 0.00000000e+00,  0.00000000e+00,  0.00000000e+00,
         1.00000000e+00]])]","[array([[ 2.59889052e-02, -9.99661781e-01, -9.49348573e-04,
         7.59562033e-02],
       [ 9.98995489e-01,  2.60062388e-02, -3.64923006e-02,
         3.27888529e-01],
       [ 3.65046472e-02,  0.00000000e+00,  9.99333483e-01,
         8.36101522e-02],
       [ 0.00000000e+00,  0.00000000e+00,  0.00000000e+00,
         1.00000000e+00]])]"
1,"[array([[-0.54382467, -0.83886241, -0.02376117, -0.02057639],
       [ 0.83806283, -0.54434352,  0.03661723,  0.27398949],
       [-0.04365106,  0.        ,  0.99904684,  0.08591078],
       [ 0.        ,  0.        ,  0.        ,  1.        ]])]","[array([[ 0.17076015, -0.98530645,  0.00348955, -0.05382805],
       [ 0.98510078,  0.1707958 ,  0.02013092,  0.33719838],
       [-0.02043113, -0.        ,  0.99979126,  0.08392371],
       [ 0.        ,  0.        ,  0.        ,  1.        ]])]","[array([[ 0.17076015, -0.98530645,  0.00348955, -0.05382805],
       [ 0.98510078,  0.1707958 ,  0.02013092,  0.33719838],
       [-0.02043113, -0.        ,  0.99979126,  0.08392371],
       [ 0.        ,  0.        ,  0.        ,  1.        ]])]","[array([[ 0.6308326 , -0.77568214,  0.01916879,  0.03882617],
       [ 0.77532428,  0.63112377,  0.02355939,  0.28160496],
       [-0.03037248,  0.        ,  0.99953865,  0.08656034],
       [ 0.        ,  0.        ,  0.        ,  1.        ]])]","[array([[ 2.59876052e-02, -9.99661814e-01, -9.49253535e-04,
         7.59572442e-02],
       [ 9.98995590e-01,  2.60049362e-02, -3.64904764e-02,
         3.27888508e-01],
       [ 3.65028212e-02,  0.00000000e+00,  9.99333550e-01,
         8.36102103e-02],
       [ 0.00000000e+00,  0.00000000e+00,  0.00000000e+00,
         1.00000000e+00]])]","[array([[ 2.59876052e-02, -9.99661814e-01, -9.49253535e-04,
         7.59572442e-02],
       [ 9.98995590e-01,  2.60049362e-02, -3.64904764e-02,
         3.27888508e-01],
       [ 3.65028212e-02,  0.00000000e+00,  9.99333550e-01,
         8.36102103e-02],
       [ 0.00000000e+00,  0.00000000e+00,  0.00000000e+00,
         1.00000000e+00]])]"
2,"[array([[-0.54367958, -0.83895665, -0.02375396, -0.02058171],
       [ 0.83815705, -0.54419825,  0.03662   ,  0.27398703],
       [-0.04364945,  0.        ,  0.99904691,  0.08590975],
       [ 0.        ,  0.        ,  0.        ,  1.        ]])]","[array([[ 0.17097059, -0.98526978,  0.0035369 , -0.05383258],
       [ 0.98505902,  0.17100717,  0.02037807,  0.33719966],
       [-0.02068273, -0.        ,  0.99978609,  0.08393371],
       [ 0.        ,  0.        ,  0.        ,  1.        ]])]","[array([[ 0.17097059, -0.98526978,  0.0035369 , -0.05383258],
       [ 0.98505902,  0.17100717,  0.02037807,  0.33719966],
       [-0.02068273, -0.        ,  0.99978609,  0.08393371],
       [ 0.        ,  0.        ,  0.        ,  1.        ]])]","[array([[ 0.6316871 , -0.77493454,  0.02116307,  0.03878366],
       [ 0.7745    ,  0.63204151,  0.02594765,  0.28162257],
       [-0.03348367,  0.        ,  0.99943926,  0.08668003],
       [ 0.        ,  0.        ,  0.        ,  1.        ]])]","[array([[ 2.59349244e-02, -9.99663183e-01, -9.48534958e-04,
         7.59589006e-02],
       [ 9.98995262e-01,  2.59522643e-02, -3.65369074e-02,
         3.27887794e-01],
       [ 3.65492177e-02,  0.00000000e+00,  9.99331854e-01,
         8.36087349e-02],
       [ 0.00000000e+00,  0.00000000e+00,  0.00000000e+00,
         1.00000000e+00]])]","[array([[ 2.59349244e-02, -9.99663183e-01, -9.48534958e-04,
         7.59589006e-02],
       [ 9.98995262e-01,  2.59522643e-02, -3.65369074e-02,
         3.27887794e-01],
       [ 3.65492177e-02,  0.00000000e+00,  9.99331854e-01,
         8.36087349e-02],
       [ 0.00000000e+00,  0.00000000e+00,  0.00000000e+00,
         1.00000000e+00]])]"
3,"[array([[-0.54353744, -0.83905087, -0.02367883, -0.02058696],
       [ 0.8382558 , -0.54405298,  0.03651802,  0.27398747],
       [-0.04352302,  0.        ,  0.99905242,  0.08590692],
       [ 0.        ,  0.        ,  0.        ,  1.        ]])]","[array([[ 0.17006144, -0.98542888,  0.00300579, -0.05380538],
       [ 0.98527499,  0.170088  ,  0.01741447,  0.33718865],
       [-0.01767197, -0.        ,  0.99984384,  0.08383397],
       [ 0.        ,  0.        ,  0.        ,  1.        ]])]","[array([[ 0.17006144, -0.98542888,  0.00300579, -0.05380538],
       [ 0.98527499,  0.170088  ,  0.01741447,  0.33718865],
       [-0.01767197, -0.        ,  0.99984384,  0.08383397],
       [ 0.        ,  0.        ,  0.        ,  1.        ]])]","[array([[ 0.63158554, -0.77501391,  0.0212873 ,  0.03878524],
       [ 0.77457407,  0.63194418,  0.02610666,  0.28162005],
       [-0.03368541,  0.        ,  0.99943249,  0.08668955],
       [ 0.        ,  0.        ,  0.        ,  1.        ]])]","[array([[ 2.59398281e-02, -9.99663048e-01, -9.56703618e-04,
         7.59587466e-02],
       [ 9.98983842e-01,  2.59574645e-02, -3.68441708e-02,
         3.27889229e-01],
       [ 3.68565897e-02,  0.00000000e+00,  9.99320565e-01,
         8.35959604e-02],
       [ 0.00000000e+00,  0.00000000e+00,  0.00000000e+00,
         1.00000000e+00]])]","[array([[ 2.59398281e-02, -9.99663048e-01, -9.56703618e-04,
         7.59587466e-02],
       [ 9.98983842e-01,  2.59574645e-02, -3.68441708e-02,
         3.27889229e-01],
       [ 3.68565897e-02,  0.00000000e+00,  9.99320565e-01,
         8.35959604e-02],
       [ 0.00000000e+00,  0.00000000e+00,  0.00000000e+00,
         1.00000000e+00]])]"
4,"[array([[-0.54372511, -0.83892807, -0.0237211 , -0.02058036],
       [ 0.83813084, -0.5442423 ,  0.03656515,  0.27398611],
       [-0.04358556,  0.        ,  0.9990497 ,  0.08590632],
       [ 0.        ,  0.        ,  0.        ,  1.        ]])]","[array([[ 0.17024734, -0.98539674,  0.00301735, -0.05381215],
       [ 0.98524201,  0.17027407,  0.01746176,  0.33718854],
       [-0.01772054, -0.        ,  0.99984298,  0.08383851],
       [ 0.        ,  0.        ,  0.        ,  1.        ]])]","[array([[ 0.17024734, -0.98539674,  0.00301735, -0.05381215],
       [ 0.98524201,  0.17027407,  0.01746176,  0.33718854],
       [-0.01772054, -0.        ,  0.99984298,  0.08383851],
       [ 0.        ,  0.        ,  0.        ,  1.        ]])]","[array([[ 0.63145762, -0.77514381,  0.02033098,  0.03879095],
       [ 0.77474235,  0.63178484,  0.02494431,  0.28160886],
       [-0.03218024,  0.        ,  0.99948208,  0.08665084],
       [ 0.        ,  0.        ,  0.        ,  1.        ]])]","[array([[ 2.62364836e-02, -9.99655305e-01, -9.58290083e-04,
         7.59454194e-02],
       [ 9.98989160e-01,  2.62539785e-02, -3.64881751e-02,
         3.27888137e-01],
       [ 3.65007567e-02,  0.00000000e+00,  9.99333625e-01,
         8.36082759e-02],
       [ 0.00000000e+00,  0.00000000e+00,  0.00000000e+00,
         1.00000000e+00]])]","[array([[ 2.62364836e-02, -9.99655305e-01, -9.58290083e-04,
         7.59454194e-02],
       [ 9.98989160e-01,  2.62539785e-02, -3.64881751e-02,
         3.27888137e-01],
       [ 3.65007567e-02,  0.00000000e+00,  9.99333625e-01,
         8.36082759e-02],
       [ 0.00000000e+00,  0.00000000e+00,  0.00000000e+00,
         1.00000000e+00]])]"
5,"[array([[-0.5437847 , -0.83888946, -0.02372084, -0.02057859],
       [ 0.83809245, -0.54430182,  0.03655906,  0.2739853 ],
       [-0.04358031,  0.        ,  0.99904993,  0.0859052 ],
       [ 0.        ,  0.        ,  0.        ,  1.        ]])]","[array([[ 0.17085685, -0.98528958,  0.00351714, -0.05382905],
       [ 0.98508089,  0.17089305,  0.02027819,  0.33719445],
       [-0.02058094, -0.        ,  0.99978819,  0.08392747],
       [ 0.        ,  0.        ,  0.        ,  1.        ]])]","[array([[ 0.17085685, -0.98528958,  0.00351714, -0.05382905],
       [ 0.98508089,  0.17089305,  0.02027819,  0.33719445],
       [-0.02058094, -0.        ,  0.99978819,  0.08392747],
       [ 0.        ,  0.        ,  0.        ,  1.        ]])]","[array([[ 0.63160802, -0.77501677,  0.02050164,  0.03878571],
       [ 0.77460881,  0.63194067,  0.02514337,  0.28161424],
       [-0.03244235,  0.        ,  0.99947361,  0.08665771],
       [ 0.        ,  0.        ,  0.        ,  1.        ]])]","[array([[ 2.61903784e-02, -9.99656515e-01, -9.56751102e-04,
         7.59468689e-02],
       [ 9.98990168e-01,  2.62078479e-02, -3.64937433e-02,
         3.27888471e-01],
       [ 3.65062826e-02,  0.00000000e+00,  9.99333424e-01,
         8.36061002e-02],
       [ 0.00000000e+00,  0.00000000e+00,  0.00000000e+00,
         1.00000000e+00]])]","[array([[ 2.61903784e-02, -9.99656515e-01, -9.56751102e-04,
         7.59468689e-02],
       [ 9.98990168e-01,  2.62078479e-02, -3.64937433e-02,
         3.27888471e-01],
       [ 3.65062826e-02,  0.00000000e+00,  9.99333424e-01,
         8.36061002e-02],
       [ 0.00000000e+00,  0.00000000e+00,  0.00000000e+00,
         1.00000000e+00]])]"
6,"[array([[-0.54377914, -0.83889099, -0.02379403, -0.02055773],
       [ 0.83808905, -0.54429947,  0.03667209,  0.2740074 ],
       [-0.04371496,  0.        ,  0.99904404,  0.08590922],
       [ 0.        ,  0.        ,  0.        ,  1.        ]])]","[array([[ 0.16986637, -0.98546243,  0.00303647, -0.05378833],
       [ 0.98530502,  0.1698935 ,  0.01761294,  0.33720382],
       [-0.01787277, -0.        ,  0.99984027,  0.08383635],
       [ 0.        ,  0.        ,  0.        ,  1.        ]])]","[array([[ 0.16986637, -0.98546243,  0.00303647, -0.05378833],
       [ 0.98530502,  0.1698935 ,  0.01761294,  0.33720382],
       [-0.01787277, -0.        ,  0.99984027,  0.08383635],
       [ 0.        ,  0.        ,  0.        ,  1.        ]])]","[array([[ 0.63136527, -0.775197  ,  0.02115425,  0.03880654],
       [ 0.77476224,  0.63171956,  0.02595885,  0.28159584],
       [-0.03348678,  0.        ,  0.99943916,  0.0866841 ],
       [ 0.        ,  0.        ,  0.        ,  1.        ]])]","[array([[ 2.55911771e-02, -9.99672056e-01, -9.33640825e-04,
         7.59777098e-02],
       [ 9.99007436e-01,  2.56082024e-02, -3.64467068e-02,
         3.27870676e-01],
       [ 3.64586632e-02,  0.00000000e+00,  9.99335162e-01,
         8.36106145e-02],
       [ 0.00000000e+00,  0.00000000e+00,  0.00000000e+00,
         1.00000000e+00]])]","[array([[ 2.55911771e-02, -9.99672056e-01, -9.33640825e-04,
         7.59777098e-02],
       [ 9.99007436e-01,  2.56082024e-02, -3.64467068e-02,
         3.27870676e-01],
       [ 3.64586632e-02,  0.00000000e+00,  9.99335162e-01,
         8.36106145e-02],
       [ 0.00000000e+00,  0.00000000e+00,  0.00000000e+00,
         1.00000000e+00]])]"
7,"[array([[-0.5426371 , -0.83963903, -0.02347923, -0.02053882],
       [ 0.83885415, -0.54314482,  0.03629616,  0.27415239],
       [-0.0432283 ,  0.        ,  0.99906522,  0.08589731],
       [ 0.        ,  0.        ,  0.        ,  1.        ]])]","[array([[ 0.17390004, -0.98475789,  0.00326802, -0.05367843],
       [ 0.98458405,  0.17393074,  0.01850281,  0.33744992],
       [-0.0187892 , -0.        ,  0.99982347,  0.0838715 ],
       [ 0.        ,  0.        ,  0.        ,  1.        ]])]","[array([[ 0.17390004, -0.98475789,  0.00326802, -0.05367843],
       [ 0.98458405,  0.17393074,  0.01850281,  0.33744992],
       [-0.0187892 , -0.        ,  0.99982347,  0.0838715 ],
       [ 0.        ,  0.        ,  0.        ,  1.        ]])]","[array([[ 0.63182649, -0.77485605,  0.01983411,  0.03882624],
       [ 0.77447454,  0.63213773,  0.02431207,  0.28143299],
       [-0.03137625,  0.        ,  0.99950764,  0.08658583],
       [ 0.        ,  0.        ,  0.        ,  1.        ]])]","[array([[ 0.02797464, -0.9996081 , -0.00103107,  0.0761148 ],
       [ 0.99892982,  0.02799363, -0.03681801,  0.32770494],
       [ 0.03683244,  0.        ,  0.99932146,  0.08359073],
       [ 0.        ,  0.        ,  0.        ,  1.        ]])]","[array([[ 0.02797464, -0.9996081 , -0.00103107,  0.0761148 ],
       [ 0.99892982,  0.02799363, -0.03681801,  0.32770494],
       [ 0.03683244,  0.        ,  0.99932146,  0.08359073],
       [ 0.        ,  0.        ,  0.        ,  1.        ]])]"
8,"[array([[-0.56241353, -0.82650135, -0.02421862, -0.01841239],
       [ 0.82573611, -0.56293473,  0.0355578 ,  0.27764713],
       [-0.04302207,  0.        ,  0.99907412,  0.08591369],
       [ 0.        ,  0.        ,  0.        ,  1.        ]])]","[array([[ 0.1510525 , -0.98852201,  0.00271763, -0.05303382],
       [ 0.98836206,  0.15107695,  0.01778192,  0.34013893],
       [-0.01798839, -0.        ,  0.9998382 ,  0.08383103],
       [ 0.        ,  0.        ,  0.        ,  1.        ]])]","[array([[ 0.1510525 , -0.98852201,  0.00271763, -0.05303382],
       [ 0.98836206,  0.15107695,  0.01778192,  0.34013893],
       [-0.01798839, -0.        ,  0.9998382 ,  0.08383103],
       [ 0.        ,  0.        ,  0.        ,  1.        ]])]","[array([[ 0.61496708, -0.78837825,  0.01658999,  0.04081688],
       [ 0.78809153,  0.61519081,  0.02126037,  0.28639257],
       [-0.02696722,  0.        ,  0.99963632,  0.08641407],
       [ 0.        ,  0.        ,  0.        ,  1.        ]])]","[array([[ 6.25759497e-03, -9.99980387e-01, -2.60858648e-04,
         7.68782782e-02],
       [ 9.99112643e-01,  6.26302978e-03, -4.16497352e-02,
         3.33464335e-01],
       [ 4.16505521e-02,  0.00000000e+00,  9.99132239e-01,
         8.33445124e-02],
       [ 0.00000000e+00,  0.00000000e+00,  0.00000000e+00,
         1.00000000e+00]])]","[array([[ 6.25759497e-03, -9.99980387e-01, -2.60858648e-04,
         7.68782782e-02],
       [ 9.99112643e-01,  6.26302978e-03, -4.16497352e-02,
         3.33464335e-01],
       [ 4.16505521e-02,  0.00000000e+00,  9.99132239e-01,
         8.33445124e-02],
       [ 0.00000000e+00,  0.00000000e+00,  0.00000000e+00,
         1.00000000e+00]])]"
9,"[array([[-0.54580138, -0.83775071, -0.01657081, -0.00501146],
       [ 0.83736488, -0.54605287,  0.02542283,  0.29149468],
       [-0.03034653,  0.        ,  0.99953944,  0.08554576],
       [ 0.        ,  0.        ,  0.        ,  1.        ]])]","[array([[ 0.17048937, -0.98535406,  0.00327944, -0.03847566],
       [ 0.98517182,  0.17052091,  0.01895021,  0.35468888],
       [-0.01923188, -0.        ,  0.99981505,  0.08399057],
       [ 0.        ,  0.        ,  0.        ,  1.        ]])]","[array([[ 0.17048937, -0.98535406,  0.00327944, -0.03847566],
       [ 0.98517182,  0.17052091,  0.01895021,  0.35468888],
       [-0.01923188, -0.        ,  0.99981505,  0.08399057],
       [ 0.        ,  0.        ,  0.        ,  1.        ]])]","[array([[ 0.62994005, -0.77643592,  0.01796625,  0.05436547],
       [ 0.77612033,  0.6301962 ,  0.0221354 ,  0.2991619 ],
       [-0.02850898,  0.        ,  0.99959354,  0.0865446 ],
       [ 0.        ,  0.        ,  0.        ,  1.        ]])]","[array([[ 0.02582937, -0.99966578, -0.00108444,  0.09129022],
       [ 0.99878588,  0.02585213, -0.04193369,  0.34550408],
       [ 0.04194771,  0.        ,  0.99911981,  0.08344706],
       [ 0.        ,  0.        ,  0.        ,  1.        ]])]","[array([[ 0.02582937, -0.99966578, -0.00108444,  0.09129022],
       [ 0.99878588,  0.02585213, -0.04193369,  0.34550408],
       [ 0.04194771,  0.        ,  0.99911981,  0.08344706],
       [ 0.        ,  0.        ,  0.        ,  1.        ]])]"
10,"[array([[-0.53143069, -0.84686577, -0.01999486,  0.01897895],
       [ 0.84626699, -0.5318067 ,  0.03184045,  0.30257132],
       [-0.03759799,  0.        ,  0.99929295,  0.08602519],
       [ 0.        ,  0.        ,  0.        ,  1.        ]])]","[array([[ 0.1828849 , -0.98312838,  0.00342213, -0.01342882],
       [ 0.98295631,  0.18291691,  0.01839304,  0.36619712],
       [-0.01870868, -0.        ,  0.99982498,  0.08417094],
       [ 0.        ,  0.        ,  0.        ,  1.        ]])]","[array([[ 0.1828849 , -0.98312838,  0.00342213, -0.01342882],
       [ 0.98295631,  0.18291691,  0.01839304,  0.36619712],
       [-0.01870868, -0.        ,  0.99982498,  0.08417094],
       [ 0.        ,  0.        ,  0.        ,  1.        ]])]","[array([[ 0.64041215, -0.76781245,  0.01833907,  0.07861543],
       [ 0.76749783,  0.64067468,  0.02197835,  0.30939904],
       [-0.02862463,  0.        ,  0.99959023,  0.08676019],
       [ 0.        ,  0.        ,  0.        ,  1.        ]])]","[array([[ 0.03909782, -0.99923407, -0.00162595,  0.11617222],
       [ 0.99837112,  0.03913162, -0.041519  ,  0.35520386],
       [ 0.04155082,  0.        ,  0.99913639,  0.08369368],
       [ 0.        ,  0.        ,  0.        ,  1.        ]])]","[array([[ 0.03909782, -0.99923407, -0.00162595,  0.11617222],
       [ 0.99837112,  0.03913162, -0.041519  ,  0.35520386],
       [ 0.04155082,  0.        ,  0.99913639,  0.08369368],
       [ 0.        ,  0.        ,  0.        ,  1.        ]])]"
11,"[array([[-0.4629624 , -0.8861776 , -0.01884322,  0.05801909],
       [ 0.88544449, -0.46334572,  0.03603883,  0.30945949],
       [-0.04066773,  0.        ,  0.99917273,  0.08646496],
       [ 0.        ,  0.        ,  0.        ,  1.        ]])]","[array([[ 0.2594193 , -0.9657533 ,  0.0047114 ,  0.03073758],
       [ 0.96559407,  0.25946208,  0.01753649,  0.37542169],
       [-0.01815835, -0.        ,  0.99983512,  0.08450344],
       [ 0.        ,  0.        ,  0.        ,  1.        ]])]","[array([[ 0.2594193 , -0.9657533 ,  0.0047114 ,  0.03073758],
       [ 0.96559407,  0.25946208,  0.01753649,  0.37542169],
       [-0.01815835, -0.        ,  0.99983512,  0.08450344],
       [ 0.        ,  0.        ,  0.        ,  1.        ]])]","[array([[ 0.69945445, -0.71449582,  0.01609962,  0.11798207],
       [ 0.71430662,  0.69963971,  0.01644148,  0.31153283],
       [-0.02301131,  0.        ,  0.9997352 ,  0.08684845],
       [ 0.        ,  0.        ,  0.        ,  1.        ]])]","[array([[ 0.11708674, -0.99310949, -0.00492398,  0.15907139],
       [ 0.99223247,  0.11719023, -0.04172749,  0.35425137],
       [ 0.04201701,  0.        ,  0.9991169 ,  0.08401886],
       [ 0.        ,  0.        ,  0.        ,  1.        ]])]","[array([[ 0.11708674, -0.99310949, -0.00492398,  0.15907139],
       [ 0.99223247,  0.11719023, -0.04172749,  0.35425137],
       [ 0.04201701,  0.        ,  0.9991169 ,  0.08401886],
       [ 0.        ,  0.        ,  0.        ,  1.        ]])]"
12,"[array([[-0.37045203, -0.92873117, -0.01495669,  0.10222081],
       [ 0.92797515, -0.37075384,  0.03746623,  0.30930603],
       [-0.04034131,  0.        ,  0.99918596,  0.08680865],
       [ 0.        ,  0.        ,  0.        ,  1.        ]])]","[array([[ 0.35696168, -0.9340999 ,  0.00597847,  0.08184017],
       [ 0.93396892,  0.35701174,  0.0156423 ,  0.37768734],
       [-0.01674586, -0.        ,  0.99985978,  0.08486652],
       [ 0.        ,  0.        ,  0.        ,  1.        ]])]","[array([[ 0.35696168, -0.9340999 ,  0.00597847,  0.08184017],
       [ 0.93396892,  0.35701174,  0.0156423 ,  0.37768734],
       [-0.01674586, -0.        ,  0.99985978,  0.08486652],
       [ 0.        ,  0.        ,  0.        ,  1.        ]])]","[array([[ 0.76838008, -0.63974535,  0.01783065,  0.16207555],
       [ 0.63957317,  0.76858694,  0.01484162,  0.30513177],
       [-0.02319927,  0.        ,  0.99973086,  0.08717766],
       [ 0.        ,  0.        ,  0.        ,  1.        ]])]","[array([[ 0.21891352, -0.97569744, -0.00955864,  0.20730671],
       [ 0.97476867,  0.21912211, -0.0425623 ,  0.34345829],
       [ 0.04362244,  0.        ,  0.99904809,  0.08431481],
       [ 0.        ,  0.        ,  0.        ,  1.        ]])]","[array([[ 0.21891352, -0.97569744, -0.00955864,  0.20730671],
       [ 0.97476867,  0.21912211, -0.0425623 ,  0.34345829],
       [ 0.04362244,  0.        ,  0.99904809,  0.08431481],
       [ 0.        ,  0.        ,  0.        ,  1.        ]])]"
13,"[array([[-0.28261985, -0.95916097, -0.01167296,  0.14334123],
       [ 0.95834389, -0.28286081,  0.03958218,  0.30404456],
       [-0.0412675 ,  0.        ,  0.99914813,  0.08717039],
       [ 0.        ,  0.        ,  0.        ,  1.        ]])]","[array([[ 0.44306491, -0.89643908,  0.00951131,  0.12942356],
       [ 0.8962326 ,  0.44316698,  0.0192395 ,  0.37414205],
       [-0.02146213, -0.        ,  0.99976966,  0.0854915 ],
       [ 0.        ,  0.        ,  0.        ,  1.        ]])]","[array([[ 0.44306491, -0.89643908,  0.00951131,  0.12942356],
       [ 0.8962326 ,  0.44316698,  0.0192395 ,  0.37414205],
       [-0.02146213, -0.        ,  0.99976966,  0.0854915 ],
       [ 0.        ,  0.        ,  0.        ,  1.        ]])]","[array([[ 0.82389922, -0.56626607,  0.02308281,  0.20259305],
       [ 0.56604396,  0.82422251,  0.0158586 ,  0.29428259],
       [-0.02800556,  0.        ,  0.99960777,  0.08767732],
       [ 0.        ,  0.        ,  0.        ,  1.        ]])]","[array([[ 0.30868524, -0.9510676 , -0.01355916,  0.25115563],
       [ 0.9501514 ,  0.30898289, -0.04173589,  0.3282807 ],
       [ 0.0438832 ,  0.        ,  0.99903667,  0.08462951],
       [ 0.        ,  0.        ,  0.        ,  1.        ]])]","[array([[ 0.30868524, -0.9510676 , -0.01355916,  0.25115563],
       [ 0.9501514 ,  0.30898289, -0.04173589,  0.3282807 ],
       [ 0.0438832 ,  0.        ,  0.99903667,  0.08462951],
       [ 0.        ,  0.        ,  0.        ,  1.        ]])]"
14,"[array([[-0.18649782, -0.9824256 , -0.00764877,  0.18393446],
       [ 0.9816004 , -0.1866546 ,  0.04025805,  0.29552395],
       [-0.04097822,  0.        ,  0.99916004,  0.08749091],
       [ 0.        ,  0.        ,  0.        ,  1.        ]])]","[array([[ 0.52827318, -0.84904513,  0.00705739,  0.17709121],
       [ 0.84896938,  0.52832032,  0.01134169,  0.36649622],
       [-0.01335817, -0.        ,  0.99991078,  0.08544779],
       [ 0.        ,  0.        ,  0.        ,  1.        ]])]","[array([[ 0.52827318, -0.84904513,  0.00705739,  0.17709121],
       [ 0.84896938,  0.52832032,  0.01134169,  0.36649622],
       [-0.01335817, -0.        ,  0.99991078,  0.08544779],
       [ 0.        ,  0.        ,  0.        ,  1.        ]])]","[array([[ 0.87795537, -0.47851254,  0.01483607,  0.241855  ],
       [ 0.47844424,  0.87808072,  0.00808496,  0.27998382],
       [-0.01689602,  0.        ,  0.99985725,  0.08760647],
       [ 0.        ,  0.        ,  0.        ,  1.        ]])]","[array([[ 0.40226151, -0.9153409 , -0.01834983,  0.29360115],
       [ 0.91439003,  0.40267982, -0.04171142,  0.30888924],
       [ 0.04556927,  0.        ,  0.99896118,  0.0848919 ],
       [ 0.        ,  0.        ,  0.        ,  1.        ]])]","[array([[ 0.40226151, -0.9153409 , -0.01834983,  0.29360115],
       [ 0.91439003,  0.40267982, -0.04171142,  0.30888924],
       [ 0.04556927,  0.        ,  0.99896118,  0.0848919 ],
       [ 0.        ,  0.        ,  0.        ,  1.        ]])]"
15,"[array([[-0.11128326, -0.99377869, -0.00446572,  0.22064451],
       [ 0.99297949, -0.11137283,  0.03984755,  0.28255439],
       [-0.040097  ,  0.        ,  0.99919579,  0.08775117],
       [ 0.        ,  0.        ,  0.        ,  1.        ]])]","[array([[ 0.59065166, -0.80689602,  0.00703046,  0.21923525],
       [ 0.80683887,  0.5906935 ,  0.00960372,  0.35382064],
       [-0.01190205, -0.        ,  0.99992917,  0.08570149],
       [ 0.        ,  0.        ,  0.        ,  1.        ]])]","[array([[ 0.59065166, -0.80689602,  0.00703046,  0.21923525],
       [ 0.80683887,  0.5906935 ,  0.00960372,  0.35382064],
       [-0.01190205, -0.        ,  0.99992917,  0.08570149],
       [ 0.        ,  0.        ,  0.        ,  1.        ]])]","[array([[ 0.9113903 , -0.41134987,  0.01260954,  0.27727113],
       [ 0.41131051,  0.91147753,  0.00569069,  0.26262401],
       [-0.01383417,  0.        ,  0.9999043 ,  0.08776889],
       [ 0.        ,  0.        ,  0.        ,  1.        ]])]","[array([[ 0.47554331, -0.87939022, -0.023052  ,  0.33080511],
       [ 0.87835883,  0.47610171, -0.04257851,  0.28778859],
       [ 0.04841822,  0.        ,  0.99882715,  0.0850683 ],
       [ 0.        ,  0.        ,  0.        ,  1.        ]])]","[array([[ 0.47554331, -0.87939022, -0.023052  ,  0.33080511],
       [ 0.87835883,  0.47610171, -0.04257851,  0.28778859],
       [ 0.04841822,  0.        ,  0.99882715,  0.0850683 ],
       [ 0.        ,  0.        ,  0.        ,  1.        ]])]"
16,"[array([[-1.94062927e-02, -9.99811369e-01, -7.89090625e-04,
         2.49775847e-01],
       [ 9.98985866e-01, -1.94223289e-02,  4.06203490e-02,
         2.69284788e-01],
       [-4.06280127e-02,  0.00000000e+00,  9.99174341e-01,
         8.79910675e-02],
       [ 0.00000000e+00,  0.00000000e+00,  0.00000000e+00,
         1.00000000e+00]])]","[array([[ 0.66392822, -0.74775221,  0.00812167,  0.2549372 ],
       [ 0.74769627,  0.66397789,  0.00914639,  0.34045316],
       [-0.01223184, -0.        ,  0.99992519,  0.08599697],
       [ 0.        ,  0.        ,  0.        ,  1.        ]])]","[array([[ 0.66392822, -0.74775221,  0.00812167,  0.2549372 ],
       [ 0.74769627,  0.66397789,  0.00914639,  0.34045316],
       [-0.01223184, -0.        ,  0.99992519,  0.08599697],
       [ 0.        ,  0.        ,  0.        ,  1.        ]])]","[array([[ 9.44771609e-01, -3.27728679e-01, -7.21045025e-04,
         3.04171524e-01],
       [ 3.27728583e-01,  9.44771884e-01, -2.50120836e-04,
         2.44208730e-01],
       [ 7.63194837e-04,  0.00000000e+00,  9.99999709e-01,
         8.75179044e-02],
       [ 0.00000000e+00,  0.00000000e+00,  0.00000000e+00,
         1.00000000e+00]])]","[array([[ 0.55346399, -0.83257854, -0.02214938,  0.36001689],
       [ 0.83191262,  0.55390702, -0.03329277,  0.2643694 ],
       [ 0.03998755,  0.        ,  0.99920018,  0.0856544 ],
       [ 0.        ,  0.        ,  0.        ,  1.        ]])]","[array([[ 0.55346399, -0.83257854, -0.02214938,  0.36001689],
       [ 0.83191262,  0.55390702, -0.03329277,  0.2643694 ],
       [ 0.03998755,  0.        ,  0.99920018,  0.0856544 ],
       [ 0.        ,  0.        ,  0.        ,  1.        ]])]"
17,"[array([[-1.62804854e-03, -9.99998672e-01, -6.82604051e-05,
         2.53377483e-01],
       [ 9.99120863e-01, -1.62947891e-03,  4.18908856e-02,
         2.67545157e-01],
       [-4.18909412e-02,  0.00000000e+00,  9.99122189e-01,
         8.80503571e-02],
       [ 0.00000000e+00,  0.00000000e+00,  0.00000000e+00,
         1.00000000e+00]])]","[array([[ 0.67729633, -0.73566335,  0.00831342,  0.25981349],
       [ 0.73560794,  0.67734735,  0.00902916,  0.33859173],
       [-0.01227349, -0.        ,  0.99992468,  0.0860263 ],
       [ 0.        ,  0.        ,  0.        ,  1.        ]])]","[array([[ 0.67729633, -0.73566335,  0.00831342,  0.25981349],
       [ 0.73560794,  0.67734735,  0.00902916,  0.33859173],
       [-0.01227349, -0.        ,  0.99992468,  0.0860263 ],
       [ 0.        ,  0.        ,  0.        ,  1.        ]])]","[array([[ 9.50289622e-01, -3.11360589e-01, -2.05390221e-03,
         3.07312187e-01],
       [ 3.11359861e-01,  9.50291841e-01, -6.72955584e-04,
         2.41493379e-01],
       [ 2.16133836e-03,  0.00000000e+00,  9.99997664e-01,
         8.75135860e-02],
       [ 0.00000000e+00,  0.00000000e+00,  0.00000000e+00,
         1.00000000e+00]])]","[array([[ 0.56904491, -0.8220263 , -0.02146262,  0.36351151],
       [ 0.82144223,  0.56944952, -0.03098227,  0.26071307],
       [ 0.03769012,  0.        ,  0.99928948,  0.08580245],
       [ 0.        ,  0.        ,  0.        ,  1.        ]])]","[array([[ 0.56904491, -0.8220263 , -0.02146262,  0.36351151],
       [ 0.82144223,  0.56944952, -0.03098227,  0.26071307],
       [ 0.03769012,  0.        ,  0.99928948,  0.08580245],
       [ 0.        ,  0.        ,  0.        ,  1.        ]])]"
18,"[array([[ 2.36447254e-02, -9.99719963e-01,  9.60681916e-04,
         2.52252544e-01],
       [ 9.98895821e-01,  2.36642336e-02,  4.05849987e-02,
         2.70064914e-01],
       [-4.05963672e-02, -0.00000000e+00,  9.99175628e-01,
         8.79993586e-02],
       [ 0.00000000e+00,  0.00000000e+00,  0.00000000e+00,
         1.00000000e+00]])]","[array([[ 0.69494146, -0.71900841,  0.00912542,  0.26049632],
       [ 0.71894643,  0.69500137,  0.00944063,  0.34089401],
       [-0.01313007, -0.        ,  0.9999138 ,  0.08602954],
       [ 0.        ,  0.        ,  0.        ,  1.        ]])]","[array([[ 0.69494146, -0.71900841,  0.00912542,  0.26049632],
       [ 0.71894643,  0.69500137,  0.00944063,  0.34089401],
       [-0.01313007, -0.        ,  0.9999138 ,  0.08602954],
       [ 0.        ,  0.        ,  0.        ,  1.        ]])]","[array([[ 0.95758067, -0.28813557, -0.00414174,  0.30565099],
       [ 0.28813288,  0.95758963, -0.00124624,  0.24279543],
       [ 0.00432517,  0.        ,  0.99999065,  0.08744112],
       [ 0.        ,  0.        ,  0.        ,  1.        ]])]","[array([[ 0.59116341, -0.80628893, -0.02059093,  0.36228953],
       [ 0.80580027,  0.59152191, -0.02806699,  0.26070898],
       [ 0.03481009,  0.        ,  0.99939395,  0.08595704],
       [ 0.        ,  0.        ,  0.        ,  1.        ]])]","[array([[ 0.59116341, -0.80628893, -0.02059093,  0.36228953],
       [ 0.80580027,  0.59152191, -0.02806699,  0.26070898],
       [ 0.03481009,  0.        ,  0.99939395,  0.08595704],
       [ 0.        ,  0.        ,  0.        ,  1.        ]])]"
19,"[array([[ 0.03471618, -0.99939622,  0.00140833,  0.24625723],
       [ 0.9985749 ,  0.03474473,  0.04050901,  0.27754814],
       [-0.04053348, -0.        ,  0.99917818,  0.08796095],
       [ 0.        ,  0.        ,  0.        ,  1.        ]])]","[array([[ 0.70275565, -0.7113777 ,  0.00873231,  0.25527817],
       [ 0.71132279,  0.70280991,  0.00883876,  0.34828258],
       [-0.01242485, -0.        ,  0.99992281,  0.08597211],
       [ 0.        ,  0.        ,  0.        ,  1.        ]])]","[array([[ 0.70275565, -0.7113777 ,  0.00873231,  0.25527817],
       [ 0.71132279,  0.70280991,  0.00883876,  0.34828258],
       [-0.01242485, -0.        ,  0.99992281,  0.08597211],
       [ 0.        ,  0.        ,  0.        ,  1.        ]])]","[array([[ 0.96060058, -0.27790068, -0.00421213,  0.29939018],
       [ 0.27789801,  0.96060981, -0.00121855,  0.2497365 ],
       [ 0.00438485,  0.        ,  0.99999039,  0.08739978],
       [ 0.        ,  0.        ,  0.        ,  1.        ]])]","[array([[ 0.60059218, -0.79929347, -0.02046911,  0.35621588],
       [ 0.79882966,  0.60094088, -0.02722535,  0.26707515],
       [ 0.03406177,  0.        ,  0.99941973,  0.08597684],
       [ 0.        ,  0.        ,  0.        ,  1.        ]])]","[array([[ 0.60059218, -0.79929347, -0.02046911,  0.35621588],
       [ 0.79882966,  0.60094088, -0.02722535,  0.26707515],
       [ 0.03406177,  0.        ,  0.99941973,  0.08597684],
       [ 0.        ,  0.        ,  0.        ,  1.        ]])]"
20,"[array([[-7.50443453e-03, -9.99971795e-01, -3.03888852e-04,
         2.24343420e-01],
       [ 9.99152920e-01, -7.51058493e-03,  4.04602683e-02,
         2.91669542e-01],
       [-4.04614095e-02,  0.00000000e+00,  9.99181102e-01,
         8.77903356e-02],
       [ 0.00000000e+00,  0.00000000e+00,  0.00000000e+00,
         1.00000000e+00]])]","[array([[ 0.67337924, -0.73924791,  0.00853959,  0.23036692],
       [ 0.73918847,  0.67343339,  0.00937417,  0.36277726],
       [-0.01268068, -0.        ,  0.9999196 ,  0.08580325],
       [ 0.        ,  0.        ,  0.        ,  1.        ]])]","[array([[ 0.67337924, -0.73924791,  0.00853959,  0.23036692],
       [ 0.73918847,  0.67343339,  0.00937417,  0.36277726],
       [-0.01268068, -0.        ,  0.9999196 ,  0.08580325],
       [ 0.        ,  0.        ,  0.        ,  1.        ]])]","[array([[ 0.94885185, -0.31563157,  0.00754193,  0.27871749],
       [ 0.3156216 ,  0.94888182,  0.00250871,  0.2661164 ],
       [-0.00794823,  0.        ,  0.99996841,  0.08758204],
       [ 0.        ,  0.        ,  0.        ,  1.        ]])]","[array([[ 0.56258014, -0.82659824, -0.0154572 ,  0.33491023],
       [ 0.82628642,  0.56279245, -0.02270267,  0.28553349],
       [ 0.02746518,  0.        ,  0.99962276,  0.08614461],
       [ 0.        ,  0.        ,  0.        ,  1.        ]])]","[array([[ 0.56258014, -0.82659824, -0.0154572 ,  0.33491023],
       [ 0.82628642,  0.56279245, -0.02270267,  0.28553349],
       [ 0.02746518,  0.        ,  0.99962276,  0.08614461],
       [ 0.        ,  0.        ,  0.        ,  1.        ]])]"
21,"[array([[-0.07571926, -0.99712438, -0.00309417,  0.18906382],
       [ 0.9962929 , -0.07578245,  0.04071222,  0.30968401],
       [-0.04082963,  0.        ,  0.99916612,  0.08753758],
       [ 0.        ,  0.        ,  0.        ,  1.        ]])]","[array([[ 0.62137223, -0.78346395,  0.00898807,  0.19021078],
       [ 0.783382  ,  0.62143724,  0.01133152,  0.38109392],
       [-0.01446336, -0.        ,  0.9998954 ,  0.08558793],
       [ 0.        ,  0.        ,  0.        ,  1.        ]])]","[array([[ 0.62137223, -0.78346395,  0.00898807,  0.19021078],
       [ 0.783382  ,  0.62143724,  0.01133152,  0.38109392],
       [-0.01446336, -0.        ,  0.9998954 ,  0.08558793],
       [ 0.        ,  0.        ,  0.        ,  1.        ]])]","[array([[ 0.92540176, -0.37884868,  0.01025936,  0.24501872],
       [ 0.3788254 ,  0.92545863,  0.00419981,  0.28793276],
       [-0.01108571,  0.        ,  0.99993855,  0.08746332],
       [ 0.        ,  0.        ,  0.        ,  1.        ]])]","[array([[ 0.50006678, -0.86578002, -0.01892531,  0.2998244 ],
       [ 0.86516067,  0.50042477, -0.03274249,  0.31081673],
       [ 0.03781849,  0.        ,  0.99928463,  0.08536437],
       [ 0.        ,  0.        ,  0.        ,  1.        ]])]","[array([[ 0.50006678, -0.86578002, -0.01892531,  0.2998244 ],
       [ 0.86516067,  0.50042477, -0.03274249,  0.31081673],
       [ 0.03781849,  0.        ,  0.99928463,  0.08536437],
       [ 0.        ,  0.        ,  0.        ,  1.        ]])]"
22,"[array([[-0.17006125, -0.98540873, -0.00698604,  0.14341635],
       [ 0.98457833, -0.17020469,  0.04044606,  0.32538037],
       [-0.04104495,  0.        ,  0.9991573 ,  0.08719741],
       [ 0.        ,  0.        ,  0.        ,  1.        ]])]","[array([[ 0.54356544, -0.83932844,  0.00802312,  0.13773164],
       [ 0.83923703,  0.54362465,  0.01238728,  0.39648957],
       [-0.01475856, -0.        ,  0.99989109,  0.08520232],
       [ 0.        ,  0.        ,  0.        ,  1.        ]])]","[array([[ 0.54356544, -0.83932844,  0.00802312,  0.13773164],
       [ 0.83923703,  0.54362465,  0.01238728,  0.39648957],
       [-0.01475856, -0.        ,  0.99989109,  0.08520232],
       [ 0.        ,  0.        ,  0.        ,  1.        ]])]","[array([[ 0.88524898, -0.46485264,  0.01569271,  0.20118986],
       [ 0.46477962,  0.88538806,  0.0082391 ,  0.30906576],
       [-0.01772411,  0.        ,  0.99984292,  0.08732002],
       [ 0.        ,  0.        ,  0.        ,  1.        ]])]","[array([[ 0.41395714, -0.91016899, -0.01522852,  0.25359034],
       [ 0.90955373,  0.41423715, -0.03346036,  0.33697295],
       [ 0.0367628 ,  0.        ,  0.99932402,  0.08505394],
       [ 0.        ,  0.        ,  0.        ,  1.        ]])]","[array([[ 0.41395714, -0.91016899, -0.01522852,  0.25359034],
       [ 0.90955373,  0.41423715, -0.03346036,  0.33697295],
       [ 0.0367628 ,  0.        ,  0.99932402,  0.08505394],
       [ 0.        ,  0.        ,  0.        ,  1.        ]])]"
23,"[array([[-0.26106047, -0.96526155, -0.01084327,  0.0910729 ],
       [ 0.96442999, -0.26128556,  0.04005804,  0.33518764],
       [-0.04149968,  0.        ,  0.99913852,  0.08679159],
       [ 0.        ,  0.        ,  0.        ,  1.        ]])]","[array([[ 0.46300875, -0.88631973,  0.00776082,  0.07868088],
       [ 0.88619525,  0.46307379,  0.01485416,  0.40549282],
       [-0.01675937, -0.        ,  0.99985955,  0.08484795],
       [ 0.        ,  0.        ,  0.        ,  1.        ]])]","[array([[ 0.46300875, -0.88631973,  0.00776082,  0.07868088],
       [ 0.88619525,  0.46307379,  0.01485416,  0.40549282],
       [-0.01675937, -0.        ,  0.99985955,  0.08484795],
       [ 0.        ,  0.        ,  0.        ,  1.        ]])]","[array([[ 0.83684134, -0.54713259,  0.01850653,  0.15016395],
       [ 0.54699885,  0.83704595,  0.01209674,  0.32440001],
       [-0.02210933,  0.        ,  0.99975556,  0.08705425],
       [ 0.        ,  0.        ,  0.        ,  1.        ]])]","[array([[ 0.32690284, -0.9449825 , -0.01194193,  0.19964898],
       [ 0.9443526 ,  0.32712089, -0.03449768,  0.3571755 ],
       [ 0.03650615,  0.        ,  0.99933343,  0.0846501 ],
       [ 0.        ,  0.        ,  0.        ,  1.        ]])]","[array([[ 0.32690284, -0.9449825 , -0.01194193,  0.19964898],
       [ 0.9443526 ,  0.32712089, -0.03449768,  0.3571755 ],
       [ 0.03650615,  0.        ,  0.99933343,  0.0846501 ],
       [ 0.        ,  0.        ,  0.        ,  1.        ]])]"
24,"[array([[-0.36577825, -0.93057887, -0.01514044,  0.0357391 ],
       [ 0.9297827 , -0.36609147,  0.03848595,  0.33757158],
       [-0.04135699,  0.        ,  0.99914443,  0.0863404 ],
       [ 0.        ,  0.        ,  0.        ,  1.        ]])]","[array([[ 0.36338777, -0.93161357,  0.00674456,  0.01560301],
       [ 0.93145315,  0.36345036,  0.01728799,  0.40610232],
       [-0.01855704, -0.        ,  0.9998278 ,  0.08442411],
       [ 0.        ,  0.        ,  0.        ,  1.        ]])]","[array([[ 0.36338777, -0.93161357,  0.00674456,  0.01560301],
       [ 0.93145315,  0.36345036,  0.01728799,  0.40610232],
       [-0.01855704, -0.        ,  0.9998278 ,  0.08442411],
       [ 0.        ,  0.        ,  0.        ,  1.        ]])]","[array([[ 0.77152549, -0.63593518,  0.01829939,  0.0956499 ],
       [ 0.63575638,  0.77174247,  0.01507916,  0.33340127],
       [-0.02371179,  0.        ,  0.99971884,  0.08668714],
       [ 0.        ,  0.        ,  0.        ,  1.        ]])]","[array([[ 0.2193302 , -0.97562129, -0.00757356,  0.14127451],
       [ 0.97504017,  0.21946092, -0.03366852,  0.37138831],
       [ 0.03450982,  0.        ,  0.99940436,  0.08428659],
       [ 0.        ,  0.        ,  0.        ,  1.        ]])]","[array([[ 0.2193302 , -0.97562129, -0.00757356,  0.14127451],
       [ 0.97504017,  0.21946092, -0.03366852,  0.37138831],
       [ 0.03450982,  0.        ,  0.99940436,  0.08428659],
       [ 0.        ,  0.        ,  0.        ,  1.        ]])]"
25,"[array([[-0.47648334, -0.87898214, -0.01881536, -0.0208152 ],
       [ 0.87829765, -0.47685469,  0.03468219,  0.33393191],
       [-0.03945722,  0.        ,  0.99922126,  0.08582284],
       [ 0.        ,  0.        ,  0.        ,  1.        ]])]","[array([[ 0.2475101 , -0.96887226,  0.00502976, -0.04915175],
       [ 0.96867227,  0.2475612 ,  0.01968482,  0.39953125],
       [-0.02031725, -0.        ,  0.99979358,  0.08398209],
