,LP,LD1,LD2,RP,RD1,RD2
0,"[array([[-0.61493371, -0.78812311, -0.02680482, -0.04601039],
       [ 0.78737543, -0.61551764,  0.03432152,  0.18735828],
       [-0.04354842,  0.        ,  0.99905132,  0.08580048],
       [ 0.        ,  0.        ,  0.        ,  1.        ]])]","[array([[ 1.54721696e-01, -9.87957901e-01,  6.18578673e-04,
        -8.36129605e-02],
       [ 9.87950005e-01,  1.54722933e-01,  3.94983262e-03,
         2.47849443e-01],
       [-3.99797665e-03, -0.00000000e+00,  9.99992008e-01,
         8.29561357e-02],
       [ 0.00000000e+00,  0.00000000e+00,  0.00000000e+00,
         1.00000000e+00]])]","[array([[ 1.54721696e-01, -9.87957901e-01,  6.18578673e-04,
        -8.36129605e-02],
       [ 9.87950005e-01,  1.54722933e-01,  3.94983262e-03,
         2.47849443e-01],
       [-3.99797665e-03, -0.00000000e+00,  9.99992008e-01,
         8.29561357e-02],
       [ 0.00000000e+00,  0.00000000e+00,  0.00000000e+00,
         1.00000000e+00]])]","[array([[ 0.10036946, -0.9949464 ,  0.00276132,  0.01023557],
       [ 0.99457009,  0.10040744,  0.02736212,  0.19054175],
       [-0.0275011 ,  0.        ,  0.99962177,  0.08628902],
       [ 0.        ,  0.        ,  0.        ,  1.        ]])]","[array([[-0.52043021, -0.85359165,  0.02310188,  0.0155518 ],
       [ 0.8527519 , -0.5209427 , -0.03785364,  0.24971853],
       [ 0.04434631, -0.        ,  0.99901622,  0.08313479],
       [ 0.        ,  0.        ,  0.        ,  1.        ]])]","[array([[-0.52043021, -0.85359165,  0.02310188,  0.0155518 ],
       [ 0.8527519 , -0.5209427 , -0.03785364,  0.24971853],
       [ 0.04434631, -0.        ,  0.99901622,  0.08313479],
       [ 0.        ,  0.        ,  0.        ,  1.        ]])]"
1,"[array([[-0.61508906, -0.78800823, -0.02661721, -0.0460076 ],
       [ 0.78727145, -0.6156647 ,  0.03406819,  0.18736093],
       [-0.0432333 ,  0.        ,  0.999065  ,  0.08579043],
       [ 0.        ,  0.        ,  0.        ,  1.        ]])]","[array([[ 1.54893765e-01, -9.87930923e-01,  6.42374077e-04,
        -8.36213109e-02],
       [ 9.87922427e-01,  1.54895097e-01,  4.09710331e-03,
         2.47849095e-01],
       [-4.14715565e-03, -0.00000000e+00,  9.99991401e-01,
         8.29618795e-02],
       [ 0.00000000e+00,  0.00000000e+00,  0.00000000e+00,
         1.00000000e+00]])]","[array([[ 1.54893765e-01, -9.87930923e-01,  6.42374077e-04,
        -8.36213109e-02],
       [ 9.87922427e-01,  1.54895097e-01,  4.09710331e-03,
         2.47849095e-01],
       [-4.14715565e-03, -0.00000000e+00,  9.99991401e-01,
         8.29618795e-02],
       [ 0.00000000e+00,  0.00000000e+00,  0.00000000e+00,
         1.00000000e+00]])]","[array([[ 0.10042643, -0.99494067,  0.00275628,  0.01023135],
       [ 0.99456615,  0.10046424,  0.02729662,  0.19054034],
       [-0.02743543,  0.        ,  0.99962358,  0.08628655],
       [ 0.        ,  0.        ,  0.        ,  1.        ]])]","[array([[-0.52038614, -0.85361773,  0.02313081,  0.01554804],
       [ 0.85277571, -0.52089996, -0.03790531,  0.24971436],
       [ 0.04440548, -0.        ,  0.99901359,  0.08312991],
       [ 0.        ,  0.        ,  0.        ,  1.        ]])]","[array([[-0.52038614, -0.85361773,  0.02313081,  0.01554804],
       [ 0.85277571, -0.52089996, -0.03790531,  0.24971436],
       [ 0.04440548, -0.        ,  0.99901359,  0.08312991],
       [ 0.        ,  0.        ,  0.        ,  1.        ]])]"
2,"[array([[-0.61498983, -0.78807943, -0.02680152, -0.04601163],
       [ 0.78733211, -0.61557356,  0.03431227,  0.18735561],
       [-0.0435391 ,  0.        ,  0.99905172,  0.08580428],
       [ 0.        ,  0.        ,  0.        ,  1.        ]])]","[array([[ 1.54849831e-01, -9.87937825e-01,  6.19203665e-04,
        -8.36169448e-02],
       [ 9.87929927e-01,  1.54851069e-01,  3.95047141e-03,
         2.47852658e-01],
       [-3.99870448e-03, -0.00000000e+00,  9.99992005e-01,
         8.29551588e-02],
       [ 0.00000000e+00,  0.00000000e+00,  0.00000000e+00,
         1.00000000e+00]])]","[array([[ 1.54849831e-01, -9.87937825e-01,  6.19203665e-04,
        -8.36169448e-02],
       [ 9.87929927e-01,  1.54851069e-01,  3.95047141e-03,
         2.47852658e-01],
       [-3.99870448e-03, -0.00000000e+00,  9.99992005e-01,
         8.29551588e-02],
       [ 0.00000000e+00,  0.00000000e+00,  0.00000000e+00,
         1.00000000e+00]])]","[array([[ 0.10066043, -0.99491698,  0.00277031,  0.01022532],
       [ 0.99454041,  0.10069855,  0.02737104,  0.19054099],
       [-0.02751087,  0.        ,  0.9996215 ,  0.08628824],
       [ 0.        ,  0.        ,  0.        ,  1.        ]])]","[array([[-0.51868437, -0.85460735,  0.02475463,  0.01548231],
       [ 0.85363572, -0.51927475, -0.04074045,  0.24971036],
       [ 0.04767154, -0.        ,  0.99886307,  0.08302305],
       [ 0.        ,  0.        ,  0.        ,  1.        ]])]","[array([[-0.51868437, -0.85460735,  0.02475463,  0.01548231],
       [ 0.85363572, -0.51927475, -0.04074045,  0.24971036],
       [ 0.04767154, -0.        ,  0.99886307,  0.08302305],
       [ 0.        ,  0.        ,  0.        ,  1.        ]])]"
3,"[array([[-0.6150657 , -0.78802532, -0.02665106, -0.04601032],
       [ 0.78728659, -0.61564283,  0.03411347,  0.18735384],
       [-0.04328982,  0.        ,  0.99906256,  0.08579069],
       [ 0.        ,  0.        ,  0.        ,  1.        ]])]","[array([[ 1.54819312e-01, -9.87942618e-01,  6.03485382e-04,
        -8.36209959e-02],
       [ 9.87935112e-01,  1.54820488e-01,  3.85096918e-03,
         2.47844356e-01],
       [-3.89796847e-03, -0.00000000e+00,  9.99992403e-01,
         8.29509554e-02],
       [ 0.00000000e+00,  0.00000000e+00,  0.00000000e+00,
         1.00000000e+00]])]","[array([[ 1.54819312e-01, -9.87942618e-01,  6.03485382e-04,
        -8.36209959e-02],
       [ 9.87935112e-01,  1.54820488e-01,  3.85096918e-03,
         2.47844356e-01],
       [-3.89796847e-03, -0.00000000e+00,  9.99992403e-01,
         8.29509554e-02],
       [ 0.00000000e+00,  0.00000000e+00,  0.00000000e+00,
         1.00000000e+00]])]","[array([[ 0.10023588, -0.99495979,  0.00278949,  0.01023945],
       [ 0.99457473,  0.10027469,  0.02767828,  0.19053446],
       [-0.02781849,  0.        ,  0.99961299,  0.08629813],
       [ 0.        ,  0.        ,  0.        ,  1.        ]])]","[array([[-0.52023609, -0.85370807,  0.02317199,  0.01554102],
       [ 0.85286248, -0.52075189, -0.0379876 ,  0.24970863],
       [ 0.04449717, -0.        ,  0.99900951,  0.08312499],
       [ 0.        ,  0.        ,  0.        ,  1.        ]])]","[array([[-0.52023609, -0.85370807,  0.02317199,  0.01554102],
       [ 0.85286248, -0.52075189, -0.0379876 ,  0.24970863],
       [ 0.04449717, -0.        ,  0.99900951,  0.08312499],
       [ 0.        ,  0.        ,  0.        ,  1.        ]])]"
4,"[array([[-0.61477803, -0.78824464, -0.02680217, -0.04602425],
       [ 0.78749662, -0.615362  ,  0.03433209,  0.18735533],
       [-0.04355512,  0.        ,  0.99905103,  0.08579763],
       [ 0.        ,  0.        ,  0.        ,  1.        ]])]","[array([[ 1.54845092e-01, -9.87938568e-01,  6.18965967e-04,
        -8.36207975e-02],
       [ 9.87930675e-01,  1.54846329e-01,  3.94907876e-03,
         2.47846613e-01],
       [-3.99729183e-03, -0.00000000e+00,  9.99992011e-01,
         8.29561139e-02],
       [ 0.00000000e+00,  0.00000000e+00,  0.00000000e+00,
         1.00000000e+00]])]","[array([[ 1.54845092e-01, -9.87938568e-01,  6.18965967e-04,
        -8.36207975e-02],
       [ 9.87930675e-01,  1.54846329e-01,  3.94907876e-03,
         2.47846613e-01],
       [-3.99729183e-03, -0.00000000e+00,  9.99992011e-01,
         8.29561139e-02],
       [ 0.00000000e+00,  0.00000000e+00,  0.00000000e+00,
         1.00000000e+00]])]","[array([[ 0.10017395, -0.99496616,  0.00274303,  0.01024278],
       [ 0.99459335,  0.1002115 ,  0.02723458,  0.19053449],
       [-0.02737237,  0.        ,  0.99962531,  0.08628414],
       [ 0.        ,  0.        ,  0.        ,  1.        ]])]","[array([[-0.52046154, -0.85357311,  0.02308074,  0.01555605],
       [ 0.85273502, -0.52097307, -0.03781596,  0.24971165],
       [ 0.04430313, -0.        ,  0.99901813,  0.08313616],
       [ 0.        ,  0.        ,  0.        ,  1.        ]])]","[array([[-0.52046154, -0.85357311,  0.02308074,  0.01555605],
       [ 0.85273502, -0.52097307, -0.03781596,  0.24971165],
       [ 0.04430313, -0.        ,  0.99901813,  0.08313616],
       [ 0.        ,  0.        ,  0.        ,  1.        ]])]"
5,"[array([[-0.61497596, -0.78809273, -0.0267286 , -0.04601009],
       [ 0.78734942, -0.61555654,  0.03422044,  0.18735742],
       [-0.04342185,  0.        ,  0.99905683,  0.08579465],
       [ 0.        ,  0.        ,  0.        ,  1.        ]])]","[array([[ 1.54714119e-01, -9.87959097e-01,  6.03054894e-04,
        -8.36127249e-02],
       [ 9.87951592e-01,  1.54715294e-01,  3.85090286e-03,
         2.47845358e-01],
       [-3.89783633e-03, -0.00000000e+00,  9.99992403e-01,
         8.29509512e-02],
       [ 0.00000000e+00,  0.00000000e+00,  0.00000000e+00,
         1.00000000e+00]])]","[array([[ 1.54714119e-01, -9.87959097e-01,  6.03054894e-04,
        -8.36127249e-02],
       [ 9.87951592e-01,  1.54715294e-01,  3.85090286e-03,
         2.47845358e-01],
       [-3.89783633e-03, -0.00000000e+00,  9.99992403e-01,
         8.29509512e-02],
       [ 0.00000000e+00,  0.00000000e+00,  0.00000000e+00,
         1.00000000e+00]])]","[array([[ 0.10000966, -0.99498268,  0.00274566,  0.01024531],
       [ 0.99460792,  0.10004735,  0.02730593,  0.1905347 ],
       [-0.02744362,  0.        ,  0.99962335,  0.08628574],
       [ 0.        ,  0.        ,  0.        ,  1.        ]])]","[array([[-0.51865151, -0.85462958,  0.02467578,  0.01548196],
       [ 0.85366397, -0.51923818, -0.0406146 ,  0.24970796],
       [ 0.04752305, -0.        ,  0.99887014,  0.08303077],
       [ 0.        ,  0.        ,  0.        ,  1.        ]])]","[array([[-0.51865151, -0.85462958,  0.02467578,  0.01548196],
       [ 0.85366397, -0.51923818, -0.0406146 ,  0.24970796],
       [ 0.04752305, -0.        ,  0.99887014,  0.08303077],
       [ 0.        ,  0.        ,  0.        ,  1.        ]])]"
6,"[array([[-0.61479864, -0.78823132, -0.02672135, -0.04601764],
       [ 0.78748785, -0.61537906,  0.03422704,  0.18735434],
       [-0.04342258,  0.        ,  0.9990568 ,  0.08579667],
       [ 0.        ,  0.        ,  0.        ,  1.        ]])]","[array([[ 1.54908960e-01, -9.87928525e-01,  6.65723437e-04,
        -8.36227833e-02],
       [ 9.87919402e-01,  1.54910391e-01,  4.24559753e-03,
         2.47847260e-01],
       [-4.29747439e-03, -0.00000000e+00,  9.99990766e-01,
         8.29676597e-02],
       [ 0.00000000e+00,  0.00000000e+00,  0.00000000e+00,
         1.00000000e+00]])]","[array([[ 1.54908960e-01, -9.87928525e-01,  6.65723437e-04,
        -8.36227833e-02],
       [ 9.87919402e-01,  1.54910391e-01,  4.24559753e-03,
         2.47847260e-01],
       [-4.29747439e-03, -0.00000000e+00,  9.99990766e-01,
         8.29676597e-02],
       [ 0.00000000e+00,  0.00000000e+00,  0.00000000e+00,
         1.00000000e+00]])]","[array([[ 0.10027459, -0.99495594,  0.00277242,  0.01023462],
       [ 0.99457587,  0.10031291,  0.02749834,  0.19053878],
       [-0.02763775,  0.        ,  0.999618  ,  0.08629009],
       [ 0.        ,  0.        ,  0.        ,  1.        ]])]","[array([[-0.51871023, -0.85459385,  0.02467899,  0.01548132],
       [ 0.85362825, -0.51929698, -0.04061358,  0.24971029],
       [ 0.04752384, -0.        ,  0.9988701 ,  0.08303074],
       [ 0.        ,  0.        ,  0.        ,  1.        ]])]","[array([[-0.51871023, -0.85459385,  0.02467899,  0.01548132],
       [ 0.85362825, -0.51929698, -0.04061358,  0.24971029],
       [ 0.04752384, -0.        ,  0.9988701 ,  0.08303074],
       [ 0.        ,  0.        ,  0.        ,  1.        ]])]"
7,"[array([[-0.61481024, -0.78821426, -0.02695657, -0.04601819],
       [ 0.78745771, -0.61540091,  0.03452636,  0.18735476],
       [-0.04380327,  0.        ,  0.99904018,  0.08580619],
       [ 0.        ,  0.        ,  0.        ,  1.        ]])]","[array([[ 1.54672855e-01, -9.87965539e-01,  6.33847890e-04,
        -8.36134417e-02],
       [ 9.87957243e-01,  1.54674154e-01,  4.04863940e-03,
         2.47849993e-01],
       [-4.09795609e-03, -0.00000000e+00,  9.99991603e-01,
         8.29613150e-02],
       [ 0.00000000e+00,  0.00000000e+00,  0.00000000e+00,
         1.00000000e+00]])]","[array([[ 1.54672855e-01, -9.87965539e-01,  6.33847890e-04,
        -8.36134417e-02],
       [ 9.87957243e-01,  1.54674154e-01,  4.04863940e-03,
         2.47849993e-01],
       [-4.09795609e-03, -0.00000000e+00,  9.99991603e-01,
         8.29613150e-02],
       [ 0.00000000e+00,  0.00000000e+00,  0.00000000e+00,
         1.00000000e+00]])]","[array([[ 0.10006614, -0.99497696,  0.0027598 ,  0.0102401 ],
       [ 0.99459877,  0.10010419,  0.02743076,  0.19053741],
       [-0.02756924,  0.        ,  0.9996199 ,  0.08629055],
       [ 0.        ,  0.        ,  0.        ,  1.        ]])]","[array([[-0.518693  , -0.85460735,  0.02457321,  0.01547759],
       [ 0.85364992, -0.51927475, -0.04044187,  0.2497099 ],
       [ 0.04732217, -0.        ,  0.99887968,  0.08303816],
       [ 0.        ,  0.        ,  0.        ,  1.        ]])]","[array([[-0.518693  , -0.85460735,  0.02457321,  0.01547759],
       [ 0.85364992, -0.51927475, -0.04044187,  0.2497099 ],
       [ 0.04732217, -0.        ,  0.99887968,  0.08303816],
       [ 0.        ,  0.        ,  0.        ,  1.        ]])]"
8,"[array([[-0.61469345, -0.78830541, -0.02695457, -0.04601884],
       [ 0.7875486 , -0.61528415,  0.03453434,  0.18735705],
       [-0.04380833,  0.        ,  0.99903995,  0.08580131],
       [ 0.        ,  0.        ,  0.        ,  1.        ]])]","[array([[ 1.54714088e-01, -9.87959097e-01,  6.10786247e-04,
        -8.36137240e-02],
       [ 9.87951398e-01,  1.54715294e-01,  3.90027264e-03,
         2.47849364e-01],
       [-3.94780781e-03, -0.00000000e+00,  9.99992207e-01,
         8.29525403e-02],
       [ 0.00000000e+00,  0.00000000e+00,  0.00000000e+00,
         1.00000000e+00]])]","[array([[ 1.54714088e-01, -9.87959097e-01,  6.10786247e-04,
        -8.36137240e-02],
       [ 9.87951398e-01,  1.54715294e-01,  3.90027264e-03,
         2.47849364e-01],
       [-3.94780781e-03, -0.00000000e+00,  9.99992207e-01,
         8.29525403e-02],
       [ 0.00000000e+00,  0.00000000e+00,  0.00000000e+00,
         1.00000000e+00]])]","[array([[ 0.10005327, -0.99497824,  0.00276548,  0.01024137],
       [ 0.99459839,  0.10009148,  0.02749076,  0.19053631],
       [-0.02762951,  0.        ,  0.99961823,  0.0862899 ],
       [ 0.        ,  0.        ,  0.        ,  1.        ]])]","[array([[-0.51870478, -0.85459779,  0.0246572 ,  0.01548009],
       [ 0.85363386, -0.5192905 , -0.04057842,  0.2497122 ],
       [ 0.04748248, -0.        ,  0.99887207,  0.08302906],
       [ 0.        ,  0.        ,  0.        ,  1.        ]])]","[array([[-0.51870478, -0.85459779,  0.0246572 ,  0.01548009],
       [ 0.85363386, -0.5192905 , -0.04057842,  0.2497122 ],
       [ 0.04748248, -0.        ,  0.99887207,  0.08302906],
       [ 0.        ,  0.        ,  0.        ,  1.        ]])]"
9,"[array([[-0.61486282, -0.78817722, -0.02683995, -0.04601259],
       [ 0.78742736, -0.61544835,  0.03437272,  0.1873489 ],
       [-0.0436104 ,  0.        ,  0.99904861,  0.08580287],
       [ 0.        ,  0.        ,  0.        ,  1.        ]])]","[array([[ 1.54395498e-01, -9.88008936e-01,  6.09651764e-04,
        -8.36028171e-02],
       [ 9.88001234e-01,  1.54396702e-01,  3.90125815e-03,
         2.47844346e-01],
       [-3.94860614e-03, -0.00000000e+00,  9.99992204e-01,
         8.29525657e-02],
       [ 0.00000000e+00,  0.00000000e+00,  0.00000000e+00,
         1.00000000e+00]])]","[array([[ 1.54395498e-01, -9.88008936e-01,  6.09651764e-04,
        -8.36028171e-02],
       [ 9.88001234e-01,  1.54396702e-01,  3.90125815e-03,
         2.47844346e-01],
       [-3.94860614e-03, -0.00000000e+00,  9.99992204e-01,
         8.29525657e-02],
       [ 0.00000000e+00,  0.00000000e+00,  0.00000000e+00,
         1.00000000e+00]])]","[array([[ 0.10025585, -0.99495787,  0.00275858,  0.01023502],
       [ 0.99458144,  0.1002938 ,  0.02736626,  0.19053548],
       [-0.02750495,  0.        ,  0.99962167,  0.08629011],
       [ 0.        ,  0.        ,  0.        ,  1.        ]])]","[array([[-0.52058591, -0.85349632,  0.02311572,  0.01555906],
       [ 0.85265617, -0.52109887, -0.03786073,  0.24971542],
       [ 0.04435957, -0.        ,  0.99901563,  0.08313137],
       [ 0.        ,  0.        ,  0.        ,  1.        ]])]","[array([[-0.52058591, -0.85349632,  0.02311572,  0.01555906],
       [ 0.85265617, -0.52109887, -0.03786073,  0.24971542],
       [ 0.04435957, -0.        ,  0.99901563,  0.08313137],
       [ 0.        ,  0.        ,  0.        ,  1.        ]])]"
10,"[array([[-0.61514514, -0.78796457, -0.02661394, -0.04600185],
       [ 0.78722814, -0.61572059,  0.03405902,  0.18735427],
       [-0.04322405,  0.        ,  0.9990654 ,  0.08579022],
       [ 0.        ,  0.        ,  0.        ,  1.        ]])]","[array([[ 1.54819124e-01, -9.87942618e-01,  6.49906546e-04,
        -8.36209899e-02],
       [ 9.87933913e-01,  1.54820488e-01,  4.14719254e-03,
         2.47845394e-01],
       [-4.19780711e-03, -0.00000000e+00,  9.99991189e-01,
         8.29624903e-02],
       [ 0.00000000e+00,  0.00000000e+00,  0.00000000e+00,
         1.00000000e+00]])]","[array([[ 1.54819124e-01, -9.87942618e-01,  6.49906546e-04,
        -8.36209899e-02],
       [ 9.87933913e-01,  1.54820488e-01,  4.14719254e-03,
         2.47845394e-01],
       [-4.19780711e-03, -0.00000000e+00,  9.99991189e-01,
         8.29624903e-02],
       [ 0.00000000e+00,  0.00000000e+00,  0.00000000e+00,
         1.00000000e+00]])]","[array([[ 0.1002555 , -0.99495787,  0.00277137,  0.01023303],
       [ 0.99457794,  0.1002938 ,  0.02749316,  0.19053256],
       [-0.02763248,  0.        ,  0.99961815,  0.08629297],
       [ 0.        ,  0.        ,  0.        ,  1.        ]])]","[array([[-0.52049968, -0.85354964,  0.02308858,  0.01555258],
       [ 0.85271113, -0.52101152, -0.03782498,  0.24971488],
       [ 0.04431491, -0.        ,  0.99901761,  0.08313479],
       [ 0.        ,  0.        ,  0.        ,  1.        ]])]","[array([[-0.52049968, -0.85354964,  0.02308858,  0.01555258],
       [ 0.85271113, -0.52101152, -0.03782498,  0.24971488],
       [ 0.04431491, -0.        ,  0.99901761,  0.08313479],
       [ 0.        ,  0.        ,  0.        ,  1.        ]])]"
11,"[array([[-0.4712133 , -0.88165536, -0.02533469, -0.05528665],
       [ 0.88038384, -0.47189387,  0.04733366,  0.19421261],
       [-0.05368726,  0.        ,  0.9985578 ,  0.08616159],
       [ 0.        ,  0.        ,  0.        ,  1.        ]])]","[array([[ 3.13768462e-01, -9.49499509e-01, -1.88122290e-04,
        -8.20975849e-02],
       [ 9.49499338e-01,  3.13768518e-01, -5.69279618e-04,
         2.60121879e-01],
       [ 5.99557570e-04, -0.00000000e+00,  9.99999820e-01,
         8.28499341e-02],
       [ 0.00000000e+00,  0.00000000e+00,  0.00000000e+00,
         1.00000000e+00]])]","[array([[ 3.13768462e-01, -9.49499509e-01, -1.88122290e-04,
        -8.20975849e-02],
       [ 9.49499338e-01,  3.13768518e-01, -5.69279618e-04,
         2.60121879e-01],
       [ 5.99557570e-04, -0.00000000e+00,  9.99999820e-01,
         8.28499341e-02],
       [ 0.00000000e+00,  0.00000000e+00,  0.00000000e+00,
         1.00000000e+00]])]","[array([[ 2.63547582e-01, -9.64632678e-01,  5.14472209e-03,
         9.12419134e-04],
       [ 9.64448934e-01,  2.63597793e-01,  1.88270433e-02,
         1.88157774e-01],
       [-1.95173185e-02,  0.00000000e+00,  9.99809519e-01,
         8.59551879e-02],
       [ 0.00000000e+00,  0.00000000e+00,  0.00000000e+00,
         1.00000000e+00]])]","[array([[-0.36299366, -0.93161121,  0.01833457,  0.01558454],
       [ 0.93042512, -0.3634564 , -0.04699516,  0.24566496],
       [ 0.05044504, -0.        ,  0.99872684,  0.08307785],
       [ 0.        ,  0.        ,  0.        ,  1.        ]])]","[array([[-0.36299366, -0.93161121,  0.01833457,  0.01558454],
       [ 0.93042512, -0.3634564 , -0.04699516,  0.24566496],
       [ 0.05044504, -0.        ,  0.99872684,  0.08307785],
       [ 0.        ,  0.        ,  0.        ,  1.        ]])]"
12,"[array([[-0.38346113, -0.92330575, -0.02154183, -0.08090507],
       [ 0.92185227, -0.38406573,  0.05178721,  0.19806976],
       [-0.0560889 ,  0.        ,  0.99842578,  0.08608739],
       [ 0.        ,  0.        ,  0.        ,  1.        ]])]","[array([[ 0.4084314 , -0.91278733,  0.00175748, -0.10136166],
       [ 0.91277888,  0.40843518,  0.00392769,  0.26635459],
       [-0.00430296, -0.        ,  0.99999074,  0.08285283],
       [ 0.        ,  0.        ,  0.        ,  1.        ]])]","[array([[ 0.4084314 , -0.91278733,  0.00175748, -0.10136166],
       [ 0.91277888,  0.40843518,  0.00392769,  0.26635459],
       [-0.00430296, -0.        ,  0.99999074,  0.08285283],
       [ 0.        ,  0.        ,  0.        ,  1.        ]])]","[array([[ 0.35305802, -0.93558502,  0.00554168, -0.02534882],
       [ 0.93546979,  0.35310151,  0.01468335,  0.18702025],
       [-0.0156943 ,  0.        ,  0.99987684,  0.08564655],
       [ 0.        ,  0.        ,  0.        ,  1.        ]])]","[array([[-0.26943494, -0.96292343,  0.0135385 , -0.00550717],
       [ 0.96171011, -0.26977486, -0.04832378,  0.24275721],
       [ 0.05018445, -0.        ,  0.99873997,  0.08289713],
       [ 0.        ,  0.        ,  0.        ,  1.        ]])]","[array([[-0.26943494, -0.96292343,  0.0135385 , -0.00550717],
       [ 0.96171011, -0.26977486, -0.04832378,  0.24275721],
       [ 0.05018445, -0.        ,  0.99873997,  0.08289713],
       [ 0.        ,  0.        ,  0.        ,  1.        ]])]"
13,"[array([[-0.43299162, -0.90125055, -0.01630023, -0.13130371],
       [ 0.90061261, -0.43329833,  0.0339041 ,  0.18016151],
       [-0.03761895,  0.        ,  0.99929216,  0.08500366],
       [ 0.        ,  0.        ,  0.        ,  1.        ]])]","[array([[ 0.36984248, -0.92909314,  0.00157309, -0.15514591],
       [ 0.92908474,  0.36984582,  0.00395177,  0.24749541],
       [-0.00425336, -0.        ,  0.99999095,  0.08243226],
       [ 0.        ,  0.        ,  0.        ,  1.        ]])]","[array([[ 0.36984248, -0.92909314,  0.00157309, -0.15514591],
       [ 0.92908474,  0.36984582,  0.00395177,  0.24749541],
       [-0.00425336, -0.        ,  0.99999095,  0.08243226],
       [ 0.        ,  0.        ,  0.        ,  1.        ]])]","[array([[ 0.31476657, -0.9491542 ,  0.00531998, -0.07589151],
       [ 0.94901867,  0.31481153,  0.01603969,  0.17121193],
       [-0.01689893,  0.        ,  0.9998572 ,  0.08531754],
       [ 0.        ,  0.        ,  0.        ,  1.        ]])]","[array([[-0.31658466, -0.94844184,  0.01523899, -0.05801468],
       [ 0.94734496, -0.31695122, -0.045601  ,  0.22780835],
       [ 0.04807991, -0.        ,  0.99884349,  0.08262106],
       [ 0.        ,  0.        ,  0.        ,  1.        ]])]","[array([[-0.31658466, -0.94844184,  0.01523899, -0.05801468],
       [ 0.94734496, -0.31695122, -0.045601  ,  0.22780835],
       [ 0.04807991, -0.        ,  0.99884349,  0.08262106],
       [ 0.        ,  0.        ,  0.        ,  1.        ]])]"
14,"[array([[-0.39687337, -0.91774415, -0.01540176, -0.14651838],
       [ 0.91705384, -0.39717211,  0.0355888 ,  0.19647716],
       [-0.03877856,  0.        ,  0.99924783,  0.08495264],
       [ 0.        ,  0.        ,  0.        ,  1.        ]])]","[array([[ 0.40667093, -0.91357397,  0.0011605 , -0.16769822],
       [ 0.91357025,  0.40667259,  0.00260703,  0.26471949],
       [-0.00285366, -0.        ,  0.99999593,  0.08230375],
       [ 0.        ,  0.        ,  0.        ,  1.        ]])]","[array([[ 0.40667093, -0.91357397,  0.0011605 , -0.16769822],
       [ 0.91357025,  0.40667259,  0.00260703,  0.26471949],
       [-0.00285366, -0.        ,  0.99999593,  0.08230375],
       [ 0.        ,  0.        ,  0.        ,  1.        ]])]","[array([[ 0.35214488, -0.9359301 ,  0.00536875, -0.09153742],
       [ 0.93582135,  0.3521858 ,  0.0142674 ,  0.18523125],
       [-0.01524409,  0.        ,  0.9998838 ,  0.08524247],
       [ 0.        ,  0.        ,  0.        ,  1.        ]])]","[array([[-0.29598327, -0.95512824,  0.01113292, -0.07045575],
       [ 0.95445332, -0.29619257, -0.03590018,  0.24103574],
       [ 0.03758677, -0.        ,  0.99929337,  0.08314874],
       [ 0.        ,  0.        ,  0.        ,  1.        ]])]","[array([[-0.29598327, -0.95512824,  0.01113292, -0.07045575],
       [ 0.95445332, -0.29619257, -0.03590018,  0.24103574],
       [ 0.03758677, -0.        ,  0.99929337,  0.08314874],
       [ 0.        ,  0.        ,  0.        ,  1.        ]])]"
15,"[array([[-0.39983581, -0.91634031, -0.02125455, -0.11527505],
       [ 0.91504836, -0.40040033,  0.04864233,  0.25578536],
       [-0.05308326,  0.        ,  0.99859009,  0.08576607],
       [ 0.        ,  0.        ,  0.        ,  1.        ]])]","[array([[ 3.94883199e-01, -9.18731009e-01,  7.69503788e-04,
        -1.36929575e-01],
       [ 9.18729265e-01,  3.94883949e-01,  1.79031585e-03,
         3.23773387e-01],
       [-1.94868338e-03, -0.00000000e+00,  9.99998101e-01,
         8.25419681e-02],
       [ 0.00000000e+00,  0.00000000e+00,  0.00000000e+00,
         1.00000000e+00]])]","[array([[ 3.94883199e-01, -9.18731009e-01,  7.69503788e-04,
        -1.36929575e-01],
       [ 9.18729265e-01,  3.94883949e-01,  1.79031585e-03,
         3.23773387e-01],
       [-1.94868338e-03, -0.00000000e+00,  9.99998101e-01,
         8.25419681e-02],
       [ 0.00000000e+00,  0.00000000e+00,  0.00000000e+00,
         1.00000000e+00]])]","[array([[ 0.3397965 , -0.94047963,  0.00603334, -0.0597362 ],
       [ 0.94033142,  0.33985006,  0.01669628,  0.24528775],
       [-0.01775295,  0.        ,  0.9998424 ,  0.08558767],
       [ 0.        ,  0.        ,  0.        ,  1.        ]])]","[array([[-0.2885313 , -0.95736468,  0.01423252, -0.04045447],
       [ 0.95620207, -0.28888212, -0.04716702,  0.30138765],
       [ 0.04926756, -0.        ,  0.99878562,  0.08288829],
       [ 0.        ,  0.        ,  0.        ,  1.        ]])]","[array([[-0.2885313 , -0.95736468,  0.01423252, -0.04045447],
       [ 0.95620207, -0.28888212, -0.04716702,  0.30138765],
       [ 0.04926756, -0.        ,  0.99878562,  0.08288829],
       [ 0.        ,  0.        ,  0.        ,  1.        ]])]"
16,"[array([[-0.42486539, -0.90513362, -0.01491713, -0.07344091],
       [ 0.90457625, -0.42512718,  0.0317599 ,  0.32542367],
       [-0.03508863,  0.        ,  0.9993842 ,  0.08534499],
       [ 0.        ,  0.        ,  0.        ,  1.        ]])]","[array([[ 0.3781045 , -0.92576166,  0.00152994, -0.09676565],
       [ 0.92575408,  0.3781076 ,  0.00374591,  0.3929565 ],
       [-0.0040463 , -0.        ,  0.99999181,  0.08294367],
       [ 0.        ,  0.        ,  0.        ,  1.        ]])]","[array([[ 0.3781045 , -0.92576166,  0.00152994, -0.09676565],
       [ 0.92575408,  0.3781076 ,  0.00374591,  0.3929565 ],
       [-0.0040463 , -0.        ,  0.99999181,  0.08294367],
       [ 0.        ,  0.        ,  0.        ,  1.        ]])]","[array([[ 0.32391588, -0.94603559,  0.00975541, -0.01814378],
       [ 0.94560683,  0.32406275,  0.02847895,  0.31601146],
       [-0.03010347,  0.        ,  0.99954679,  0.08636732],
       [ 0.        ,  0.        ,  0.        ,  1.        ]])]","[array([[-3.18979897e-01, -9.47679100e-01,  1.24959804e-02,
         6.64973107e-04],
       [ 9.46952750e-01, -3.19224567e-01, -3.70967045e-02,
         3.72420565e-01],
       [ 3.91447954e-02, -0.00000000e+00,  9.99233549e-01,
         8.35321955e-02],
       [ 0.00000000e+00,  0.00000000e+00,  0.00000000e+00,
         1.00000000e+00]])]","[array([[-3.18979897e-01, -9.47679100e-01,  1.24959804e-02,
         6.64973107e-04],
       [ 9.46952750e-01, -3.19224567e-01, -3.70967045e-02,
         3.72420565e-01],
       [ 3.91447954e-02, -0.00000000e+00,  9.99233549e-01,
         8.35321955e-02],
       [ 0.00000000e+00,  0.00000000e+00,  0.00000000e+00,
         1.00000000e+00]])]"
17,"[array([[-0.48507401, -0.87428098, -0.01832941, -0.05021329],
       [ 0.87365748, -0.48542019,  0.03301274,  0.38458142],
       [-0.03775988,  0.        ,  0.99928684,  0.08564882],
       [ 0.        ,  0.        ,  0.        ,  1.        ]])]","[array([[ 0.31839928, -0.94794378,  0.00494821, -0.07817884],
       [ 0.94782933,  0.31843772,  0.01473011,  0.450375  ],
       [-0.01553901, -0.        ,  0.99987926,  0.08346714],
       [ 0.        ,  0.        ,  0.        ,  1.        ]])]","[array([[ 0.31839928, -0.94794378,  0.00494821, -0.07817884],
       [ 0.94782933,  0.31843772,  0.01473011,  0.450375  ],
       [-0.01553901, -0.        ,  0.99987926,  0.08346714],
       [ 0.        ,  0.        ,  0.        ,  1.        ]])]","[array([[ 0.25661931, -0.96648314,  0.00754109,  0.00571919],
       [ 0.96606611,  0.25673009,  0.02838912,  0.3789336 ],
       [-0.02937363,  0.        ,  0.9995685 ,  0.08646997],
       [ 0.        ,  0.        ,  0.        ,  1.        ]])]","[array([[-0.38235436, -0.92389933,  0.01466864,  0.02053125],
       [ 0.92322019, -0.38263563, -0.03541841,  0.43653036],
       [ 0.03833579, -0.        ,  0.99926491,  0.08371492],
       [ 0.        ,  0.        ,  0.        ,  1.        ]])]","[array([[-0.38235436, -0.92389933,  0.01466864,  0.02053125],
       [ 0.92322019, -0.38263563, -0.03541841,  0.43653036],
       [ 0.03833579, -0.        ,  0.99926491,  0.08371492],
       [ 0.        ,  0.        ,  0.        ,  1.        ]])]"
18,"[array([[-0.61917689, -0.78445857, -0.03528082, -0.03151065],
       [ 0.78318819, -0.62018123,  0.04462622,  0.41280502],
       [-0.05688793,  0.        ,  0.99838057,  0.08647729],
       [ 0.        ,  0.        ,  0.        ,  1.        ]])]","[array([[ 0.16886714, -0.98563109,  0.00390539, -0.06996131],
       [ 0.9853676 ,  0.1689123 ,  0.02278858,  0.47340342],
       [-0.02312081, -0.        ,  0.99973268,  0.08385924],
       [ 0.        ,  0.        ,  0.        ,  1.        ]])]","[array([[ 0.16886714, -0.98563109,  0.00390539, -0.06996131],
       [ 0.9853676 ,  0.1689123 ,  0.02278858,  0.47340342],
       [-0.02312081, -0.        ,  0.99973268,  0.08385924],
       [ 0.        ,  0.        ,  0.        ,  1.        ]])]","[array([[ 0.09954734, -0.99502896,  0.00277248,  0.02448026],
       [ 0.99464328,  0.09958594,  0.02770166,  0.41599382],
       [-0.02784005,  0.        ,  0.99961239,  0.08652562],
       [ 0.        ,  0.        ,  0.        ,  1.        ]])]","[array([[-0.5199679 , -0.85394324,  0.02035509,  0.02975226],
       [ 0.85328967, -0.52036616, -0.03340357,  0.47520735],
       [ 0.03911685, -0.        ,  0.99923464,  0.08373008],
       [ 0.        ,  0.        ,  0.        ,  1.        ]])]","[array([[-0.5199679 , -0.85394324,  0.02035509,  0.02975226],
       [ 0.85328967, -0.52036616, -0.03340357,  0.47520735],
       [ 0.03911685, -0.        ,  0.99923464,  0.08373008],
       [ 0.        ,  0.        ,  0.        ,  1.        ]])]"
19,"[array([[-0.74703462, -0.66417006, -0.02859042, -0.00725436],
       [ 0.66368417, -0.74758152,  0.02540044,  0.39819673],
       [-0.03824388,  0.        ,  0.99926844,  0.08592066],
       [ 0.        ,  0.        ,  0.        ,  1.        ]])]","[array([[ 1.30654286e-03, -9.99999145e-01,  4.50667558e-05,
        -5.61045442e-02],
       [ 9.99404788e-01,  1.30731988e-03,  3.44726015e-02,
         4.51165811e-01],
       [-3.44726310e-02, -0.00000000e+00,  9.99405642e-01,
         8.44992297e-02],
       [ 0.00000000e+00,  0.00000000e+00,  0.00000000e+00,
         1.00000000e+00]])]","[array([[ 1.30654286e-03, -9.99999145e-01,  4.50667558e-05,
        -5.61045442e-02],
       [ 9.99404788e-01,  1.30731988e-03,  3.44726015e-02,
         4.51165811e-01],
       [-3.44726310e-02, -0.00000000e+00,  9.99405642e-01,
         8.44992297e-02],
       [ 0.00000000e+00,  0.00000000e+00,  0.00000000e+00,
         1.00000000e+00]])]","[array([[-7.37749338e-02, -9.97274548e-01, -8.57701973e-04,
         4.73217469e-02],
       [ 9.97207158e-01, -7.37799195e-02,  1.15934573e-02,
         4.11082763e-01],
       [-1.16251411e-02, -0.00000000e+00,  9.99932426e-01,
         8.62874032e-02],
       [ 0.00000000e+00,  0.00000000e+00,  0.00000000e+00,
         1.00000000e+00]])]","[array([[-0.65670715, -0.75344411,  0.03252217,  0.04196843],
       [ 0.75252188, -0.65751196, -0.03726721,  0.47027301],
       [ 0.04946247, -0.        ,  0.99877598,  0.08355009],
       [ 0.        ,  0.        ,  0.        ,  1.        ]])]","[array([[-0.65670715, -0.75344411,  0.03252217,  0.04196843],
       [ 0.75252188, -0.65751196, -0.03726721,  0.47027301],
       [ 0.04946247, -0.        ,  0.99877598,  0.08355009],
       [ 0.        ,  0.        ,  0.        ,  1.        ]])]"
20,"[array([[-0.80973476, -0.58563294, -0.03692807,  0.03887548],
       [ 0.58502488, -0.81057638,  0.02668014,  0.35043814],
       [-0.04555779,  0.        ,  0.9989617 ,  0.08656149],
       [ 0.        ,  0.        ,  0.        ,  1.        ]])]","[array([[-0.11091194, -0.99382664, -0.0026738 , -0.01479322],
       [ 0.99353798, -0.11094416,  0.0239516 ,  0.39805024],
       [-0.02410038,  0.        ,  0.99970954,  0.08440939],
       [ 0.        ,  0.        ,  0.        ,  1.        ]])]","[array([[-0.11091194, -0.99382664, -0.0026738 , -0.01479322],
       [ 0.99353798, -0.11094416,  0.0239516 ,  0.39805024],
       [-0.02410038,  0.        ,  0.99970954,  0.08440939],
       [ 0.        ,  0.        ,  0.        ,  1.        ]])]","[array([[-0.18276838, -0.98314524, -0.00460051,  0.0921446 ],
       [ 0.98283393, -0.18282627,  0.02473918,  0.36899994],
       [-0.0251633 , -0.        ,  0.99968335,  0.08694866],
       [ 0.        ,  0.        ,  0.        ,  1.        ]])]","[array([[-0.73289188, -0.67948931,  0.03411411,  0.08049698],
       [ 0.67875439, -0.73368541, -0.03159416,  0.42737544],
       [ 0.04649691, -0.        ,  0.99891843,  0.0838584 ],
       [ 0.        ,  0.        ,  0.        ,  1.        ]])]","[array([[-0.73289188, -0.67948931,  0.03411411,  0.08049698],
       [ 0.67875439, -0.73368541, -0.03159416,  0.42737544],
       [ 0.04649691, -0.        ,  0.99891843,  0.0838584 ],
       [ 0.        ,  0.        ,  0.        ,  1.        ]])]"
21,"[array([[-0.81542988, -0.57803651, -0.03078799,  0.10311546],
       [ 0.57762494, -0.8160109 ,  0.02180925,  0.27850108],
       [-0.03772988,  0.        ,  0.99928797,  0.08672815],
       [ 0.        ,  0.        ,  0.        ,  1.        ]])]","[array([[-0.13163008, -0.99129618, -0.00232642,  0.049406  ],
       [ 0.99114139, -0.13165064,  0.01751736,  0.32556428],
       [-0.01767116,  0.        ,  0.99984385,  0.08451394],
       [ 0.        ,  0.        ,  0.        ,  1.        ]])]","[array([[-0.13163008, -0.99129618, -0.00232642,  0.049406  ],
       [ 0.99114139, -0.13165064,  0.01751736,  0.32556428],
       [-0.01767116,  0.        ,  0.99984385,  0.08451394],
       [ 0.        ,  0.        ,  0.        ,  1.        ]])]","[array([[-0.19282016, -0.98122338, -0.00459031,  0.15615081],
       [ 0.98094545, -0.19287479,  0.02335257,  0.29779406],
       [-0.02379944, -0.        ,  0.99971675,  0.08732711],
       [ 0.        ,  0.        ,  0.        ,  1.        ]])]","[array([[-0.74258473, -0.66899818,  0.03177044,  0.14392247],
       [ 0.66838674, -0.74326404, -0.02859599,  0.35606242],
       [ 0.04274449, -0.        ,  0.99908604,  0.08440073],
       [ 0.        ,  0.        ,  0.        ,  1.        ]])]","[array([[-0.74258473, -0.66899818,  0.03177044,  0.14392247],
       [ 0.66838674, -0.74326404, -0.02859599,  0.35606242],
       [ 0.04274449, -0.        ,  0.99908604,  0.08440073],
       [ 0.        ,  0.        ,  0.        ,  1.        ]])]"
22,"[array([[-0.77610826, -0.62976067, -0.03251867,  0.1650733 ],
       [ 0.6292086 , -0.77678922,  0.02636362,  0.19917775],
       [-0.04186292,  0.        ,  0.99912336,  0.08725273],
       [ 0.        ,  0.        ,  0.        ,  1.        ]])]","[array([[-6.12830111e-02, -9.98119930e-01, -9.99161356e-04,
         1.14800260e-01],
       [ 9.97987295e-01, -6.12911558e-02,  1.62712360e-02,
         2.49832194e-01],
       [-1.63018847e-02,  0.00000000e+00,  9.99867115e-01,
         8.48393999e-02],
       [ 0.00000000e+00,  0.00000000e+00,  0.00000000e+00,
         1.00000000e+00]])]","[array([[-6.12830111e-02, -9.98119930e-01, -9.99161356e-04,
         1.14800260e-01],
       [ 9.97987295e-01, -6.12911558e-02,  1.62712360e-02,
         2.49832194e-01],
       [-1.63018847e-02,  0.00000000e+00,  9.99867115e-01,
         8.48393999e-02],
       [ 0.00000000e+00,  0.00000000e+00,  0.00000000e+00,
         1.00000000e+00]])]","[array([[-0.11936356, -0.99284746, -0.00250362,  0.21907822],
       [ 0.99262913, -0.11938981,  0.02082015,  0.21444652],
       [-0.02097014, -0.        ,  0.9997801 ,  0.08751073],
       [ 0.        ,  0.        ,  0.        ,  1.        ]])]","[array([[-0.69302792, -0.72030994,  0.02942615,  0.21115903],
       [ 0.7196615 , -0.69365236, -0.03055702,  0.27349004],
       [ 0.04242205, -0.        ,  0.99909978,  0.08477898],
       [ 0.        ,  0.        ,  0.        ,  1.        ]])]","[array([[-0.69302792, -0.72030994,  0.02942615,  0.21115903],
       [ 0.7196615 , -0.69365236, -0.03055702,  0.27349004],
       [ 0.04242205, -0.        ,  0.99909978,  0.08477898],
       [ 0.        ,  0.        ,  0.        ,  1.        ]])]"
23,"[array([[-0.76694971, -0.64109135, -0.02810735,  0.20487426],
       [ 0.64066126, -0.76746458,  0.0234791 ,  0.13090328],
       [-0.03662365,  0.        ,  0.99932913,  0.08734937],
       [ 0.        ,  0.        ,  0.        ,  1.        ]])]","[array([[-5.25277800e-02, -9.98619210e-01, -7.11515731e-04,
         1.55510597e-01],
       [ 9.98527609e-01, -5.25325987e-02,  1.35255688e-02,
         1.82022425e-01],
       [-1.35442706e-02,  0.00000000e+00,  9.99908272e-01,
         8.49307078e-02],
       [ 0.00000000e+00,  0.00000000e+00,  0.00000000e+00,
         1.00000000e+00]])]","[array([[-5.25277800e-02, -9.98619210e-01, -7.11515731e-04,
         1.55510597e-01],
       [ 9.98527609e-01, -5.25325987e-02,  1.35255688e-02,
         1.82022425e-01],
       [-1.35442706e-02,  0.00000000e+00,  9.99908272e-01,
         8.49307078e-02],
       [ 0.00000000e+00,  0.00000000e+00,  0.00000000e+00,
         1.00000000e+00]])]","[array([[-0.1069747 , -0.99426015, -0.00177975,  0.25924017],
       [ 0.99412258, -0.10698951,  0.01653934,  0.14559012],
       [-0.01663482, -0.        ,  0.99986163,  0.08772362],
       [ 0.        ,  0.        ,  0.        ,  1.        ]])]","[array([[-0.68612782, -0.72693089,  0.02828614,  0.25215856],
       [ 0.72631394, -0.68671063, -0.02994285,  0.20463495],
       [ 0.04119078, -0.        ,  0.9991513 ,  0.08505913],
       [ 0.        ,  0.        ,  0.        ,  1.        ]])]","[array([[-0.68612782, -0.72693089,  0.02828614,  0.25215856],
       [ 0.72631394, -0.68671063, -0.02994285,  0.20463495],
       [ 0.04119078, -0.        ,  0.9991513 ,  0.08505913],
       [ 0.        ,  0.        ,  0.        ,  1.        ]])]"
24,"[array([[-0.74548564, -0.66588163, -0.02920307,  0.21751747],
       [ 0.6653713 , -0.74605741,  0.02606474,  0.11027828],
       [-0.0391432 ,  0.        ,  0.99923361,  0.08752381],
       [ 0.        ,  0.        ,  0.        ,  1.        ]])]","[array([[-2.22386319e-02, -9.99752606e-01, -4.11828254e-04,
         1.69774302e-01],
       [ 9.99581224e-01, -2.22424449e-02,  1.85108415e-02,
         1.63055226e-01],
       [-1.85154221e-02,  0.00000000e+00,  9.99828575e-01,
         8.52817904e-02],
       [ 0.00000000e+00,  0.00000000e+00,  0.00000000e+00,
