,LP,LD1,LD2,RP,RD1,RD2
x,"[None, None, None, None, None, None, None, None, None, None, None, None, None, None, None, None, None, None, None, None, None, None, None, None, None, None, None, None, None, None, None, None, None, None, None, None, None, None, None, None, None, None, None, None, None, None, None, None, None, None, None, None, None, None, None, None, None, None, None, None, None, None, None, None, None, None, None, None, None, None, None, None, None, None, None, None, None, None, None, None, None, None, None, None, None, None, None, None, None, None, None, None, None, None, None, None, None, None, None, None, None, None, None, None, None, None, None, None, None, None, None, None, None, None, None, None, None, None, None, None, None, None, None, None, None, None, None, None, None, None, None, None, None, None, None, None, None, None, None, None, None, None, None, None, None, None, None, None, None, None, None, None, None, None, None, None, None, None, None, None, None, None, None, None, None, None, None, None, None, None, None, None, None, None, None, None, None, None, None, None, None, None, None, None, None, None, None, None, None, None, None, None, None, None, None, None, None, None, None, None, None, None, None, None, None, None, None, None, None, None, None, None, None, None, None, None, None, None, None, None, None, None, None, None, None, None, None, None, None, None, None, None, None, None, None, None, None, None, None, None, None, None, None, None, None, None, None, None, None, None, None, None, None, None, None, None, None, None, None, None, None, None, None, None, None, None, None, None, None, None, None, None, None, None, None, None, None, None, None, None]","[0.0025321275957599465, 0.002457691801117361, 0.002431603976883618, 0.0024574087482876063, 0.0024393149313822553, 0.002452339744111529, 0.002457180508926719, 0.002471705945397726, 0.0024144312300948523, 0.002492182584052452, -0.0045670416867521066, -0.048196536063103465, -0.07856048456037366, -0.023579516453761336, 0.01198938131143662, 0.054699396573936264, 0.08758373806659688, 0.17412641894198147, 0.18210147840037905, 0.09612610607385903, 0.051220949473891, -0.00815864143611788, -0.05806578972197267, -0.046821288009393204, 0.002027675497880739, -0.008559970781243048, -0.002492143654909133, -0.0014798463067863005, -0.013762883572278235, -0.05208563335329088, -0.13781708273639612, -0.16734417687220862, -0.14158522932753642, -0.08466725431703305, -0.039296397333374165, -0.010605014187507564, 0.024493146683935763, 0.04278852835024536, 0.059642490228700495, 0.03465751819060258, 0.09281119316272163, 0.13591477698140372, 0.10234874195191541, 0.022232407751166704, 0.01748231532724465, -0.011733793688032883, -0.01334971128048216, 0.009569124226375923, 0.02901351023643241, 0.0038577931256512, 0.0033104056640750174, 0.0035766215623810327, 0.017781083551903356, 0.037760491930208445, 0.07841929402081661, 0.13126419043561202, 0.17001263588649673, 0.12039275500483086, 0.07710954929655739, 0.02211612352540053, -0.052898646518273064, -0.10357919362322486, -0.13728761486650026, -0.1774891818177398, -0.22331891439376864, -0.2526464602081174, -0.21494211420811385, -0.09066957467876717, 0.003433990399375922, 0.03637272829428202, 0.07422212369351079, 0.1325437765707043, 0.18885939964299833, 0.15765121304654917, 0.008757861102655466, -0.04274162678507427, 0.0041455765232196636, 0.007306725657309318, -0.0012171335149772976, 0.008795056602686431, 0.030128481031556766, 0.024050231539164663, 0.019515238167491858, 0.010002746274273666, 0.0031250181881197414, 0.0029946051553852468, 0.008356738808456074, 0.06299009635120614, 0.10435258254936039, 0.1426467760843427, 0.1560053994742028, 0.13647093413973657, 0.11013161713763857, 0.04810285707946871, -0.0008435641059342735, -0.08996577411378012, -0.14310349689816296, -0.17381506555034737, -0.1958827223947321, -0.2028832767420746, -0.144709760979366, -0.02690155674809698, -0.022408013317299212, -0.031088034313348212, 0.015864630648291765, 0.07782484420419178, 0.14195704181386729, 0.1565189718639507, 0.13682526159927497, -0.10529200014225353, -0.16752921702919613, 0.08921739041484708, 0.03384217970459421, 0.004678269783640277, 0.029028324466467526, 0.04395425672835768, 0.0010323883205264294, -0.08121026978207196, -0.052224818004850765, -0.02108035494907951, -0.02943004738779521, -0.05472670575146783, -0.07943816904883982, -0.12634944358830283, -0.10696737092092953, -0.045102959568666, 0.003628125996597411, 0.0018100139934275326, 0.001684330056227095, 0.0016847280020697245, 0.003624411463384186, -0.03184214732140348, -0.07754856038130141, -0.1440089770822916, -0.17755808408519894, -0.11916297647102221, -0.0090682283996446, 0.025537598169269045, 0.07503148322152123, 0.19680139265430976, 0.32770579836206765, 0.26981110140937725, 0.027021800204225597, -0.20660392902990712, -0.20713928872965867, -0.02362406072142711, 0.061243870778338594, 0.016160816186849288, -0.003350671446772243, 0.000842715409350899, 0.001544677748185911, 0.0032840641229745066, -0.034107367884185384, -0.14807334420878293, -0.3436034110939419, -0.3807165696967339, -0.0009643376981135351, 0.3140008861279595, 0.4051524107589919, 0.4059747526862981, 0.23074787742675215, -0.07413460324591012, -0.2267874642912736, -0.11598949922545411, -0.012564908133406659, -0.009754884203820069, 0.0036218647594542922, 0.001384419426152371, -0.021948371677895567, -0.041045266388635655, -0.00856384354495596, -0.007164978320412141, -0.002987714771306618, 0.0037810462767059686, 0.04143699674813662, 0.13126349839155113, 0.15220254481838527, 0.05850735670878094, 0.04065325278299519, 0.04732903208084481, 0.010368182494075779, -0.00941593870084514, -0.08385252921926982, -0.15471884394429902, -0.169955209609669, -0.1867309290261677, -0.125013938780304, -0.05109709178689975, 0.010296045363954119, 0.12197802720087189, 0.13717213315982502, 0.11600215920638231, 0.14272679715327483, 0.15885104446980497, 0.00891905566655402, 0.0608077677047025, 0.17522210219361098, 0.014776273931683622, 0.0025847250936352514, 0.0027405369265652035, 0.008217416182632468, 0.009075214585537934, 0.036901565133518346, 0.04146243726421507, 0.0005890361006431017, -0.026579985544203384, 0.003518250057580274, -0.007774509887657592, -0.006718117056196541, 0.0032511089848853893, 0.0030987373319123785, 0.020634645578732642, 0.03972801328183805, -0.018098195894333577, -0.13232218599249815, -0.24130080732596684, -0.33812569241986756, -0.360274606981181, -0.19475013157585247, 0.008540389582388832, 0.09392358260902535, 0.15855929132998753, 0.2355818216900571, 0.3201003317768692, 0.36243996754483127, 0.3702332395699185, 0.3214150793096121, 0.1726518917098535, 0.05132805980182627, -0.023973763694173526, -0.12033577156610863, -0.24465136697108497, -0.3315952311966541, -0.3464806340850456, -0.25683888161264834, -0.24911232501332076, -0.12234493083056144, 0.024742081180480817, 0.10708987897374489, 0.15564268645425883, 0.2005145972744501, 0.27346618766970615, 0.4029402528236274, 0.34264988266284596, 0.08920989210559485, -0.02818885677692529, -0.134870560983239, -0.2628006900532889, -0.39040870136631534, -0.5002843024343222, -0.3859375101000249, -0.06976743175321802, 0.11649356831584452, None, 0.22703174212945898, 0.24993728894146683, 0.2034450007578748, 0.10031248768202845, 0.021558776329270873, -0.06426619213063695, -0.1590454084713949, -0.24140162666057913, -0.1860520546347453, -0.004174763941141647, 0.07402901464917265, 0.11820926538454227, 0.14723633351879553, 0.08579473949457897, 0.003956411359841934, 0.006899496789059526, 0.007654738302635486, 0.02442422493703733, 0.02808486796249498, 0.00801493611406321, -0.020214478062084797, -0.005039345659656186, 0.014912785179655585, 0.1050574659865093, 0.16246551523672922, 0.19770260479244903]","[None, None, None, None, None, None, None, None, None, None, None, None, None, None, None, None, None, None, None, None, None, None, None, None, None, None, None, None, None, None, None, None, None, None, None, None, None, None, None, None, None, None, None, None, None, None, None, None, None, None, None, None, None, None, None, None, None, None, None, None, None, None, None, None, None, None, None, None, None, None, None, None, None, None, None, None, None, None, None, None, None, None, None, None, None, None, None, None, None, None, None, None, None, None, None, None, None, None, None, None, None, None, None, None, None, None, None, None, None, None, None, None, None, None, None, None, None, None, None, None, None, None, None, None, None, None, None, None, None, None, None, None, None, None, None, None, None, None, None, None, None, None, None, None, None, None, None, None, None, None, None, None, None, None, None, None, None, None, None, None, None, None, None, None, None, None, None, None, None, None, None, None, None, None, None, None, None, None, None, None, None, None, None, None, None, None, None, None, None, None, None, None, None, None, None, None, None, None, None, None, None, None, None, None, None, None, None, None, None, None, None, None, None, None, None, None, None, None, None, None, None, None, None, None, None, None, None, None, None, None, None, None, None, None, None, None, None, None, None, None, None, None, None, None, None, None, None, None, None, None, None, None, None, None, None, None, None, None, None, None, None, None, None, None, None, None, None, None, None, None, None, None, None, None, None, None, None, None, None, None]","[None, None, None, None, None, None, None, None, None, None, None, None, None, None, None, None, None, None, None, None, None, None, None, None, None, None, None, None, None, None, None, None, None, None, None, None, None, None, None, None, None, None, None, None, None, None, None, None, None, None, None, None, None, None, None, None, None, None, None, None, None, None, None, None, None, None, None, None, None, None, None, None, None, None, None, None, None, None, None, None, None, None, None, None, None, None, None, None, None, None, None, None, None, None, None, None, None, None, None, None, None, None, None, None, None, None, None, None, None, None, None, None, None, None, None, None, None, None, None, None, None, None, None, None, None, None, None, None, None, None, None, None, None, None, None, None, None, None, None, None, None, None, None, None, None, None, None, None, None, None, None, None, None, None, None, None, None, None, None, None, None, None, None, None, None, None, None, None, None, None, None, None, None, None, None, None, None, None, None, None, None, None, None, None, None, None, None, None, None, None, None, None, None, None, None, None, None, None, None, None, None, None, None, None, None, None, None, None, None, None, None, None, None, None, None, None, None, None, None, None, None, None, None, None, None, None, None, None, None, None, None, None, None, None, None, None, None, None, None, None, None, None, None, None, None, None, None, None, None, None, None, None, None, None, None, None, None, None, None, None, None, None, None, None, None, None, None, None, None, None, None, None, None, None, None, None, None, None, None, None]","[-0.002785922273041446, -0.002852527070497393, -0.0028713378768875524, -0.0028240241938160358, -0.00283615412196873, -0.0028264942297458757, -0.002834595234389034, -0.002800261152670668, -0.0028318277696580034, -0.0027667398700485448, -0.009835584194102756, -0.05317415704126097, -0.08291442323772875, -0.02890234815898857, 0.00644249791420046, 0.04854746957779064, 0.08122682242065177, 0.1670273556863922, 0.1739429406613845, 0.08974181504515834, 0.04391481203335186, -0.013893764614871887, -0.06248385524792799, -0.052155855357157804, -0.0034246059515130375, -0.012971256172406865, -0.007441393300727519, -0.006667696686076238, -0.01873694298309789, -0.05998964026122583, -0.14192328307046104, -0.1705048443353476, -0.1455472593769562, -0.08953095333720099, -0.04411975017918939, -0.015520016144450696, 0.018484546542889578, 0.03626446939337178, 0.051686239203992256, 0.026669005794753873, 0.07790555315931036, 0.10905489674747282, None, 0.0006217381162641698, -0.012548919602771933, -0.010905662173347205, -0.011777080921336829, -0.0002712925433430265, 0.010833617593131957, -0.0020715624395195886, -0.0022616956774514285, -0.0022462681457181477, 0.005647659924884769, 0.03136435794131258, 0.0723982965144514, 0.12509838743131488, 0.1579596409035509, 0.11209074468955953, 0.06435173082960752, 0.010088715353011158, -0.06116414661288562, -0.11032650538888429, -0.13918826768479445, -0.17889191782167493, -0.22126099308326344, -0.2492556530610784, -0.2104212495898442, -0.0957455894835705, -0.0070442751167882345, 0.03308239068308005, 0.07002241004960802, 0.12335134168814128, 0.17412614760855427, 0.14248357521736926, 0.002495868064796952, -0.05883208763184914, -0.003982053323934174, -0.003808850312374333, -0.0222331974438065, -0.010356736114490263, -0.005408538324780974, -0.008833312937465572, -0.00936668624625491, -0.007984705235526229, -0.0010181065221930373, -0.0009052976797591704, 0.005146177740689149, 0.07300510202270379, 0.09782186462416784, 0.13597194240758792, 0.14039131228628218, 0.1164896961676681, 0.08891736337641494, 0.015993683995195834, -0.012793397343317088, -0.06827566611293735, -0.13335852157231562, -0.16348687144835428, -0.18186895385573407, -0.1848817388665129, -0.12231854817508611, -0.021975901707353297, -0.020126475830755414, -0.013612305982177617, 0.03295185814410302, 0.07565043975157222, 0.1244327338975291, 0.13343457707852482, 0.11201431310119178, -0.10395810666289612, -0.14128527965163734, 0.07958930579477193, 0.028739378514906582, -0.002021591622584649, 0.007446590540022723, 0.030470905729635366, 0.022032150510542126, -0.036846938942794276, -0.024398163238556397, -0.012060422689172144, -0.02118864380706911, None, -0.06729924081483739, -0.12594785343442744, -0.12509348195911718, -0.05920452010749508, -0.00012757657986746574, -0.0031149937015929672, -0.003272332055341427, -0.0032462090469704864, 0.003391871400014861, -0.038727945487550056, -0.07877482612435834, -0.144131477464182, -0.1870655829384398, -0.12820280853036065, -0.012547912597421612, 0.01813823196135234, 0.06667089446244427, 0.18923538148015678, 0.3304776971726837, 0.27072169831993204, 0.025316291303977785, -0.21340882076958917, -0.2173024076443668, -0.035200361316863715, 0.05703243051756915, 0.013578953381456356, -0.0069520301481424815, -0.0037025565591496125, -0.0036691959773733924, 0.003437627344026239, -0.03141675060876847, -0.1532644288528204, -0.35428271407835327, -0.4051724937883186, -0.017578627721319694, 0.3137715639239758, 0.40368572598527636, 0.4117564704595236, 0.23644579580369487, -0.07846908238930254, -0.23827935422133004, -0.10963701034235786, -0.02276433871709797, -0.030898667918413225, -0.0035900813553177736, -0.002959649064703947, -0.042142078368706246, -0.08283136248703196, -0.033852188211734066, -0.047445953835574796, -0.012859201455116116, 0.0023595597679422074, 0.04541232908203998, 0.13521264033518818, 0.1624377218393185, 0.05708718516886024, 0.03606202405877528, 0.046740674703384395, 0.021011205638375465, -0.006201244677584103, -0.08992050639080086, -0.1714548724702039, -0.18653825997641799, -0.20306336077138384, -0.1355052392263204, -0.04183423484876899, 0.029405968251799922, 0.1541937032938374, 0.17698530290131068, 0.15052980814998884, 0.16521460437409707, 0.16818377619157607, 0.004337570458401326, 0.05664397661141958, 0.16717199938274027, 0.0087765047139319, -0.0028138490992654346, -0.0015590700348579792, 0.0044133730901501555, 0.0038136412474676115, 0.030919298223333426, 0.035452239406750026, -0.004304203284911932, -0.03250001790522131, -0.006735154516751588, -0.016719944463592668, -0.012248360930660713, -0.003181898430463558, -0.0034314774272100365, 0.0064156278013561795, 0.0032983853222999316, -0.04805903590906804, -0.13458372330176985, -0.21427067052193816, -0.3137057396339972, -0.36313336983988903, -0.23908952589502833, -0.04104009684874991, 0.07067645402090902, 0.16980598086974016, 0.2560727478289234, 0.3483008480031072, 0.3889237060737463, 0.37327667032797474, 0.2906990298547782, 0.12449669941851459, -0.004245646826081833, -0.06136278209754068, -0.11137259153382836, -0.21340716264847684, -0.2999287662239543, -0.31989740934749555, -0.24922652677853532, -0.24134509506094493, -0.13414073756099726, 0.008540048188706, 0.09452787868179448, 0.15100729766713927, 0.20375677273649279, 0.2809849761223591, 0.3996973984963857, 0.2952110718800912, 0.03497870361455126, -0.07122087588455601, -0.14256302865970885, -0.24318187450543924, -0.3403189984819082, -0.4569488128597501, -0.39993234961258156, -0.10685194376209423, 0.09562200095603056, 0.1852760708608628, 0.24032328081650603, 0.2719189793809164, 0.21095881386644783, 0.09480294792348312, 0.005413703539518003, -0.08003601621059485, -0.1623621893756657, -0.2353418312960339, -0.18846013425656116, -0.011448530716764386, 0.06814382974721499, 0.11292130533075406, 0.1437258271003727, 0.08073781659883314, -0.0011253359300535096, 0.001602639209517136, 0.001975329250458851, 0.017580897365117313, 0.019329379503113264, 0.0005045440138603296, -0.02457074776631908, -0.009839552059241613, 0.00968368723371579, 0.09788597900145173, 0.15397283594439456, 0.186094902028764]","[None, None, None, None, None, None, None, None, None, None, None, None, None, None, None, None, None, None, None, None, None, None, None, None, None, None, None, None, None, None, None, None, None, None, None, None, None, None, None, None, None, None, None, None, None, None, None, None, None, None, None, None, None, None, None, None, None, None, None, None, None, None, None, None, None, None, None, None, None, None, None, None, None, None, None, None, None, None, None, None, None, None, None, None, None, None, None, None, None, None, None, None, None, None, None, None, None, None, None, None, None, None, None, None, None, None, None, None, None, None, None, None, None, None, None, None, None, None, None, None, None, None, None, None, None, None, None, None, None, None, None, None, None, None, None, None, None, None, None, None, None, None, None, None, None, None, None, None, None, None, None, None, None, None, None, None, None, None, None, None, None, None, None, None, None, None, None, None, None, None, None, None, None, None, None, None, None, None, None, None, None, None, None, None, None, None, None, None, None, None, None, None, None, None, None, None, None, None, None, None, None, None, None, None, None, None, None, None, None, None, None, None, None, None, None, None, None, None, None, None, None, None, None, None, None, None, None, None, None, None, None, None, None, None, None, None, None, None, None, None, None, None, None, None, None, None, None, None, None, None, None, None, None, None, None, None, None, None, None, None, None, None, None, None, None, None, None, None, None, None, None, None, None, None, None, None, None, None, None, None]"
y,"[None, None, None, None, None, None, None, None, None, None, None, None, None, None, None, None, None, None, None, None, None, None, None, None, None, None, None, None, None, None, None, None, None, None, None, None, None, None, None, None, None, None, None, None, None, None, None, None, None, None, None, None, None, None, None, None, None, None, None, None, None, None, None, None, None, None, None, None, None, None, None, None, None, None, None, None, None, None, None, None, None, None, None, None, None, None, None, None, None, None, None, None, None, None, None, None, None, None, None, None, None, None, None, None, None, None, None, None, None, None, None, None, None, None, None, None, None, None, None, None, None, None, None, None, None, None, None, None, None, None, None, None, None, None, None, None, None, None, None, None, None, None, None, None, None, None, None, None, None, None, None, None, None, None, None, None, None, None, None, None, None, None, None, None, None, None, None, None, None, None, None, None, None, None, None, None, None, None, None, None, None, None, None, None, None, None, None, None, None, None, None, None, None, None, None, None, None, None, None, None, None, None, None, None, None, None, None, None, None, None, None, None, None, None, None, None, None, None, None, None, None, None, None, None, None, None, None, None, None, None, None, None, None, None, None, None, None, None, None, None, None, None, None, None, None, None, None, None, None, None, None, None, None, None, None, None, None, None, None, None, None, None, None, None, None, None, None, None, None, None, None, None, None, None, None, None, None, None, None, None]","[0.0014143708525385557, 0.0014811479606263785, 0.00138215775204562, 0.001411165307001783, 0.0014275180672288531, 0.001397041180660142, 0.0014217296196027695, 0.0014154996000831095, 0.0014052306104149774, 0.001408839605575382, 0.009937056487523929, 0.044294019322901536, 0.06458717493650766, 0.06948387542143337, 0.08537440340291852, 0.07398233186250744, 0.032371773779875636, -0.020796968216461584, -0.058624464304719216, -0.11820533572309619, -0.1826012958468045, -0.19523819239893625, -0.14189683697544825, -0.06574500477270621, 0.002564280992927275, 0.019883319200156572, 0.0420285741703718, -0.012846338687890601, -0.039418528894501995, -0.05950761859642989, -0.01801102498204704, 0.03388843431750917, 0.07832121501828511, 0.10277700402527085, 0.11136043078791938, 0.11491285029990002, 0.11417751396178888, 0.09353098642807012, 0.051692268853062134, 0.004769276804775736, -0.004826502606281225, -0.0278898522635144, -0.044555832880577385, -0.029617532541870405, -0.04537921655821899, 9.958221367945341e-05, 0.005599208946795446, -0.001280667530675614, -0.009878039957324197, -0.0008006554245859606, -0.00048061127607992475, -0.0005011268421807701, 0.0222188982629632, 0.09320710264709854, 0.06156011925186105, 0.03808505041385904, -0.011037059491932424, -0.0599239906981918, -0.11091454360957785, -0.14286606020798084, -0.12392659087870003, -0.09830757273485614, -0.09120818493363174, -0.07986656302524645, -0.04003390623522836, 0.0034068578595729793, 0.07430086047034672, 0.14333654103877616, 0.14309147075853648, 0.14561139739151419, 0.09590351153940574, 0.06588210604152667, -0.019056266306587296, -0.09728340529754213, -0.1305225708601678, -0.06939978622733767, -0.0013752589660733202, -0.015419371391300328, -0.07894580426822322, -0.034123613676429534, -0.047676642213242804, -0.037325343991011964, -0.03470326634971369, -0.01997103766723786, -0.0029147520721468268, -0.0027334733440969026, 0.028762248597890432, 0.08826215690352193, 0.06930814733818906, 0.08555875237298818, 0.040647129511647964, -0.007295700363752647, -0.00773209476297814, -0.03208079674760856, -0.004123171728959191, 0.10813521565005473, 0.06656013514940019, 0.01686714444138492, -0.0028607157031363593, 0.007702275136843323, -0.01850397241393019, -0.06936632844149555, -0.11775617960771631, -0.13300387580041986, -0.09412328737726619, -0.100635089959795, -0.07454755418640407, -0.006888024396690567, 0.10301565675917189, 0.2012827319369165, -0.0756688515942038, -0.020854550517512456, 0.02711610516831004, -0.0014503188563940457, 0.021606792228047025, 0.05801380961382746, 0.07963976185921441, 0.046964164378679694, 0.019781091616025114, 0.0027792634196630705, 0.010671778540661212, 0.01974339940445634, 0.019315337805905684, 0.0022324924644726227, -0.018538184281674145, -0.005054843808779423, 0.006052700441453647, 0.003210899828818324, 0.0032249530960617406, 0.0032148902977634586, 0.015200762002344914, 0.022045061443646343, 0.08885364494359896, 0.09225961628920999, -0.0470408908162222, -0.08749828450845658, -0.07532783979533456, -0.10708503509066732, -0.16687413015332972, -0.1809913958020271, -0.002364476683286102, 0.13098326816008352, 0.23393878974372292, 0.14860983118980184, -0.0567225153637709, -0.12141446785792337, 0.013959981622927706, 0.01140293086967311, -0.0031738400735304437, 0.006695994856360383, 0.04394406191759475, 0.20666360316539553, 0.14961312423583076, -0.03700029157907281, -0.19040810218459167, -0.3424515590242237, -0.3048749550309824, -0.13834633476137323, -0.013124483069002978, 0.1342781157124547, 0.23743015483553143, 0.141230740199713, 0.01929123571105252, 0.09824124754098591, -0.018761761066160225, -0.05610930750678176, -0.0037345150797057276, 0.003135641395500311, -0.06090269682880289, -0.14657369029120498, -0.10259478354726988, -0.10449643765966134, -0.022842163501915678, 0.0068310822210199025, 0.02670342886779108, 0.03823870944310752, 0.02901975024133041, 0.021705958166029375, 0.032442704919005486, 0.09843265650773105, 0.14392000092891022, 0.022249359050703056, -0.08745657633935688, -0.16660986213700205, -0.1771980793581758, -0.12280421657368365, 0.05141474320783004, 0.16301758344748846, 0.20220453669306834, 0.1636286790203646, 0.14237951668113286, 0.15734759529284914, 0.15997621100805282, 0.12807615537200986, 0.005765444907838522, 0.033229937911568044, 0.059459312171517384, 0.002698174119706357, 0.0013190868635987011, 0.001438387869128258, 0.004384124625910644, -0.012929816951918647, -0.0961237850474082, -0.1418576819017729, -0.14412963043451257, -0.11958687293803477, -0.14644266062655883, -0.14854493092330437, -0.03515033730009484, 0.00138113756550949, 0.0010788287950140685, 0.018738313768354938, 0.03942676354842474, 0.048741069992322736, 0.07427956091710164, 0.07467714757530781, 0.0007381358390326065, -0.1266110495704575, -0.1811838287856191, -0.07874514779923454, 0.018825142881644327, 0.12438929203904768, 0.1704726484290542, 0.1952552406313593, 0.1791626302649126, 0.10877713471685795, -0.007082632855584839, -0.05649411671214888, -0.03724915878980269, 0.03474076501172175, 0.11002845349919094, 0.15723743436463924, 0.1461746371352839, 0.06354882221852139, -0.02687176387319887, -0.11091428216907742, -0.12840647787224604, -0.0889166864405432, -0.05318867953820829, -0.005837453686917698, 0.01728312790625976, 0.0343598480005021, 0.038362984206233915, -0.06116730971705219, -0.09229684279284521, -0.0805600197571271, -0.01015872930698244, 0.04130909103620116, 0.04427371550923972, -0.06465357825445776, -0.2232532809499923, -0.21495182811384564, -0.12628650742115266, None, 0.006522324703961469, 0.025445106641122744, 0.0072503239036032004, -0.011801301008117682, -0.006825635102696484, 0.025187191716506945, 0.02279939445835385, -0.00037848388795983797, -0.029079273598162862, -0.006321831579808415, 0.00016889608995146192, -0.0035484139526238655, -0.0007527594698032282, 0.013140713887539797, 0.031203133034114507, 0.1422266840230456, 0.19182584099910965, 0.1894462460463235, 0.14233552392723853, 0.07099398747359048, 0.05516535753613138, -0.003648283860532011, -0.02802980876494916, -0.009784242355840474, 0.001485969891634166, -0.019839017178634195]","[None, None, None, None, None, None, None, None, None, None, None, None, None, None, None, None, None, None, None, None, None, None, None, None, None, None, None, None, None, None, None, None, None, None, None, None, None, None, None, None, None, None, None, None, None, None, None, None, None, None, None, None, None, None, None, None, None, None, None, None, None, None, None, None, None, None, None, None, None, None, None, None, None, None, None, None, None, None, None, None, None, None, None, None, None, None, None, None, None, None, None, None, None, None, None, None, None, None, None, None, None, None, None, None, None, None, None, None, None, None, None, None, None, None, None, None, None, None, None, None, None, None, None, None, None, None, None, None, None, None, None, None, None, None, None, None, None, None, None, None, None, None, None, None, None, None, None, None, None, None, None, None, None, None, None, None, None, None, None, None, None, None, None, None, None, None, None, None, None, None, None, None, None, None, None, None, None, None, None, None, None, None, None, None, None, None, None, None, None, None, None, None, None, None, None, None, None, None, None, None, None, None, None, None, None, None, None, None, None, None, None, None, None, None, None, None, None, None, None, None, None, None, None, None, None, None, None, None, None, None, None, None, None, None, None, None, None, None, None, None, None, None, None, None, None, None, None, None, None, None, None, None, None, None, None, None, None, None, None, None, None, None, None, None, None, None, None, None, None, None, None, None, None, None, None, None, None, None, None, None]","[None, None, None, None, None, None, None, None, None, None, None, None, None, None, None, None, None, None, None, None, None, None, None, None, None, None, None, None, None, None, None, None, None, None, None, None, None, None, None, None, None, None, None, None, None, None, None, None, None, None, None, None, None, None, None, None, None, None, None, None, None, None, None, None, None, None, None, None, None, None, None, None, None, None, None, None, None, None, None, None, None, None, None, None, None, None, None, None, None, None, None, None, None, None, None, None, None, None, None, None, None, None, None, None, None, None, None, None, None, None, None, None, None, None, None, None, None, None, None, None, None, None, None, None, None, None, None, None, None, None, None, None, None, None, None, None, None, None, None, None, None, None, None, None, None, None, None, None, None, None, None, None, None, None, None, None, None, None, None, None, None, None, None, None, None, None, None, None, None, None, None, None, None, None, None, None, None, None, None, None, None, None, None, None, None, None, None, None, None, None, None, None, None, None, None, None, None, None, None, None, None, None, None, None, None, None, None, None, None, None, None, None, None, None, None, None, None, None, None, None, None, None, None, None, None, None, None, None, None, None, None, None, None, None, None, None, None, None, None, None, None, None, None, None, None, None, None, None, None, None, None, None, None, None, None, None, None, None, None, None, None, None, None, None, None, None, None, None, None, None, None, None, None, None, None, None, None, None, None, None]","[0.00016598633359684716, 0.00023858506772526518, 0.0001965716155299514, 0.0001881779484802912, 0.00020490379142695846, 0.00018831464067794827, 0.0001742611979442432, 0.00023126368173402917, 0.00022013579587481667, 0.00013131093035755823, 0.008763831556493948, 0.04566797857119562, 0.07377198251516978, 0.06941758391095425, 0.08158522642350763, 0.06400532302632383, 0.02233503117217978, -0.033479450106833716, -0.07290176491151518, -0.12327820473799825, -0.18972271303614013, -0.1970135488881969, -0.1391991538571213, -0.06551085419744682, 0.0023328049424669347, 0.0238230516567575, 0.04470248993225097, -0.012226415966623147, -0.03814870795722012, -0.0691207481653346, -0.012209084193284139, 0.04357781267429876, 0.09092135529077948, 0.10918876969190294, 0.11462307887512697, 0.11594511748234507, 0.10792426872785163, 0.0841045761939575, 0.03439136364908187, -0.00850967155063341, -0.039714599664952485, -0.07440105588618752, None, -0.04616324871466134, -0.06477062202437066, 0.009494152836447224, 0.016006613899826237, -0.002190563609560452, -0.018249315021648962, 0.0018410747314688066, 0.002459383565118091, 0.0022822814966019563, 0.019923633742146517, 0.09603615549292828, 0.06474452259257141, 0.04121350292088919, -0.012528790770925984, -0.05790252246699355, -0.11172878586585519, -0.14275692309608196, -0.12114907322681218, -0.09448303230804361, -0.08376872008384297, -0.07177186376834027, -0.029278028610359573, 0.01475593062437935, 0.08688783124872153, 0.1475837062839389, 0.1420349634972707, 0.15129878550911838, 0.10038091012722683, 0.06555227326863146, -0.0238806119644744, -0.10144965299945029, -0.12710550575463678, -0.07306017383963409, 0.0009653325958837804, -0.01501232036228221, -0.08427560338327217, -0.037579286340210794, -0.05562261697946965, -0.041175883537955434, -0.03376600489201277, -0.015732518698154094, 0.0038179961186784322, 0.004031024068987322, 0.03566601321133661, 0.09774551249973112, 0.07544843083564687, 0.09142255199581673, 0.04514727086541685, -0.0026643761133792747, -0.0014831823064842082, -0.02393706391826916, 0.003869785496464583, 0.11383758004019193, 0.07372624440630576, 0.024519214205816136, 0.0056757920159801675, 0.0185244461920166, -0.006176648110150586, -0.06097308747187028, -0.10906984917645594, -0.11751890034786829, -0.07761813863277152, -0.09340076682949522, -0.07678443341620723, -0.011200471299777406, 0.10012430293255917, 0.20957433166617778, -0.054870304263475, -0.01798023397259651, 0.03233350968888599, 0.003113978128534763, 0.019166352988890006, 0.059739135949667746, 0.09754669494650438, 0.084688099316951, 0.05476837433435358, 0.02261925548286159, 0.032680983803783994, None, 0.07374842360821915, 0.08978422531437685, 0.0497123667511436, 0.015512038518962787, -0.0015496626982031505, -0.0016233556288022981, -0.0016672924652089418, -0.0016320900074739198, -0.001635437040317701, 0.023021592599157144, 0.07507320113117921, 0.0742982404647027, -0.03612190807926843, -0.08123484219430734, -0.0841937340535267, -0.10687608394932412, -0.1652093448572932, -0.17982573412253286, -0.02373934850178368, 0.1120069854119424, 0.22098361433980301, 0.1534360351499008, -0.046666246101523624, -0.1104494024014937, 0.008472636582535036, 0.0020735282441683295, -0.01121203454553744, 0.0008479936025648204, 0.039972550175778346, 0.18845927378828495, 0.12146126803061134, -0.040380314867547284, -0.175076465548222, -0.30321158647137275, -0.29227276455081375, -0.15325078007636822, -0.027379449936414054, 0.10728412582977537, 0.20527903984022453, 0.13651723492396753, 0.03467660011696212, 0.06340708547481526, -0.006395359010885261, -0.02239860401812555, -0.0035253055185034132, -0.001624242604209786, -0.041488180866490774, -0.10654723570775922, -0.08884790894023488, -0.08463089823736403, -0.02511115684578776, -0.0004912013551787806, 0.016876772998558113, 0.02837142117447492, 0.015116121511017253, 0.014834357072267861, 0.027719694416160876, 0.0911342442678543, 0.12863698179463362, 0.011632101345366751, -0.09161132465852088, -0.16396454027921786, -0.17591167177899042, -0.1231325678962674, 0.048126837023943894, 0.15170873768982177, 0.18545392836096672, 0.13360341344986068, 0.09919657220763402, 0.10163252721056859, 0.09556372514944665, 0.06478802297992553, -0.00021811405410669392, 0.00536844963935182, 0.00013085144924143553, -0.002353250932629794, 0.0005764778594665316, 0.007591252365211383, 0.014733795671609417, -0.014273665758503782, -0.10249462925299448, -0.14767312828709936, -0.14313945591746935, -0.1253637962723555, -0.17093564015734541, -0.1593715078144915, -0.03393810100581526, 0.001143517819318762, 0.0003769964346515057, -0.005031308411685125, -0.019998561862215075, 0.018641126975234925, 0.08143929153224713, 0.12169274136740695, 0.0830071588323036, -0.016814689996861712, -0.07745169701535784, -0.02697695365311547, 0.030606975576429475, 0.10528361546789668, 0.1379461096672513, 0.1425234765105926, 0.10109336673987888, 0.006939171568614069, -0.10123590669596201, -0.12450699443732623, -0.08158724967785168, 0.018161795996332684, 0.1238142946300993, 0.18985458129428726, 0.19215207098583323, 0.11989148178082779, 0.014912284153207018, -0.028774670127387197, -0.06624719686264191, -0.05528918529394239, -0.037683930205782076, -0.010958121466015274, -0.007716614546477181, -0.012454470119961848, -0.0694606398827066, -0.17383796835609922, -0.14917958753217767, -0.10748716304262343, -0.007104259936835882, 0.06481346183269777, 0.10383302897953701, 0.05431792471451149, -0.08931040860336212, -0.1448019161448794, -0.10820173961568326, -0.058083791289026986, -0.026343499714843618, -0.038528028737816036, -0.06055657242746365, -0.07156650758213094, -0.059067747024299885, -0.0013230940843123886, 0.03000862137405374, 0.04184225865759278, 0.04213063545438617, 0.012205810647538786, 0.0008037262251493147, -0.007149505403605594, -0.023354358530356438, -0.014199722016104864, 0.028405230751065626, 0.1342860112414159, 0.18761933321515503, 0.17511371592298725, 0.11768669877325243, 0.05688640152263351, 0.05979141727058839, 6.84428745309613e-05, -0.026814991338166335, -0.019121621303359867, -0.01305967567460903, -0.04205112206487495]","[None, None, None, None, None, None, None, None, None, None, None, None, None, None, None, None, None, None, None, None, None, None, None, None, None, None, None, None, None, None, None, None, None, None, None, None, None, None, None, None, None, None, None, None, None, None, None, None, None, None, None, None, None, None, None, None, None, None, None, None, None, None, None, None, None, None, None, None, None, None, None, None, None, None, None, None, None, None, None, None, None, None, None, None, None, None, None, None, None, None, None, None, None, None, None, None, None, None, None, None, None, None, None, None, None, None, None, None, None, None, None, None, None, None, None, None, None, None, None, None, None, None, None, None, None, None, None, None, None, None, None, None, None, None, None, None, None, None, None, None, None, None, None, None, None, None, None, None, None, None, None, None, None, None, None, None, None, None, None, None, None, None, None, None, None, None, None, None, None, None, None, None, None, None, None, None, None, None, None, None, None, None, None, None, None, None, None, None, None, None, None, None, None, None, None, None, None, None, None, None, None, None, None, None, None, None, None, None, None, None, None, None, None, None, None, None, None, None, None, None, None, None, None, None, None, None, None, None, None, None, None, None, None, None, None, None, None, None, None, None, None, None, None, None, None, None, None, None, None, None, None, None, None, None, None, None, None, None, None, None, None, None, None, None, None, None, None, None, None, None, None, None, None, None, None, None, None, None, None, None]"
z,"[None, None, None, None, None, None, None, None, None, None, None, None, None, None, None, None, None, None, None, None, None, None, None, None, None, None, None, None, None, None, None, None, None, None, None, None, None, None, None, None, None, None, None, None, None, None, None, None, None, None, None, None, None, None, None, None, None, None, None, None, None, None, None, None, None, None, None, None, None, None, None, None, None, None, None, None, None, None, None, None, None, None, None, None, None, None, None, None, None, None, None, None, None, None, None, None, None, None, None, None, None, None, None, None, None, None, None, None, None, None, None, None, None, None, None, None, None, None, None, None, None, None, None, None, None, None, None, None, None, None, None, None, None, None, None, None, None, None, None, None, None, None, None, None, None, None, None, None, None, None, None, None, None, None, None, None, None, None, None, None, None, None, None, None, None, None, None, None, None, None, None, None, None, None, None, None, None, None, None, None, None, None, None, None, None, None, None, None, None, None, None, None, None, None, None, None, None, None, None, None, None, None, None, None, None, None, None, None, None, None, None, None, None, None, None, None, None, None, None, None, None, None, None, None, None, None, None, None, None, None, None, None, None, None, None, None, None, None, None, None, None, None, None, None, None, None, None, None, None, None, None, None, None, None, None, None, None, None, None, None, None, None, None, None, None, None, None, None, None, None, None, None, None, None, None, None, None, None, None, None]","[-1.8135629925631647e-05, 7.595428546979614e-05, 4.5057066296659574e-05, 6.633340714092352e-06, 5.888277884729275e-05, 3.0064240139809295e-05, 2.856348502482269e-05, -1.0817504344587341e-06, 5.191824395595573e-05, -4.281859010577726e-05, 0.00034525999238866874, -0.00014175518974259452, -0.0011330408650457638, -0.0003796640370207703, 0.0003911078108171642, 0.0005135886098647756, 0.00043891198399032336, 0.0011345304108228169, 0.0013445676936844164, 0.0006755492911269341, 0.00036291803117965277, 0.000351673847395682, -0.0005151067161522384, -0.0008779290237413965, 4.059819563359085e-05, -1.7888141095742802e-05, 3.069390130737331e-05, -0.00014950739255502985, 1.9290625504862617e-05, -0.0004249904546349597, -0.0010047840647148278, -0.0010652813732895193, -0.0011729229658238288, -0.00033046036676572817, 0.0005925189748645301, -0.0003342725378427112, -0.0009785583491093489, 0.0011600755608111384, 0.0005240781345368974, 0.00021502194672080987, 0.0003268486015885217, 0.0013825851459706036, 0.0006723735021095234, 0.0001859219426790692, 8.571947190412439e-05, 1.9372800824721613e-05, -0.00011595118181085881, 7.341156558370978e-05, 0.0003452123996338433, 6.678422529547606e-05, 5.1676712266483835e-05, -4.4866513226317925e-06, 2.1571252329711078e-05, 0.00023632552993296173, 0.000561947713669391, 0.0009355003127142082, 0.0012766174000304062, 0.0008253922504510747, 0.00048580682801545116, 0.00020408611937090473, -0.0003624880003348001, -0.00020167601113399737, -0.0019728611143813766, -0.0012508898070213333, -0.0016791458659315389, -0.0018134818229248385, -0.0014108572362057624, -0.0007008991667397914, 0.00012295461439566175, 0.0002643914830432788, 0.0008248720870960306, 0.0009097514267706292, 0.0019582079776678846, 0.0008830853749455305, -0.0001466666216362237, -0.0003028156865073779, 7.743761352014779e-06, 2.7395804797325273e-05, 8.835266852644798e-07, 7.761178605837638e-05, 0.00021361745894336246, 0.00024807725443950227, 4.532992270738707e-05, 0.00018252852054878124, 3.105372592702076e-05, 9.761505596306149e-05, 0.00011195916981131445, 0.00044383296907600744, 0.0009626342490043364, 0.0019128096337974478, 0.000559207321856029, 0.001031139852248865, 0.0009714647890078934, 0.00032946237107371303, 0.0001286929665444369, -0.0006041556921514485, -0.0008469549310277225, -0.001764408539080793, -0.0015099966609418512, -0.0007468712341497506, -0.0018745498025005132, 0.00023781862360510765, -0.0003540546236421705, -0.00015304955187072007, -6.2222455806743645e-06, 0.0003323570230797004, 0.001177686399693384, 0.0011333654000441676, 0.001148279231088973, -0.000664814695287248, -0.0012570363193168878, 0.0006135341039925486, 0.0004084443477970966, -5.083522534080973e-07, 0.00015168861784258883, 0.0005545247694715668, 2.821986260274208e-05, 0.0002475832007290369, -0.00032068976179707326, 2.8600512252449372e-05, -2.78530902997018e-05, -7.790105759747594e-05, -0.0004251998869418449, -0.0019000767983882384, -0.0012101279014461157, -0.0003699787800479466, 0.00015723061669328743, -6.797237578102338e-05, 4.83082279356929e-05, 6.724297267626339e-05, -1.9143274161560953e-05, -0.00025234157385979015, -0.0006276424389495378, -0.0009141409562755063, -0.0009915177278179781, -0.0010148148247525637, -0.0002966418047545971, 0.00036368963479021865, 0.0006092173086531209, 0.0012897200380465146, 0.002770386840589927, 0.0017589897092650983, 0.0007026872733002033, -0.0017457556872623094, -0.0018732765260047633, -0.00045461333486622083, 0.000996691555610665, 4.9843055749499794e-05, -0.0004979407673891133, 0.0009611188627319396, -0.000949196335309734, 0.0005235144650240011, -0.00024071220277348178, -0.0017503271429190597, -0.002094820604441894, -0.003122887149433432, 0.00013107590781480778, 0.0031359843913573286, 0.003273475628151886, 0.002390181783033038, 0.0017624575705100752, -0.0002700228785521932, -0.0011762647860403736, -0.0015186447112087592, -9.656614906872122e-05, 9.104362016977323e-05, 0.00044481938323461656, -1.8144655429262975e-05, -0.0005827088845602773, -0.0005178190006282874, -0.00027617560423325515, 0.00012724251079513054, 0.00016310808112230817, -0.0001509130532580279, 0.0003217697441288102, 0.0010064701698109565, 0.0012160247580136649, 0.0004718580361392537, 0.00023493576253935043, 0.00033219717353692106, 0.00031892179850947393, 5.665991571177862e-05, -0.0007551807953580856, -0.0013028843609032743, -0.0009395723859124109, -0.000918851750571699, -0.001349846988203113, -0.0002938081795639633, -0.0003045077735819886, 0.0008239545896536672, 0.001187030689001727, 0.0008798477996199016, 0.0016722162116073235, 0.0008877595266386268, 0.00011520918766495393, 0.0005793865455002534, 0.001343708614680372, 0.00016743939042995512, 1.926366017376676e-05, 0.0001573605936468183, -9.806763975057812e-07, 2.4835955705073628e-05, 0.00036144745502437537, 0.00023424697562199467, 9.774317053422032e-05, 4.293879865220858e-05, -0.0005917808535368714, -5.607780298335579e-05, -3.7651670419208513e-05, 3.152496211553176e-05, 5.838578986341814e-05, 9.823161874744819e-06, 0.0002865444551099754, -0.00014463803450839044, -0.0010271549760527653, -0.0013506352666233258, -0.0023149103680812576, -0.0026750423578995753, -0.0013009465335581964, -0.0003692583038978495, 0.0006448751839547231, 0.0011221874849399994, 0.002095144369165125, 0.003193183509213465, 0.001695635062986875, 0.003312809429983728, 0.002127754279791969, 0.0012596659711965302, 0.000382523703381024, -0.0002522359929478539, -0.0007433138967592081, -0.0016825242528889974, -0.002304437786782153, -0.0026114845877755876, -0.001865205744988884, -0.001106155670847079, -0.001934890063466629, 5.2640233345112476e-05, 0.0009232679302727554, 0.001219941635554608, 0.0021782644389127777, 0.0015072592571414441, 0.003146078714997652, 0.002407970238658882, 0.00048042497936149877, -0.00011995147886493626, -0.001083716583505983, -0.0018455416474184709, -0.001912020910005231, -0.004617689265755072, -0.0031324296917389065, 5.9237886350800124e-05, 0.0007861091450374348, None, 0.002402741105106175, 0.0013363809182881002, 0.0015632323119037091, 0.0004694542170457866, 0.00023116080640670197, -0.0005150252308118494, -0.0010394481121863823, -0.0018618999474382036, -0.0013098876737906925, 9.157161203648252e-05, 0.000500342188211078, 0.0009428963013244757, 0.0012403775636643949, 0.0004853168730443792, 8.229240344295491e-05, 0.0001174554870552176, 0.00014685398197223818, 0.0004477834771711189, 0.001280582096913589, -0.0008400249692251327, -0.0002726228750031423, 0.0003829517281908156, 0.00016163332758367972, 0.0006471602952509428, 0.00099519866047344, 0.00136168008726726]","[None, None, None, None, None, None, None, None, None, None, None, None, None, None, None, None, None, None, None, None, None, None, None, None, None, None, None, None, None, None, None, None, None, None, None, None, None, None, None, None, None, None, None, None, None, None, None, None, None, None, None, None, None, None, None, None, None, None, None, None, None, None, None, None, None, None, None, None, None, None, None, None, None, None, None, None, None, None, None, None, None, None, None, None, None, None, None, None, None, None, None, None, None, None, None, None, None, None, None, None, None, None, None, None, None, None, None, None, None, None, None, None, None, None, None, None, None, None, None, None, None, None, None, None, None, None, None, None, None, None, None, None, None, None, None, None, None, None, None, None, None, None, None, None, None, None, None, None, None, None, None, None, None, None, None, None, None, None, None, None, None, None, None, None, None, None, None, None, None, None, None, None, None, None, None, None, None, None, None, None, None, None, None, None, None, None, None, None, None, None, None, None, None, None, None, None, None, None, None, None, None, None, None, None, None, None, None, None, None, None, None, None, None, None, None, None, None, None, None, None, None, None, None, None, None, None, None, None, None, None, None, None, None, None, None, None, None, None, None, None, None, None, None, None, None, None, None, None, None, None, None, None, None, None, None, None, None, None, None, None, None, None, None, None, None, None, None, None, None, None, None, None, None, None, None, None, None, None, None, None]","[None, None, None, None, None, None, None, None, None, None, None, None, None, None, None, None, None, None, None, None, None, None, None, None, None, None, None, None, None, None, None, None, None, None, None, None, None, None, None, None, None, None, None, None, None, None, None, None, None, None, None, None, None, None, None, None, None, None, None, None, None, None, None, None, None, None, None, None, None, None, None, None, None, None, None, None, None, None, None, None, None, None, None, None, None, None, None, None, None, None, None, None, None, None, None, None, None, None, None, None, None, None, None, None, None, None, None, None, None, None, None, None, None, None, None, None, None, None, None, None, None, None, None, None, None, None, None, None, None, None, None, None, None, None, None, None, None, None, None, None, None, None, None, None, None, None, None, None, None, None, None, None, None, None, None, None, None, None, None, None, None, None, None, None, None, None, None, None, None, None, None, None, None, None, None, None, None, None, None, None, None, None, None, None, None, None, None, None, None, None, None, None, None, None, None, None, None, None, None, None, None, None, None, None, None, None, None, None, None, None, None, None, None, None, None, None, None, None, None, None, None, None, None, None, None, None, None, None, None, None, None, None, None, None, None, None, None, None, None, None, None, None, None, None, None, None, None, None, None, None, None, None, None, None, None, None, None, None, None, None, None, None, None, None, None, None, None, None, None, None, None, None, None, None, None, None, None, None, None, None]","[-1.8273560447791958e-05, -1.8151348392678672e-05, -6.166073250462983e-05, -3.4050292884294916e-05, -1.9642446950294598e-05, -5.336195109336085e-05, -4.448116686281693e-05, -8.971049886628881e-06, -4.676467438080126e-05, -9.259910097825492e-06, -0.00028646698633597853, -0.000583473822317808, -0.0003193352304913946, -0.00016225665314890025, -0.0001302888172688542, 0.00031868337465377637, 0.0008075192101094347, 0.001329863507950443, 0.001301659633864529, 0.0007228369654471322, 0.0003291853367437298, -0.00027190285504825776, -0.0002673007629346938, -0.0004273470703821048, -0.00014568303544319503, -2.003552857565348e-05, 4.132525972944299e-05, 3.1661815831186984e-05, -0.0003047576551118366, -0.0003509146338094588, -0.0011179149474973577, -0.001461517063979538, -0.0011223479908494696, -0.0008250999463488567, -0.0005719440427694034, -0.00021773513389790152, 0.0006885099422479988, -0.00022900863301654782, 0.00040418237543041484, 0.0002352759644888768, 0.00021365917831190747, 0.0013976834336313076, None, -5.415546593904022e-05, -2.6533412240465964e-05, 0.00012047028630094354, -0.00013641952931138412, -0.00021542144460033036, -8.036005721813978e-05, -3.7399328255010215e-05, 1.3218361966401748e-05, -4.392274151972535e-06, 1.037252635495639e-05, 0.00022758522781417127, 0.0005109637286788153, 0.0009182639432912756, 0.0012923843698806866, 0.0008790568183470273, 0.0005700753666291983, -4.178723063999018e-05, -0.00039996903354052807, -0.0008956506420864081, -0.0005283823818761508, -0.0014472266085086836, -0.0016661947613962136, -0.0019849133792177926, -0.0018207730354333177, -0.0007406303440948077, -6.62674557270663e-05, 8.610919978528486e-05, 0.00039870355861033164, 0.0009112628671632902, 0.001198804257356552, 0.0012286479525440628, 2.542843866678182e-05, -5.79951665185591e-05, -0.0003464897024263351, -0.00016413587515636376, -0.00016275039605125467, -0.00027019900017836946, -0.0001450581546657568, -5.2995623732867754e-05, -4.4767902888996593e-05, -0.0002057656979530047, -2.7442050851739773e-05, -6.258855898989454e-05, 0.0005266742791668709, 0.0003166895977005734, 0.000721330378492631, 0.0004521393698506441, 0.0013591003960662876, 0.0005473018490699724, 0.0004157862513446143, 0.000318294598929964, 0.0004816228244838895, -0.0007270193328060382, -0.001096219729299914, -0.0008046940359472343, -0.0016472988199132503, -0.0017338291178126788, -0.000630779460672307, -0.00029114878564837326, -0.00033672696362555676, -0.00034900887310036234, 0.00039786786714320744, 0.000531305522753387, 0.000882534231377118, 0.0010649474423458085, 0.001067963132061028, -0.0006824626845190323, -0.0013179719852839738, 0.0003432941718612961, 0.0006462953625998948, -0.00034506598080540215, 4.883617906345685e-05, 0.00027628577948820714, 0.0003298093525160383, -0.0006448174205419676, -0.00031403902805205493, -0.0002222036919752578, -0.0002390621231988334, None, -0.0007250180528611126, -0.0006323827953506091, -0.0009152417295369141, -0.0006320550468119211, -0.0002515709888473582, 9.432091090802297e-06, -4.22808773420307e-05, -6.688284052708234e-05, 3.003385859035616e-05, -0.0002006678541048628, -0.001494741904932542, -0.0009751971531401013, -0.0011294722323049577, 3.813276131112208e-05, -0.0009885648076003017, 0.0015288344571155463, -0.0003503604212123642, 0.000722730543037462, 0.0017091768393946395, 0.003127982355470551, -0.0005618447754371828, -0.001608519205129007, -0.0005219427959764535, -0.00028238085730501706, -0.00014246612777750977, 0.00033177946066358105, 0.0006912605399410496, -0.001242439283015023, 0.0005889140832242279, -0.0002835674502454795, -0.0006458282412570935, -0.0006015693346340117, -0.00355104635679329, -0.0013594687339444562, -0.00046334293215844125, 0.0017332202348056666, 0.002311497329420271, 0.0033831671799069473, 0.002018191820883855, -0.001282620377137365, -0.0018227405345330294, -0.00014871834603770147, 0.00018421994759209898, -0.000398149283943155, -0.0006546692685951973, -1.5815736354597435e-05, 0.0003715977844834598, -0.0006949902363254486, -0.00022545199404465808, -5.071315500819612e-05, -0.001047479941071741, 0.00048422507516229833, 0.00041066235790998535, 0.0005873062355036092, 0.0011366231515661396, 0.0004304082738307387, 0.00038327843227252135, 0.00046874056665114857, 0.00023853532592324397, 0.0001919236936230631, -0.0007150525387288524, -0.0013639277166379092, -0.0019287712702953275, -6.540400548860347e-05, -0.002580628950029339, -0.00010075772315569318, 0.00067306980216775, 0.0011483186715629233, 0.0008303360408162395, 0.001214882094795636, 0.001013258932008665, 0.0015938952930739908, 0.00012532367824775624, 0.00020984719102304155, 0.00142720430251266, -5.183447821024724e-05, -3.4484672519119994e-05, -0.0002015070566616546, 0.00014260621932501763, 6.794922642237924e-05, 0.0003969904602904855, 0.0002045366878335914, -4.1638390773258326e-05, -0.00037688872461397123, 0.00025424219132987844, -0.0002817438096262883, -0.0003548268626372115, 0.000166285215693114, -0.00029024607313414867, 0.00023287296777097313, 0.00012621870152976946, 4.642301438772984e-05, -0.0009190640800446098, -0.002025987155069075, -0.002072196828299563, -0.00275763131144561, -0.00223766078611347, -0.00040961657358969496, 0.0005064925601160447, 0.0003721599880123628, 0.002053184829150853, 0.0026335175636563813, 0.0035116913575027687, 0.0025498749003011645, 0.0021069829002207676, 0.0013233929059791275, -0.00047674750730815726, -0.00013639431215501757, -0.0009648400979737954, -0.0011812413268119566, -0.002274262341197597, -0.002320978333419678, -0.0028856614067073296, -0.0012499255480839344, -0.0006444141954914945, -0.0014642650641032426, 0.0013657076654169796, 0.0012537069683836845, 0.0004319850776066357, 0.002677232399799662, 0.0036287620688558006, 0.002313307444096366, -0.0001040992398886015, -0.00030755215563290104, -0.0005633284402660711, -0.0016003770975857438, -0.003410056652079718, -0.003315749392661064, -0.003114991685825641, -0.0003027388256919281, -0.001064941283072549, 0.0020879174606826855, 0.001916804390413512, 0.002065351352713095, 0.001583709498611222, 0.0010013559714777327, 0.00013803538102802755, -0.0005249697999602036, -0.001325607403202455, -0.0018930891183879246, -0.0024368784860497187, 0.0004235753745011748, 0.0005695816746858806, 0.0008122340090690076, 0.001220140033395942, 2.934383499877708e-06, 3.254090011169695e-05, -1.040311118226969e-06, 0.0009289388133854532, 6.054154151337565e-05, -0.00031791494619367005, 0.0004878862427432849, -0.00014969849636069268, -8.418565260045438e-05, -0.00024620179064869065, 0.0009028095370404552, 0.001215399116456791, 0.0014204965144976268]","[None, None, None, None, None, None, None, None, None, None, None, None, None, None, None, None, None, None, None, None, None, None, None, None, None, None, None, None, None, None, None, None, None, None, None, None, None, None, None, None, None, None, None, None, None, None, None, None, None, None, None, None, None, None, None, None, None, None, None, None, None, None, None, None, None, None, None, None, None, None, None, None, None, None, None, None, None, None, None, None, None, None, None, None, None, None, None, None, None, None, None, None, None, None, None, None, None, None, None, None, None, None, None, None, None, None, None, None, None, None, None, None, None, None, None, None, None, None, None, None, None, None, None, None, None, None, None, None, None, None, None, None, None, None, None, None, None, None, None, None, None, None, None, None, None, None, None, None, None, None, None, None, None, None, None, None, None, None, None, None, None, None, None, None, None, None, None, None, None, None, None, None, None, None, None, None, None, None, None, None, None, None, None, None, None, None, None, None, None, None, None, None, None, None, None, None, None, None, None, None, None, None, None, None, None, None, None, None, None, None, None, None, None, None, None, None, None, None, None, None, None, None, None, None, None, None, None, None, None, None, None, None, None, None, None, None, None, None, None, None, None, None, None, None, None, None, None, None, None, None, None, None, None, None, None, None, None, None, None, None, None, None, None, None, None, None, None, None, None, None, None, None, None, None, None, None, None, None, None, None]"
