,LP,LD1,LD2,RP,RD1,RD2
0,"[array([[-0.33284613, -0.94284713, -0.0158982 , -0.11571613],
       [ 0.94177344, -0.33322559,  0.04498326,  0.07987283],
       [-0.04771003,  0.        ,  0.99886123,  0.0853637 ],
       [ 0.        ,  0.        ,  0.        ,  1.        ]])]","[array([[ 0.24432359, -0.96968804,  0.00333098, -0.13412309],
       [ 0.96959793,  0.24434629,  0.013219  ,  0.14836134],
       [-0.01363222, -0.        ,  0.99990708,  0.0827355 ],
       [ 0.        ,  0.        ,  0.        ,  1.        ]])]","[array([[ 0.24432359, -0.96968804,  0.00333098, -0.13412309],
       [ 0.96959793,  0.24434629,  0.013219  ,  0.14836134],
       [-0.01363222, -0.        ,  0.99990708,  0.0827355 ],
       [ 0.        ,  0.        ,  0.        ,  1.        ]])]","[array([[ 0.57615584, -0.81711025,  0.01937228, -0.05583174],
       [ 0.81664876,  0.57648143,  0.02745845,  0.08986134],
       [-0.03360434,  0.        ,  0.99943521,  0.08584274],
       [ 0.        ,  0.        ,  0.        ,  1.        ]])]","[array([[-0.40972695, -0.91214576,  0.01067389, -0.02297869],
       [ 0.9118364 , -0.40986596, -0.02375446,  0.13442795],
       [ 0.02604239, -0.        ,  0.99966084,  0.08272385],
       [ 0.        ,  0.        ,  0.        ,  1.        ]])]","[array([[-0.40972695, -0.91214576,  0.01067389, -0.02297869],
       [ 0.9118364 , -0.40986596, -0.02375446,  0.13442795],
       [ 0.02604239, -0.        ,  0.99966084,  0.08272385],
       [ 0.        ,  0.        ,  0.        ,  1.        ]])]"
1,"[array([[-0.33277619, -0.94287253, -0.01585578, -0.11571699],
       [ 0.94180408, -0.33315371,  0.04487412,  0.07987497],
       [-0.04759299,  0.        ,  0.99886681,  0.08536208],
       [ 0.        ,  0.        ,  0.        ,  1.        ]])]","[array([[ 0.24432392, -0.96968804,  0.0033064 , -0.1341231 ],
       [ 0.96959926,  0.24434629,  0.01312146,  0.1483593 ],
       [-0.01353163, -0.        ,  0.99990844,  0.08273231],
       [ 0.        ,  0.        ,  0.        ,  1.        ]])]","[array([[ 0.24432392, -0.96968804,  0.0033064 , -0.1341231 ],
       [ 0.96959926,  0.24434629,  0.01312146,  0.1483593 ],
       [-0.01353163, -0.        ,  0.99990844,  0.08273231],
       [ 0.        ,  0.        ,  0.        ,  1.        ]])]","[array([[ 0.57581067, -0.81734932,  0.01954904, -0.05582613],
       [ 0.81687867,  0.57614243,  0.0277334 ,  0.08985218],
       [-0.03393091,  0.        ,  0.99942418,  0.08585005],
       [ 0.        ,  0.        ,  0.        ,  1.        ]])]","[array([[-0.40950067, -0.91224648,  0.01074994, -0.02299027],
       [ 0.91193231, -0.40964175, -0.02393944,  0.13442398],
       [ 0.02624229, -0.        ,  0.99965561,  0.0827155 ],
       [ 0.        ,  0.        ,  0.        ,  1.        ]])]","[array([[-0.40950067, -0.91224648,  0.01074994, -0.02299027],
       [ 0.91193231, -0.40964175, -0.02393944,  0.13442398],
       [ 0.02624229, -0.        ,  0.99965561,  0.0827155 ],
       [ 0.        ,  0.        ,  0.        ,  1.        ]])]"
2,"[array([[-0.33294378, -0.94281359, -0.01584196, -0.11571456],
       [ 0.94174814, -0.33332046,  0.04480977,  0.07987132],
       [-0.04752771,  0.        ,  0.99886992,  0.08535862],
       [ 0.        ,  0.        ,  0.        ,  1.        ]])]","[array([[ 0.24436001, -0.96967902,  0.00328279, -0.1341242 ],
       [ 0.96959153,  0.24438206,  0.01302571,  0.14836171],
       [-0.01343301, -0.        ,  0.99990977,  0.08272717],
       [ 0.        ,  0.        ,  0.        ,  1.        ]])]","[array([[ 0.24436001, -0.96967902,  0.00328279, -0.1341242 ],
       [ 0.96959153,  0.24438206,  0.01302571,  0.14836171],
       [-0.01343301, -0.        ,  0.99990977,  0.08272717],
       [ 0.        ,  0.        ,  0.        ,  1.        ]])]","[array([[ 0.57591048, -0.81728074,  0.01947618, -0.05582976],
       [ 0.81681379,  0.57623971,  0.02762307,  0.0898515 ],
       [-0.03379875,  0.        ,  0.99942866,  0.08584609],
       [ 0.        ,  0.        ,  0.        ,  1.        ]])]","[array([[-0.40959636, -0.91220419,  0.01069299, -0.02298564],
       [ 0.9118935 , -0.40973591, -0.02380605,  0.13442692],
       [ 0.02609728, -0.        ,  0.99965941,  0.08272111],
       [ 0.        ,  0.        ,  0.        ,  1.        ]])]","[array([[-0.40959636, -0.91220419,  0.01069299, -0.02298564],
       [ 0.9118935 , -0.40973591, -0.02380605,  0.13442692],
       [ 0.02609728, -0.        ,  0.99965941,  0.08272111],
       [ 0.        ,  0.        ,  0.        ,  1.        ]])]"
3,"[array([[-0.33277321, -0.94287253, -0.01591806, -0.11572106],
       [ 0.94179566, -0.33315371,  0.04505039,  0.07987515],
       [-0.04777994,  0.        ,  0.99885789,  0.08536627],
       [ 0.        ,  0.        ,  0.        ,  1.        ]])]","[array([[ 0.24421857, -0.96971479,  0.00324414, -0.13411987],
       [ 0.96962924,  0.24424012,  0.01288033,  0.14835987],
       [-0.01328259, -0.        ,  0.99991178,  0.08271939],
       [ 0.        ,  0.        ,  0.        ,  1.        ]])]","[array([[ 0.24421857, -0.96971479,  0.00324414, -0.13411987],
       [ 0.96962924,  0.24424012,  0.01288033,  0.14835987],
       [-0.01328259, -0.        ,  0.99991178,  0.08271939],
       [ 0.        ,  0.        ,  0.        ,  1.        ]])]","[array([[ 0.57595285, -0.81725086,  0.01947691, -0.05583345],
       [ 0.81678396,  0.57628208,  0.02762105,  0.08985554],
       [-0.03379752,  0.        ,  0.9994287 ,  0.08584206],
       [ 0.        ,  0.        ,  0.        ,  1.        ]])]","[array([[-0.40950121, -0.91224648,  0.01072932, -0.02298825],
       [ 0.91193352, -0.40964175, -0.02389352,  0.13442794],
       [ 0.02619196, -0.        ,  0.99965693,  0.0827171 ],
       [ 0.        ,  0.        ,  0.        ,  1.        ]])]","[array([[-0.40950121, -0.91224648,  0.01072932, -0.02298825],
       [ 0.91193352, -0.40964175, -0.02389352,  0.13442794],
       [ 0.02619196, -0.        ,  0.99965693,  0.0827171 ],
       [ 0.        ,  0.        ,  0.        ,  1.        ]])]"
4,"[array([[-0.33282556, -0.94285407, -0.01591709, -0.11571867],
       [ 0.94177769, -0.33320595,  0.04503969,  0.07987096],
       [-0.04776952,  0.        ,  0.99885838,  0.08536604],
       [ 0.        ,  0.        ,  0.        ,  1.        ]])]","[array([[ 0.24412313, -0.9697387 ,  0.00327913, -0.13411494],
       [ 0.96965123,  0.24414515,  0.01302461,  0.14835774],
       [-0.01343105, -0.        ,  0.9999098 ,  0.08272911],
       [ 0.        ,  0.        ,  0.        ,  1.        ]])]","[array([[ 0.24412313, -0.9697387 ,  0.00327913, -0.13411494],
       [ 0.96965123,  0.24414515,  0.01302461,  0.14835774],
       [-0.01343105, -0.        ,  0.9999098 ,  0.08272911],
       [ 0.        ,  0.        ,  0.        ,  1.        ]])]","[array([[ 0.57604251, -0.81719109,  0.01933233, -0.05583092],
       [ 0.81673127,  0.57636683,  0.02740999,  0.08985748],
       [-0.03354172,  0.        ,  0.99943732,  0.08583833],
       [ 0.        ,  0.        ,  0.        ,  1.        ]])]","[array([[-0.40946198, -0.91226531,  0.01062535, -0.02298876],
       [ 0.91195831, -0.40959982, -0.02366491,  0.13442573],
       [ 0.02594082, -0.        ,  0.99966348,  0.08272908],
       [ 0.        ,  0.        ,  0.        ,  1.        ]])]","[array([[-0.40946198, -0.91226531,  0.01062535, -0.02298876],
       [ 0.91195831, -0.40959982, -0.02366491,  0.13442573],
       [ 0.02594082, -0.        ,  0.99966348,  0.08272908],
       [ 0.        ,  0.        ,  0.        ,  1.        ]])]"
5,"[array([[-0.33292123, -0.94282054, -0.0159024 , -0.11571115],
       [ 0.9417468 , -0.33330081,  0.0449837 ,  0.07987157],
       [-0.04771184,  0.        ,  0.99886114,  0.08536375],
       [ 0.        ,  0.        ,  0.        ,  1.        ]])]","[array([[ 0.24415902, -0.9697297 ,  0.0032678 , -0.13411604],
       [ 0.96964286,  0.24418089,  0.01297761,  0.14835717],
       [-0.01338271, -0.        ,  0.99991045,  0.08272657],
       [ 0.        ,  0.        ,  0.        ,  1.        ]])]","[array([[ 0.24415902, -0.9697297 ,  0.0032678 , -0.13411604],
       [ 0.96964286,  0.24418089,  0.01297761,  0.14835717],
       [-0.01338271, -0.        ,  0.99991045,  0.08272657],
       [ 0.        ,  0.        ,  0.        ,  1.        ]])]","[array([[ 0.57622434, -0.81705928,  0.01948454, -0.05583783],
       [ 0.81659257,  0.57655367,  0.02761239,  0.08986224],
       [-0.03379485,  0.        ,  0.99942879,  0.085846  ],
       [ 0.        ,  0.        ,  0.        ,  1.        ]])]","[array([[-0.40953884, -0.91222957,  0.01073129, -0.02298982],
       [ 0.91191655, -0.40967941, -0.02389528,  0.13442596],
       [ 0.02619437, -0.        ,  0.99965687,  0.08271902],
       [ 0.        ,  0.        ,  0.        ,  1.        ]])]","[array([[-0.40953884, -0.91222957,  0.01073129, -0.02298982],
       [ 0.91191655, -0.40967941, -0.02389528,  0.13442596],
       [ 0.02619437, -0.        ,  0.99965687,  0.08271902],
       [ 0.        ,  0.        ,  0.        ,  1.        ]])]"
6,"[array([[-0.33243679, -0.94299149, -0.01590081, -0.11572794],
       [ 0.94191464, -0.33281685,  0.0450528 ,  0.07986932],
       [-0.04777647,  0.        ,  0.99885805,  0.08536719],
       [ 0.        ,  0.        ,  0.        ,  1.        ]])]","[array([[ 0.24424205, -0.96970887,  0.0032441 , -0.13411859],
       [ 0.96962334,  0.2442636 ,  0.01287883,  0.14835616],
       [-0.01328113, -0.        ,  0.9999118 ,  0.08272134],
       [ 0.        ,  0.        ,  0.        ,  1.        ]])]","[array([[ 0.24424205, -0.96970887,  0.0032441 , -0.13411859],
       [ 0.96962334,  0.2442636 ,  0.01287883,  0.14835616],
       [-0.01328113, -0.        ,  0.9999118 ,  0.08272134],
       [ 0.        ,  0.        ,  0.        ,  1.        ]])]","[array([[ 0.57595655, -0.81725086,  0.0193674 , -0.05583153],
       [ 0.8167892 ,  0.57628208,  0.02746576,  0.08985143],
       [-0.03360751,  0.        ,  0.99943511,  0.08584081],
       [ 0.        ,  0.        ,  0.        ,  1.        ]])]","[array([[-0.4095383 , -0.91223148,  0.01058801, -0.02298487],
       [ 0.91192677, -0.40967514, -0.02357653,  0.1344267 ],
       [ 0.02584489, -0.        ,  0.99966596,  0.08273213],
       [ 0.        ,  0.        ,  0.        ,  1.        ]])]","[array([[-0.4095383 , -0.91223148,  0.01058801, -0.02298487],
       [ 0.91192677, -0.40967514, -0.02357653,  0.1344267 ],
       [ 0.02584489, -0.        ,  0.99966596,  0.08273213],
       [ 0.        ,  0.        ,  0.        ,  1.        ]])]"
7,"[array([[-0.33248936, -0.94297186, -0.01596536, -0.11572454],
       [ 0.94188664, -0.33287244,  0.04522719,  0.07987332],
       [-0.0479624 ,  0.        ,  0.99884914,  0.08537036],
       [ 0.        ,  0.        ,  0.        ,  1.        ]])]","[array([[ 0.24450192, -0.96964324,  0.00328457, -0.13412856],
       [ 0.96955576,  0.24452398,  0.01302475,  0.14836248],
       [-0.01343251, -0.        ,  0.99990978,  0.08272415],
       [ 0.        ,  0.        ,  0.        ,  1.        ]])]","[array([[ 0.24450192, -0.96964324,  0.00328457, -0.13412856],
       [ 0.96955576,  0.24452398,  0.01302475,  0.14836248],
       [-0.01343251, -0.        ,  0.99990978,  0.08272415],
       [ 0.        ,  0.        ,  0.        ,  1.        ]])]","[array([[ 0.57598286, -0.81723324,  0.01932833, -0.05582996],
       [ 0.81677349,  0.57630707,  0.02740857,  0.089854  ],
       [-0.03353824,  0.        ,  0.99943743,  0.08583626],
       [ 0.        ,  0.        ,  0.        ,  1.        ]])]","[array([[-0.40970867, -0.91215423,  0.01065228, -0.02297538],
       [ 0.91184608, -0.40984712, -0.02370767,  0.1344279 ],
       [ 0.02599086, -0.        ,  0.99966218,  0.08272849],
       [ 0.        ,  0.        ,  0.        ,  1.        ]])]","[array([[-0.40970867, -0.91215423,  0.01065228, -0.02297538],
       [ 0.91184608, -0.40984712, -0.02370767,  0.1344279 ],
       [ 0.02599086, -0.        ,  0.99966218,  0.08272849],
       [ 0.        ,  0.        ,  0.        ,  1.        ]])]"
8,"[array([[-0.33292321, -0.94282054, -0.01586086, -0.1157131 ],
       [ 0.9417524 , -0.33330081,  0.04486621,  0.07987245],
       [-0.04758722,  0.        ,  0.99886709,  0.08536095],
       [ 0.        ,  0.        ,  0.        ,  1.        ]])]","[array([[ 0.24440715, -0.9696671 ,  0.00329568, -0.13412865],
       [ 0.96957896,  0.24442937,  0.01307416,  0.14836232],
       [-0.01348314, -0.        ,  0.9999091 ,  0.08273476],
       [ 0.        ,  0.        ,  0.        ,  1.        ]])]","[array([[ 0.24440715, -0.9696671 ,  0.00329568, -0.13412865],
       [ 0.96957896,  0.24442937,  0.01307416,  0.14836232],
       [-0.01348314, -0.        ,  0.9999091 ,  0.08273476],
       [ 0.        ,  0.        ,  0.        ,  1.        ]])]","[array([[ 0.57578231, -0.8173738 ,  0.01935995, -0.05582672],
       [ 0.81691215,  0.57610769,  0.02746763,  0.08984912],
       [-0.03360474,  0.        ,  0.9994352 ,  0.08584375],
       [ 0.        ,  0.        ,  0.        ,  1.        ]])]","[array([[-0.40993598, -0.91205346,  0.01053484, -0.02296177],
       [ 0.91175243, -0.41007133, -0.02343089,  0.13442779],
       [ 0.02569026, -0.        ,  0.99966995,  0.08275105],
       [ 0.        ,  0.        ,  0.        ,  1.        ]])]","[array([[-0.40993598, -0.91205346,  0.01053484, -0.02296177],
       [ 0.91175243, -0.41007133, -0.02343089,  0.13442779],
       [ 0.02569026, -0.        ,  0.99966995,  0.08275105],
       [ 0.        ,  0.        ,  0.        ,  1.        ]])]"
9,"[array([[-0.33275244, -0.94288064, -0.01587138, -0.11572361],
       [ 0.94180993, -0.33313074,  0.04492176,  0.0798721 ],
       [-0.04764311,  0.        ,  0.99886442,  0.08536421],
       [ 0.        ,  0.        ,  0.        ,  1.        ]])]","[array([[ 0.24470109, -0.96959261,  0.00339735, -0.13414966],
       [ 0.96949918,  0.24472467,  0.0134602 ,  0.14836519],
       [-0.01388232, -0.        ,  0.99990364,  0.08276046],
       [ 0.        ,  0.        ,  0.        ,  1.        ]])]","[array([[ 0.24470109, -0.96959261,  0.00339735, -0.13414966],
       [ 0.96949918,  0.24472467,  0.0134602 ,  0.14836519],
       [-0.01388232, -0.        ,  0.99990364,  0.08276046],
       [ 0.        ,  0.        ,  0.        ,  1.        ]])]","[array([[ 0.57601886, -0.8171999 ,  0.01966217, -0.05583147],
       [ 0.81672423,  0.57635434,  0.02787855,  0.08985652],
       [-0.03411472,  0.        ,  0.99941792,  0.08585717],
       [ 0.        ,  0.        ,  0.        ,  1.        ]])]","[array([[-0.40993384, -0.91205536,  0.01045334, -0.02295486],
       [ 0.91175897, -0.4100671 , -0.0232499 ,  0.13442564],
       [ 0.02549177, -0.        ,  0.99967503,  0.08276636],
       [ 0.        ,  0.        ,  0.        ,  1.        ]])]","[array([[-0.40993384, -0.91205536,  0.01045334, -0.02295486],
       [ 0.91175897, -0.4100671 , -0.0232499 ,  0.13442564],
       [ 0.02549177, -0.        ,  0.99967503,  0.08276636],
       [ 0.        ,  0.        ,  0.        ,  1.        ]])]"
10,"[array([[-0.33276823, -0.94287253, -0.01602186, -0.11572517],
       [ 0.94178156, -0.33315371,  0.04534416,  0.07987447],
       [-0.0480915 ,  0.        ,  0.99884293,  0.08537425],
       [ 0.        ,  0.        ,  0.        ,  1.        ]])]","[array([[ 0.24481919, -0.96956271,  0.00342387, -0.13416528],
       [ 0.9694679 ,  0.24484313,  0.01355829,  0.14836671],
       [-0.01398392, -0.        ,  0.99990222,  0.08276669],
       [ 0.        ,  0.        ,  0.        ,  1.        ]])]","[array([[ 0.24481919, -0.96956271,  0.00342387, -0.13416528],
       [ 0.9694679 ,  0.24484313,  0.01355829,  0.14836671],
       [-0.01398392, -0.        ,  0.99990222,  0.08276669],
       [ 0.        ,  0.        ,  0.        ,  1.        ]])]","[array([[ 0.57570641, -0.81742473,  0.01946667, -0.05583047],
       [ 0.81695782,  0.57603543,  0.02762423,  0.08985146],
       [-0.03379422,  0.        ,  0.99942881,  0.08585099],
       [ 0.        ,  0.        ,  0.        ,  1.        ]])]","[array([[-0.40990065, -0.91206763,  0.01068163, -0.02299209],
       [ 0.91175811, -0.4100398 , -0.02375957,  0.13443804],
       [ 0.02605023, -0.        ,  0.99966064,  0.0827406 ],
       [ 0.        ,  0.        ,  0.        ,  1.        ]])]","[array([[-0.40990065, -0.91206763,  0.01068163, -0.02299209],
       [ 0.91175811, -0.4100398 , -0.02375957,  0.13443804],
       [ 0.02605023, -0.        ,  0.99966064,  0.0827406 ],
       [ 0.        ,  0.        ,  0.        ,  1.        ]])]"
11,"[array([[-0.33135932, -0.94337291, -0.01576547, -0.11571442],
       [ 0.94230697, -0.33173416,  0.04483323,  0.07989085],
       [-0.0475244 ,  0.        ,  0.99887008,  0.08536455],
       [ 0.        ,  0.        ,  0.        ,  1.        ]])]","[array([[ 0.24603789, -0.96925401,  0.00346654, -0.13402265],
       [ 0.96915782,  0.24606231,  0.01365491,  0.14840806],
       [-0.01408806, -0.        ,  0.99990076,  0.082784  ],
       [ 0.        ,  0.        ,  0.        ,  1.        ]])]","[array([[ 0.24603789, -0.96925401,  0.00346654, -0.13402265],
       [ 0.96915782,  0.24606231,  0.01365491,  0.14840806],
       [-0.01408806, -0.        ,  0.99990076,  0.082784  ],
       [ 0.        ,  0.        ,  0.        ,  1.        ]])]","[array([[ 0.57701441, -0.81650684,  0.01925994, -0.05581262],
       [ 0.81605237,  0.57733576,  0.0272387 ,  0.08985328],
       [-0.03336003,  0.        ,  0.9994434 ,  0.08584826],
       [ 0.        ,  0.        ,  0.        ,  1.        ]])]","[array([[-0.40860788, -0.91265006,  0.0104629 , -0.02288621],
       [ 0.912351  , -0.40874182, -0.02336186,  0.13439604],
       [ 0.02559783, -0.        ,  0.99967232,  0.08280599],
       [ 0.        ,  0.        ,  0.        ,  1.        ]])]","[array([[-0.40860788, -0.91265006,  0.0104629 , -0.02288621],
       [ 0.912351  , -0.40874182, -0.02336186,  0.13439604],
       [ 0.02559783, -0.        ,  0.99967232,  0.08280599],
       [ 0.        ,  0.        ,  0.        ,  1.        ]])]"
12,"[array([[-0.32963556, -0.94397525, -0.01584689, -0.11572488],
       [ 0.94288632, -0.33001625,  0.04532829,  0.07991141],
       [-0.04801852,  0.        ,  0.99884645,  0.08537061],
       [ 0.        ,  0.        ,  0.        ,  1.        ]])]","[array([[ 0.24849519, -0.96862629,  0.00363862, -0.13392997],
       [ 0.96852247,  0.24852183,  0.0141817 ,  0.14847133],
       [-0.01464104, -0.        ,  0.99989281,  0.08278859],
       [ 0.        ,  0.        ,  0.        ,  1.        ]])]","[array([[ 0.24849519, -0.96862629,  0.00363862, -0.13392997],
       [ 0.96852247,  0.24852183,  0.0141817 ,  0.14847133],
       [-0.01464104, -0.        ,  0.99989281,  0.08278859],
       [ 0.        ,  0.        ,  0.        ,  1.        ]])]","[array([[ 0.57839206, -0.81553903,  0.01893999, -0.05578989],
       [ 0.81510213,  0.57870208,  0.02669129,  0.08984869],
       [-0.0327284 ,  0.        ,  0.99946428,  0.08583312],
       [ 0.        ,  0.        ,  0.        ,  1.        ]])]","[array([[-0.40653838, -0.9135722 ,  0.01060094, -0.0227927 ],
       [ 0.91326176, -0.40667657, -0.02381433,  0.13434947],
       [ 0.02606726, -0.        ,  0.99966019,  0.08280406],
       [ 0.        ,  0.        ,  0.        ,  1.        ]])]","[array([[-0.40653838, -0.9135722 ,  0.01060094, -0.0227927 ],
       [ 0.91326176, -0.40667657, -0.02381433,  0.13434947],
       [ 0.02606726, -0.        ,  0.99966019,  0.08280406],
       [ 0.        ,  0.        ,  0.        ,  1.        ]])]"
13,"[array([[-0.32883367, -0.94425444, -0.01587365, -0.11572902],
       [ 0.94315618, -0.32921658,  0.04552859,  0.07992346],
       [-0.04821645,  0.        ,  0.99883691,  0.08537205],
       [ 0.        ,  0.        ,  0.        ,  1.        ]])]","[array([[ 0.24939412, -0.96839542,  0.00358893, -0.13382551],
       [ 0.96829517,  0.24941994,  0.01393433,  0.1484856 ],
       [-0.01438909, -0.        ,  0.99989647,  0.08274657],
       [ 0.        ,  0.        ,  0.        ,  1.        ]])]","[array([[ 0.24939412, -0.96839542,  0.00358893, -0.13382551],
       [ 0.96829517,  0.24941994,  0.01393433,  0.1484856 ],
       [-0.01438909, -0.        ,  0.99989647,  0.08274657],
       [ 0.        ,  0.        ,  0.        ,  1.        ]])]","[array([[ 0.57943652, -0.8148041 ,  0.01864386, -0.05578276],
       [ 0.81438265,  0.57973639,  0.02620345,  0.08985199],
       [-0.0321592 ,  0.        ,  0.99948276,  0.08582137],
       [ 0.        ,  0.        ,  0.        ,  1.        ]])]","[array([[-0.4053557 , -0.91409643,  0.01069891, -0.02273651],
       [ 0.9137782 , -0.40549687, -0.02411816,  0.13431927],
       [ 0.0263847 , -0.        ,  0.99965186,  0.08281497],
       [ 0.        ,  0.        ,  0.        ,  1.        ]])]","[array([[-0.4053557 , -0.91409643,  0.01069891, -0.02273651],
       [ 0.9137782 , -0.40549687, -0.02411816,  0.13431927],
       [ 0.0263847 , -0.        ,  0.99965186,  0.08281497],
       [ 0.        ,  0.        ,  0.        ,  1.        ]])]"
14,"[array([[-0.32338575, -0.94613979, -0.01552891, -0.1157265 ],
       [ 0.94505083, -0.32375838,  0.04538114,  0.08000711],
       [-0.04796451,  0.        ,  0.99884904,  0.08535041],
       [ 0.        ,  0.        ,  0.        ,  1.        ]])]","[array([[ 0.25549607, -0.96680404,  0.00342111, -0.13341139],
       [ 0.96671738,  0.25551897,  0.01294442,  0.14868922],
       [-0.01338888, -0.        ,  0.99991036,  0.08267477],
       [ 0.        ,  0.        ,  0.        ,  1.        ]])]","[array([[ 0.25549607, -0.96680404,  0.00342111, -0.13341139],
       [ 0.96671738,  0.25551897,  0.01294442,  0.14868922],
       [-0.01338888, -0.        ,  0.99991036,  0.08267477],
       [ 0.        ,  0.        ,  0.        ,  1.        ]])]","[array([[ 0.58381134, -0.81170407,  0.01734393, -0.05572725],
       [ 0.81134612,  0.58406891,  0.02410355,  0.08985746],
       [-0.029695  ,  0.        ,  0.99955901,  0.08578617],
       [ 0.        ,  0.        ,  0.        ,  1.        ]])]","[array([[-0.40211571, -0.91552706,  0.01063741, -0.02235222],
       [ 0.91520689, -0.40225639, -0.02421052,  0.1341434 ],
       [ 0.02644436, -0.        ,  0.99965029,  0.08290107],
       [ 0.        ,  0.        ,  0.        ,  1.        ]])]","[array([[-0.40211571, -0.91552706,  0.01063741, -0.02235222],
       [ 0.91520689, -0.40225639, -0.02421052,  0.1341434 ],
       [ 0.02644436, -0.        ,  0.99965029,  0.08290107],
       [ 0.        ,  0.        ,  0.        ,  1.        ]])]"
15,"[array([[-0.32860351, -0.94433305, -0.01596344, -0.11573607],
       [ 0.94322071, -0.32899103,  0.04582132,  0.07994658],
       [-0.04852241,  0.        ,  0.99882209,  0.0853559 ],
       [ 0.        ,  0.        ,  0.        ,  1.        ]])]","[array([[ 0.2499876 , -0.96824235,  0.00359877, -0.1338087 ],
       [ 0.96814204,  0.2500135 ,  0.01393716,  0.14852014],
       [-0.01439429, -0.        ,  0.9998964 ,  0.08269974],
       [ 0.        ,  0.        ,  0.        ,  1.        ]])]","[array([[ 0.2499876 , -0.96824235,  0.00359877, -0.1338087 ],
       [ 0.96814204,  0.2500135 ,  0.01393716,  0.14852014],
       [-0.01439429, -0.        ,  0.9998964 ,  0.08269974],
       [ 0.        ,  0.        ,  0.        ,  1.        ]])]","[array([[ 0.57906338, -0.81507787,  0.01826623, -0.05580184],
       [ 0.81467265,  0.57935141,  0.02569839,  0.08985008],
       [-0.03152876,  0.        ,  0.99950285,  0.08582824],
       [ 0.        ,  0.        ,  0.        ,  1.        ]])]","[array([[-0.40688808, -0.9134137 ,  0.01083991, -0.0227514 ],
       [ 0.91308973, -0.40703244, -0.02432564,  0.13432205],
       [ 0.02663157, -0.        ,  0.99964532,  0.08286712],
       [ 0.        ,  0.        ,  0.        ,  1.        ]])]","[array([[-0.40688808, -0.9134137 ,  0.01083991, -0.0227514 ],
       [ 0.91308973, -0.40703244, -0.02432564,  0.13432205],
       [ 0.02663157, -0.        ,  0.99964532,  0.08286712],
       [ 0.        ,  0.        ,  0.        ,  1.        ]])]"
16,"[array([[-0.34625663, -0.93798831, -0.01686041, -0.11570747],
       [ 0.93687828, -0.34666688,  0.04561977,  0.07975859],
       [-0.04863576,  0.        ,  0.99881658,  0.08534644],
       [ 0.        ,  0.        ,  0.        ,  1.        ]])]","[array([[ 0.23163634, -0.97279649,  0.0034041 , -0.13510862],
       [ 0.97269146,  0.23166135,  0.01429455,  0.14796589],
       [-0.01469429, -0.        ,  0.99989203,  0.08267528],
       [ 0.        ,  0.        ,  0.        ,  1.        ]])]","[array([[ 0.23163634, -0.97279649,  0.0034041 , -0.13510862],
       [ 0.97269146,  0.23166135,  0.01429455,  0.14796589],
       [-0.01469429, -0.        ,  0.99989203,  0.08267528],
       [ 0.        ,  0.        ,  0.        ,  1.        ]])]","[array([[ 0.56141081, -0.82731974,  0.01897236, -0.05602606],
       [ 0.82684773,  0.5617313 ,  0.02794256,  0.08977498],
       [-0.0337748 ,  0.        ,  0.99942947,  0.08585756],
       [ 0.        ,  0.        ,  0.        ,  1.        ]])]","[array([[-0.42276683, -0.90618314,  0.01001621, -0.02401303],
       [ 0.90592892, -0.42288547, -0.02146331,  0.13487979],
       [ 0.0236854 , -0.        ,  0.99971946,  0.0827558 ],
       [ 0.        ,  0.        ,  0.        ,  1.        ]])]","[array([[-0.42276683, -0.90618314,  0.01001621, -0.02401303],
       [ 0.90592892, -0.42288547, -0.02146331,  0.13487979],
       [ 0.0236854 , -0.        ,  0.99971946,  0.0827558 ],
       [ 0.        ,  0.        ,  0.        ,  1.        ]])]"
17,"[array([[-0.36437692, -0.93108488, -0.01761858, -0.11566305],
       [ 0.92999836, -0.36480262,  0.04496785,  0.07959741],
       [-0.04829619,  0.        ,  0.99883306,  0.08534183],
       [ 0.        ,  0.        ,  0.        ,  1.        ]])]","[array([[ 0.21408264, -0.97681062,  0.00310316, -0.13634048],
       [ 0.97670802,  0.21410513,  0.01415751,  0.14741916],
       [-0.01449361, -0.        ,  0.99989496,  0.0826579 ],
       [ 0.        ,  0.        ,  0.        ,  1.        ]])]","[array([[ 0.21408264, -0.97681062,  0.00310316, -0.13634048],
       [ 0.97670802,  0.21410513,  0.01415751,  0.14741916],
       [-0.01449361, -0.        ,  0.99989496,  0.0826579 ],
       [ 0.        ,  0.        ,  0.        ,  1.        ]])]","[array([[ 0.54093047, -0.84087062,  0.0181886 , -0.05628757],
       [ 0.84039567,  0.54123617,  0.02825801,  0.08967161],
       [-0.03360566,  0.        ,  0.99943517,  0.08582477],
       [ 0.        ,  0.        ,  0.        ,  1.        ]])]","[array([[-0.43148473, -0.90207035,  0.00948705, -0.02543125],
       [ 0.90185239, -0.43158902, -0.01982902,  0.13572075],
       [ 0.02198168, -0.        ,  0.99975837,  0.08266098],
       [ 0.        ,  0.        ,  0.        ,  1.        ]])]","[array([[-0.43148473, -0.90207035,  0.00948705, -0.02543125],
       [ 0.90185239, -0.43158902, -0.01982902,  0.13572075],
       [ 0.02198168, -0.        ,  0.99975837,  0.08266098],
       [ 0.        ,  0.        ,  0.        ,  1.        ]])]"
18,"[array([[-0.38893105, -0.92107441, -0.01883008, -0.11563117],
       [ 0.9199968 , -0.38938662,  0.04454162,  0.0793748 ],
       [-0.04835832,  0.        ,  0.99883005,  0.08532723],
       [ 0.        ,  0.        ,  0.        ,  1.        ]])]","[array([[ 0.19256064, -0.98128129,  0.002725  , -0.13816919],
       [ 0.98118305,  0.19257992,  0.01388511,  0.14661499],
       [-0.01414998, -0.        ,  0.99989988,  0.08260697],
       [ 0.        ,  0.        ,  0.        ,  1.        ]])]","[array([[ 0.19256064, -0.98128129,  0.002725  , -0.13816919],
       [ 0.98118305,  0.19257992,  0.01388511,  0.14661499],
       [-0.01414998, -0.        ,  0.99989988,  0.08260697],
       [ 0.        ,  0.        ,  0.        ,  1.        ]])]","[array([[ 0.50652899, -0.86204026,  0.01774758, -0.05660486],
       [ 0.86151161,  0.50683981,  0.03018534,  0.08934134],
       [-0.03501616,  0.        ,  0.99938675,  0.08584636],
       [ 0.        ,  0.        ,  0.        ,  1.        ]])]","[array([[-0.43177776, -0.90192575,  0.00989473, -0.02783995],
       [ 0.90168902, -0.43189112, -0.02066334,  0.13695979],
       [ 0.02291025, -0.        ,  0.99973753,  0.08253645],
       [ 0.        ,  0.        ,  0.        ,  1.        ]])]","[array([[-0.43177776, -0.90192575,  0.00989473, -0.02783995],
       [ 0.90168902, -0.43189112, -0.02066334,  0.13695979],
       [ 0.02291025, -0.        ,  0.99973753,  0.08253645],
       [ 0.        ,  0.        ,  0.        ,  1.        ]])]"
19,"[array([[-0.41753903, -0.90845907, -0.01905998, -0.11559385],
       [ 0.90751403, -0.41797383,  0.04142654,  0.07909023],
       [-0.04560089,  0.        ,  0.99895974,  0.08532846],
       [ 0.        ,  0.        ,  0.        ,  1.        ]])]","[array([[ 0.17671048, -0.9842593 ,  0.00265296, -0.14015356],
       [ 0.9841484 ,  0.17673039,  0.01477503,  0.14564437],
       [-0.01501132, -0.        ,  0.99988732,  0.08266236],
       [ 0.        ,  0.        ,  0.        ,  1.        ]])]","[array([[ 0.17671048, -0.9842593 ,  0.00265296, -0.14015356],
       [ 0.9841484 ,  0.17673039,  0.01477503,  0.14564437],
       [-0.01501132, -0.        ,  0.99988732,  0.08266236],
       [ 0.        ,  0.        ,  0.        ,  1.        ]])]","[array([[ 0.47052979, -0.88224909,  0.01543592, -0.05686383],
       [ 0.88177473,  0.47078291,  0.02892697,  0.08897844],
       [-0.03278776,  0.        ,  0.99946234,  0.08577345],
       [ 0.        ,  0.        ,  0.        ,  1.        ]])]","[array([[-0.44327571, -0.89633295,  0.00968971, -0.02973441],
       [ 0.89611888, -0.4433816 , -0.01958855,  0.13832792],
       [ 0.0218541 , -0.        ,  0.99976117,  0.08254704],
       [ 0.        ,  0.        ,  0.        ,  1.        ]])]","[array([[-0.44327571, -0.89633295,  0.00968971, -0.02973441],
       [ 0.89611888, -0.4433816 , -0.01958855,  0.13832792],
       [ 0.0218541 , -0.        ,  0.99976117,  0.08254704],
       [ 0.        ,  0.        ,  0.        ,  1.        ]])]"
20,"[array([[-0.49137255, -0.87058376, -0.02523754, -0.11524315],
       [ 0.86943773, -0.49202024,  0.04465547,  0.07833186],
       [-0.05129371,  0.        ,  0.99868361,  0.08560098],
       [ 0.        ,  0.        ,  0.        ,  1.        ]])]","[array([[ 0.1655803 , -0.9861931 ,  0.0025185 , -0.14476132],
       [ 0.98607904,  0.16559945,  0.01499843,  0.14309588],
       [-0.01520841, -0.        ,  0.99988435,  0.08268963],
       [ 0.        ,  0.        ,  0.        ,  1.        ]])]","[array([[ 0.1655803 , -0.9861931 ,  0.0025185 , -0.14476132],
       [ 0.98607904,  0.16559945,  0.01499843,  0.14309588],
       [-0.01520841, -0.        ,  0.99988435,  0.08268963],
       [ 0.        ,  0.        ,  0.        ,  1.        ]])]","[array([[ 0.39868797, -0.91696993,  0.0146305 , -0.05743872],
       [ 0.91635314,  0.39895633,  0.03362705,  0.08823443],
       [-0.03667192,  0.        ,  0.99932736,  0.08587445],
       [ 0.        ,  0.        ,  0.        ,  1.        ]])]","[array([[-0.44788068, -0.89402516,  0.01104148, -0.03475024],
       [ 0.89375361, -0.44801676, -0.02203346,  0.1403224 ],
       [ 0.02464523, -0.        ,  0.99969626,  0.08233328],
       [ 0.        ,  0.        ,  0.        ,  1.        ]])]","[array([[-0.44788068, -0.89402516,  0.01104148, -0.03475024],
       [ 0.89375361, -0.44801676, -0.02203346,  0.1403224 ],
       [ 0.02464523, -0.        ,  0.99969626,  0.08233328],
       [ 0.        ,  0.        ,  0.        ,  1.        ]])]"
21,"[array([[-0.53044245, -0.84729967, -0.02672225, -0.11502912],
       [ 0.84622654, -0.53111512,  0.04263059,  0.07795609],
       [-0.05031348,  0.        ,  0.99873347,  0.08562302],
       [ 0.        ,  0.        ,  0.        ,  1.        ]])]","[array([[ 0.15288051, -0.98824209,  0.00226359, -0.14726569],
       [ 0.98813378,  0.15289726,  0.01463056,  0.14147738],
       [-0.01480463, -0.        ,  0.99989041,  0.08281079],
       [ 0.        ,  0.        ,  0.        ,  1.        ]])]","[array([[ 0.15288051, -0.98824209,  0.00226359, -0.14726569],
       [ 0.98813378,  0.15289726,  0.01463056,  0.14147738],
       [-0.01480463, -0.        ,  0.99989041,  0.08281079],
       [ 0.        ,  0.        ,  0.        ,  1.        ]])]","[array([[ 0.35152361, -0.93608312,  0.01339933, -0.05758387],
       [ 0.93540381,  0.35177889,  0.0356556 ,  0.08770699],
       [-0.0380902 ,  0.        ,  0.9992743 ,  0.08578622],
       [ 0.        ,  0.        ,  0.        ,  1.        ]])]","[array([[-0.44691014, -0.89450736,  0.01130986, -0.03770173],
       [ 0.89422106, -0.44705323, -0.02262987,  0.14148379],
       [ 0.02529869, -0.        ,  0.99967994,  0.0820705 ],
       [ 0.        ,  0.        ,  0.        ,  1.        ]])]","[array([[-0.44691014, -0.89450736,  0.01130986, -0.03770173],
       [ 0.89422106, -0.44705323, -0.02262987,  0.14148379],
       [ 0.02529869, -0.        ,  0.99967994,  0.0820705 ],
       [ 0.        ,  0.        ,  0.        ,  1.        ]])]"
22,"[array([[-0.54809234, -0.83601383, -0.02599351, -0.11497439],
       [ 0.83507524, -0.54870837,  0.0396038 ,  0.07781176],
       [-0.04737218,  0.        ,  0.99887731,  0.08550714],
       [ 0.        ,  0.        ,  0.        ,  1.        ]])]","[array([[ 0.144036  , -0.98957026,  0.00208211, -0.14847541],
       [ 0.98946688,  0.14405105,  0.01430321,  0.14067418],
       [-0.01445396, -0.        ,  0.99989554,  0.08279264],
       [ 0.        ,  0.        ,  0.        ,  1.        ]])]","[array([[ 0.144036  , -0.98957026,  0.00208211, -0.14847541],
       [ 0.98946688,  0.14405105,  0.01430321,  0.14067418],
       [-0.01445396, -0.        ,  0.99989554,  0.08279264],
       [ 0.        ,  0.        ,  0.        ,  1.        ]])]","[array([[ 0.32747695, -0.94477028,  0.01295986, -0.05775032],
       [ 0.94403131,  0.3277333 ,  0.03735991,  0.08746033],
       [-0.03954391,  0.        ,  0.99921783,  0.08583478],
       [ 0.        ,  0.        ,  0.        ,  1.        ]])]","[array([[-0.44830124, -0.89381398,  0.01107112, -0.03922996],
       [ 0.89354155, -0.44843792, -0.02206664,  0.14205836],
       [ 0.02468818, -0.        ,  0.9996952 ,  0.08205992],
       [ 0.        ,  0.        ,  0.        ,  1.        ]])]","[array([[-0.44830124, -0.89381398,  0.01107112, -0.03922996],
       [ 0.89354155, -0.44843792, -0.02206664,  0.14205836],
       [ 0.02468818, -0.        ,  0.9996952 ,  0.08205992],
       [ 0.        ,  0.        ,  0.        ,  1.        ]])]"
23,"[array([[-0.58615269, -0.80977574, -0.02623484, -0.11473938],
       [ 0.80896587, -0.58673951,  0.03620745,  0.077467  ],
       [-0.04471293,  0.        ,  0.99899988,  0.08544457],
       [ 0.        ,  0.        ,  0.        ,  1.        ]])]","[array([[ 0.1299016 , -0.99152465,  0.00210794, -0.15096873],
       [ 0.99139413,  0.12991871,  0.01608759,  0.1389123 ],
       [-0.0162251 , -0.        ,  0.99986836,  0.08290196],
       [ 0.        ,  0.        ,  0.        ,  1.        ]])]","[array([[ 0.1299016 , -0.99152465,  0.00210794, -0.15096873],
       [ 0.99139413,  0.12991871,  0.01608759,  0.1389123 ],
       [-0.0162251 , -0.        ,  0.99986836,  0.08290196],
       [ 0.        ,  0.        ,  0.        ,  1.        ]])]","[array([[ 0.27884642, -0.96026977,  0.01125388, -0.05804855],
       [ 0.95948866,  0.27907343,  0.03872372,  0.08693023],
       [-0.04032587,  0.        ,  0.99918658,  0.0858983 ],
       [ 0.        ,  0.        ,  0.        ,  1.        ]])]","[array([[-0.45001324, -0.89296655,  0.00994055, -0.04239587],
       [ 0.89274878, -0.45012302, -0.01972034,  0.1430164 ],
       [ 0.02208408, -0.        ,  0.99975612,  0.08222573],
       [ 0.        ,  0.        ,  0.        ,  1.        ]])]","[array([[-0.45001324, -0.89296655,  0.00994055, -0.04239587],
       [ 0.89274878, -0.45012302, -0.01972034,  0.1430164 ],
       [ 0.02208408, -0.        ,  0.99975612,  0.08222573],
       [ 0.        ,  0.        ,  0.        ,  1.        ]])]"
24,"[array([[-0.6076439 , -0.79367273, -0.02919744, -0.1145578 ],
       [ 0.79275809, -0.60834496,  0.03809223,  0.07723029],
       [-0.04799488,  0.        ,  0.99884758,  0.08560009],
       [ 0.        ,  0.        ,  0.        ,  1.        ]])]","[array([[ 0.12029774, -0.99273579,  0.00202424, -0.15252078],
       [ 0.99259528,  0.12031477,  0.01670229,  0.13787789],
       [-0.01682451, -0.        ,  0.99985846,  0.08299902],
       [ 0.        ,  0.        ,  0.        ,  1.        ]])]","[array([[ 0.12029774, -0.99273579,  0.00202424, -0.15252078],
       [ 0.99259528,  0.12031477,  0.01670229,  0.13787789],
       [-0.01682451, -0.        ,  0.99985846,  0.08299902],
       [ 0.        ,  0.        ,  0.        ,  1.        ]])]","[array([[ 0.24688475, -0.96899811,  0.00951709, -0.05814708],
       [ 0.96827895,  0.24706812,  0.03732593,  0.08655328],
       [-0.03852012,  0.        ,  0.99925782,  0.08584585],
       [ 0.        ,  0.        ,  0.        ,  1.        ]])]","[array([[-0.44817539, -0.89388479,  0.01043133, -0.04439994],
       [ 0.89364276, -0.44829676, -0.02079964,  0.14354308],
       [ 0.02326881, -0.        ,  0.99972924,  0.08216405],
       [ 0.        ,  0.        ,  0.        ,  1.        ]])]","[array([[-0.44817539, -0.89388479,  0.01043133, -0.04439994],
       [ 0.89364276, -0.44829676, -0.02079964,  0.14354308],
       [ 0.02326881, -0.        ,  0.99972924,  0.08216405],
       [ 0.        ,  0.        ,  0.        ,  1.        ]])]"
25,"[array([[-0.60974365, -0.79207064, -0.02892729, -0.11451855],
       [ 0.79118078, -0.61042944,  0.03753499,  0.07722992],
       [-0.04738843,  0.        ,  0.99887654,  0.0855865 ],
       [ 0.        ,  0.        ,  0.        ,  1.        ]])]","[array([[ 0.12158474, -0.99257892,  0.00205859, -0.152649  ],
       [ 0.99243668,  0.12160216,  0.01680325,  0.13781472],
       [-0.01692888, -0.        ,  0.9998567 ,  0.08302434],
       [ 0.        ,  0.        ,  0.        ,  1.        ]])]","[array([[ 0.12158474, -0.99257892,  0.00205859, -0.152649  ],
       [ 0.99243668,  0.12160216,  0.01680325,  0.13781472],
       [-0.01692888, -0.        ,  0.9998567 ,  0.08302434],
       [ 0.        ,  0.        ,  0.        ,  1.        ]])]","[array([[ 0.24479105, -0.96952966,  0.00946527, -0.0581489 ],
       [ 0.96880569,  0.24497397,  0.03746053,  0.0865229 ],
       [-0.03863784,  0.        ,  0.99925328,  0.08585649],
       [ 0.        ,  0.        ,  0.        ,  1.        ]])]","[array([[-0.44654929, -0.89469789,  0.01046022, -0.04453283],
       [ 0.89445253, -0.44667179, -0.02095216,  0.14360267],
       [ 0.02341814, -0.        ,  0.99972576,  0.0821813 ],
       [ 0.        ,  0.        ,  0.        ,  1.        ]])]","[array([[-0.44654929, -0.89469789,  0.01046022, -0.04453283],
       [ 0.89445253, -0.44667179, -0.02095216,  0.14360267],
       [ 0.02341814, -0.        ,  0.99972576,  0.0821813 ],
       [ 0.        ,  0.        ,  0.        ,  1.        ]])]"
26,"[array([[-0.61334143, -0.78923444, -0.03035259, -0.11452469],
       [ 0.7882698 , -0.61409201,  0.03900932,  0.07719646],
       [-0.04942678,  0.        ,  0.99877775,  0.08561316],
       [ 0.        ,  0.        ,  0.        ,  1.        ]])]","[array([[ 0.12149787, -0.9925895 ,  0.00208721, -0.15289628],
       [ 0.99244307,  0.12151579,  0.01704913,  0.13763513],
       [-0.01717641, -0.        ,  0.99985247,  0.08291921],
       [ 0.        ,  0.        ,  0.        ,  1.        ]])]","[array([[ 0.12149787, -0.9925895 ,  0.00208721, -0.15289628],
       [ 0.99244307,  0.12151579,  0.01704913,  0.13763513],
       [-0.01717641, -0.        ,  0.99985247,  0.08291921],
       [ 0.        ,  0.        ,  0.        ,  1.        ]])]","[array([[ 0.23967723, -0.97080853,  0.00925357, -0.0581867 ],
       [ 0.97008579,  0.23985579,  0.03745351,  0.0864668 ],
       [-0.03857971,  0.        ,  0.99925553,  0.08586919],
       [ 0.        ,  0.        ,  0.        ,  1.        ]])]","[array([[-0.44524335, -0.89534833,  0.01047545, -0.0448743 ],
