,LP,LD1,LD2,RP,RD1,RD2
0,"[array([[-0.96950544, -0.24377263, -0.02518164, -0.16112899],
       [ 0.24369044, -0.96983241,  0.00632954,  0.11458949],
       [-0.02596494,  0.        ,  0.99966285,  0.08457261],
       [ 0.        ,  0.        ,  0.        ,  1.        ]])]","[array([[ 0.10136433, -0.99484871,  0.00114905, -0.2256952 ],
       [ 0.99478479,  0.10137084,  0.01127676,  0.14337601],
       [-0.01133515, -0.        ,  0.99993576,  0.08303346],
       [ 0.        ,  0.        ,  0.        ,  1.        ]])]","[array([[ 0.10136433, -0.99484871,  0.00114905, -0.2256952 ],
       [ 0.99478479,  0.10137084,  0.01127676,  0.14337601],
       [-0.01133515, -0.        ,  0.99993576,  0.08303346],
       [ 0.        ,  0.        ,  0.        ,  1.        ]])]","[array([[ 1.38894777e-02, -9.99903465e-01,  3.77165138e-04,
        -1.09653268e-01],
       [ 9.99535015e-01,  1.38945976e-02,  2.71421122e-02,
         1.23070730e-01],
       [-2.71447326e-02,  0.00000000e+00,  9.99631514e-01,
         8.52780420e-02],
       [ 0.00000000e+00,  0.00000000e+00,  0.00000000e+00,
         1.00000000e+00]])]","[array([[-0.79887079, -0.60037885,  0.0367518 , -0.10822312],
       [ 0.59974453, -0.79971572, -0.02759106,  0.17903403],
       [ 0.04595609, -0.        ,  0.99894346,  0.0823636 ],
       [ 0.        ,  0.        ,  0.        ,  1.        ]])]","[array([[-0.79887079, -0.60037885,  0.0367518 , -0.10822312],
       [ 0.59974453, -0.79971572, -0.02759106,  0.17903403],
       [ 0.04595609, -0.        ,  0.99894346,  0.0823636 ],
       [ 0.        ,  0.        ,  0.        ,  1.        ]])]"
1,"[array([[-0.96998294, -0.24150557, -0.02842826, -0.16109651],
       [ 0.24140191, -0.97039943,  0.00707501,  0.1146373 ],
       [-0.02929543,  0.        ,  0.9995708 ,  0.08464822],
       [ 0.        ,  0.        ,  0.        ,  1.        ]])]","[array([[ 0.10117063, -0.99486841,  0.00116216, -0.22569313],
       [ 0.99480278,  0.10117731,  0.01142746,  0.14337957],
       [-0.0114864 , -0.        ,  0.99993403,  0.08304227],
       [ 0.        ,  0.        ,  0.        ,  1.        ]])]","[array([[ 0.10117063, -0.99486841,  0.00116216, -0.22569313],
       [ 0.99480278,  0.10117731,  0.01142746,  0.14337957],
       [-0.0114864 , -0.        ,  0.99993403,  0.08304227],
       [ 0.        ,  0.        ,  0.        ,  1.        ]])]","[array([[ 1.38910944e-02, -9.99903441e-01,  3.82545553e-04,
        -1.09658304e-01],
       [ 9.99524497e-01,  1.38963608e-02,  2.75258120e-02,
         1.23068981e-01],
       [-2.75284701e-02,  0.00000000e+00,  9.99621020e-01,
         8.52916377e-02],
       [ 0.00000000e+00,  0.00000000e+00,  0.00000000e+00,
         1.00000000e+00]])]","[array([[-0.79876975, -0.60051588,  0.03670912, -0.10823722],
       [ 0.59988273, -0.79961283, -0.02756886,  0.17903005],
       [ 0.04590862, -0.        ,  0.99894564,  0.08236611],
       [ 0.        ,  0.        ,  0.        ,  1.        ]])]","[array([[-0.79876975, -0.60051588,  0.03670912, -0.10823722],
       [ 0.59988273, -0.79961283, -0.02756886,  0.17903005],
       [ 0.04590862, -0.        ,  0.99894564,  0.08236611],
       [ 0.        ,  0.        ,  0.        ,  1.        ]])]"
2,"[array([[-0.97007922, -0.24116266, -0.02805148, -0.16108745],
       [ 0.2410619 , -0.97048471,  0.00697071,  0.11464395],
       [-0.02890461,  0.        ,  0.99958217,  0.08463846],
       [ 0.        ,  0.        ,  0.        ,  1.        ]])]","[array([[ 0.1009828 , -0.99488756,  0.00109935, -0.22568925],
       [ 0.99482861,  0.10098879,  0.01083022,  0.1433729 ],
       [-0.01088588, -0.        ,  0.99994075,  0.08301917],
       [ 0.        ,  0.        ,  0.        ,  1.        ]])]","[array([[ 0.1009828 , -0.99488756,  0.00109935, -0.22568925],
       [ 0.99482861,  0.10098879,  0.01083022,  0.1433729 ],
       [-0.01088588, -0.        ,  0.99994075,  0.08301917],
       [ 0.        ,  0.        ,  0.        ,  1.        ]])]","[array([[ 1.36982837e-02, -9.99906104e-01,  3.75426870e-04,
        -1.09654008e-01],
       [ 9.99530782e-01,  1.37034273e-02,  2.73939949e-02,
         1.23071128e-01],
       [-2.73965674e-02,  0.00000000e+00,  9.99624644e-01,
         8.52886831e-02],
       [ 0.00000000e+00,  0.00000000e+00,  0.00000000e+00,
         1.00000000e+00]])]","[array([[-0.79881296, -0.60045133,  0.03682482, -0.10823595],
       [ 0.59981431, -0.79966131, -0.0276511 ,  0.17902756],
       [ 0.04605052, -0.        ,  0.99893911,  0.08236959],
       [ 0.        ,  0.        ,  0.        ,  1.        ]])]","[array([[-0.79881296, -0.60045133,  0.03682482, -0.10823595],
       [ 0.59981431, -0.79966131, -0.0276511 ,  0.17902756],
       [ 0.04605052, -0.        ,  0.99893911,  0.08236959],
       [ 0.        ,  0.        ,  0.        ,  1.        ]])]"
3,"[array([[-0.97127442, -0.23556953, -0.03365998, -0.16078106],
       [ 0.2354282 , -0.9718575 ,  0.00815888,  0.11478753],
       [-0.03463469,  0.        ,  0.99940004,  0.08487882],
       [ 0.        ,  0.        ,  0.        ,  1.        ]])]","[array([[ 0.10320512, -0.99465921,  0.00132894, -0.22578989],
       [ 0.99457676,  0.10321368,  0.01280682,  0.14335592],
       [-0.01287559, -0.        ,  0.99991711,  0.08316144],
       [ 0.        ,  0.        ,  0.        ,  1.        ]])]","[array([[ 0.10320512, -0.99465921,  0.00132894, -0.22578989],
       [ 0.99457676,  0.10321368,  0.01280682,  0.14335592],
       [-0.01287559, -0.        ,  0.99991711,  0.08316144],
       [ 0.        ,  0.        ,  0.        ,  1.        ]])]","[array([[ 1.50927267e-02, -9.99886035e-01,  3.56141247e-04,
        -1.09644066e-01],
       [ 9.99607776e-01,  1.50969280e-02,  2.35876238e-02,
         1.23023771e-01],
       [-2.35903123e-02,  0.00000000e+00,  9.99721710e-01,
         8.52814230e-02],
       [ 0.00000000e+00,  0.00000000e+00,  0.00000000e+00,
         1.00000000e+00]])]","[array([[-0.79929483, -0.5995723 ,  0.04050725, -0.10812354],
       [ 0.59880383, -0.8003206 , -0.03034662,  0.17899363],
       [ 0.05061378, -0.        ,  0.9987183 ,  0.08258748],
       [ 0.        ,  0.        ,  0.        ,  1.        ]])]","[array([[-0.79929483, -0.5995723 ,  0.04050725, -0.10812354],
       [ 0.59880383, -0.8003206 , -0.03034662,  0.17899363],
       [ 0.05061378, -0.        ,  0.9987183 ,  0.08258748],
       [ 0.        ,  0.        ,  0.        ,  1.        ]])]"
4,"[array([[-0.96832822, -0.24842672, -0.02499231, -0.1608963 ],
       [ 0.24834402, -0.96865069,  0.0064097 ,  0.11464069],
       [-0.02580116,  0.        ,  0.99966709,  0.08486895],
       [ 0.        ,  0.        ,  0.        ,  1.        ]])]","[array([[ 1.04890286e-01, -9.94483543e-01,  7.13825726e-04,
        -2.25159687e-01],
       [ 9.94460515e-01,  1.04892715e-01,  6.76775251e-03,
         1.43916173e-01],
       [-6.80529362e-03, -0.00000000e+00,  9.99976844e-01,
         8.34884083e-02],
       [ 0.00000000e+00,  0.00000000e+00,  0.00000000e+00,
         1.00000000e+00]])]","[array([[ 1.04890286e-01, -9.94483543e-01,  7.13825726e-04,
        -2.25159687e-01],
       [ 9.94460515e-01,  1.04892715e-01,  6.76775251e-03,
         1.43916173e-01],
       [-6.80529362e-03, -0.00000000e+00,  9.99976844e-01,
         8.34884083e-02],
       [ 0.00000000e+00,  0.00000000e+00,  0.00000000e+00,
         1.00000000e+00]])]","[array([[ 3.28837582e-02, -9.99459183e-01,  1.27717516e-05,
        -1.09914796e-01],
       [ 9.99459108e-01,  3.28837607e-02,  3.88180796e-04,
         1.22914959e-01],
       [-3.88390845e-04,  0.00000000e+00,  9.99999925e-01,
         8.50817000e-02],
       [ 0.00000000e+00,  0.00000000e+00,  0.00000000e+00,
         1.00000000e+00]])]","[array([[-0.80419031, -0.59204431,  0.05254985, -0.10770336],
       [ 0.59078433, -0.80590542, -0.03860483,  0.17870786],
       [ 0.06520598, -0.        ,  0.99787183,  0.08345645],
       [ 0.        ,  0.        ,  0.        ,  1.        ]])]","[array([[-0.80419031, -0.59204431,  0.05254985, -0.10770336],
       [ 0.59078433, -0.80590542, -0.03860483,  0.17870786],
       [ 0.06520598, -0.        ,  0.99787183,  0.08345645],
       [ 0.        ,  0.        ,  0.        ,  1.        ]])]"
5,"[array([[-0.96697148, -0.25341961, -0.0272885 , -0.16094049],
       [ 0.25331876, -0.96735645,  0.0071488 ,  0.11471698],
       [-0.02820936,  0.        ,  0.99960204,  0.08488089],
       [ 0.        ,  0.        ,  0.        ,  1.        ]])]","[array([[ 0.12485786, -0.99216699,  0.00389618, -0.22555123],
       [ 0.99168428,  0.12491863,  0.0309454 ,  0.14444157],
       [-0.03118971, -0.        ,  0.99951348,  0.08393983],
       [ 0.        ,  0.        ,  0.        ,  1.        ]])]","[array([[ 0.12485786, -0.99216699,  0.00389618, -0.22555123],
       [ 0.99168428,  0.12491863,  0.0309454 ,  0.14444157],
       [-0.03118971, -0.        ,  0.99951348,  0.08393983],
       [ 0.        ,  0.        ,  0.        ,  1.        ]])]","[array([[ 2.55186889e-02, -9.99674310e-01,  2.66342116e-04,
        -1.09704728e-01],
       [ 9.99619865e-01,  2.55200788e-02,  1.04331719e-02,
         1.22849006e-01],
       [-1.04365710e-02,  0.00000000e+00,  9.99945538e-01,
         8.53037792e-02],
       [ 0.00000000e+00,  0.00000000e+00,  0.00000000e+00,
         1.00000000e+00]])]","[array([[-0.80497644, -0.59096533,  0.05265838, -0.10754452],
       [ 0.58970493, -0.80669695, -0.03857616,  0.1786953 ],
       [ 0.06527653, -0.        ,  0.99786721,  0.08343821],
       [ 0.        ,  0.        ,  0.        ,  1.        ]])]","[array([[-0.80497644, -0.59096533,  0.05265838, -0.10754452],
       [ 0.58970493, -0.80669695, -0.03857616,  0.1786953 ],
       [ 0.06527653, -0.        ,  0.99786721,  0.08343821],
       [ 0.        ,  0.        ,  0.        ,  1.        ]])]"
6,"[array([[-0.96779994, -0.250324  , -0.02647955, -0.16088372],
       [ 0.25023036, -0.96816212,  0.00684644,  0.114777  ],
       [-0.02735032,  0.        ,  0.99962591,  0.08483565],
       [ 0.        ,  0.        ,  0.        ,  1.        ]])]","[array([[ 0.11980503, -0.9927953 ,  0.00205848, -0.22544638],
       [ 0.99264879,  0.11982271,  0.01705563,  0.14434197],
       [-0.0171794 , -0.        ,  0.99985242,  0.0834793 ],
       [ 0.        ,  0.        ,  0.        ,  1.        ]])]","[array([[ 0.11980503, -0.9927953 ,  0.00205848, -0.22544638],
       [ 0.99264879,  0.11982271,  0.01705563,  0.14434197],
       [-0.0171794 , -0.        ,  0.99985242,  0.0834793 ],
       [ 0.        ,  0.        ,  0.        ,  1.        ]])]","[array([[ 2.32008487e-02, -9.99730789e-01,  2.66215795e-04,
        -1.09645310e-01],
       [ 9.99664982e-01,  2.32023759e-02,  1.14705549e-02,
         1.22841425e-01],
       [-1.14736437e-02,  0.00000000e+00,  9.99934176e-01,
         8.53090096e-02],
       [ 0.00000000e+00,  0.00000000e+00,  0.00000000e+00,
         1.00000000e+00]])]","[array([[-0.81320506, -0.57977629,  0.0505667 , -0.107416  ],
       [ 0.57865865, -0.81477571, -0.03598214,  0.17851449],
       [ 0.06206211, -0.        ,  0.99807229,  0.08338442],
       [ 0.        ,  0.        ,  0.        ,  1.        ]])]","[array([[-0.81320506, -0.57977629,  0.0505667 , -0.107416  ],
       [ 0.57865865, -0.81477571, -0.03598214,  0.17851449],
       [ 0.06206211, -0.        ,  0.99807229,  0.08338442],
       [ 0.        ,  0.        ,  0.        ,  1.        ]])]"
7,"[array([[-0.96874344, -0.24652274, -0.02761667, -0.16093534],
       [ 0.24642262, -0.96913701,  0.00702495,  0.1147252 ],
       [-0.02849615,  0.        ,  0.9995939 ,  0.08482531],
       [ 0.        ,  0.        ,  0.        ,  1.        ]])]","[array([[ 0.11017221, -0.99391185,  0.00114974, -0.22548808],
       [ 0.99385773,  0.11017821,  0.01037172,  0.14393113],
       [-0.01043526, -0.        ,  0.99994555,  0.08316184],
       [ 0.        ,  0.        ,  0.        ,  1.        ]])]","[array([[ 0.11017221, -0.99391185,  0.00114974, -0.22548808],
       [ 0.99385773,  0.11017821,  0.01037172,  0.14393113],
       [-0.01043526, -0.        ,  0.99994555,  0.08316184],
       [ 0.        ,  0.        ,  0.        ,  1.        ]])]","[array([[ 2.21662354e-02, -9.99754240e-01,  3.43980804e-04,
        -1.09724343e-01],
       [ 9.99633883e-01,  2.21689042e-02,  1.55125515e-02,
         1.22935950e-01],
       [-1.55163648e-02,  0.00000000e+00,  9.99879614e-01,
         8.52345666e-02],
       [ 0.00000000e+00,  0.00000000e+00,  0.00000000e+00,
         1.00000000e+00]])]","[array([[-0.8158754 , -0.57658616,  0.04354011, -0.10764122],
       [ 0.57576686, -0.81703635, -0.03072645,  0.17853736],
       [ 0.05329029, -0.        ,  0.99857906,  0.08288637],
       [ 0.        ,  0.        ,  0.        ,  1.        ]])]","[array([[-0.8158754 , -0.57658616,  0.04354011, -0.10764122],
       [ 0.57576686, -0.81703635, -0.03072645,  0.17853736],
       [ 0.05329029, -0.        ,  0.99857906,  0.08288637],
       [ 0.        ,  0.        ,  0.        ,  1.        ]])]"
8,"[array([[-0.96867895, -0.24660303, -0.0291212 , -0.1609387 ],
       [ 0.24649167, -0.96911658,  0.00741023,  0.11472489],
       [-0.03004923,  0.        ,  0.99954842,  0.0848601 ],
       [ 0.        ,  0.        ,  0.        ,  1.        ]])]","[array([[ 0.1098855 , -0.99394356,  0.00117447, -0.22548111],
       [ 0.99388679,  0.10989178,  0.01062277,  0.14392291],
       [-0.01068749, -0.        ,  0.99994289,  0.08317286],
       [ 0.        ,  0.        ,  0.        ,  1.        ]])]","[array([[ 0.1098855 , -0.99394356,  0.00117447, -0.22548111],
       [ 0.99388679,  0.10989178,  0.01062277,  0.14392291],
       [-0.01068749, -0.        ,  0.99994289,  0.08317286],
       [ 0.        ,  0.        ,  0.        ,  1.        ]])]","[array([[ 2.22113757e-02, -9.99753147e-01,  5.48017500e-04,
        -1.09660344e-01],
       [ 9.99448986e-01,  2.22181353e-02,  2.46592351e-02,
         1.22897529e-01],
       [-2.46653238e-02,  0.00000000e+00,  9.99695765e-01,
         8.55375033e-02],
       [ 0.00000000e+00,  0.00000000e+00,  0.00000000e+00,
         1.00000000e+00]])]","[array([[-0.81660465, -0.57551961,  0.0439776 , -0.10755437],
       [ 0.57468684, -0.81778798, -0.0309493 ,  0.17855537],
       [ 0.05377628, -0.        ,  0.99855301,  0.08284291],
       [ 0.        ,  0.        ,  0.        ,  1.        ]])]","[array([[-0.81660465, -0.57551961,  0.0439776 , -0.10755437],
       [ 0.57468684, -0.81778798, -0.0309493 ,  0.17855537],
       [ 0.05377628, -0.        ,  0.99855301,  0.08284291],
       [ 0.        ,  0.        ,  0.        ,  1.        ]])]"
9,"[array([[-0.9710005 , -0.23782891, -0.02440151, -0.16072989],
       [ 0.23775385, -0.97130706,  0.00597482,  0.1150127 ],
       [-0.02512234,  0.        ,  0.99968438,  0.08471374],
       [ 0.        ,  0.        ,  0.        ,  1.        ]])]","[array([[ 0.10975909, -0.99395757,  0.00113481, -0.22547615],
       [ 0.99390445,  0.10976496,  0.01027606,  0.14391678],
       [-0.01033853, -0.        ,  0.99994656,  0.08315877],
       [ 0.        ,  0.        ,  0.        ,  1.        ]])]","[array([[ 0.10975909, -0.99395757,  0.00113481, -0.22547615],
       [ 0.99390445,  0.10976496,  0.01027606,  0.14391678],
       [-0.01033853, -0.        ,  0.99994656,  0.08315877],
       [ 0.        ,  0.        ,  0.        ,  1.        ]])]","[array([[ 2.14590399e-02, -9.99769673e-01,  3.32842821e-04,
        -1.09722638e-01],
       [ 9.99649433e-01,  2.14616210e-02,  1.55051735e-02,
         1.22932325e-01],
       [-1.55087456e-02,  0.00000000e+00,  9.99879732e-01,
         8.52323959e-02],
       [ 0.00000000e+00,  0.00000000e+00,  0.00000000e+00,
         1.00000000e+00]])]","[array([[-0.81674756, -0.57537483,  0.04321156, -0.10756483],
       [ 0.57457124, -0.81788985, -0.03039877,  0.17855065],
       [ 0.05283298, -0.        ,  0.99860336,  0.08288091],
       [ 0.        ,  0.        ,  0.        ,  1.        ]])]","[array([[-0.81674756, -0.57537483,  0.04321156, -0.10756483],
       [ 0.57457124, -0.81788985, -0.03039877,  0.17855065],
       [ 0.05283298, -0.        ,  0.99860336,  0.08288091],
       [ 0.        ,  0.        ,  0.        ,  1.        ]])]"
10,"[array([[-0.97329548, -0.22934302, -0.00988333, -0.16058196],
       [ 0.2293312 , -0.97334566,  0.00232874,  0.11516717],
       [-0.01015397,  0.        ,  0.99994845,  0.08436545],
       [ 0.        ,  0.        ,  0.        ,  1.        ]])]","[array([[ 0.11306633, -0.99358423,  0.00252489, -0.22562664],
       [ 0.99333659,  0.11309452,  0.02218228,  0.14391682],
       [-0.02232552, -0.        ,  0.99975075,  0.08354495],
       [ 0.        ,  0.        ,  0.        ,  1.        ]])]","[array([[ 0.11306633, -0.99358423,  0.00252489, -0.22562664],
       [ 0.99333659,  0.11309452,  0.02218228,  0.14391682],
       [-0.02232552, -0.        ,  0.99975075,  0.08354495],
       [ 0.        ,  0.        ,  0.        ,  1.        ]])]","[array([[ 2.20589176e-02, -9.99756608e-01,  3.59401522e-04,
        -1.09732960e-01],
       [ 9.99623939e-01,  2.20618452e-02,  1.62866724e-02,
         1.22934223e-01],
       [-1.62906374e-02,  0.00000000e+00,  9.99867299e-01,
         8.52549103e-02],
       [ 0.00000000e+00,  0.00000000e+00,  0.00000000e+00,
         1.00000000e+00]])]","[array([[-0.81717101, -0.5747094 ,  0.04405281, -0.10756422],
       [ 0.57387611, -0.81835757, -0.03093704,  0.17854732],
       [ 0.05383076, -0.        ,  0.99855007,  0.08288118],
       [ 0.        ,  0.        ,  0.        ,  1.        ]])]","[array([[-0.81717101, -0.5747094 ,  0.04405281, -0.10756422],
       [ 0.57387611, -0.81835757, -0.03093704,  0.17854732],
       [ 0.05383076, -0.        ,  0.99855007,  0.08288118],
       [ 0.        ,  0.        ,  0.        ,  1.        ]])]"
11,"[array([[-0.9617556 , -0.26745763, -0.05909815, -0.16177501],
       [ 0.26695411, -0.96356962,  0.01640385,  0.11407462],
       [-0.06133251,  0.        ,  0.99811739,  0.08610685],
       [ 0.        ,  0.        ,  0.        ,  1.        ]])]","[array([[ 0.11011236, -0.99391857,  0.00106663, -0.22547221],
       [ 0.99387195,  0.11011753,  0.00962737,  0.1438994 ],
       [-0.00968627, -0.        ,  0.99995309,  0.08326602],
       [ 0.        ,  0.        ,  0.        ,  1.        ]])]","[array([[ 0.11011236, -0.99391857,  0.00106663, -0.22547221],
       [ 0.99387195,  0.11011753,  0.00962737,  0.1438994 ],
       [-0.00968627, -0.        ,  0.99995309,  0.08326602],
       [ 0.        ,  0.        ,  0.        ,  1.        ]])]","[array([[ 2.46839339e-02, -9.99695269e-01,  2.68731344e-04,
        -1.09694216e-01],
       [ 9.99636030e-01,  2.46853967e-02,  1.08829304e-02,
         1.22878236e-01],
       [-1.08862478e-02,  0.00000000e+00,  9.99940743e-01,
         8.52708519e-02],
       [ 0.00000000e+00,  0.00000000e+00,  0.00000000e+00,
         1.00000000e+00]])]","[array([[-0.81816006, -0.57281241,  0.05000057, -0.10729168],
       [ 0.57174571, -0.81968649, -0.03494135,  0.1784578 ],
       [ 0.06099963, -0.        ,  0.99813779,  0.08326021],
       [ 0.        ,  0.        ,  0.        ,  1.        ]])]","[array([[-0.81816006, -0.57281241,  0.05000057, -0.10729168],
       [ 0.57174571, -0.81968649, -0.03494135,  0.1784578 ],
       [ 0.06099963, -0.        ,  0.99813779,  0.08326021],
       [ 0.        ,  0.        ,  0.        ,  1.        ]])]"
12,"[array([[-0.94978564, -0.30966481, -0.04488815, -0.16138624],
       [ 0.30931955, -0.95084578,  0.01461886,  0.11549637],
       [-0.04720865,  0.        ,  0.99888505,  0.08456247],
       [ 0.        ,  0.        ,  0.        ,  1.        ]])]","[array([[ 0.16489889, -0.98629235,  0.00597966, -0.2241751 ],
       [ 0.98564451,  0.16500728,  0.03574202,  0.14891904],
       [-0.03623877, -0.        ,  0.99934316,  0.08161339],
       [ 0.        ,  0.        ,  0.        ,  1.        ]])]","[array([[ 0.16489889, -0.98629235,  0.00597966, -0.2241751 ],
       [ 0.98564451,  0.16500728,  0.03574202,  0.14891904],
       [-0.03623877, -0.        ,  0.99934316,  0.08161339],
       [ 0.        ,  0.        ,  0.        ,  1.        ]])]","[array([[-0.25685142, -0.96644663,  0.00287491, -0.10949574],
       [ 0.96638609, -0.25686751, -0.01081666,  0.12047725],
       [ 0.0111922 , -0.        ,  0.99993737,  0.08399529],
       [ 0.        ,  0.        ,  0.        ,  1.        ]])]","[array([[-0.94638855, -0.32220221,  0.02311801, -0.12161112],
       [ 0.32210612, -0.94667087, -0.00786828,  0.1746123 ],
       [ 0.02442033, -0.        ,  0.99970178,  0.08175643],
       [ 0.        ,  0.        ,  0.        ,  1.        ]])]","[array([[-0.94638855, -0.32220221,  0.02311801, -0.12161112],
       [ 0.32210612, -0.94667087, -0.00786828,  0.1746123 ],
       [ 0.02442033, -0.        ,  0.99970178,  0.08175643],
       [ 0.        ,  0.        ,  0.        ,  1.        ]])]"
13,"[array([[-0.95148477, -0.30576319, -0.03443263, -0.1614018 ],
       [ 0.30556318, -0.95210759,  0.01105782,  0.11523516],
       [-0.03616464,  0.        ,  0.99934585,  0.08448109],
       [ 0.        ,  0.        ,  0.        ,  1.        ]])]","[array([[ 0.1599535 , -0.98710079,  0.00684917, -0.22464747],
       [ 0.98619709,  0.16010007,  0.04222874,  0.14824338],
       [-0.04278058, -0.        ,  0.99908449,  0.08248942],
       [ 0.        ,  0.        ,  0.        ,  1.        ]])]","[array([[ 0.1599535 , -0.98710079,  0.00684917, -0.22464747],
       [ 0.98619709,  0.16010007,  0.04222874,  0.14824338],
       [-0.04278058, -0.        ,  0.99908449,  0.08248942],
       [ 0.        ,  0.        ,  0.        ,  1.        ]])]","[array([[-0.16149002, -0.98686084, -0.0051626 , -0.10957801],
       [ 0.98635695, -0.16157252,  0.0315324 ,  0.12147365],
       [-0.03195223, -0.        ,  0.9994894 ,  0.08516273],
       [ 0.        ,  0.        ,  0.        ,  1.        ]])]","[array([[-0.92345136, -0.38200782,  0.03616091, -0.11740885],
       [ 0.38171527, -0.92415909, -0.01494737,  0.17582627],
       [ 0.03912845, -0.        ,  0.99923419,  0.08192672],
       [ 0.        ,  0.        ,  0.        ,  1.        ]])]","[array([[-0.92345136, -0.38200782,  0.03616091, -0.11740885],
       [ 0.38171527, -0.92415909, -0.01494737,  0.17582627],
       [ 0.03912845, -0.        ,  0.99923419,  0.08192672],
       [ 0.        ,  0.        ,  0.        ,  1.        ]])]"
14,"[array([[-0.950504  , -0.30749679, -0.04458562, -0.16149149],
       [ 0.30715905, -0.95154912,  0.01440802,  0.11524077],
       [-0.04685583,  0.        ,  0.99890166,  0.08473757],
       [ 0.        ,  0.        ,  0.        ,  1.        ]])]","[array([[ 0.15758362, -0.98748882,  0.00576546, -0.22456586],
       [ 0.98682856,  0.15768906,  0.03610477,  0.14831045],
       [-0.03656221, -0.        ,  0.99933138,  0.08219468],
       [ 0.        ,  0.        ,  0.        ,  1.        ]])]","[array([[ 0.15758362, -0.98748882,  0.00576546, -0.22456586],
       [ 0.98682856,  0.15768906,  0.03610477,  0.14831045],
       [-0.03656221, -0.        ,  0.99933138,  0.08219468],
       [ 0.        ,  0.        ,  0.        ,  1.        ]])]","[array([[-0.15710788, -0.98756706, -0.00533153, -0.11002044],
       [ 0.9869989 , -0.15719831,  0.03349428,  0.12139509],
       [-0.03391596, -0.        ,  0.99942469,  0.08554972],
       [ 0.        ,  0.        ,  0.        ,  1.        ]])]","[array([[-0.92402627, -0.38074981,  0.03471356, -0.11752127],
       [ 0.38048141, -0.9246781 , -0.01429382,  0.17581837],
       [ 0.03754123, -0.        ,  0.99929508,  0.08201319],
       [ 0.        ,  0.        ,  0.        ,  1.        ]])]","[array([[-0.92402627, -0.38074981,  0.03471356, -0.11752127],
       [ 0.38048141, -0.9246781 , -0.01429382,  0.17581837],
       [ 0.03754123, -0.        ,  0.99929508,  0.08201319],
       [ 0.        ,  0.        ,  0.        ,  1.        ]])]"
15,"[array([[-0.95076574, -0.30728767, -0.04023421, -0.16147824],
       [ 0.3070129 , -0.95161667,  0.01299208,  0.11524327],
       [-0.04227985,  0.        ,  0.99910581,  0.08463607],
       [ 0.        ,  0.        ,  0.        ,  1.        ]])]","[array([[ 0.15949226, -0.98718039,  0.00609068, -0.22464117],
       [ 0.98646137,  0.15960851,  0.03767091,  0.14831477],
       [-0.03816011, -0.        ,  0.99927164,  0.08224449],
       [ 0.        ,  0.        ,  0.        ,  1.        ]])]","[array([[ 0.15949226, -0.98718039,  0.00609068, -0.22464117],
       [ 0.98646137,  0.15960851,  0.03767091,  0.14831477],
       [-0.03816011, -0.        ,  0.99927164,  0.08224449],
       [ 0.        ,  0.        ,  0.        ,  1.        ]])]","[array([[-0.15469427, -0.98793845, -0.00687777, -0.1100988 ],
       [ 0.98696345, -0.15484709,  0.0438808 ,  0.12141075],
       [-0.04441654, -0.        ,  0.9990131 ,  0.08578093],
       [ 0.        ,  0.        ,  0.        ,  1.        ]])]","[array([[-0.92432111, -0.38000176,  0.03505935, -0.11758861],
       [ 0.3797287 , -0.92498577, -0.01440305,  0.17578107],
       [ 0.03790259, -0.        ,  0.99928144,  0.0820157 ],
       [ 0.        ,  0.        ,  0.        ,  1.        ]])]","[array([[-0.92432111, -0.38000176,  0.03505935, -0.11758861],
       [ 0.3797287 , -0.92498577, -0.01440305,  0.17578107],
       [ 0.03790259, -0.        ,  0.99928144,  0.0820157 ],
       [ 0.        ,  0.        ,  0.        ,  1.        ]])]"
16,"[array([[-0.9506818 , -0.30749059, -0.0406652 , -0.16148543],
       [ 0.30720967, -0.95155112,  0.01314082,  0.11524361],
       [-0.0427357 ,  0.        ,  0.99908641,  0.08464728],
       [ 0.        ,  0.        ,  0.        ,  1.        ]])]","[array([[ 0.15955764, -0.98716972,  0.00610784, -0.2246382 ],
       [ 0.98644724,  0.1596745 ,  0.03776105,  0.14832051],
       [-0.03825183, -0.        ,  0.99926813,  0.08224241],
       [ 0.        ,  0.        ,  0.        ,  1.        ]])]","[array([[ 0.15955764, -0.98716972,  0.00610784, -0.2246382 ],
       [ 0.98644724,  0.1596745 ,  0.03776105,  0.14832051],
       [-0.03825183, -0.        ,  0.99926813,  0.08224241],
       [ 0.        ,  0.        ,  0.        ,  1.        ]])]","[array([[-0.15515823, -0.98786554, -0.00689922, -0.11011076],
       [ 0.98689038, -0.15531155,  0.04388281,  0.12140327],
       [-0.04442184, -0.        ,  0.99901286,  0.08578705],
       [ 0.        ,  0.        ,  0.        ,  1.        ]])]","[array([[-0.9249222 , -0.37854286,  0.03498904, -0.11761644],
       [ 0.37827229, -0.92558376, -0.01430973,  0.17577216],
       [ 0.03780213, -0.        ,  0.99928524,  0.08202189],
       [ 0.        ,  0.        ,  0.        ,  1.        ]])]","[array([[-0.9249222 , -0.37854286,  0.03498904, -0.11761644],
       [ 0.37827229, -0.92558376, -0.01430973,  0.17577216],
       [ 0.03780213, -0.        ,  0.99928524,  0.08202189],
       [ 0.        ,  0.        ,  0.        ,  1.        ]])]"
17,"[array([[-0.95072131, -0.30736256, -0.04070939, -0.16148209],
       [ 0.30708117, -0.95159248,  0.01314905,  0.11525102],
       [-0.04278027,  0.        ,  0.99908451,  0.08465028],
       [ 0.        ,  0.        ,  0.        ,  1.        ]])]","[array([[ 0.15972623, -0.98714221,  0.00614703, -0.22463943],
       [ 0.986412  ,  0.15984447,  0.03796185,  0.1483314 ],
       [-0.03845632, -0.        ,  0.99926028,  0.08224791],
       [ 0.        ,  0.        ,  0.        ,  1.        ]])]","[array([[ 0.15972623, -0.98714221,  0.00614703, -0.22463943],
       [ 0.986412  ,  0.15984447,  0.03796185,  0.1483314 ],
       [-0.03845632, -0.        ,  0.99926028,  0.08224791],
       [ 0.        ,  0.        ,  0.        ,  1.        ]])]","[array([[-0.156174  , -0.98770557, -0.00688447, -0.11010059],
       [ 0.98674729, -0.15632567,  0.04349785,  0.12139447],
       [-0.04403929, -0.        ,  0.9990298 ,  0.08577648],
       [ 0.        ,  0.        ,  0.        ,  1.        ]])]","[array([[-0.92536177, -0.3774963 ,  0.03467179, -0.11765107],
       [ 0.3772316 , -0.92601109, -0.01413425,  0.17575438],
       [ 0.03744209, -0.        ,  0.9992988 ,  0.08203534],
       [ 0.        ,  0.        ,  0.        ,  1.        ]])]","[array([[-0.92536177, -0.3774963 ,  0.03467179, -0.11765107],
       [ 0.3772316 , -0.92601109, -0.01413425,  0.17575438],
       [ 0.03744209, -0.        ,  0.9992988 ,  0.08203534],
       [ 0.        ,  0.        ,  0.        ,  1.        ]])]"
18,"[array([[-0.95068665, -0.30749232, -0.04053849, -0.16148334],
       [ 0.30721315, -0.95155056,  0.01309996,  0.11525154],
       [-0.04260256,  0.        ,  0.9990921 ,  0.0846403 ],
       [ 0.        ,  0.        ,  0.        ,  1.        ]])]","[array([[ 0.15981469, -0.98712791,  0.0061439 , -0.22463618],
       [ 0.98639927,  0.15993274,  0.03792106,  0.1483402 ],
       [-0.03841555, -0.        ,  0.99926185,  0.08224261],
       [ 0.        ,  0.        ,  0.        ,  1.        ]])]","[array([[ 0.15981469, -0.98712791,  0.0061439 , -0.22463618],
       [ 0.98639927,  0.15993274,  0.03792106,  0.1483402 ],
       [-0.03841555, -0.        ,  0.99926185,  0.08224261],
       [ 0.        ,  0.        ,  0.        ,  1.        ]])]","[array([[-0.15653579, -0.98764805, -0.00691951, -0.11011097],
       [ 0.98668453, -0.15668865,  0.04361544,  0.12138565],
       [-0.04416091, -0.        ,  0.99902443,  0.0857862 ],
       [ 0.        ,  0.        ,  0.        ,  1.        ]])]","[array([[-0.92566406, -0.37674481,  0.03477628, -0.11768212],
       [ 0.37647921, -0.92631709, -0.01414395,  0.1757321 ],
       [ 0.03754252, -0.        ,  0.99929503,  0.08203115],
       [ 0.        ,  0.        ,  0.        ,  1.        ]])]","[array([[-0.92566406, -0.37674481,  0.03477628, -0.11768212],
       [ 0.37647921, -0.92631709, -0.01414395,  0.1757321 ],
       [ 0.03754252, -0.        ,  0.99929503,  0.08203115],
       [ 0.        ,  0.        ,  0.        ,  1.        ]])]"
19,"[array([[-0.95071784, -0.30738084, -0.04065223, -0.16147938],
       [ 0.30710022, -0.95158658,  0.01313145,  0.11525866],
       [-0.04272047,  0.        ,  0.99908706,  0.08464494],
       [ 0.        ,  0.        ,  0.        ,  1.        ]])]","[array([[ 0.160059  , -0.98708837,  0.00613703, -0.22463777],
       [ 0.9863636 ,  0.16017661,  0.03781943,  0.14835143],
       [-0.03831412, -0.        ,  0.99926574,  0.08223239],
       [ 0.        ,  0.        ,  0.        ,  1.        ]])]","[array([[ 0.160059  , -0.98708837,  0.00613703, -0.22463777],
       [ 0.9863636 ,  0.16017661,  0.03781943,  0.14835143],
       [-0.03831412, -0.        ,  0.99926574,  0.08223239],
       [ 0.        ,  0.        ,  0.        ,  1.        ]])]","[array([[-0.15708539, -0.98756076, -0.00692274, -0.11011089],
       [ 0.98660316, -0.15723786,  0.04347951,  0.1213836 ],
       [-0.04402717, -0.        ,  0.99903033,  0.08578621],
       [ 0.        ,  0.        ,  0.        ,  1.        ]])]","[array([[-0.92600781, -0.3758893 ,  0.03488206, -0.11770043],
       [ 0.3756229 , -0.92666457, -0.01414945,  0.17572455],
       [ 0.03764259, -0.        ,  0.99929127,  0.08202497],
       [ 0.        ,  0.        ,  0.        ,  1.        ]])]","[array([[-0.92600781, -0.3758893 ,  0.03488206, -0.11770043],
       [ 0.3756229 , -0.92666457, -0.01414945,  0.17572455],
       [ 0.03764259, -0.        ,  0.99929127,  0.08202497],
       [ 0.        ,  0.        ,  0.        ,  1.        ]])]"
20,"[array([[-0.95057829, -0.30781196, -0.04065366, -0.16149141],
       [ 0.30753085, -0.95144721,  0.01315226,  0.1152516 ],
       [-0.04272823,  0.        ,  0.99908673,  0.08464211],
       [ 0.        ,  0.        ,  0.        ,  1.        ]])]","[array([[ 0.16005172, -0.98708966,  0.00612042, -0.22463455],
       [ 0.98636873,  0.1601687 ,  0.03771901,  0.14835323],
       [-0.03821235, -0.        ,  0.99926964,  0.08222715],
       [ 0.        ,  0.        ,  0.        ,  1.        ]])]","[array([[ 0.16005172, -0.98708966,  0.00612042, -0.22463455],
       [ 0.98636873,  0.1601687 ,  0.03771901,  0.14835323],
       [-0.03821235, -0.        ,  0.99926964,  0.08222715],
       [ 0.        ,  0.        ,  0.        ,  1.        ]])]","[array([[-0.15737   , -0.98751485, -0.00700692, -0.11011911],
       [ 0.98653744, -0.15752591,  0.04392569,  0.12137852],
       [-0.04448105, -0.        ,  0.99901023,  0.08580338],
       [ 0.        ,  0.        ,  0.        ,  1.        ]])]","[array([[-0.92630484, -0.37518967,  0.034526  , -0.11772736],
       [ 0.37492933, -0.92694806, -0.01397468,  0.17571171],
       [ 0.03724696, -0.        ,  0.99930609,  0.08204655],
       [ 0.        ,  0.        ,  0.        ,  1.        ]])]","[array([[-0.92630484, -0.37518967,  0.034526  , -0.11772736],
       [ 0.37492933, -0.92694806, -0.01397468,  0.17571171],
       [ 0.03724696, -0.        ,  0.99930609,  0.08204655],
       [ 0.        ,  0.        ,  0.        ,  1.        ]])]"
21,"[array([[-0.95055127, -0.30788853, -0.04070553, -0.16148788],
       [ 0.30760661, -0.95142244,  0.01317266,  0.11525118],
       [-0.04278386,  0.        ,  0.99908435,  0.08464236],
       [ 0.        ,  0.        ,  0.        ,  1.        ]])]","[array([[ 0.15989549, -0.98711786,  0.00563613, -0.22462371],
       [ 0.98650519,  0.15999479,  0.03477318,  0.14835511],
       [-0.03522697, -0.        ,  0.99937934,  0.08212822],
       [ 0.        ,  0.        ,  0.        ,  1.        ]])]","[array([[ 0.15989549, -0.98711786,  0.00563613, -0.22462371],
       [ 0.98650519,  0.15999479,  0.03477318,  0.14835511],
       [-0.03522697, -0.        ,  0.99937934,  0.08212822],
       [ 0.        ,  0.        ,  0.        ,  1.        ]])]","[array([[-0.15800175, -0.98741399, -0.00700459, -0.11011406],
       [ 0.9864451 , -0.15815694,  0.04373143,  0.12137799],
       [-0.04428885, -0.        ,  0.99901877,  0.08580107],
       [ 0.        ,  0.        ,  0.        ,  1.        ]])]","[array([[-0.92654497, -0.37458344,  0.03466496, -0.11774239],
       [ 0.37432156, -0.92719321, -0.01400455,  0.17570367],
       [ 0.03738699, -0.        ,  0.99930086,  0.08204109],
       [ 0.        ,  0.        ,  0.        ,  1.        ]])]","[array([[-0.92654497, -0.37458344,  0.03466496, -0.11774239],
       [ 0.37432156, -0.92719321, -0.01400455,  0.17570367],
       [ 0.03738699, -0.        ,  0.99930086,  0.08204109],
       [ 0.        ,  0.        ,  0.        ,  1.        ]])]"
22,"[array([[-0.9505427 , -0.30790684, -0.04076701, -0.16148928],
       [ 0.30762405, -0.95141651,  0.01319342,  0.11525686],
       [-0.04284875,  0.        ,  0.99908157,  0.08464081],
       [ 0.        ,  0.        ,  0.        ,  1.        ]])]","[array([[ 0.1603618 , -0.98703936,  0.00611467, -0.22463218],
       [ 0.9863226 ,  0.16047834,  0.03760897,  0.14837009],
       [-0.0381028 , -0.        ,  0.99927382,  0.08221267],
       [ 0.        ,  0.        ,  0.        ,  1.        ]])]","[array([[ 0.1603618 , -0.98703936,  0.00611467, -0.22463218],
       [ 0.9863226 ,  0.16047834,  0.03760897,  0.14837009],
       [-0.0381028 , -0.        ,  0.99927382,  0.08221267],
       [ 0.        ,  0.        ,  0.        ,  1.        ]])]","[array([[-0.15838615, -0.98735264, -0.0069712 , -0.1101119 ],
       [ 0.98639766, -0.15853949,  0.04341528,  0.12137365],
       [-0.04397141, -0.        ,  0.99903279,  0.08578796],
       [ 0.        ,  0.        ,  0.        ,  1.        ]])]","[array([[-0.92677523, -0.37402128,  0.03457959, -0.11776134],
       [ 0.3737612 , -0.92742012, -0.01394568,  0.17569637],
       [ 0.03728579, -0.        ,  0.99930464,  0.08204631],
       [ 0.        ,  0.        ,  0.        ,  1.        ]])]","[array([[-0.92677523, -0.37402128,  0.03457959, -0.11776134],
       [ 0.3737612 , -0.92742012, -0.01394568,  0.17569637],
       [ 0.03728579, -0.        ,  0.99930464,  0.08204631],
       [ 0.        ,  0.        ,  0.        ,  1.        ]])]"
23,"[array([[-0.95060533, -0.30768214, -0.04100247, -0.16148632],
       [ 0.30739632, -0.9514892 ,  0.01325893,  0.11526113],
       [-0.04309294,  0.        ,  0.99907107,  0.08465028],
       [ 0.        ,  0.        ,  0.        ,  1.        ]])]","[array([[ 0.16017868, -0.98707193,  0.00563927, -0.22462651],
       [ 0.98646077,  0.16027792,  0.03472947,  0.1483658 ],
       [-0.03518433, -0.        ,  0.99938084,  0.08212286],
       [ 0.        ,  0.        ,  0.        ,  1.        ]])]","[array([[ 0.16017868, -0.98707193,  0.00563927, -0.22462651],
       [ 0.98646077,  0.16027792,  0.03472947,  0.1483658 ],
       [-0.03518433, -0.        ,  0.99938084,  0.08212286],
       [ 0.        ,  0.        ,  0.        ,  1.        ]])]","[array([[-0.15852879, -0.98732948, -0.00700852, -0.1101215 ],
       [ 0.98636602, -0.15868364,  0.04360698,  0.12136908],
       [-0.04416659, -0.        ,  0.99902418,  0.08579633],
       [ 0.        ,  0.        ,  0.        ,  1.        ]])]","[array([[-0.92698871, -0.37349438,  0.03455266, -0.11777931],
       [ 0.37323519, -0.92763244, -0.013912  ,  0.17568517],
       [ 0.03724822, -0.        ,  0.99930604,  0.08204851],
       [ 0.        ,  0.        ,  0.        ,  1.        ]])]","[array([[-0.92698871, -0.37349438,  0.03455266, -0.11777931],
       [ 0.37323519, -0.92763244, -0.013912  ,  0.17568517],
       [ 0.03724822, -0.        ,  0.99930604,  0.08204851],
       [ 0.        ,  0.        ,  0.        ,  1.        ]])]"
24,"[array([[-0.95056646, -0.30779365, -0.04106675, -0.16148746],
       [ 0.30750681, -0.95145314,  0.01328503,  0.11526407],
       [-0.04316214,  0.        ,  0.99906808,  0.08465083],
       [ 0.        ,  0.        ,  0.        ,  1.        ]])]","[array([[ 0.15923246, -0.98722512,  0.00561935, -0.22456811],
       [ 0.98661095,  0.15933159,  0.03481772,  0.14838076],
       [-0.03526826, -0.        ,  0.99937788,  0.08211753],
       [ 0.        ,  0.        ,  0.        ,  1.        ]])]","[array([[ 0.15923246, -0.98722512,  0.00561935, -0.22456811],
       [ 0.98661095,  0.15933159,  0.03481772,  0.14838076],
       [-0.03526826, -0.        ,  0.99937788,  0.08211753],
       [ 0.        ,  0.        ,  0.        ,  1.        ]])]","[array([[-0.15885936, -0.98727631, -0.00701354, -0.11011863],
       [ 0.98631553, -0.15901411,  0.04354519,  0.12136628],
       [-0.04410639, -0.        ,  0.99902684,  0.08579798],
       [ 0.        ,  0.        ,  0.        ,  1.        ]])]","[array([[-0.92724314, -0.37284491,  0.03473943, -0.11778229],
       [ 0.37258352, -0.92789367, -0.01395895,  0.17568631],
       [ 0.03743902, -0.        ,  0.99929891,  0.08203944],
       [ 0.        ,  0.        ,  0.        ,  1.        ]])]","[array([[-0.92724314, -0.37284491,  0.03473943, -0.11778229],
       [ 0.37258352, -0.92789367, -0.01395895,  0.17568631],
       [ 0.03743902, -0.        ,  0.99929891,  0.08203944],
       [ 0.        ,  0.        ,  0.        ,  1.        ]])]"
25,"[array([[-0.95040566, -0.308283  , -0.04111778, -0.16149763],
       [ 0.30799489, -0.95129469,  0.01332491,  0.11525094],
       [-0.04322297,  0.        ,  0.99906545,  0.08465319],
       [ 0.        ,  0.        ,  0.        ,  1.        ]])]","[array([[ 0.16016204, -0.9870745 ,  0.00566216, -0.22461699],
       [ 0.98645825,  0.1602621 ,  0.03487393,  0.14837481],
       [-0.0353306 , -0.        ,  0.99937568,  0.08212551],
       [ 0.        ,  0.        ,  0.        ,  1.        ]])]","[array([[ 0.16016204, -0.9870745 ,  0.00566216, -0.22461699],
       [ 0.98645825,  0.1602621 ,  0.03487393,  0.14837481],
       [-0.0353306 , -0.        ,  0.99937568,  0.08212551],
       [ 0.        ,  0.        ,  0.        ,  1.        ]])]","[array([[-0.16689835, -0.98596607, -0.00398043, -0.10981093],
       [ 0.98568579, -0.16694581,  0.02350802,  0.12130299],
       [-0.02384262, -0.        ,  0.99971572,  0.08502807],
       [ 0.        ,  0.        ,  0.        ,  1.        ]])]","[array([[-0.92739203, -0.37249038,  0.03456776, -0.11780168],
       [ 0.37223189, -0.92803605, -0.01387463,  0.17567853],
       [ 0.03724829, -0.        ,  0.99930604,  0.0820495 ],
