,LP,LD1,LD2,RP,RD1,RD2
0,"[array([[-0.05686505, -0.99837727, -0.00303046, -0.02012176],
       [ 0.99696257, -0.05694574,  0.05313027,  0.27759228],
       [-0.05321663,  0.        ,  0.99858299,  0.08599605],
       [ 0.        ,  0.        ,  0.        ,  1.        ]])]","[array([[ 0.41041834, -0.91187926,  0.00574505, -0.01932476],
       [ 0.91178993,  0.41045855,  0.01276327,  0.34779314],
       [-0.01399667, -0.        ,  0.99990204,  0.08305409],
       [ 0.        ,  0.        ,  0.        ,  1.        ]])]","[array([[ 0.41041834, -0.91187926,  0.00574505, -0.01932476],
       [ 0.91178993,  0.41045855,  0.01276327,  0.34779314],
       [-0.01399667, -0.        ,  0.99990204,  0.08305409],
       [ 0.        ,  0.        ,  0.        ,  1.        ]])]","[array([[ 0.22498132, -0.97434401,  0.00609511,  0.03794012],
       [ 0.97398665,  0.22506386,  0.02638687,  0.27400414],
       [-0.02708167,  0.        ,  0.99963322,  0.08639363],
       [ 0.        ,  0.        ,  0.        ,  1.        ]])]","[array([[-0.24174878, -0.97028589,  0.01014025,  0.04984818],
       [ 0.96943344, -0.24196136, -0.04066327,  0.33411805],
       [ 0.04190854, -0.        ,  0.99912145,  0.08331031],
       [ 0.        ,  0.        ,  0.        ,  1.        ]])]","[array([[-0.24174878, -0.97028589,  0.01014025,  0.04984818],
       [ 0.96943344, -0.24196136, -0.04066327,  0.33411805],
       [ 0.04190854, -0.        ,  0.99912145,  0.08331031],
       [ 0.        ,  0.        ,  0.        ,  1.        ]])]"
1,"[array([[-0.05705353, -0.99836651, -0.00303328, -0.02011542],
       [ 0.99695852, -0.0571341 ,  0.05300388,  0.27758723],
       [-0.0530906 ,  0.        ,  0.9985897 ,  0.08598923],
       [ 0.        ,  0.        ,  0.        ,  1.        ]])]","[array([[ 0.41064924, -0.91177502,  0.00578851, -0.01932763],
       [ 0.91168445,  0.41069004,  0.0128511 ,  0.34779754],
       [-0.01409459, -0.        ,  0.99990067,  0.08305321],
       [ 0.        ,  0.        ,  0.        ,  1.        ]])]","[array([[ 0.41064924, -0.91177502,  0.00578851, -0.01932763],
       [ 0.91168445,  0.41069004,  0.0128511 ,  0.34779754],
       [-0.01409459, -0.        ,  0.99990067,  0.08305321],
       [ 0.        ,  0.        ,  0.        ,  1.        ]])]","[array([[ 0.22520954, -0.97429143,  0.00607192,  0.03793347],
       [ 0.97393752,  0.22529138,  0.02625853,  0.27400526],
       [-0.02695141,  0.        ,  0.99963674,  0.08638971],
       [ 0.        ,  0.        ,  0.        ,  1.        ]])]","[array([[-0.24162857, -0.97031574,  0.01014887,  0.04984195],
       [ 0.96946097, -0.24184161, -0.04071923,  0.33412082],
       [ 0.04196493, -0.        ,  0.99911908,  0.08330752],
       [ 0.        ,  0.        ,  0.        ,  1.        ]])]","[array([[-0.24162857, -0.97031574,  0.01014887,  0.04984195],
       [ 0.96946097, -0.24184161, -0.04071923,  0.33412082],
       [ 0.04196493, -0.        ,  0.99911908,  0.08330752],
       [ 0.        ,  0.        ,  0.        ,  1.        ]])]"
2,"[array([[-0.05692832, -0.99837369, -0.00302306, -0.02012231],
       [ 0.99696899, -0.05700853,  0.05294202,  0.27758942],
       [-0.05302826,  0.        ,  0.99859301,  0.08598783],
       [ 0.        ,  0.        ,  0.        ,  1.        ]])]","[array([[ 0.41072674, -0.91173931,  0.00591364, -0.01933494],
       [ 0.91164482,  0.41076931,  0.01312586,  0.34779916],
       [-0.0143965 , -0.        ,  0.99989636,  0.08306581],
       [ 0.        ,  0.        ,  0.        ,  1.        ]])]","[array([[ 0.41072674, -0.91173931,  0.00591364, -0.01933494],
       [ 0.91164482,  0.41076931,  0.01312586,  0.34779916],
       [-0.0143965 , -0.        ,  0.99989636,  0.08306581],
       [ 0.        ,  0.        ,  0.        ,  1.        ]])]","[array([[ 0.22404256, -0.97455979,  0.00617668,  0.03797723],
       [ 0.97418963,  0.22412769,  0.02685767,  0.27402629],
       [-0.02755877,  0.        ,  0.99962019,  0.08640832],
       [ 0.        ,  0.        ,  0.        ,  1.        ]])]","[array([[-0.24184425, -0.97026203,  0.01014613,  0.04984854],
       [ 0.9694093 , -0.24205699, -0.04066978,  0.3341205 ],
       [ 0.04191628, -0.        ,  0.99912113,  0.08330706],
       [ 0.        ,  0.        ,  0.        ,  1.        ]])]","[array([[-0.24184425, -0.97026203,  0.01014613,  0.04984854],
       [ 0.9694093 , -0.24205699, -0.04066978,  0.3341205 ],
       [ 0.04191628, -0.        ,  0.99912113,  0.08330706],
       [ 0.        ,  0.        ,  0.        ,  1.        ]])]"
3,"[array([[-0.05692737, -0.99837369, -0.00304094, -0.02012133],
       [ 0.99695231, -0.05700853,  0.05325514,  0.2775928 ],
       [-0.05334189,  0.        ,  0.99857631,  0.08599986],
       [ 0.        ,  0.        ,  0.        ,  1.        ]])]","[array([[ 0.41066446, -0.91176656,  0.00603621, -0.01933008],
       [ 0.91166808,  0.41070882,  0.01340027,  0.34779914],
       [-0.01469704, -0.        ,  0.99989199,  0.08308037],
       [ 0.        ,  0.        ,  0.        ,  1.        ]])]","[array([[ 0.41066446, -0.91176656,  0.00603621, -0.01933008],
       [ 0.91166808,  0.41070882,  0.01340027,  0.34779914],
       [-0.01469704, -0.        ,  0.99989199,  0.08308037],
       [ 0.        ,  0.        ,  0.        ,  1.        ]])]","[array([[ 0.22577286, -0.97415758,  0.00660463,  0.03794504],
       [ 0.97374103,  0.22586945,  0.02848524,  0.27405279],
       [-0.0292409 ,  0.        ,  0.99957239,  0.086447  ],
       [ 0.        ,  0.        ,  0.        ,  1.        ]])]","[array([[-0.24184528, -0.97026203,  0.01012158,  0.04984758],
       [ 0.96941342, -0.24205699, -0.04057136,  0.33411937],
       [ 0.04181485, -0.        ,  0.99912538,  0.08331229],
       [ 0.        ,  0.        ,  0.        ,  1.        ]])]","[array([[-0.24184528, -0.97026203,  0.01012158,  0.04984758],
       [ 0.96941342, -0.24205699, -0.04057136,  0.33411937],
       [ 0.04181485, -0.        ,  0.99912538,  0.08331229],
       [ 0.        ,  0.        ,  0.        ,  1.        ]])]"
4,"[array([[-0.05458115, -0.99850577, -0.00267105, -0.02017939],
       [ 0.99731228, -0.05464647,  0.04880561,  0.2776106 ],
       [-0.04887864,  0.        ,  0.99880472,  0.08589788],
       [ 0.        ,  0.        ,  0.        ,  1.        ]])]","[array([[ 0.41048184, -0.91185015,  0.00582781, -0.01932465],
       [ 0.91175826,  0.41052321,  0.01294468,  0.34779544],
       [-0.01419606, -0.        ,  0.99989923,  0.08305743],
       [ 0.        ,  0.        ,  0.        ,  1.        ]])]","[array([[ 0.41048184, -0.91185015,  0.00582781, -0.01932465],
       [ 0.91175826,  0.41052321,  0.01294468,  0.34779544],
       [-0.01419606, -0.        ,  0.99989923,  0.08305743],
       [ 0.        ,  0.        ,  0.        ,  1.        ]])]","[array([[ 0.22417911, -0.97452857,  0.00614681,  0.03797545],
       [ 0.97416245,  0.22426336,  0.02671073,  0.2740311 ],
       [-0.02740888,  0.        ,  0.99962431,  0.08640696],
       [ 0.        ,  0.        ,  0.        ,  1.        ]])]","[array([[-0.24133633, -0.9703873 ,  0.01026007,  0.04981367],
       [ 0.96951154, -0.24155433, -0.04121739,  0.33412616],
       [ 0.04247519, -0.        ,  0.99909752,  0.08327629],
       [ 0.        ,  0.        ,  0.        ,  1.        ]])]","[array([[-0.24133633, -0.9703873 ,  0.01026007,  0.04981367],
       [ 0.96951154, -0.24155433, -0.04121739,  0.33412616],
       [ 0.04247519, -0.        ,  0.99909752,  0.08327629],
       [ 0.        ,  0.        ,  0.        ,  1.        ]])]"
5,"[array([[-0.05691985, -0.9983741 , -0.00304733, -0.0201225 ],
       [ 0.99694638, -0.05700136,  0.05337371,  0.27759301],
       [-0.05346063,  0.        ,  0.99856996,  0.08600152],
       [ 0.        ,  0.        ,  0.        ,  1.        ]])]","[array([[ 0.41041689, -0.91187926,  0.00584799, -0.01932271],
       [ 0.9117867 ,  0.41045855,  0.01299196,  0.34779725],
       [-0.01424745, -0.        ,  0.9998985 ,  0.08305707],
       [ 0.        ,  0.        ,  0.        ,  1.        ]])]","[array([[ 0.41041689, -0.91187926,  0.00584799, -0.01932271],
       [ 0.9117867 ,  0.41045855,  0.01299196,  0.34779725],
       [-0.01424745, -0.        ,  0.9998985 ,  0.08305707],
       [ 0.        ,  0.        ,  0.        ,  1.        ]])]","[array([[ 0.22409035, -0.97454892,  0.00615798,  0.03797825],
       [ 0.97418116,  0.22417494,  0.02677042,  0.27402789],
       [-0.02746955,  0.        ,  0.99962264,  0.08640832],
       [ 0.        ,  0.        ,  0.        ,  1.        ]])]","[array([[-0.24162857, -0.97031574,  0.01014887,  0.04983495],
       [ 0.96946097, -0.24184161, -0.04071923,  0.33412182],
       [ 0.04196493, -0.        ,  0.99911908,  0.08330252],
       [ 0.        ,  0.        ,  0.        ,  1.        ]])]","[array([[-0.24162857, -0.97031574,  0.01014887,  0.04983495],
       [ 0.96946097, -0.24184161, -0.04071923,  0.33412182],
       [ 0.04196493, -0.        ,  0.99911908,  0.08330252],
       [ 0.        ,  0.        ,  0.        ,  1.        ]])]"
6,"[array([[-0.05876651, -0.99826763, -0.00286901, -0.02007492],
       [ 0.9970801 , -0.0588365 ,  0.04867788,  0.27756814],
       [-0.04876236,  0.        ,  0.99881041,  0.08589128],
       [ 0.        ,  0.        ,  0.        ,  1.        ]])]","[array([[ 0.41050003, -0.9118417 ,  0.00586953, -0.01932519],
       [ 0.9117485 ,  0.41054199,  0.01303662,  0.34780184],
       [-0.01429702, -0.        ,  0.99989779,  0.08305765],
       [ 0.        ,  0.        ,  0.        ,  1.        ]])]","[array([[ 0.41050003, -0.9118417 ,  0.00586953, -0.01932519],
       [ 0.9117485 ,  0.41054199,  0.01303662,  0.34780184],
       [-0.01429702, -0.        ,  0.99989779,  0.08305765],
       [ 0.        ,  0.        ,  0.        ,  1.        ]])]","[array([[ 0.22408956, -0.97454892,  0.00618654,  0.03798227],
       [ 0.97417774,  0.22417494,  0.02689455,  0.27402697],
       [-0.02759692,  0.        ,  0.99961913,  0.08641017],
       [ 0.        ,  0.        ,  0.        ,  1.        ]])]","[array([[-0.24177496, -0.97027996,  0.01008299,  0.04984709],
       [ 0.96943729, -0.24198512, -0.04042945,  0.3341146 ],
       [ 0.04166782, -0.        ,  0.99913152,  0.08331696],
       [ 0.        ,  0.        ,  0.        ,  1.        ]])]","[array([[-0.24177496, -0.97027996,  0.01008299,  0.04984709],
       [ 0.96943729, -0.24198512, -0.04042945,  0.3341146 ],
       [ 0.04166782, -0.        ,  0.99913152,  0.08331696],
       [ 0.        ,  0.        ,  0.        ,  1.        ]])]"
7,"[array([[-0.05711924, -0.99836271, -0.00304775, -0.0201109 ],
       [ 0.99694455, -0.05720049,  0.05319469,  0.27758579],
       [-0.05328193,  0.        ,  0.99857951,  0.08599352],
       [ 0.        ,  0.        ,  0.        ,  1.        ]])]","[array([[ 0.41071623, -0.91174406,  0.0059119 , -0.01932662],
       [ 0.91164962,  0.41075878,  0.01312239,  0.34779596],
       [-0.01439262, -0.        ,  0.99989642,  0.08305869],
       [ 0.        ,  0.        ,  0.        ,  1.        ]])]","[array([[ 0.41071623, -0.91174406,  0.0059119 , -0.01932662],
       [ 0.91164962,  0.41075878,  0.01312239,  0.34779596],
       [-0.01439262, -0.        ,  0.99989642,  0.08305869],
       [ 0.        ,  0.        ,  0.        ,  1.        ]])]","[array([[ 0.22026077, -0.97542771,  0.00509633,  0.03813024],
       [ 0.97516672,  0.22031972,  0.02256314,  0.2739906 ],
       [-0.02313153,  0.        ,  0.99973243,  0.08623515],
       [ 0.        ,  0.        ,  0.        ,  1.        ]])]","[array([[-0.24180935, -0.970271  ,  0.0101207 ,  0.04984631],
       [ 0.96942227, -0.24202105, -0.04057423,  0.33411358],
       [ 0.04181742, -0.        ,  0.99912527,  0.08330821],
       [ 0.        ,  0.        ,  0.        ,  1.        ]])]","[array([[-0.24180935, -0.970271  ,  0.0101207 ,  0.04984631],
       [ 0.96942227, -0.24202105, -0.04057423,  0.33411358],
       [ 0.04181742, -0.        ,  0.99912527,  0.08330821],
       [ 0.        ,  0.        ,  0.        ,  1.        ]])]"
8,"[array([[-0.07451054, -0.99721207, -0.00403295, -0.01905325],
       [ 0.99575455, -0.0746196 ,  0.05389614,  0.2826503 ],
       [-0.05404682,  0.        ,  0.9985384 ,  0.08601665],
       [ 0.        ,  0.        ,  0.        ,  1.        ]])]","[array([[ 0.39335848, -0.91936809,  0.00560562, -0.01958296],
       [ 0.91927475,  0.39339842,  0.01310027,  0.35285136],
       [-0.01424921, -0.        ,  0.99989847,  0.08305412],
       [ 0.        ,  0.        ,  0.        ,  1.        ]])]","[array([[ 0.39335848, -0.91936809,  0.00560562, -0.01958296],
       [ 0.91927475,  0.39339842,  0.01310027,  0.35285136],
       [-0.01424921, -0.        ,  0.99989847,  0.08305412],
       [ 0.        ,  0.        ,  0.        ,  1.        ]])]","[array([[ 0.20496516, -0.97875529,  0.00523185,  0.03915333],
       [ 0.97843659,  0.20503192,  0.02497513,  0.28017468],
       [-0.02551724,  0.        ,  0.99967438,  0.08635059],
       [ 0.        ,  0.        ,  0.        ,  1.        ]])]","[array([[-0.26114862, -0.96523653,  0.01094687,  0.04987952],
       [ 0.96438963, -0.26137795, -0.04042543,  0.34052146],
       [ 0.04188137, -0.        ,  0.99912259,  0.08331217],
       [ 0.        ,  0.        ,  0.        ,  1.        ]])]","[array([[-0.26114862, -0.96523653,  0.01094687,  0.04987952],
       [ 0.96438963, -0.26137795, -0.04042543,  0.34052146],
       [ 0.04188137, -0.        ,  0.99912259,  0.08331217],
       [ 0.        ,  0.        ,  0.        ,  1.        ]])]"
9,"[array([[-0.0908827 , -0.99585463, -0.00372651, -0.01314007],
       [ 0.99501852, -0.09095906,  0.04079931,  0.29891093],
       [-0.04096914,  0.        ,  0.99916041,  0.08562671],
       [ 0.        ,  0.        ,  0.        ,  1.        ]])]","[array([[ 0.37990298, -0.92500786,  0.0058461 , -0.01482445],
       [ 0.92489836,  0.37994796,  0.0142327 ,  0.369159  ],
       [-0.01538657, -0.        ,  0.99988162,  0.08314329],
       [ 0.        ,  0.        ,  0.        ,  1.        ]])]","[array([[ 0.37990298, -0.92500786,  0.0058461 , -0.01482445],
       [ 0.92489836,  0.37994796,  0.0142327 ,  0.369159  ],
       [-0.01538657, -0.        ,  0.99988162,  0.08314329],
       [ 0.        ,  0.        ,  0.        ,  1.        ]])]","[array([[ 0.1900778 , -0.98175682,  0.00489644,  0.04503417],
       [ 0.98143124,  0.19014086,  0.02528186,  0.29732444],
       [-0.02575165,  0.        ,  0.99966837,  0.08639784],
       [ 0.        ,  0.        ,  0.        ,  1.        ]])]","[array([[-0.27554012, -0.96122175,  0.01141847,  0.05481038],
       [ 0.96039746, -0.27577661, -0.03979917,  0.35780343],
       [ 0.04140477, -0.        ,  0.99914245,  0.08335833],
       [ 0.        ,  0.        ,  0.        ,  1.        ]])]","[array([[-0.27554012, -0.96122175,  0.01141847,  0.05481038],
       [ 0.96039746, -0.27577661, -0.03979917,  0.35780343],
       [ 0.04140477, -0.        ,  0.99914245,  0.08335833],
       [ 0.        ,  0.        ,  0.        ,  1.        ]])]"
10,"[array([[-0.03571634, -0.99936102, -0.00137721, -0.00759169],
       [ 0.99861889, -0.03574288,  0.03850649,  0.30452736],
       [-0.03853111,  0.        ,  0.9992574 ,  0.0856321 ],
       [ 0.        ,  0.        ,  0.        ,  1.        ]])]","[array([[ 0.43082993, -0.90240973,  0.00650027, -0.00536524],
       [ 0.90230703,  0.43087897,  0.01361381,  0.37474559],
       [-0.01508606, -0.        ,  0.9998862 ,  0.08321574],
       [ 0.        ,  0.        ,  0.        ,  1.        ]])]","[array([[ 0.43082993, -0.90240973,  0.00650027, -0.00536524],
       [ 0.90230703,  0.43087897,  0.01361381,  0.37474559],
       [-0.01508606, -0.        ,  0.9998862 ,  0.08321574],
       [ 0.        ,  0.        ,  0.        ,  1.        ]])]","[array([[ 0.24480654, -0.96955083,  0.00639932,  0.05037957],
       [ 0.96921974,  0.24489016,  0.02533571,  0.29959688],
       [-0.02613139,  0.        ,  0.99965852,  0.08646634],
       [ 0.        ,  0.        ,  0.        ,  1.        ]])]","[array([[-0.22017303, -0.97541806,  0.00913422,  0.0634935 ],
       [ 0.97457973, -0.22036243, -0.04043197,  0.35942838],
       [ 0.04145092, -0.        ,  0.99914054,  0.08344286],
       [ 0.        ,  0.        ,  0.        ,  1.        ]])]","[array([[-0.22017303, -0.97541806,  0.00913422,  0.0634935 ],
       [ 0.97457973, -0.22036243, -0.04043197,  0.35942838],
       [ 0.04145092, -0.        ,  0.99914054,  0.08344286],
       [ 0.        ,  0.        ,  0.        ,  1.        ]])]"
11,"[array([[ 4.30077813e-02, -9.99073313e-01,  1.68696869e-03,
        -6.08833238e-04],
       [ 9.98305622e-01,  4.30408541e-02,  3.91582703e-02,
         3.11115544e-01],
       [-3.91945914e-02, -0.00000000e+00,  9.99231597e-01,
         8.57289588e-02],
       [ 0.00000000e+00,  0.00000000e+00,  0.00000000e+00,
         1.00000000e+00]])]","[array([[ 0.51663436, -0.85606194,  0.01571246,  0.00631675],
       [ 0.85566631,  0.51687324,  0.02602348,  0.38143774],
       [-0.03039907, -0.        ,  0.99953784,  0.08414469],
       [ 0.        ,  0.        ,  0.        ,  1.        ]])]","[array([[ 0.51663436, -0.85606194,  0.01571246,  0.00631675],
       [ 0.85566631,  0.51687324,  0.02602348,  0.38143774],
       [-0.03039907, -0.        ,  0.99953784,  0.08414469],
       [ 0.        ,  0.        ,  0.        ,  1.        ]])]","[array([[ 0.32061987, -0.94715773,  0.00975375,  0.05679609],
       [ 0.94671975,  0.32076819,  0.02880066,  0.3016483 ],
       [-0.03040746,  0.        ,  0.99953759,  0.08670013],
       [ 0.        ,  0.        ,  0.        ,  1.        ]])]","[array([[-0.15247524, -0.98828202,  0.00706731,  0.07493083],
       [ 0.98722213, -0.15263894, -0.04575829,  0.36011055],
       [ 0.04630085, -0.        ,  0.99892754,  0.08339263],
       [ 0.        ,  0.        ,  0.        ,  1.        ]])]","[array([[-0.15247524, -0.98828202,  0.00706731,  0.07493083],
       [ 0.98722213, -0.15263894, -0.04575829,  0.36011055],
       [ 0.04630085, -0.        ,  0.99892754,  0.08339263],
       [ 0.        ,  0.        ,  0.        ,  1.        ]])]"
12,"[array([[ 6.34125619e-02, -9.97984153e-01,  2.54506902e-03,
         9.78488874e-04],
       [ 9.97181334e-01,  6.34636146e-02,  4.00219648e-02,
         3.12808037e-01],
       [-4.01028059e-02, -0.00000000e+00,  9.99195559e-01,
         8.57803029e-02],
       [ 0.00000000e+00,  0.00000000e+00,  0.00000000e+00,
         1.00000000e+00]])]","[array([[ 0.51829425, -0.85517221,  0.00718078,  0.01025397],
       [ 0.85509015,  0.51834399,  0.01184696,  0.38241468],
       [-0.0138533 , -0.        ,  0.99990404,  0.08331354],
       [ 0.        ,  0.        ,  0.        ,  1.        ]])]","[array([[ 0.51829425, -0.85517221,  0.00718078,  0.01025397],
       [ 0.85509015,  0.51834399,  0.01184696,  0.38241468],
       [-0.0138533 , -0.        ,  0.99990404,  0.08331354],
       [ 0.        ,  0.        ,  0.        ,  1.        ]])]","[array([[ 0.34171642, -0.93974115,  0.01079155,  0.05810835],
       [ 0.93927289,  0.34188678,  0.02966263,  0.30204253],
       [-0.03156468,  0.        ,  0.99950171,  0.08676205],
       [ 0.        ,  0.        ,  0.        ,  1.        ]])]","[array([[-0.13060527, -0.99141622,  0.006011  ,  0.07751127],
       [ 0.99036787, -0.13074353, -0.04558087,  0.36007858],
       [ 0.04597551, -0.        ,  0.99894257,  0.08342798],
       [ 0.        ,  0.        ,  0.        ,  1.        ]])]","[array([[-0.13060527, -0.99141622,  0.006011  ,  0.07751127],
       [ 0.99036787, -0.13074353, -0.04558087,  0.36007858],
       [ 0.04597551, -0.        ,  0.99894257,  0.08342798],
       [ 0.        ,  0.        ,  0.        ,  1.        ]])]"
13,"[array([[ 0.12825549, -0.99172721,  0.00525989,  0.00681018],
       [ 0.99089427,  0.1283633 ,  0.0406376 ,  0.3187221 ],
       [-0.0409766 , -0.        ,  0.99916011,  0.08587688],
       [ 0.        ,  0.        ,  0.        ,  1.        ]])]","[array([[ 0.57097918, -0.82092877,  0.00766392,  0.02051768],
       [ 0.82085483,  0.57103061,  0.01101785,  0.38759145],
       [-0.0134212 , -0.        ,  0.99990993,  0.08337079],
       [ 0.        ,  0.        ,  0.        ,  1.        ]])]","[array([[ 0.57097918, -0.82092877,  0.00766392,  0.02051768],
       [ 0.82085483,  0.57103061,  0.01101785,  0.38759145],
       [-0.0134212 , -0.        ,  0.99990993,  0.08337079],
       [ 0.        ,  0.        ,  0.        ,  1.        ]])]","[array([[ 0.40079453, -0.91606335,  0.01384516,  0.06321914],
       [ 0.91551726,  0.4010336 ,  0.03162589,  0.30440559],
       [-0.0345237 ,  0.        ,  0.99940388,  0.08692333],
       [ 0.        ,  0.        ,  0.        ,  1.        ]])]","[array([[-0.08607032, -0.99628622,  0.00237882,  0.0872221 ],
       [ 0.99590593, -0.08610318, -0.02752491,  0.36064927],
       [ 0.02762751, -0.        ,  0.99961829,  0.08442945],
       [ 0.        ,  0.        ,  0.        ,  1.        ]])]","[array([[-0.08607032, -0.99628622,  0.00237882,  0.0872221 ],
       [ 0.99590593, -0.08610318, -0.02752491,  0.36064927],
       [ 0.02762751, -0.        ,  0.99961829,  0.08442945],
       [ 0.        ,  0.        ,  0.        ,  1.        ]])]"
14,"[array([[ 0.16269381, -0.98664808,  0.00750234,  0.01468654],
       [ 0.98560073,  0.1628667 ,  0.04544924,  0.32675615],
       [-0.04606429, -0.        ,  0.99893848,  0.08614684],
       [ 0.        ,  0.        ,  0.        ,  1.        ]])]","[array([[ 0.59648602, -0.80258703,  0.00764795,  0.0306991 ],
       [ 0.80252106,  0.59653505,  0.01028967,  0.39512224],
       [-0.01282063, -0.        ,  0.99991781,  0.0834477 ],
       [ 0.        ,  0.        ,  0.        ,  1.        ]])]","[array([[ 0.59648602, -0.80258703,  0.00764795,  0.0306991 ],
       [ 0.80252106,  0.59653505,  0.01028967,  0.39512224],
       [-0.01282063, -0.        ,  0.99991781,  0.0834477 ],
       [ 0.        ,  0.        ,  0.        ,  1.        ]])]","[array([[ 0.4295269 , -0.90294325,  0.01414667,  0.07074298],
       [ 0.90245392,  0.4297598 ,  0.02972274,  0.31058915],
       [-0.03291761,  0.        ,  0.99945807,  0.08692735],
       [ 0.        ,  0.        ,  0.        ,  1.        ]])]","[array([[-0.0327689 , -0.99946182,  0.00150927,  0.09540845],
       [ 0.99840339, -0.03280364, -0.04598461,  0.36653272],
       [ 0.04600937, -0.        ,  0.99894101,  0.0835679 ],
       [ 0.        ,  0.        ,  0.        ,  1.        ]])]","[array([[-0.0327689 , -0.99946182,  0.00150927,  0.09540845],
       [ 0.99840339, -0.03280364, -0.04598461,  0.36653272],
       [ 0.04600937, -0.        ,  0.99894101,  0.0835679 ],
       [ 0.        ,  0.        ,  0.        ,  1.        ]])]"
15,"[array([[ 0.22228836, -0.97492645,  0.01031048,  0.03986595],
       [ 0.9738794 ,  0.22252735,  0.04517178,  0.35279835],
       [-0.04633352, -0.        ,  0.99892603,  0.08637187],
       [ 0.        ,  0.        ,  0.        ,  1.        ]])]","[array([[ 0.64431423, -0.76471147,  0.00869076,  0.05998261],
       [ 0.76464192,  0.64437284,  0.01031379,  0.42008906],
       [-0.01348717, -0.        ,  0.99990904,  0.08369589],
       [ 0.        ,  0.        ,  0.        ,  1.        ]])]","[array([[ 0.64431423, -0.76471147,  0.00869076,  0.05998261],
       [ 0.76464192,  0.64437284,  0.01031379,  0.42008906],
       [-0.01348717, -0.        ,  0.99990904,  0.08369589],
       [ 0.        ,  0.        ,  0.        ,  1.        ]])]","[array([[ 0.48294072, -0.87559627,  0.0099714 ,  0.09484321],
       [ 0.87540969,  0.48304365,  0.0180748 ,  0.33319384],
       [-0.02064285,  0.        ,  0.99978691,  0.0866604 ],
       [ 0.        ,  0.        ,  0.        ,  1.        ]])]","[array([[ 1.21612616e-02, -9.99925994e-01, -3.31657433e-04,
         1.23734289e-01],
       [ 9.99554358e-01,  1.21657832e-02, -2.72594772e-02,
         3.87131451e-01],
       [ 2.72614947e-02,  0.00000000e+00,  9.99628336e-01,
         8.47500845e-02],
       [ 0.00000000e+00,  0.00000000e+00,  0.00000000e+00,
         1.00000000e+00]])]","[array([[ 1.21612616e-02, -9.99925994e-01, -3.31657433e-04,
         1.23734289e-01],
       [ 9.99554358e-01,  1.21657832e-02, -2.72594772e-02,
         3.87131451e-01],
       [ 2.72614947e-02,  0.00000000e+00,  9.99628336e-01,
         8.47500845e-02],
       [ 0.00000000e+00,  0.00000000e+00,  0.00000000e+00,
         1.00000000e+00]])]"
16,"[array([[ 0.29275794, -0.95609232,  0.01342644,  0.06741267],
       [ 0.95508842,  0.29306566,  0.04380217,  0.37904364],
       [-0.04581374, -0.        ,  0.99895   ,  0.08658723],
       [ 0.        ,  0.        ,  0.        ,  1.        ]])]","[array([[ 0.69742055, -0.71660459,  0.00907978,  0.09245831],
       [ 0.71654386,  0.69747965,  0.00932874,  0.44467956],
       [-0.01301798, -0.        ,  0.99991526,  0.08392797],
       [ 0.        ,  0.        ,  0.        ,  1.        ]])]","[array([[ 0.69742055, -0.71660459,  0.00907978,  0.09245831],
       [ 0.71654386,  0.69747965,  0.00932874,  0.44467956],
       [-0.01301798, -0.        ,  0.99991526,  0.08392797],
       [ 0.        ,  0.        ,  0.        ,  1.        ]])]","[array([[ 0.54582345, -0.83783613,  0.0103626 ,  0.12082576],
       [ 0.83768517,  0.54592181,  0.01590367,  0.35549191],
       [-0.01898184,  0.        ,  0.99981983,  0.08681319],
       [ 0.        ,  0.        ,  0.        ,  1.        ]])]","[array([[ 0.09153044, -0.99579891, -0.00259207,  0.1533791 ],
       [ 0.99539984,  0.09156713, -0.02818893,  0.40728833],
       [ 0.02830786,  0.        ,  0.99959925,  0.08497181],
       [ 0.        ,  0.        ,  0.        ,  1.        ]])]","[array([[ 0.09153044, -0.99579891, -0.00259207,  0.1533791 ],
       [ 0.99539984,  0.09156713, -0.02818893,  0.40728833],
       [ 0.02830786,  0.        ,  0.99959925,  0.08497181],
       [ 0.        ,  0.        ,  0.        ,  1.        ]])]"
17,"[array([[ 0.36011414, -0.93276421,  0.01639313,  0.09309725],
       [ 0.93179925,  0.36048707,  0.04241741,  0.39969724],
       [-0.04547495, -0.        ,  0.99896548,  0.08678364],
       [ 0.        ,  0.        ,  0.        ,  1.        ]])]","[array([[ 0.76840888, -0.63921834,  0.03078497,  0.12147612],
       [ 0.63870596,  0.7690253 ,  0.02558865,  0.46467676],
       [-0.04003115, -0.        ,  0.99919843,  0.08559799],
       [ 0.        ,  0.        ,  0.        ,  1.        ]])]","[array([[ 0.76840888, -0.63921834,  0.03078497,  0.12147612],
       [ 0.63870596,  0.7690253 ,  0.02558865,  0.46467676],
       [-0.04003115, -0.        ,  0.99919843,  0.08559799],
       [ 0.        ,  0.        ,  0.        ,  1.        ]])]","[array([[ 0.60359998, -0.79724337,  0.00837098,  0.14471983],
       [ 0.79716671,  0.60365802,  0.01105544,  0.37239793],
       [-0.01386709,  0.        ,  0.99990385,  0.08690162],
       [ 0.        ,  0.        ,  0.        ,  1.        ]])]","[array([[ 0.17406603, -0.98466859, -0.01134808,  0.18015351],
       [ 0.98258268,  0.17443555, -0.06405862,  0.42231436],
       [ 0.06505602,  0.        ,  0.99788161,  0.08367522],
       [ 0.        ,  0.        ,  0.        ,  1.        ]])]","[array([[ 0.17406603, -0.98466859, -0.01134808,  0.18015351],
       [ 0.98258268,  0.17443555, -0.06405862,  0.42231436],
       [ 0.06505602,  0.        ,  0.99788161,  0.08367522],
       [ 0.        ,  0.        ,  0.        ,  1.        ]])]"
