,LP,LD1,LD2,RP,RD1,RD2
0,"[array([[-0.68619658, -0.72693519, -0.02644773, -0.09097008],
       [ 0.72639585, -0.68670607,  0.02799711,  0.18202745],
       [-0.0385139 ,  0.        ,  0.99925806,  0.08519871],
       [ 0.        ,  0.        ,  0.        ,  1.        ]])]","[array([[ 0.56920843, -0.8221726 ,  0.00582873, -0.1300326 ],
       [ 0.8221295 ,  0.56923827,  0.00841865,  0.24083685],
       [-0.01023952, -0.        ,  0.99994757,  0.08283062],
       [ 0.        ,  0.        ,  0.        ,  1.        ]])]","[array([[ 0.56920843, -0.8221726 ,  0.00582873, -0.1300326 ],
       [ 0.8221295 ,  0.56923827,  0.00841865,  0.24083685],
       [-0.01023952, -0.        ,  0.99994757,  0.08283062],
       [ 0.        ,  0.        ,  0.        ,  1.        ]])]","[array([[ 0.73661423, -0.67598068,  0.02120375, -0.03120849],
       [ 0.6757008 ,  0.73691934,  0.01945033,  0.19956046],
       [-0.0287735 ,  0.        ,  0.99958596,  0.08581053],
       [ 0.        ,  0.        ,  0.        ,  1.        ]])]","[array([[-0.70791787, -0.706258  ,  0.00720605,  0.01049774],
       [ 0.70622142, -0.70795454, -0.00718878,  0.22929478],
       [ 0.01017869, -0.        ,  0.9999482 ,  0.08281332],
       [ 0.        ,  0.        ,  0.        ,  1.        ]])]","[array([[-0.70791787, -0.706258  ,  0.00720605,  0.01049774],
       [ 0.70622142, -0.70795454, -0.00718878,  0.22929478],
       [ 0.01017869, -0.        ,  0.9999482 ,  0.08281332],
       [ 0.        ,  0.        ,  0.        ,  1.        ]])]"
1,"[array([[-0.68636556, -0.72678614, -0.02615774, -0.0909636 ],
       [ 0.72625892, -0.68686382,  0.0276781 ,  0.18202972],
       [-0.03808286,  0.        ,  0.99927458,  0.08518606],
       [ 0.        ,  0.        ,  0.        ,  1.        ]])]","[array([[ 0.56904925, -0.822283  ,  0.00579833, -0.13002504],
       [ 0.82224031,  0.56907879,  0.00837822,  0.24082761],
       [-0.01018897, -0.        ,  0.99994809,  0.08282701],
       [ 0.        ,  0.        ,  0.        ,  1.        ]])]","[array([[ 0.56904925, -0.822283  ,  0.00579833, -0.13002504],
       [ 0.82224031,  0.56907879,  0.00837822,  0.24082761],
       [-0.01018897, -0.        ,  0.99994809,  0.08282701],
       [ 0.        ,  0.        ,  0.        ,  1.        ]])]","[array([[ 0.73668919, -0.67590307,  0.02107295, -0.03120448],
       [ 0.67562672,  0.73699052,  0.01932627,  0.19956675],
       [-0.02859325,  0.        ,  0.99959113,  0.08580349],
       [ 0.        ,  0.        ,  0.        ,  1.        ]])]","[array([[-0.7077446 , -0.70643272,  0.00709959,  0.01048983],
       [ 0.70639718, -0.7077802 , -0.00708608,  0.22929359],
       [ 0.01003079, -0.        ,  0.99994969,  0.08282102],
       [ 0.        ,  0.        ,  0.        ,  1.        ]])]","[array([[-0.7077446 , -0.70643272,  0.00709959,  0.01048983],
       [ 0.70639718, -0.7077802 , -0.00708608,  0.22929359],
       [ 0.01003079, -0.        ,  0.99994969,  0.08282102],
       [ 0.        ,  0.        ,  0.        ,  1.        ]])]"
2,"[array([[-0.68610132, -0.72702528, -0.02644279, -0.09097424],
       [ 0.72648592, -0.68661069,  0.02799924,  0.18202452],
       [-0.03851206,  0.        ,  0.99925814,  0.08519767],
       [ 0.        ,  0.        ,  0.        ,  1.        ]])]","[array([[ 0.56914525, -0.82221713,  0.0057168 , -0.1300268 ],
       [ 0.82217565,  0.56917396,  0.00825837,  0.2408341 ],
       [-0.01004403, -0.        ,  0.99994956,  0.0828214 ],
       [ 0.        ,  0.        ,  0.        ,  1.        ]])]","[array([[ 0.56914525, -0.82221713,  0.0057168 , -0.1300268 ],
       [ 0.82217565,  0.56917396,  0.00825837,  0.2408341 ],
       [-0.01004403, -0.        ,  0.99994956,  0.0828214 ],
       [ 0.        ,  0.        ,  0.        ,  1.        ]])]","[array([[ 0.73674872, -0.67584262,  0.02093032, -0.03120927],
       [ 0.67557005,  0.73704597,  0.01919229,  0.19956751],
       [-0.02839758,  0.        ,  0.99959671,  0.08579711],
       [ 0.        ,  0.        ,  0.        ,  1.        ]])]","[array([[-0.70776999, -0.70640801,  0.00702648,  0.01049898],
       [ 0.7063732 , -0.70780486, -0.00701261,  0.22928902],
       [ 0.00992714, -0.        ,  0.99995072,  0.08282732],
       [ 0.        ,  0.        ,  0.        ,  1.        ]])]","[array([[-0.70776999, -0.70640801,  0.00702648,  0.01049898],
       [ 0.7063732 , -0.70780486, -0.00701261,  0.22928902],
       [ 0.00992714, -0.        ,  0.99995072,  0.08282732],
       [ 0.        ,  0.        ,  0.        ,  1.        ]])]"
3,"[array([[-0.68612694, -0.72699929, -0.02649252, -0.09097537],
       [ 0.72645797, -0.68663821,  0.02804977,  0.18202483],
       [-0.03858293,  0.        ,  0.9992554 ,  0.08520326],
       [ 0.        ,  0.        ,  0.        ,  1.        ]])]","[array([[ 0.56936503, -0.82206396,  0.00585807, -0.1300421 ],
       [ 0.82202045,  0.56939516,  0.00845759,  0.24083903],
       [-0.01028824, -0.        ,  0.99994707,  0.08283417],
       [ 0.        ,  0.        ,  0.        ,  1.        ]])]","[array([[ 0.56936503, -0.82206396,  0.00585807, -0.1300421 ],
       [ 0.82202045,  0.56939516,  0.00845759,  0.24083903],
       [-0.01028824, -0.        ,  0.99994707,  0.08283417],
       [ 0.        ,  0.        ,  0.        ,  1.        ]])]","[array([[ 0.73665643, -0.67594331,  0.02092688, -0.0312021 ],
       [ 0.67567073,  0.73695362,  0.0191944 ,  0.19956344],
       [-0.02839647,  0.        ,  0.99959674,  0.08579608],
       [ 0.        ,  0.        ,  0.        ,  1.        ]])]","[array([[-0.70804422, -0.70613348,  0.00699264,  0.01051347],
       [ 0.70609904, -0.70807875, -0.00697343,  0.22929297],
       [ 0.00987551, -0.        ,  0.99995124,  0.08283096],
       [ 0.        ,  0.        ,  0.        ,  1.        ]])]","[array([[-0.70804422, -0.70613348,  0.00699264,  0.01051347],
       [ 0.70609904, -0.70807875, -0.00697343,  0.22929297],
       [ 0.00987551, -0.        ,  0.99995124,  0.08283096],
       [ 0.        ,  0.        ,  0.        ,  1.        ]])]"
4,"[array([[-0.68623099, -0.72690573, -0.02636452, -0.09096798],
       [ 0.72636985, -0.68673726,  0.02790662,  0.18202468],
       [-0.03839098,  0.        ,  0.99926279,  0.08519196],
       [ 0.        ,  0.        ,  0.        ,  1.        ]])]","[array([[ 0.56939556, -0.82204261,  0.00588534, -0.13004097],
       [ 0.8219987 ,  0.56942598,  0.00849627,  0.24083686],
       [-0.01033556, -0.        ,  0.99994659,  0.08283267],
       [ 0.        ,  0.        ,  0.        ,  1.        ]])]","[array([[ 0.56939556, -0.82204261,  0.00588534, -0.13004097],
       [ 0.8219987 ,  0.56942598,  0.00849627,  0.24083686],
       [-0.01033556, -0.        ,  0.99994659,  0.08283267],
       [ 0.        ,  0.        ,  0.        ,  1.        ]])]","[array([[ 0.73673824, -0.67584835,  0.02111352, -0.03120809],
       [ 0.67557099,  0.73704071,  0.01936058,  0.19956445],
       [-0.02864634,  0.        ,  0.99958961,  0.08580568],
       [ 0.        ,  0.        ,  0.        ,  1.        ]])]","[array([[-0.69792435, -0.71592496,  0.01878979,  0.01005103],
       [ 0.71566564, -0.69817724, -0.01926743,  0.2291229 ],
       [ 0.02691264, -0.        ,  0.99963779,  0.08228818],
       [ 0.        ,  0.        ,  0.        ,  1.        ]])]","[array([[-0.69792435, -0.71592496,  0.01878979,  0.01005103],
       [ 0.71566564, -0.69817724, -0.01926743,  0.2291229 ],
       [ 0.02691264, -0.        ,  0.99963779,  0.08228818],
       [ 0.        ,  0.        ,  0.        ,  1.        ]])]"
5,"[array([[-0.68614036, -0.72699756, -0.02619064, -0.09097505],
       [ 0.72646851, -0.68664004,  0.02773   ,  0.18202157],
       [-0.03814319,  0.        ,  0.99927228,  0.08518841],
       [ 0.        ,  0.        ,  0.        ,  1.        ]])]","[array([[ 0.56916185, -0.82220466,  0.00585593, -0.13003327],
       [ 0.82216114,  0.56919197,  0.00845896,  0.24082864],
       [-0.01028814, -0.        ,  0.99994708,  0.08283516],
       [ 0.        ,  0.        ,  0.        ,  1.        ]])]","[array([[ 0.56916185, -0.82220466,  0.00585593, -0.13003327],
       [ 0.82216114,  0.56919197,  0.00845896,  0.24082864],
       [-0.01028814, -0.        ,  0.99994708,  0.08283516],
       [ 0.        ,  0.        ,  0.        ,  1.        ]])]","[array([[ 0.736659  , -0.67594046,  0.02092883, -0.03120513],
       [ 0.67566783,  0.73695624,  0.01919604,  0.19956053],
       [-0.02839901,  0.        ,  0.99959667,  0.08579714],
       [ 0.        ,  0.        ,  0.        ,  1.        ]])]","[array([[-0.70819481, -0.70598346,  0.00688912,  0.01052232],
       [ 0.70595006, -0.70822832, -0.00686729,  0.22929965],
       [ 0.00972727, -0.        ,  0.99995269,  0.08284067],
       [ 0.        ,  0.        ,  0.        ,  1.        ]])]","[array([[-0.70819481, -0.70598346,  0.00688912,  0.01052232],
       [ 0.70595006, -0.70822832, -0.00686729,  0.22929965],
       [ 0.00972727, -0.        ,  0.99995269,  0.08284067],
       [ 0.        ,  0.        ,  0.        ,  1.        ]])]"
6,"[array([[-0.68615667, -0.7269681 , -0.02657826, -0.09097335],
       [ 0.72642335, -0.68667123,  0.02813799,  0.18202523],
       [-0.03870595,  0.        ,  0.99925064,  0.08520401],
       [ 0.        ,  0.        ,  0.        ,  1.        ]])]","[array([[ 0.56920843, -0.8221726 ,  0.00582873, -0.1300266 ],
       [ 0.8221295 ,  0.56923827,  0.00841865,  0.24083385],
       [-0.01023952, -0.        ,  0.99994757,  0.08282762],
       [ 0.        ,  0.        ,  0.        ,  1.        ]])]","[array([[ 0.56920843, -0.8221726 ,  0.00582873, -0.1300266 ],
       [ 0.8221295 ,  0.56923827,  0.00841865,  0.24083385],
       [-0.01023952, -0.        ,  0.99994757,  0.08282762],
       [ 0.        ,  0.        ,  0.        ,  1.        ]])]","[array([[ 0.7366513 , -0.67594903,  0.02092298, -0.03120204],
       [ 0.67567654,  0.73694838,  0.01919112,  0.19955826],
       [-0.02839137,  0.        ,  0.99959688,  0.08579597],
       [ 0.        ,  0.        ,  0.        ,  1.        ]])]","[array([[-0.7081942 , -0.70598338,  0.00696027,  0.0105213 ],
       [ 0.70594929, -0.7082284 , -0.0069382 ,  0.22930267],
       [ 0.00982772, -0.        ,  0.99995171,  0.08283548],
       [ 0.        ,  0.        ,  0.        ,  1.        ]])]","[array([[-0.7081942 , -0.70598338,  0.00696027,  0.0105213 ],
       [ 0.70594929, -0.7082284 , -0.0069382 ,  0.22930267],
       [ 0.00982772, -0.        ,  0.99995171,  0.08283548],
       [ 0.        ,  0.        ,  0.        ,  1.        ]])]"
7,"[array([[-0.68605754, -0.72706167, -0.02657785, -0.09097664],
       [ 0.7265167 , -0.68657216,  0.02814523,  0.18202027],
       [-0.03871093,  0.        ,  0.99925045,  0.08520612],
       [ 0.        ,  0.        ,  0.        ,  1.        ]])]","[array([[ 0.56947614, -0.82198738,  0.00580199, -0.13003928],
       [ 0.82194473,  0.5695057 ,  0.00837421,  0.24083793],
       [-0.01018776, -0.        ,  0.9999481 ,  0.08282797],
       [ 0.        ,  0.        ,  0.        ,  1.        ]])]","[array([[ 0.56947614, -0.82198738,  0.00580199, -0.13003928],
       [ 0.82194473,  0.5695057 ,  0.00837421,  0.24083793],
       [-0.01018776, -0.        ,  0.9999481 ,  0.08282797],
       [ 0.        ,  0.        ,  0.        ,  1.        ]])]","[array([[ 0.73661948, -0.67597783,  0.02111218, -0.03120558],
       [ 0.67570036,  0.73692196,  0.01936618,  0.19955649],
       [-0.02864914,  0.        ,  0.99958953,  0.08580374],
       [ 0.        ,  0.        ,  0.        ,  1.        ]])]","[array([[-0.7079693 , -0.70620824,  0.00702845,  0.01050306],
       [ 0.70617344, -0.70800419, -0.00701062,  0.22928963],
       [ 0.00992713, -0.        ,  0.99995072,  0.08282732],
       [ 0.        ,  0.        ,  0.        ,  1.        ]])]","[array([[-0.7079693 , -0.70620824,  0.00702845,  0.01050306],
       [ 0.70617344, -0.70800419, -0.00701062,  0.22928963],
       [ 0.00992713, -0.        ,  0.99995072,  0.08282732],
       [ 0.        ,  0.        ,  0.        ,  1.        ]])]"
8,"[array([[-0.68592226, -0.72718469, -0.0267034 , -0.09098407],
       [ 0.72663426, -0.68644186,  0.02828835,  0.18202012],
       [-0.03890119,  0.        ,  0.99924306,  0.08520739],
       [ 0.        ,  0.        ,  0.        ,  1.        ]])]","[array([[ 0.56923187, -0.82215657,  0.00580104, -0.13002828],
       [ 0.82211388,  0.56926143,  0.00837816,  0.24083346],
       [-0.01019047, -0.        ,  0.99994808,  0.08282506],
       [ 0.        ,  0.        ,  0.        ,  1.        ]])]","[array([[ 0.56923187, -0.82215657,  0.00580104, -0.13002828],
       [ 0.82211388,  0.56926143,  0.00837816,  0.24083346],
       [-0.01019047, -0.        ,  0.99994808,  0.08282506],
       [ 0.        ,  0.        ,  0.        ,  1.        ]])]","[array([[ 0.73669709, -0.67590021,  0.02088774, -0.03120463],
       [ 0.6756287 ,  0.73699315,  0.01915625,  0.19956173],
       [-0.02834184,  0.        ,  0.99959829,  0.08579386],
       [ 0.        ,  0.        ,  0.        ,  1.        ]])]","[array([[-0.70774154, -0.70643291,  0.00738005,  0.01049373],
       [ 0.7063945 , -0.70778001, -0.007366  ,  0.22928368],
       [ 0.01042704, -0.        ,  0.99994564,  0.08280742],
       [ 0.        ,  0.        ,  0.        ,  1.        ]])]","[array([[-0.70774154, -0.70643291,  0.00738005,  0.01049373],
       [ 0.7063945 , -0.70778001, -0.007366  ,  0.22928368],
       [ 0.01042704, -0.        ,  0.99994564,  0.08280742],
       [ 0.        ,  0.        ,  0.        ,  1.        ]])]"
9,"[array([[-0.68645805, -0.72669258, -0.02632942, -0.09097047],
       [ 0.72615863, -0.6869628 ,  0.02785216,  0.18201084],
       [-0.03832729,  0.        ,  0.99926524,  0.08519053],
       [ 0.        ,  0.        ,  0.        ,  1.        ]])]","[array([[ 0.56858892, -0.8226016 ,  0.00576636, -0.13005183],
       [ 0.8225593 ,  0.56861816,  0.00834201,  0.2407914 ],
       [-0.01014101, -0.        ,  0.99994858,  0.08282048],
       [ 0.        ,  0.        ,  0.        ,  1.        ]])]","[array([[ 0.56858892, -0.8226016 ,  0.00576636, -0.13005183],
       [ 0.8225593 ,  0.56861816,  0.00834201,  0.2407914 ],
       [-0.01014101, -0.        ,  0.99994858,  0.08282048],
       [ 0.        ,  0.        ,  0.        ,  1.        ]])]","[array([[ 0.73636713, -0.67626281,  0.02078613, -0.03120546],
       [ 0.67599354,  0.73666045,  0.01908191,  0.19956061],
       [-0.02821671,  0.        ,  0.99960183,  0.08579105],
       [ 0.        ,  0.        ,  0.        ,  1.        ]])]","[array([[-0.7086225 , -0.7055588 ,  0.0063977 ,  0.01050376],
       [ 0.70553004, -0.70865138, -0.00636978,  0.22932119],
       [ 0.00902799, -0.        ,  0.99995925,  0.08285791],
       [ 0.        ,  0.        ,  0.        ,  1.        ]])]","[array([[-0.7086225 , -0.7055588 ,  0.0063977 ,  0.01050376],
       [ 0.70553004, -0.70865138, -0.00636978,  0.22932119],
       [ 0.00902799, -0.        ,  0.99995925,  0.08285791],
       [ 0.        ,  0.        ,  0.        ,  1.        ]])]"
10,"[array([[-0.68523257, -0.72784233, -0.02649282, -0.090975  ],
       [ 0.72729895, -0.68574452,  0.02811921,  0.18203216],
       [-0.03863366,  0.        ,  0.99925344,  0.08520039],
       [ 0.        ,  0.        ,  0.        ,  1.        ]])]","[array([[ 0.57057834, -0.82122376,  0.00564647, -0.1299559 ],
       [ 0.82118356,  0.57060628,  0.00812647,  0.24088909],
       [-0.00989557, -0.        ,  0.99995104,  0.08281668],
       [ 0.        ,  0.        ,  0.        ,  1.        ]])]","[array([[ 0.57057834, -0.82122376,  0.00564647, -0.1299559 ],
       [ 0.82118356,  0.57060628,  0.00812647,  0.24088909],
       [-0.00989557, -0.        ,  0.99995104,  0.08281668],
       [ 0.        ,  0.        ,  0.        ,  1.        ]])]","[array([[ 0.73734185, -0.67519755,  0.02086297, -0.03118084],
       [ 0.67492743,  0.73763695,  0.01909696,  0.19956515],
       [-0.02828352,  0.        ,  0.99959994,  0.08578955],
       [ 0.        ,  0.        ,  0.        ,  1.        ]])]","[array([[-0.70736614, -0.70680735,  0.00751757,  0.01056564],
       [ 0.70676744, -0.70740609, -0.00751121,  0.22925596],
       [ 0.01062696, -0.        ,  0.99994353,  0.08280106],
       [ 0.        ,  0.        ,  0.        ,  1.        ]])]","[array([[-0.70736614, -0.70680735,  0.00751757,  0.01056564],
       [ 0.70676744, -0.70740609, -0.00751121,  0.22925596],
       [ 0.01062696, -0.        ,  0.99994353,  0.08280106],
       [ 0.        ,  0.        ,  0.        ,  1.        ]])]"
11,"[array([[-0.68505016, -0.72802212, -0.0262693 , -0.09097813],
       [ 0.72748745, -0.68555364,  0.02789662,  0.18203911],
       [-0.03831837,  0.        ,  0.99926558,  0.08519333],
       [ 0.        ,  0.        ,  0.        ,  1.        ]])]","[array([[ 0.5609147 , -0.82785317,  0.0058165 , -0.12965343],
       [ 0.82780866,  0.56094485,  0.0085841 ,  0.24064794],
       [-0.01036911, -0.        ,  0.99994624,  0.08283874],
       [ 0.        ,  0.        ,  0.        ,  1.        ]])]","[array([[ 0.5609147 , -0.82785317,  0.0058165 , -0.12965343],
       [ 0.82780866,  0.56094485,  0.0085841 ,  0.24064794],
       [-0.01036911, -0.        ,  0.99994624,  0.08283874],
       [ 0.        ,  0.        ,  0.        ,  1.        ]])]","[array([[ 0.73741959, -0.67510843,  0.02099911, -0.03117979],
       [ 0.67483487,  0.73771852,  0.01921691,  0.19956495],
       [-0.02846493,  0.        ,  0.99959479,  0.08578961],
       [ 0.        ,  0.        ,  0.        ,  1.        ]])]","[array([[-0.7069636 , -0.70720657,  0.00783131,  0.01056935],
       [ 0.70716318, -0.70700698, -0.00783352,  0.22924786],
       [ 0.01107671, -0.        ,  0.99993865,  0.08277576],
       [ 0.        ,  0.        ,  0.        ,  1.        ]])]","[array([[-0.7069636 , -0.70720657,  0.00783131,  0.01056935],
       [ 0.70716318, -0.70700698, -0.00783352,  0.22924786],
       [ 0.01107671, -0.        ,  0.99993865,  0.08277576],
       [ 0.        ,  0.        ,  0.        ,  1.        ]])]"
12,"[array([[-0.67813383, -0.73448239, -0.0258868 , -0.09206454],
       [ 0.73394782, -0.67862774,  0.02801742,  0.18441718],
       [-0.03814581,  0.        ,  0.99927218,  0.08517547],
       [ 0.        ,  0.        ,  0.        ,  1.        ]])]","[array([[ 0.57927509, -0.81511274,  0.00562113, -0.13043996],
       [ 0.81507436,  0.57930236,  0.00790926,  0.2436375 ],
       [-0.00970327, -0.        ,  0.99995292,  0.08278756],
       [ 0.        ,  0.        ,  0.        ,  1.        ]])]","[array([[ 0.57927509, -0.81511274,  0.00562113, -0.13043996],
       [ 0.81507436,  0.57930236,  0.00790926,  0.2436375 ],
       [-0.00970327, -0.        ,  0.99995292,  0.08278756],
       [ 0.        ,  0.        ,  0.        ,  1.        ]])]","[array([[ 0.74371823, -0.66806221,  0.0240015 , -0.03209734],
       [ 0.66771459,  0.74410543,  0.02154869,  0.20149613],
       [-0.03225552,  0.        ,  0.99947966,  0.08587452],
       [ 0.        ,  0.        ,  0.        ,  1.        ]])]","[array([[-0.69590113, -0.71800649,  0.0137218 ,  0.00969807],
       [ 0.71786695, -0.6960364 , -0.01415492,  0.23072533],
       [ 0.0197142 , -0.        ,  0.99980566,  0.08249109],
       [ 0.        ,  0.        ,  0.        ,  1.        ]])]","[array([[-0.69590113, -0.71800649,  0.0137218 ,  0.00969807],
       [ 0.71786695, -0.6960364 , -0.01415492,  0.23072533],
       [ 0.0197142 , -0.        ,  0.99980566,  0.08249109],
       [ 0.        ,  0.        ,  0.        ,  1.        ]])]"
13,"[array([[-0.6528288 , -0.75707983, -0.02539076, -0.09395042],
       [ 0.75650786, -0.65332238,  0.02942319,  0.19008968],
       [-0.03886406,  0.        ,  0.99924451,  0.08519255],
       [ 0.        ,  0.        ,  0.        ,  1.        ]])]","[array([[ 0.61006996, -0.79231809,  0.00683229, -0.13038466],
       [ 0.79226841,  0.61010822,  0.00887277,  0.25069835],
       [-0.01119849, -0.        ,  0.99993729,  0.08285811],
       [ 0.        ,  0.        ,  0.        ,  1.        ]])]","[array([[ 0.61006996, -0.79231809,  0.00683229, -0.13038466],
       [ 0.79226841,  0.61010822,  0.00887277,  0.25069835],
       [-0.01119849, -0.        ,  0.99993729,  0.08285811],
       [ 0.        ,  0.        ,  0.        ,  1.        ]])]","[array([[ 0.76667603, -0.64150152,  0.02614686, -0.03345887],
       [ 0.64112878,  0.76712176,  0.02186517,  0.20494992],
       [-0.03408436,  0.        ,  0.99941896,  0.08590149],
       [ 0.        ,  0.        ,  0.        ,  1.        ]])]","[array([[-0.67459705, -0.73816017,  0.00619505,  0.00956048],
       [ 0.73812905, -0.67462549, -0.00677848,  0.2327544 ],
       [ 0.00918294, -0.        ,  0.99995784,  0.08284498],
       [ 0.        ,  0.        ,  0.        ,  1.        ]])]","[array([[-0.67459705, -0.73816017,  0.00619505,  0.00956048],
       [ 0.73812905, -0.67462549, -0.00677848,  0.2327544 ],
       [ 0.00918294, -0.        ,  0.99995784,  0.08284498],
       [ 0.        ,  0.        ,  0.        ,  1.        ]])]"
14,"[array([[-0.62553711, -0.77980866, -0.02453126, -0.09328729],
       [ 0.7792097 , -0.62601794,  0.03055774,  0.19433175],
       [-0.0391862 ,  0.        ,  0.99923193,  0.08505777],
       [ 0.        ,  0.        ,  0.        ,  1.        ]])]","[array([[ 0.64136718, -0.7671998 ,  0.00725344, -0.12746088],
       [ 0.76715074,  0.6414082 ,  0.00867597,  0.25626894],
       [-0.01130862, -0.        ,  0.99993606,  0.08288561],
       [ 0.        ,  0.        ,  0.        ,  1.        ]])]","[array([[ 0.64136718, -0.7671998 ,  0.00725344, -0.12746088],
       [ 0.76715074,  0.6414082 ,  0.00867597,  0.25626894],
       [-0.01130862, -0.        ,  0.99993606,  0.08288561],
       [ 0.        ,  0.        ,  0.        ,  1.        ]])]","[array([[ 0.79238096, -0.60951681,  0.02493332, -0.0325138 ],
       [ 0.60921528,  0.79277314,  0.01916977,  0.20658644],
       [-0.03145076,  0.        ,  0.9995053 ,  0.0858725 ],
       [ 0.        ,  0.        ,  0.        ,  1.        ]])]","[array([[-0.64212976, -0.7665258 ,  0.01037142,  0.01153   ],
       [ 0.76642584, -0.64221351, -0.012379  ,  0.23255022],
       [ 0.01614949, -0.        ,  0.99986959,  0.08265745],
       [ 0.        ,  0.        ,  0.        ,  1.        ]])]","[array([[-0.64212976, -0.7665258 ,  0.01037142,  0.01153   ],
       [ 0.76642584, -0.64221351, -0.012379  ,  0.23255022],
       [ 0.01614949, -0.        ,  0.99986959,  0.08265745],
       [ 0.        ,  0.        ,  0.        ,  1.        ]])]"
15,"[array([[-0.61807417, -0.78572815, -0.02481109, -0.0930068 ],
       [ 0.78509584, -0.61857196,  0.03151577,  0.1957436 ],
       [-0.04011027,  0.        ,  0.99919526,  0.08508847],
       [ 0.        ,  0.        ,  0.        ,  1.        ]])]","[array([[ 0.64918611, -0.76059319,  0.00744226, -0.12665479],
       [ 0.76054322,  0.64922877,  0.00871886,  0.25800926],
       [-0.01146323, -0.        ,  0.9999343 ,  0.08290253],
       [ 0.        ,  0.        ,  0.        ,  1.        ]])]","[array([[ 0.64918611, -0.76059319,  0.00744226, -0.12665479],
       [ 0.76054322,  0.64922877,  0.00871886,  0.25800926],
       [-0.01146323, -0.        ,  0.9999343 ,  0.08290253],
       [ 0.        ,  0.        ,  0.        ,  1.        ]])]","[array([[ 0.79731889, -0.60290319,  0.02811295, -0.03201371],
       [ 0.60252877,  0.79781436,  0.02124478,  0.20750396],
       [-0.03523746,  0.        ,  0.99937897,  0.08596832],
       [ 0.        ,  0.        ,  0.        ,  1.        ]])]","[array([[-0.63845864, -0.76960564,  0.00881652,  0.01229891],
       [ 0.76953227, -0.63851951, -0.01062653,  0.23309523],
       [ 0.01380776, -0.        ,  0.99990467,  0.08275291],
       [ 0.        ,  0.        ,  0.        ,  1.        ]])]","[array([[-0.63845864, -0.76960564,  0.00881652,  0.01229891],
       [ 0.76953227, -0.63851951, -0.01062653,  0.23309523],
       [ 0.01380776, -0.        ,  0.99990467,  0.08275291],
       [ 0.        ,  0.        ,  0.        ,  1.        ]])]"
16,"[array([[-0.61787891, -0.78588058, -0.02484682, -0.0930149 ],
       [ 0.78524593, -0.61837829,  0.03157717,  0.19574244],
       [-0.04018062,  0.        ,  0.99919243,  0.08509105],
       [ 0.        ,  0.        ,  0.        ,  1.        ]])]","[array([[ 0.64919179, -0.7605896 ,  0.00731294, -0.12664795],
       [ 0.76054135,  0.64923297,  0.00856726,  0.25800733],
       [-0.01126397, -0.        ,  0.99993656,  0.08289519],
       [ 0.        ,  0.        ,  0.        ,  1.        ]])]","[array([[ 0.64919179, -0.7605896 ,  0.00731294, -0.12664795],
       [ 0.76054135,  0.64923297,  0.00856726,  0.25800733],
       [-0.01126397, -0.        ,  0.99993656,  0.08289519],
       [ 0.        ,  0.        ,  0.        ,  1.        ]])]","[array([[ 0.79740835, -0.60279175,  0.02796485, -0.03200872],
       [ 0.60242141,  0.79789856,  0.02112672,  0.20750811],
       [-0.03504813,  0.        ,  0.99938563,  0.08596108],
       [ 0.        ,  0.        ,  0.        ,  1.        ]])]","[array([[-0.63633874, -0.77136163,  0.00861693,  0.01221035],
       [ 0.77129091, -0.63639708, -0.01044438,  0.23305649],
       [ 0.01354019, -0.        ,  0.99990833,  0.08274442],
       [ 0.        ,  0.        ,  0.        ,  1.        ]])]","[array([[-0.63633874, -0.77136163,  0.00861693,  0.01221035],
       [ 0.77129091, -0.63639708, -0.01044438,  0.23305649],
       [ 0.01354019, -0.        ,  0.99990833,  0.08274442],
       [ 0.        ,  0.        ,  0.        ,  1.        ]])]"
17,"[array([[-0.6175293 , -0.78615728, -0.02478495, -0.09300288],
       [ 0.78552484, -0.61802648,  0.03152756,  0.19575019],
       [-0.04010337,  0.        ,  0.99919554,  0.08508632],
       [ 0.        ,  0.        ,  0.        ,  1.        ]])]","[array([[ 0.6498632 , -0.76001653,  0.00725906, -0.12659972],
       [ 0.75996912,  0.64990374,  0.00848896,  0.25804655],
       [-0.01116945, -0.        ,  0.99993762,  0.08289019],
       [ 0.        ,  0.        ,  0.        ,  1.        ]])]","[array([[ 0.6498632 , -0.76001653,  0.00725906, -0.12659972],
       [ 0.75996912,  0.64990374,  0.00848896,  0.25804655],
       [-0.01116945, -0.        ,  0.99993762,  0.08289019],
       [ 0.        ,  0.        ,  0.        ,  1.        ]])]","[array([[ 0.79773312, -0.60234506,  0.02832494, -0.03200103],
       [ 0.60196572,  0.79823583,  0.02137387,  0.20750331],
       [-0.03548443,  0.        ,  0.99937023,  0.08597685],
       [ 0.        ,  0.        ,  0.        ,  1.        ]])]","[array([[-0.64139553, -0.76717972,  0.00686007,  0.01255066],
       [ 0.76713584, -0.64143221, -0.00820493,  0.23315739],
       [ 0.01069492, -0.        ,  0.99994281,  0.0829219 ],
       [ 0.        ,  0.        ,  0.        ,  1.        ]])]","[array([[-0.64139553, -0.76717972,  0.00686007,  0.01255066],
       [ 0.76713584, -0.64143221, -0.00820493,  0.23315739],
       [ 0.01069492, -0.        ,  0.99994281,  0.0829219 ],
       [ 0.        ,  0.        ,  0.        ,  1.        ]])]"
18,"[array([[-0.61728849, -0.78635751, -0.0244292 , -0.09299455],
       [ 0.78574244, -0.61777169,  0.03109577,  0.19575922],
       [-0.03954406,  0.        ,  0.99921783,  0.08506979],
       [ 0.        ,  0.        ,  0.        ,  1.        ]])]","[array([[ 0.65071397, -0.75928814,  0.0072692 , -0.1265565 ],
       [ 0.75924077,  0.65075457,  0.00848156,  0.25808554],
       [-0.01117042, -0.        ,  0.99993761,  0.08289322],
       [ 0.        ,  0.        ,  0.        ,  1.        ]])]","[array([[ 0.65071397, -0.75928814,  0.0072692 , -0.1265565 ],
       [ 0.75924077,  0.65075457,  0.00848156,  0.25808554],
       [-0.01117042, -0.        ,  0.99993761,  0.08289322],
       [ 0.        ,  0.        ,  0.        ,  1.        ]])]","[array([[ 0.79813581, -0.60180796,  0.02839756, -0.03199129],
       [ 0.60142739,  0.79864084,  0.0213987 ,  0.20750696],
       [-0.03555736,  0.        ,  0.99936764,  0.08597948],
       [ 0.        ,  0.        ,  0.        ,  1.        ]])]","[array([[-0.65241996, -0.75784576, -0.00424323,  0.01333458],
       [ 0.75782973, -0.65243376,  0.00492879,  0.23349705],
       [-0.00650369, -0.        ,  0.99997885,  0.08378882],
       [ 0.        ,  0.        ,  0.        ,  1.        ]])]","[array([[-0.65241996, -0.75784576, -0.00424323,  0.01333458],
       [ 0.75782973, -0.65243376,  0.00492879,  0.23349705],
       [-0.00650369, -0.        ,  0.99997885,  0.08378882],
       [ 0.        ,  0.        ,  0.        ,  1.        ]])]"
19,"[array([[-0.60100349, -0.79890088, -0.02349873, -0.08532602],
       [ 0.79829092, -0.60146271,  0.0312125 ,  0.20362165],
       [-0.0390693 ,  0.        ,  0.9992365 ,  0.08512215],
       [ 0.        ,  0.        ,  0.        ,  1.        ]])]","[array([[ 0.66954844, -0.74272289,  0.00822103, -0.11767689],
       [ 0.74266691,  0.66959891,  0.00911881,  0.26674439],
       [-0.01227754, -0.        ,  0.99992463,  0.08300943],
       [ 0.        ,  0.        ,  0.        ,  1.        ]])]","[array([[ 0.66954844, -0.74272289,  0.00822103, -0.11767689],
       [ 0.74266691,  0.66959891,  0.00911881,  0.26674439],
       [-0.01227754, -0.        ,  0.99992463,  0.08300943],
       [ 0.        ,  0.        ,  0.        ,  1.        ]])]","[array([[ 0.80986528, -0.58619871,  0.02212005, -0.0241485 ],
       [ 0.58598018,  0.81016731,  0.01600502,  0.21394228],
       [-0.02730306,  0.        ,  0.9996272 ,  0.08596459],
       [ 0.        ,  0.        ,  0.        ,  1.        ]])]","[array([[-0.61705768, -0.7868195 ,  0.01244588,  0.02050367],
       [ 0.7866595 , -0.61718318, -0.0158667 ,  0.23849496],
       [ 0.02016561, -0.        ,  0.99979665,  0.08252173],
       [ 0.        ,  0.        ,  0.        ,  1.        ]])]","[array([[-0.61705768, -0.7868195 ,  0.01244588,  0.02050367],
       [ 0.7866595 , -0.61718318, -0.0158667 ,  0.23849496],
       [ 0.02016561, -0.        ,  0.99979665,  0.08252173],
       [ 0.        ,  0.        ,  0.        ,  1.        ]])]"
