,LP,LD1,LD2,RP,RD1,RD2
0,"[array([[-0.48418468, -0.87446346, -0.02964545, -0.17565429],
       [ 0.87282895, -0.48509139,  0.0534412 ,  0.19644372],
       [-0.06111313,  0.        ,  0.99813085,  0.08591193],
       [ 0.        ,  0.        ,  0.        ,  1.        ]])]","[array([[ 0.8890927 , -0.45767433,  0.00695581, -0.19687268],
       [ 0.45766033,  0.8891199 ,  0.0035805 ,  0.26269844],
       [-0.00782325, -0.        ,  0.9999694 ,  0.08286978],
       [ 0.        ,  0.        ,  0.        ,  1.        ]])]","[array([[ 0.8890927 , -0.45767433,  0.00695581, -0.19687268],
       [ 0.45766033,  0.8891199 ,  0.0035805 ,  0.26269844],
       [-0.00782325, -0.        ,  0.9999694 ,  0.08286978],
       [ 0.        ,  0.        ,  0.        ,  1.        ]])]","[array([[ 0.7421977 , -0.66981413,  0.02217244, -0.11378583],
       [ 0.66951544,  0.74252881,  0.02000113,  0.2048518 ],
       [-0.02986072,  0.        ,  0.99955407,  0.08533588],
       [ 0.        ,  0.        ,  0.        ,  1.        ]])]","[array([[-0.71166268, -0.70159796,  0.03600729, -0.0723641 ],
       [ 0.70070165, -0.71257301, -0.03545271,  0.23380281],
       [ 0.05053137, -0.        ,  0.99872247,  0.0821561 ],
       [ 0.        ,  0.        ,  0.        ,  1.        ]])]","[array([[-0.71166268, -0.70159796,  0.03600729, -0.0723641 ],
       [ 0.70070165, -0.71257301, -0.03545271,  0.23380281],
       [ 0.05053137, -0.        ,  0.99872247,  0.0821561 ],
       [ 0.        ,  0.        ,  0.        ,  1.        ]])]"
1,"[array([[-0.48409388, -0.87451695, -0.02955013, -0.17565693],
       [ 0.87289221, -0.48499494,  0.05328321,  0.1964454 ],
       [-0.06092873,  0.        ,  0.99814212,  0.0859038 ],
       [ 0.        ,  0.        ,  0.        ,  1.        ]])]","[array([[ 0.88903051, -0.45779444,  0.00700021, -0.19687225],
       [ 0.45778025,  0.88905807,  0.00360455,  0.26269335],
       [-0.00787374, -0.        ,  0.999969  ,  0.08287038],
       [ 0.        ,  0.        ,  0.        ,  1.        ]])]","[array([[ 0.88903051, -0.45779444,  0.00700021, -0.19687225],
       [ 0.45778025,  0.88905807,  0.00360455,  0.26269335],
       [-0.00787374, -0.        ,  0.999969  ,  0.08287038],
       [ 0.        ,  0.        ,  0.        ,  1.        ]])]","[array([[ 0.73583117, -0.67707589,  0.01098793, -0.11371167],
       [ 0.67700041,  0.73591321,  0.01010943,  0.20462642],
       [-0.01493102,  0.        ,  0.99988853,  0.08499645],
       [ 0.        ,  0.        ,  0.        ,  1.        ]])]","[array([[-0.71168595, -0.7015724 ,  0.03604557, -0.07236701],
       [ 0.70067428, -0.71259818, -0.03548785,  0.23380633],
       [ 0.0505833 , -0.        ,  0.99871985,  0.08215245],
       [ 0.        ,  0.        ,  0.        ,  1.        ]])]","[array([[-0.71168595, -0.7015724 ,  0.03604557, -0.07236701],
       [ 0.70067428, -0.71259818, -0.03548785,  0.23380633],
       [ 0.0505833 , -0.        ,  0.99871985,  0.08215245],
       [ 0.        ,  0.        ,  0.        ,  1.        ]])]"
2,"[array([[-0.48411103, -0.87451088, -0.02944877, -0.17565247],
       [ 0.87289736, -0.48500589,  0.05309888,  0.19644416],
       [-0.06071837,  0.        ,  0.99815494,  0.08589709],
       [ 0.        ,  0.        ,  0.        ,  1.        ]])]","[array([[ 0.88961428, -0.45661342,  0.0095195 , -0.19687449],
       [ 0.45658728,  0.88966521,  0.0048858 ,  0.26273902],
       [-0.01070009, -0.        ,  0.99994275,  0.08295126],
       [ 0.        ,  0.        ,  0.        ,  1.        ]])]","[array([[ 0.88961428, -0.45661342,  0.0095195 , -0.19687449],
       [ 0.45658728,  0.88966521,  0.0048858 ,  0.26273902],
       [-0.01070009, -0.        ,  0.99994275,  0.08295126],
       [ 0.        ,  0.        ,  0.        ,  1.        ]])]","[array([[ 0.74243501, -0.66955091,  0.02217713, -0.11378981],
       [ 0.66925241,  0.74276616,  0.01999111,  0.2048598 ],
       [-0.02985749,  0.        ,  0.99955417,  0.08533481],
       [ 0.        ,  0.        ,  0.        ,  1.        ]])]","[array([[-0.71176686, -0.70149529,  0.03594853, -0.07236137],
       [ 0.70060229, -0.71267409, -0.03538465,  0.23381058],
       [ 0.05044176, -0.        ,  0.998727  ,  0.08216195],
       [ 0.        ,  0.        ,  0.        ,  1.        ]])]","[array([[-0.71176686, -0.70149529,  0.03594853, -0.07236137],
       [ 0.70060229, -0.71267409, -0.03538465,  0.23381058],
       [ 0.05044176, -0.        ,  0.998727  ,  0.08216195],
       [ 0.        ,  0.        ,  0.        ,  1.        ]])]"
3,"[array([[-0.4839443 , -0.8746001 , -0.02953954, -0.17566222],
       [ 0.87297535, -0.484845  ,  0.05328567,  0.19644524],
       [-0.06092575,  0.        ,  0.9981423 ,  0.08590574],
       [ 0.        ,  0.        ,  0.        ,  1.        ]])]","[array([[ 0.88911275, -0.45763469,  0.00700072, -0.19687414],
       [ 0.4576205 ,  0.88914031,  0.00360322,  0.2627008 ],
       [-0.00787358, -0.        ,  0.999969  ,  0.08287138],
       [ 0.        ,  0.        ,  0.        ,  1.        ]])]","[array([[ 0.88911275, -0.45763469,  0.00700072, -0.19687414],
       [ 0.4576205 ,  0.88914031,  0.00360322,  0.2627008 ],
       [-0.00787358, -0.        ,  0.999969  ,  0.08287138],
       [ 0.        ,  0.        ,  0.        ,  1.        ]])]","[array([[ 0.7356644 , -0.67725412,  0.0111688 , -0.11371251],
       [ 0.67717608,  0.73574918,  0.01028084,  0.20461903],
       [-0.01518017,  0.        ,  0.99988477,  0.08500104],
       [ 0.        ,  0.        ,  0.        ,  1.        ]])]","[array([[-0.71159054, -0.7016727 ,  0.03597681, -0.07237442],
       [ 0.70077762, -0.71249942, -0.03543013,  0.2338054 ],
       [ 0.05049381, -0.        ,  0.99872437,  0.0821533 ],
       [ 0.        ,  0.        ,  0.        ,  1.        ]])]","[array([[-0.71159054, -0.7016727 ,  0.03597681, -0.07237442],
       [ 0.70077762, -0.71249942, -0.03543013,  0.2338054 ],
       [ 0.05049381, -0.        ,  0.99872437,  0.0821533 ],
       [ 0.        ,  0.        ,  0.        ,  1.        ]])]"
4,"[array([[-0.49167625, -0.87022709, -0.03097207, -0.17526929],
       [ 0.86850564, -0.4926508 ,  0.05470962,  0.19659657],
       [-0.06286821,  0.        ,  0.99802184,  0.08587425],
       [ 0.        ,  0.        ,  0.        ,  1.        ]])]","[array([[ 0.88853384, -0.45877947,  0.00538654, -0.19685288],
       [ 0.45877104,  0.88855017,  0.0027812 ,  0.26265456],
       [-0.00606217, -0.        ,  0.99998162,  0.08280278],
       [ 0.        ,  0.        ,  0.        ,  1.        ]])]","[array([[ 0.88853384, -0.45877947,  0.00538654, -0.19685288],
       [ 0.45877104,  0.88855017,  0.0027812 ,  0.26265456],
       [-0.00606217, -0.        ,  0.99998162,  0.08280278],
       [ 0.        ,  0.        ,  0.        ,  1.        ]])]","[array([[ 0.73748805, -0.67511407,  0.01823095, -0.11372937],
       [ 0.67490789,  0.73771335,  0.01668394,  0.20483027],
       [-0.02471278,  0.        ,  0.99969459,  0.08542957],
       [ 0.        ,  0.        ,  0.        ,  1.        ]])]","[array([[-0.71420719, -0.69900668,  0.03602435, -0.07219555],
       [ 0.69811918, -0.71511514, -0.03521287,  0.23389798],
       [ 0.05037559, -0.        ,  0.99873034,  0.08215806],
       [ 0.        ,  0.        ,  0.        ,  1.        ]])]","[array([[-0.71420719, -0.69900668,  0.03602435, -0.07219555],
       [ 0.69811918, -0.71511514, -0.03521287,  0.23389798],
       [ 0.05037559, -0.        ,  0.99873034,  0.08215806],
       [ 0.        ,  0.        ,  0.        ,  1.        ]])]"
5,"[array([[-0.49359669, -0.86915866, -0.03042252, -0.17524911],
       [ 0.86751247, -0.49453333,  0.05346858,  0.1965734 ],
       [-0.06151763,  0.        ,  0.998106  ,  0.08582999],
       [ 0.        ,  0.        ,  0.        ,  1.        ]])]","[array([[ 0.88869985, -0.45841499,  0.00826248, -0.19700352],
       [ 0.45839518,  0.88873826,  0.00426182,  0.26267636],
       [-0.00929686, -0.        ,  0.99995678,  0.08290864],
       [ 0.        ,  0.        ,  0.        ,  1.        ]])]","[array([[ 0.88869985, -0.45841499,  0.00826248, -0.19700352],
       [ 0.45839518,  0.88873826,  0.00426182,  0.26267636],
       [-0.00929686, -0.        ,  0.99995678,  0.08290864],
       [ 0.        ,  0.        ,  0.        ,  1.        ]])]","[array([[ 0.73651289, -0.67615869,  0.01892568, -0.1137558 ],
       [ 0.67593557,  0.73675601,  0.01736906,  0.20484575],
       [-0.02568785,  0.        ,  0.99967001,  0.08547641],
       [ 0.        ,  0.        ,  0.        ,  1.        ]])]","[array([[-0.71436223, -0.69853185,  0.0417117 , -0.07225309],
       [ 0.6973441 , -0.71557897, -0.04071801,  0.23390125],
       [ 0.05829084, -0.        ,  0.99829964,  0.08179035],
       [ 0.        ,  0.        ,  0.        ,  1.        ]])]","[array([[-0.71436223, -0.69853185,  0.0417117 , -0.07225309],
       [ 0.6973441 , -0.71557897, -0.04071801,  0.23390125],
       [ 0.05829084, -0.        ,  0.99829964,  0.08179035],
       [ 0.        ,  0.        ,  0.        ,  1.        ]])]"
6,"[array([[-0.49552767, -0.86805191, -0.03063031, -0.17525227],
       [ 0.86639827, -0.49647345,  0.05355512,  0.19653629],
       [-0.06169576,  0.        ,  0.998095  ,  0.08585998],
       [ 0.        ,  0.        ,  0.        ,  1.        ]])]","[array([[ 0.88644343, -0.46281986,  0.00397756, -0.19713359],
       [ 0.46281521,  0.88645235,  0.0020767 ,  0.26252151],
       [-0.00448706, -0.        ,  0.99998993,  0.08281369],
       [ 0.        ,  0.        ,  0.        ,  1.        ]])]","[array([[ 0.88644343, -0.46281986,  0.00397756, -0.19713359],
       [ 0.46281521,  0.88645235,  0.0020767 ,  0.26252151],
       [-0.00448706, -0.        ,  0.99998993,  0.08281369],
       [ 0.        ,  0.        ,  0.        ,  1.        ]])]","[array([[ 0.73536768, -0.6773902 ,  0.0194138 , -0.11378307],
       [ 0.67715426,  0.7356239 ,  0.01787696,  0.20485541],
       [-0.02639093,  0.        ,  0.9996517 ,  0.08550316],
       [ 0.        ,  0.        ,  0.        ,  1.        ]])]","[array([[-0.71632541, -0.69669697,  0.03861659, -0.07229844],
       [ 0.6956868 , -0.71736555, -0.03750397,  0.23399038],
       [ 0.05383111, -0.        ,  0.99855005,  0.08193617],
       [ 0.        ,  0.        ,  0.        ,  1.        ]])]","[array([[-0.71632541, -0.69669697,  0.03861659, -0.07229844],
       [ 0.6956868 , -0.71736555, -0.03750397,  0.23399038],
       [ 0.05383111, -0.        ,  0.99855005,  0.08193617],
       [ 0.        ,  0.        ,  0.        ,  1.        ]])]"
7,"[array([[-0.48127002, -0.87630106, -0.02180878, -0.17448548],
       [ 0.87540272, -0.4817639 ,  0.03966892,  0.19751891],
       [-0.0452686 ,  0.        ,  0.99897485,  0.08528602],
       [ 0.        ,  0.        ,  0.        ,  1.        ]])]","[array([[ 0.89791192, -0.44016118,  0.00351112, -0.19513832],
       [ 0.44015781,  0.89791878,  0.00172116,  0.26417962],
       [-0.00391029, -0.        ,  0.99999235,  0.08288835],
       [ 0.        ,  0.        ,  0.        ,  1.        ]])]","[array([[ 0.89791192, -0.44016118,  0.00351112, -0.19513832],
       [ 0.44015781,  0.89791878,  0.00172116,  0.26417962],
       [-0.00391029, -0.        ,  0.99999235,  0.08288835],
       [ 0.        ,  0.        ,  0.        ,  1.        ]])]","[array([[ 0.75965324, -0.64957226,  0.03135004, -0.11312419],
       [ 0.64901982,  0.76029986,  0.02678432,  0.20507862],
       [-0.04123379,  0.        ,  0.99914953,  0.08576364],
       [ 0.        ,  0.        ,  0.        ,  1.        ]])]","[array([[-0.69506569, -0.71748946,  0.04574453, -0.07115339],
       [ 0.71594063, -0.69656936, -0.04711837,  0.23291826],
       [ 0.06567117, -0.        ,  0.99784132,  0.08185166],
       [ 0.        ,  0.        ,  0.        ,  1.        ]])]","[array([[-0.69506569, -0.71748946,  0.04574453, -0.07115339],
       [ 0.71594063, -0.69656936, -0.04711837,  0.23291826],
       [ 0.06567117, -0.        ,  0.99784132,  0.08185166],
       [ 0.        ,  0.        ,  0.        ,  1.        ]])]"
8,"[array([[-0.47810332, -0.87804274, -0.02140487, -0.17461422],
       [ 0.87716409, -0.47858223,  0.03927098,  0.19742665],
       [-0.04472559,  0.        ,  0.99899931,  0.08551285],
       [ 0.        ,  0.        ,  0.        ,  1.        ]])]","[array([[ 8.97691912e-01, -4.40619862e-01,  1.83514500e-03,
        -1.95132392e-01],
       [ 4.40618942e-01,  8.97693788e-01,  9.00754075e-04,
         2.64030940e-01],
       [-2.04428840e-03, -0.00000000e+00,  9.99997910e-01,
         8.33760084e-02],
       [ 0.00000000e+00,  0.00000000e+00,  0.00000000e+00,
         1.00000000e+00]])]","[array([[ 8.97691912e-01, -4.40619862e-01,  1.83514500e-03,
        -1.95132392e-01],
       [ 4.40618942e-01,  8.97693788e-01,  9.00754075e-04,
         2.64030940e-01],
       [-2.04428840e-03, -0.00000000e+00,  9.99997910e-01,
         8.33760084e-02],
       [ 0.00000000e+00,  0.00000000e+00,  0.00000000e+00,
         1.00000000e+00]])]","[array([[ 0.75273208, -0.6579812 ,  0.02133425, -0.11280378],
       [ 0.65771708,  0.75303435,  0.01864129,  0.20477032],
       [-0.02833104,  0.        ,  0.9995986 ,  0.08582062],
       [ 0.        ,  0.        ,  0.        ,  1.        ]])]","[array([[-0.69375069, -0.71893816,  0.04287069, -0.07098113],
       [ 0.71756938, -0.69507404, -0.04434258,  0.23285103],
       [ 0.06167787, -0.        ,  0.99809611,  0.08252164],
       [ 0.        ,  0.        ,  0.        ,  1.        ]])]","[array([[-0.69375069, -0.71893816,  0.04287069, -0.07098113],
       [ 0.71756938, -0.69507404, -0.04434258,  0.23285103],
       [ 0.06167787, -0.        ,  0.99809611,  0.08252164],
       [ 0.        ,  0.        ,  0.        ,  1.        ]])]"
9,"[array([[-0.47608756, -0.87905209, -0.02465877, -0.17508086],
       [ 0.87787535, -0.47672572,  0.04546921,  0.19715284],
       [-0.05172528,  0.        ,  0.99866135,  0.08585365],
       [ 0.        ,  0.        ,  0.        ,  1.        ]])]","[array([[ 0.89706971, -0.44187858, -0.00304266, -0.19556727],
       [ 0.44187604,  0.89707487, -0.00149874,  0.26377718],
       [ 0.00339176, -0.        ,  0.99999425,  0.08322214],
       [ 0.        ,  0.        ,  0.        ,  1.        ]])]","[array([[ 0.89706971, -0.44187858, -0.00304266, -0.19556727],
       [ 0.44187604,  0.89707487, -0.00149874,  0.26377718],
       [ 0.00339176, -0.        ,  0.99999425,  0.08322214],
       [ 0.        ,  0.        ,  0.        ,  1.        ]])]","[array([[ 0.76355779, -0.63972047,  0.08796144, -0.11309921],
       [ 0.63551742,  0.76860765,  0.07321126,  0.2055258 ],
       [-0.11444258,  0.        ,  0.99342986,  0.08789951],
       [ 0.        ,  0.        ,  0.        ,  1.        ]])]","[array([[-0.69741885, -0.71536335,  0.04315352, -0.07126133],
       [ 0.71399783, -0.69875266, -0.04417936,  0.23298502],
       [ 0.06175793, -0.        ,  0.99809116,  0.0826151 ],
       [ 0.        ,  0.        ,  0.        ,  1.        ]])]","[array([[-0.69741885, -0.71536335,  0.04315352, -0.07126133],
       [ 0.71399783, -0.69875266, -0.04417936,  0.23298502],
       [ 0.06175793, -0.        ,  0.99809116,  0.0826151 ],
       [ 0.        ,  0.        ,  0.        ,  1.        ]])]"
10,"[array([[-0.45123029, -0.8921421 , -0.02176468, -0.17565256],
       [ 0.89110611, -0.45175488,  0.04298169,  0.19762651],
       [-0.04817807,  0.        ,  0.99883876,  0.08604519],
       [ 0.        ,  0.        ,  0.        ,  1.        ]])]","[array([[ 0.89911226, -0.4377078 , -0.0030059 , -0.19473345],
       [ 0.43770535,  0.89911728, -0.00146333,  0.26457   ],
       [ 0.00334317, -0.        ,  0.99999441,  0.08315169],
       [ 0.        ,  0.        ,  0.        ,  1.        ]])]","[array([[ 0.89911226, -0.4377078 , -0.0030059 , -0.19473345],
       [ 0.43770535,  0.89911728, -0.00146333,  0.26457   ],
       [ 0.00334317, -0.        ,  0.99999441,  0.08315169],
       [ 0.        ,  0.        ,  0.        ,  1.        ]])]","[array([[ 0.77553106, -0.62706899,  0.07304832, -0.11317713],
       [ 0.62430568,  0.77896372,  0.05880419,  0.20562586],
       [-0.09377627,  0.        ,  0.9955933 ,  0.08716159],
       [ 0.        ,  0.        ,  0.        ,  1.        ]])]","[array([[-0.69012633, -0.72212181,  0.04759978, -0.07064416],
       [ 0.72041027, -0.69176592, -0.04968854,  0.23275217],
       [ 0.06880909, -0.        ,  0.99762985,  0.08243587],
       [ 0.        ,  0.        ,  0.        ,  1.        ]])]","[array([[-0.69012633, -0.72212181,  0.04759978, -0.07064416],
       [ 0.72041027, -0.69176592, -0.04968854,  0.23275217],
       [ 0.06880909, -0.        ,  0.99762985,  0.08243587],
       [ 0.        ,  0.        ,  0.        ,  1.        ]])]"
11,"[array([[-0.49416675, -0.86927029, -0.0129763 , -0.17438961],
       [ 0.86897075, -0.49433709,  0.02281826,  0.19712997],
       [-0.0262499 ,  0.        ,  0.99965541,  0.084949  ],
       [ 0.        ,  0.        ,  0.        ,  1.        ]])]","[array([[ 8.91683789e-01, -4.52655861e-01, -1.64075566e-03,
        -1.96138496e-01],
       [ 4.52655095e-01,  8.91685298e-01, -8.32914559e-04,
         2.63715152e-01],
       [ 1.84006136e-03, -0.00000000e+00,  9.99998307e-01,
         8.34714860e-02],
       [ 0.00000000e+00,  0.00000000e+00,  0.00000000e+00,
         1.00000000e+00]])]","[array([[ 8.91683789e-01, -4.52655861e-01, -1.64075566e-03,
        -1.96138496e-01],
       [ 4.52655095e-01,  8.91685298e-01, -8.32914559e-04,
         2.63715152e-01],
       [ 1.84006136e-03, -0.00000000e+00,  9.99998307e-01,
         8.34714860e-02],
       [ 0.00000000e+00,  0.00000000e+00,  0.00000000e+00,
         1.00000000e+00]])]","[array([[ 0.76474373, -0.63999562,  0.0746501 , -0.11370222],
       [ 0.63696811,  0.76837855,  0.06217734,  0.20557127],
       [-0.09715276,  0.        ,  0.99526948,  0.08739222],
       [ 0.        ,  0.        ,  0.        ,  1.        ]])]","[array([[-0.70835625, -0.70448041,  0.04403145, -0.07146588],
       [ 0.70312333, -0.70972343, -0.04370617,  0.23371498],
       [ 0.06204029, -0.        ,  0.99807365,  0.08291312],
       [ 0.        ,  0.        ,  0.        ,  1.        ]])]","[array([[-0.70835625, -0.70448041,  0.04403145, -0.07146588],
       [ 0.70312333, -0.70972343, -0.04370617,  0.23371498],
       [ 0.06204029, -0.        ,  0.99807365,  0.08291312],
       [ 0.        ,  0.        ,  0.        ,  1.        ]])]"
12,"[array([[-0.48557365, -0.87396049, -0.02028016, -0.17492745],
       [ 0.87319924, -0.48599697,  0.03646949,  0.19705712],
       [-0.04172899,  0.        ,  0.99912897,  0.08560873],
       [ 0.        ,  0.        ,  0.        ,  1.        ]])]","[array([[ 0.88857069, -0.45870399, -0.00572509, -0.19632172],
       [ 0.45869447,  0.88858914, -0.00295538,  0.26361417],
       [ 0.0064429 , -0.        ,  0.99997924,  0.08337612],
       [ 0.        ,  0.        ,  0.        ,  1.        ]])]","[array([[ 0.88857069, -0.45870399, -0.00572509, -0.19632172],
       [ 0.45869447,  0.88858914, -0.00295538,  0.26361417],
       [ 0.0064429 , -0.        ,  0.99997924,  0.08337612],
       [ 0.        ,  0.        ,  0.        ,  1.        ]])]","[array([[ 0.74197129, -0.67038414, -0.00798185, -0.11353982],
       [ 0.67034535,  0.74201422, -0.00721133,  0.20464064],
       [ 0.01075701,  0.        ,  0.99994214,  0.08503904],
       [ 0.        ,  0.        ,  0.        ,  1.        ]])]","[array([[-0.70839196, -0.70425115,  0.0470229 , -0.07177659],
       [ 0.70270469, -0.70995093, -0.04664538,  0.23375017],
       [ 0.06623402, -0.        ,  0.99780412,  0.08288976],
       [ 0.        ,  0.        ,  0.        ,  1.        ]])]","[array([[-0.70839196, -0.70425115,  0.0470229 , -0.07177659],
       [ 0.70270469, -0.70995093, -0.04664538,  0.23375017],
       [ 0.06623402, -0.        ,  0.99780412,  0.08288976],
       [ 0.        ,  0.        ,  0.        ,  1.        ]])]"
13,"[array([[-0.48841821, -0.87251443, -0.0128927 , -0.17427228],
       [ 0.87221061, -0.48858834,  0.02302361,  0.19809279],
       [-0.02638765,  0.        ,  0.99965179,  0.08527408],
       [ 0.        ,  0.        ,  0.        ,  1.        ]])]","[array([[ 0.88697998, -0.46179001, -0.00406243, -0.19572602],
       [ 0.46178517,  0.88698928, -0.00211501,  0.26470668],
       [ 0.00458002, -0.        ,  0.99998951,  0.08365636],
       [ 0.        ,  0.        ,  0.        ,  1.        ]])]","[array([[ 0.88697998, -0.46179001, -0.00406243, -0.19572602],
       [ 0.46178517,  0.88698928, -0.00211501,  0.26470668],
       [ 0.00458002, -0.        ,  0.99998951,  0.08365636],
       [ 0.        ,  0.        ,  0.        ,  1.        ]])]","[array([[ 0.74234619, -0.66996364, -0.00841803, -0.11312948],
       [ 0.66992057,  0.74239391, -0.00759674,  0.20521053],
       [ 0.01133903,  0.        ,  0.99993571,  0.08514001],
       [ 0.        ,  0.        ,  0.        ,  1.        ]])]","[array([[-0.71096109, -0.7017107 ,  0.04622134, -0.07107296],
       [ 0.70023246, -0.71246199, -0.04552384,  0.23443226],
       [ 0.06487551, -0.        ,  0.99789336,  0.08319796],
       [ 0.        ,  0.        ,  0.        ,  1.        ]])]","[array([[-0.71096109, -0.7017107 ,  0.04622134, -0.07107296],
       [ 0.70023246, -0.71246199, -0.04552384,  0.23443226],
       [ 0.06487551, -0.        ,  0.99789336,  0.08319796],
       [ 0.        ,  0.        ,  0.        ,  1.        ]])]"
14,"[array([[-0.47677632, -0.87868989, -0.02425718, -0.17516231],
       [ 0.87755484, -0.477393  ,  0.04464778,  0.19760643],
       [-0.05081176,  0.        ,  0.99870825,  0.08589918],
       [ 0.        ,  0.        ,  0.        ,  1.        ]])]","[array([[ 0.88625831, -0.46317079, -0.00436222, -0.19629928],
       [ 0.46316518,  0.88626905, -0.00227973,  0.26425456],
       [ 0.004922  , -0.        ,  0.99998789,  0.08358148],
       [ 0.        ,  0.        ,  0.        ,  1.        ]])]","[array([[ 0.88625831, -0.46317079, -0.00436222, -0.19629928],
       [ 0.46316518,  0.88626905, -0.00227973,  0.26425456],
       [ 0.004922  , -0.        ,  0.99998789,  0.08358148],
       [ 0.        ,  0.        ,  0.        ,  1.        ]])]","[array([[ 0.74042206, -0.67209784, -0.00772395, -0.11349332],
       [ 0.67206128,  0.74046235, -0.00701082,  0.20534143],
       [ 0.01043125,  0.        ,  0.99994559,  0.08513934],
       [ 0.        ,  0.        ,  0.        ,  1.        ]])]","[array([[-0.71351677, -0.69947893,  0.0402869 , -0.071696  ],
       [ 0.69836662, -0.71465322, -0.03943149,  0.23456746],
       [ 0.05637266, -0.        ,  0.9984098 ,  0.08332235],
       [ 0.        ,  0.        ,  0.        ,  1.        ]])]","[array([[-0.71351677, -0.69947893,  0.0402869 , -0.071696  ],
       [ 0.69836662, -0.71465322, -0.03943149,  0.23456746],
       [ 0.05637266, -0.        ,  0.9984098 ,  0.08332235],
       [ 0.        ,  0.        ,  0.        ,  1.        ]])]"
15,"[array([[-0.48254396, -0.87557585, -0.02276513, -0.17510369],
       [ 0.87460309, -0.48308066,  0.04126143,  0.19751285],
       [-0.0471249 ,  0.        ,  0.998889  ,  0.0858386 ],
       [ 0.        ,  0.        ,  0.        ,  1.        ]])]","[array([[ 0.88365487, -0.46807506, -0.00773362, -0.19664756],
       [ 0.46805713,  0.88368871, -0.00409637,  0.26403938],
       [ 0.00875152, -0.        ,  0.9999617 ,  0.0837367 ],
       [ 0.        ,  0.        ,  0.        ,  1.        ]])]","[array([[ 0.88365487, -0.46807506, -0.00773362, -0.19664756],
       [ 0.46805713,  0.88368871, -0.00409637,  0.26403938],
       [ 0.00875152, -0.        ,  0.9999617 ,  0.0837367 ],
       [ 0.        ,  0.        ,  0.        ,  1.        ]])]","[array([[ 0.73804005, -0.67470883, -0.00805434, -0.11356514],
       [ 0.67466866,  0.738084  , -0.00736276,  0.20533792],
       [ 0.0109125 ,  0.        ,  0.99994046,  0.08516856],
       [ 0.        ,  0.        ,  0.        ,  1.        ]])]","[array([[-0.71468096, -0.69825963,  0.04079984, -0.07194322],
       [ 0.69712456, -0.7158446 , -0.03979758,  0.23468058],
       [ 0.05699539, -0.        ,  0.99837444,  0.08332255],
       [ 0.        ,  0.        ,  0.        ,  1.        ]])]","[array([[-0.71468096, -0.69825963,  0.04079984, -0.07194322],
       [ 0.69712456, -0.7158446 , -0.03979758,  0.23468058],
       [ 0.05699539, -0.        ,  0.99837444,  0.08332255],
       [ 0.        ,  0.        ,  0.        ,  1.        ]])]"
16,"[array([[-0.50589894, -0.86248889, -0.0133858 , -0.17431467],
       [ 0.86218713, -0.506076  ,  0.02281298,  0.19760939],
       [-0.02645017,  0.        ,  0.99965013,  0.08532348],
       [ 0.        ,  0.        ,  0.        ,  1.        ]])]","[array([[ 0.88371277, -0.46797682, -0.00703104, -0.19656296],
       [ 0.46796201,  0.88374074, -0.00372322,  0.26402264],
       [ 0.007956  , -0.        ,  0.99996835,  0.08381   ],
       [ 0.        ,  0.        ,  0.        ,  1.        ]])]","[array([[ 0.88371277, -0.46797682, -0.00703104, -0.19656296],
       [ 0.46796201,  0.88374074, -0.00372322,  0.26402264],
       [ 0.007956  , -0.        ,  0.99996835,  0.08381   ],
       [ 0.        ,  0.        ,  0.        ,  1.        ]])]","[array([[ 0.73845707, -0.67425536, -0.00780178, -0.11353545],
       [ 0.67421773,  0.73849828, -0.00712309,  0.20530769],
       [ 0.01056438,  0.        ,  0.9999442 ,  0.08517036],
       [ 0.        ,  0.        ,  0.        ,  1.        ]])]","[array([[-0.71241141, -0.70029512,  0.04535112, -0.07194338],
       [ 0.69888047, -0.71385345, -0.04448976,  0.23456612],
       [ 0.06353002, -0.        ,  0.99797993,  0.08310975],
       [ 0.        ,  0.        ,  0.        ,  1.        ]])]","[array([[-0.71241141, -0.70029512,  0.04535112, -0.07194338],
       [ 0.69888047, -0.71385345, -0.04448976,  0.23456612],
       [ 0.06353002, -0.        ,  0.99797993,  0.08310975],
       [ 0.        ,  0.        ,  0.        ,  1.        ]])]"
17,"[array([[-0.48683989, -0.87326188, -0.02001554, -0.17481814],
       [ 0.87252477, -0.48725116,  0.03587228,  0.19759696],
       [-0.04107849,  0.        ,  0.99915592,  0.08567016],
       [ 0.        ,  0.        ,  0.        ,  1.        ]])]","[array([[ 0.885399  , -0.46476278, -0.00800996, -0.19642312],
       [ 0.46474377,  0.88543524, -0.00420441,  0.26408861],
       [ 0.00904635, -0.        ,  0.99995908,  0.08383833],
       [ 0.        ,  0.        ,  0.        ,  1.        ]])]","[array([[ 0.885399  , -0.46476278, -0.00800996, -0.19642312],
       [ 0.46474377,  0.88543524, -0.00420441,  0.26408861],
       [ 0.00904635, -0.        ,  0.99995908,  0.08383833],
       [ 0.        ,  0.        ,  0.        ,  1.        ]])]","[array([[ 0.73985621, -0.67271851, -0.00791179, -0.11351316],
       [ 0.67268005,  0.73989851, -0.00719343,  0.20532157],
       [ 0.01069308,  0.        ,  0.99994283,  0.08516247],
       [ 0.        ,  0.        ,  0.        ,  1.        ]])]","[array([[-0.71457945, -0.69796101,  0.04718721, -0.07166634],
       [ 0.6964442 , -0.71613576, -0.04598965,  0.23468821],
       [ 0.06589143, -0.        ,  0.9978268 ,  0.08315865],
       [ 0.        ,  0.        ,  0.        ,  1.        ]])]","[array([[-0.71457945, -0.69796101,  0.04718721, -0.07166634],
       [ 0.6964442 , -0.71613576, -0.04598965,  0.23468821],
       [ 0.06589143, -0.        ,  0.9978268 ,  0.08315865],
       [ 0.        ,  0.        ,  0.        ,  1.        ]])]"
18,"[array([[-0.51039707, -0.85986767, -0.01106405, -0.1745951 ],
       [ 0.85966572, -0.51051698,  0.01863526,  0.19729636],
       [-0.02167224,  0.        ,  0.99976513,  0.08520246],
       [ 0.        ,  0.        ,  0.        ,  1.        ]])]","[array([[ 0.88125648, -0.472587  , -0.00696673, -0.1972226 ],
       [ 0.47257224,  0.88128402, -0.0037359 ,  0.26358498],
       [ 0.00790521, -0.        ,  0.99996875,  0.08380361],
       [ 0.        ,  0.        ,  0.        ,  1.        ]])]","[array([[ 0.88125648, -0.472587  , -0.00696673, -0.1972226 ],
       [ 0.47257224,  0.88128402, -0.0037359 ,  0.26358498],
       [ 0.00790521, -0.        ,  0.99996875,  0.08380361],
       [ 0.        ,  0.        ,  0.        ,  1.        ]])]","[array([[ 0.73445547, -0.67862086, -0.00699143, -0.11383056],
       [ 0.67859012,  0.73448875, -0.00645964,  0.20532417],
       [ 0.00951877,  0.        ,  0.9999547 ,  0.08521378],
       [ 0.        ,  0.        ,  0.        ,  1.        ]])]","[array([[-0.71282538, -0.69976041,  0.04706743, -0.07259386],
       [ 0.69823995, -0.71437761, -0.04610436,  0.23471228],
       [ 0.06588593, -0.        ,  0.99782716,  0.08295983],
       [ 0.        ,  0.        ,  0.        ,  1.        ]])]","[array([[-0.71282538, -0.69976041,  0.04706743, -0.07259386],
       [ 0.69823995, -0.71437761, -0.04610436,  0.23471228],
       [ 0.06588593, -0.        ,  0.99782716,  0.08295983],
       [ 0.        ,  0.        ,  0.        ,  1.        ]])]"
19,"[array([[-0.50680944, -0.86198723, -0.01105462, -0.17474457],
       [ 0.86178225, -0.50692999,  0.01879735,  0.19724575],
       [-0.02180699,  0.        ,  0.9997622 ,  0.08523148],
       [ 0.        ,  0.        ,  0.        ,  1.        ]])]","[array([[ 0.88058424, -0.47382697, -0.00770729, -0.1973258 ],
       [ 0.47380882,  0.88061797, -0.004147  ,  0.26353466],
       [ 0.00875214, -0.        ,  0.9999617 ,  0.08382468],
       [ 0.        ,  0.        ,  0.        ,  1.        ]])]","[array([[ 0.88058424, -0.47382697, -0.00770729, -0.1973258 ],
       [ 0.47380882,  0.88061797, -0.004147  ,  0.26353466],
       [ 0.00875214, -0.        ,  0.9999617 ,  0.08382468],
       [ 0.        ,  0.        ,  0.        ,  1.        ]])]","[array([[ 0.73413363, -0.67897479, -0.00640717, -0.11382349],
       [ 0.67894893,  0.73416159, -0.00592554,  0.20530223],
       [ 0.00872719,  0.        ,  0.99996192,  0.08524651],
       [ 0.        ,  0.        ,  0.        ,  1.        ]])]","[array([[-0.71054082, -0.70173902,  0.05190463, -0.07268671],
       [ 0.69987416, -0.7124341 , -0.05112543,  0.23468603],
       [ 0.07285534, -0.        ,  0.99734252,  0.0827762 ],
       [ 0.        ,  0.        ,  0.        ,  1.        ]])]","[array([[-0.71054082, -0.70173902,  0.05190463, -0.07268671],
       [ 0.69987416, -0.7124341 , -0.05112543,  0.23468603],
       [ 0.07285534, -0.        ,  0.99734252,  0.0827762 ],
       [ 0.        ,  0.        ,  0.        ,  1.        ]])]"
20,"[array([[-0.50373871, -0.86376984, -0.01220535, -0.17478563],
       [ 0.86351641, -0.50388656,  0.02092259,  0.19730252],
       [-0.02422241,  0.        ,  0.99970659,  0.08521858],
       [ 0.        ,  0.        ,  0.        ,  1.        ]])]","[array([[ 0.88068109, -0.47365778, -0.00700931, -0.19725512],
       [ 0.47364277,  0.88070898, -0.00376971,  0.26356535],
       [ 0.00795871, -0.        ,  0.99996833,  0.08372791],
       [ 0.        ,  0.        ,  0.        ,  1.        ]])]","[array([[ 0.88068109, -0.47365778, -0.00700931, -0.19725512],
       [ 0.47364277,  0.88070898, -0.00376971,  0.26356535],
       [ 0.00795871, -0.        ,  0.99996833,  0.08372791],
       [ 0.        ,  0.        ,  0.        ,  1.        ]])]","[array([[ 0.73420741, -0.67822734, -0.03077581, -0.11400951],
       [ 0.67763229,  0.73485214, -0.02840435,  0.20518585],
       [ 0.04188028,  0.        ,  0.99912264,  0.08454288],
       [ 0.        ,  0.        ,  0.        ,  1.        ]])]","[array([[-0.71434995, -0.69812405,  0.04823852, -0.07275388],
       [ 0.69653775, -0.71597682, -0.0470357 ,  0.23486242],
       [ 0.06737442, -0.        ,  0.99772776,  0.08282749],
       [ 0.        ,  0.        ,  0.        ,  1.        ]])]","[array([[-0.71434995, -0.69812405,  0.04823852, -0.07275388],
       [ 0.69653775, -0.71597682, -0.0470357 ,  0.23486242],
       [ 0.06737442, -0.        ,  0.99772776,  0.08282749],
       [ 0.        ,  0.        ,  0.        ,  1.        ]])]"
