,LP,LD1,LD2,RP,RD1,RD2
0,"[array([[-0.71567289, -0.69820705, -0.01786684, -0.16500703],
       [ 0.69798957, -0.71589588,  0.01742537,  0.11714872],
       [-0.02495731,  0.        ,  0.99968852,  0.08436704],
       [ 0.        ,  0.        ,  0.        ,  1.        ]])]","[array([[ 0.22268059, -0.97487933,  0.00486281, -0.2097972 ],
       [ 0.97464696,  0.22273368,  0.02128397,  0.17324553],
       [-0.02183241, -0.        ,  0.99976164,  0.08289227],
       [ 0.        ,  0.        ,  0.        ,  1.        ]])]","[array([[ 0.22268059, -0.97487933,  0.00486281, -0.2097972 ],
       [ 0.97464696,  0.22273368,  0.02128397,  0.17324553],
       [-0.02183241, -0.        ,  0.99976164,  0.08289227],
       [ 0.        ,  0.        ,  0.        ,  1.        ]])]","[array([[ 0.62488523, -0.78042789,  0.02123104, -0.10660273],
       [ 0.77997783,  0.62524579,  0.02650046,  0.13035455],
       [-0.03395632,  0.        ,  0.99942332,  0.08524962],
       [ 0.        ,  0.        ,  0.        ,  1.        ]])]","[array([[-0.27664677, -0.96091193,  0.0107155 , -0.07130917],
       [ 0.96019192, -0.27685422, -0.03719159,  0.17336315],
       [ 0.03870448, -0.        ,  0.9992507 ,  0.0819512 ],
       [ 0.        ,  0.        ,  0.        ,  1.        ]])]","[array([[-0.27664677, -0.96091193,  0.0107155 , -0.07130917],
       [ 0.96019192, -0.27685422, -0.03719159,  0.17336315],
       [ 0.03870448, -0.        ,  0.9992507 ,  0.0819512 ],
       [ 0.        ,  0.        ,  0.        ,  1.        ]])]"
1,"[array([[-0.71573365, -0.69814115, -0.01800781, -0.16500992],
       [ 0.69792028, -0.71596015,  0.01755963,  0.11715154],
       [-0.02515198,  0.        ,  0.99968364,  0.0843714 ],
       [ 0.        ,  0.        ,  0.        ,  1.        ]])]","[array([[ 0.22271609, -0.97487094,  0.00491907, -0.20980229],
       [ 0.97463324,  0.22277041,  0.02152646,  0.17324513],
       [-0.02208134, -0.        ,  0.99975618,  0.08290619],
       [ 0.        ,  0.        ,  0.        ,  1.        ]])]","[array([[ 0.22271609, -0.97487094,  0.00491907, -0.20980229],
       [ 0.97463324,  0.22277041,  0.02152646,  0.17324513],
       [-0.02208134, -0.        ,  0.99975618,  0.08290619],
       [ 0.        ,  0.        ,  0.        ,  1.        ]])]","[array([[ 0.62258583, -0.78244206,  0.01308822, -0.1064671 ],
       [ 0.78226923,  0.62272339,  0.01644515,  0.13034284],
       [-0.02101772,  0.        ,  0.9997791 ,  0.0847588 ],
       [ 0.        ,  0.        ,  0.        ,  1.        ]])]","[array([[-0.27678188, -0.96087188,  0.01081749, -0.07130932],
       [ 0.96013886, -0.27699319, -0.03752519,  0.17336093],
       [ 0.03905327, -0.        ,  0.99923713,  0.08193811],
       [ 0.        ,  0.        ,  0.        ,  1.        ]])]","[array([[-0.27678188, -0.96087188,  0.01081749, -0.07130932],
       [ 0.96013886, -0.27699319, -0.03752519,  0.17336093],
       [ 0.03905327, -0.        ,  0.99923713,  0.08193811],
       [ 0.        ,  0.        ,  0.        ,  1.        ]])]"
2,"[array([[-0.72030116, -0.6934962 , -0.01514125, -0.16470077],
       [ 0.69334303, -0.72046028,  0.01457457,  0.11714388],
       [-0.02101608,  0.        ,  0.99977914,  0.08405576],
       [ 0.        ,  0.        ,  0.        ,  1.        ]])]","[array([[ 0.21696872, -0.97616366,  0.0053928 , -0.20962534],
       [ 0.97586227,  0.21703573,  0.02425527,  0.17309324],
       [-0.02484754, -0.        ,  0.99969125,  0.08310515],
       [ 0.        ,  0.        ,  0.        ,  1.        ]])]","[array([[ 0.21696872, -0.97616366,  0.0053928 , -0.20962534],
       [ 0.97586227,  0.21703573,  0.02425527,  0.17309324],
       [-0.02484754, -0.        ,  0.99969125,  0.08310515],
       [ 0.        ,  0.        ,  0.        ,  1.        ]])]","[array([[ 0.61314795, -0.78956358,  0.02527724, -0.10656589],
       [ 0.78889349,  0.61366876,  0.03252241,  0.1300791 ],
       [-0.04119036,  0.        ,  0.99915132,  0.08534866],
       [ 0.        ,  0.        ,  0.        ,  1.        ]])]","[array([[-0.27592101, -0.961119  ,  0.01085674, -0.0713421 ],
       [ 0.96037585, -0.27613452, -0.03778818,  0.1734022 ],
       [ 0.03931686, -0.        ,  0.99922679,  0.08195072],
       [ 0.        ,  0.        ,  0.        ,  1.        ]])]","[array([[-0.27592101, -0.961119  ,  0.01085674, -0.0713421 ],
       [ 0.96037585, -0.27613452, -0.03778818,  0.1734022 ],
       [ 0.03931686, -0.        ,  0.99922679,  0.08195072],
       [ 0.        ,  0.        ,  0.        ,  1.        ]])]"
3,"[array([[-0.72418933, -0.68957388, -0.0061383 , -0.16449106],
       [ 0.68954911, -0.72421534,  0.00584469,  0.11721115],
       [-0.0084758 ,  0.        ,  0.99996408,  0.08381186],
       [ 0.        ,  0.        ,  0.        ,  1.        ]])]","[array([[ 0.2216147 , -0.97512052,  0.00518527, -0.20970439],
       [ 0.97485372,  0.22167536,  0.02280931,  0.17326719],
       [-0.02339127, -0.        ,  0.99972639,  0.08295184],
       [ 0.        ,  0.        ,  0.        ,  1.        ]])]","[array([[ 0.2216147 , -0.97512052,  0.00518527, -0.20970439],
       [ 0.97485372,  0.22167536,  0.02280931,  0.17326719],
       [-0.02339127, -0.        ,  0.99972639,  0.08295184],
       [ 0.        ,  0.        ,  0.        ,  1.        ]])]","[array([[ 0.62533264, -0.78001437,  0.02316621, -0.10674708],
       [ 0.77947966,  0.62576161,  0.02887677,  0.13039829],
       [-0.03702082,  0.        ,  0.99931449,  0.08525527],
       [ 0.        ,  0.        ,  0.        ,  1.        ]])]","[array([[-0.28523016, -0.95842879,  0.00761684, -0.07081708],
       [ 0.95808724, -0.28533184, -0.02558495,  0.17344351],
       [ 0.02669468, -0.        ,  0.99964363,  0.08258611],
       [ 0.        ,  0.        ,  0.        ,  1.        ]])]","[array([[-0.28523016, -0.95842879,  0.00761684, -0.07081708],
       [ 0.95808724, -0.28533184, -0.02558495,  0.17344351],
       [ 0.02669468, -0.        ,  0.99964363,  0.08258611],
       [ 0.        ,  0.        ,  0.        ,  1.        ]])]"
4,"[array([[-0.72077906, -0.69288677, -0.01963359, -0.16452414],
       [ 0.69262985, -0.72104641,  0.01886682,  0.11706019],
       [-0.02722929,  0.        ,  0.99962921,  0.08429594],
       [ 0.        ,  0.        ,  0.        ,  1.        ]])]","[array([[ 0.22996766, -0.97318214,  0.00560346, -0.21018729],
       [ 0.97289337,  0.23003592,  0.02370579,  0.17358715],
       [-0.02435905, -0.        ,  0.99970327,  0.08281162],
       [ 0.        ,  0.        ,  0.        ,  1.        ]])]","[array([[ 0.22996766, -0.97318214,  0.00560346, -0.21018729],
       [ 0.97289337,  0.23003592,  0.02370579,  0.17358715],
       [-0.02435905, -0.        ,  0.99970327,  0.08281162],
       [ 0.        ,  0.        ,  0.        ,  1.        ]])]","[array([[ 0.63493583, -0.77256085,  0.00249427, -0.10692104],
       [ 0.77255489,  0.63494073,  0.00303489,  0.13065287],
       [-0.00392835,  0.        ,  0.99999228,  0.084512  ],
       [ 0.        ,  0.        ,  0.        ,  1.        ]])]","[array([[-0.27653174, -0.96094643,  0.01059032, -0.0714033 ],
       [ 0.96024252, -0.27673446, -0.03677436,  0.17343319],
       [ 0.0382689 , -0.        ,  0.99926748,  0.08196505],
       [ 0.        ,  0.        ,  0.        ,  1.        ]])]","[array([[-0.27653174, -0.96094643,  0.01059032, -0.0714033 ],
       [ 0.96024252, -0.27673446, -0.03677436,  0.17343319],
       [ 0.0382689 , -0.        ,  0.99926748,  0.08196505],
       [ 0.        ,  0.        ,  0.        ,  1.        ]])]"
5,"[array([[-0.72128408, -0.69239973, -0.01821772, -0.16461828],
       [ 0.69217898, -0.72151411,  0.01748261,  0.11732097],
       [-0.0252493 ,  0.        ,  0.99968119,  0.08419258],
       [ 0.        ,  0.        ,  0.        ,  1.        ]])]","[array([[ 0.22772661, -0.97371024,  0.00538063, -0.2098864 ],
       [ 0.97343856,  0.22779017,  0.02299999,  0.17369871],
       [-0.02362098, -0.        ,  0.99972099,  0.08263115],
       [ 0.        ,  0.        ,  0.        ,  1.        ]])]","[array([[ 0.22772661, -0.97371024,  0.00538063, -0.2098864 ],
       [ 0.97343856,  0.22779017,  0.02299999,  0.17369871],
       [-0.02362098, -0.        ,  0.99972099,  0.08263115],
       [ 0.        ,  0.        ,  0.        ,  1.        ]])]","[array([[ 0.628173  , -0.77789122,  0.01685001, -0.10680686],
       [ 0.77761152,  0.62839895,  0.02085852,  0.13045854],
       [-0.02681419,  0.        ,  0.99964043,  0.08503564],
       [ 0.        ,  0.        ,  0.        ,  1.        ]])]","[array([[-0.2817047 , -0.95946426,  0.008414  , -0.07101442],
       [ 0.95903657, -0.28183033, -0.02864466,  0.17346647],
       [ 0.02985485, -0.        ,  0.99955424,  0.08248762],
       [ 0.        ,  0.        ,  0.        ,  1.        ]])]","[array([[-0.2817047 , -0.95946426,  0.008414  , -0.07101442],
       [ 0.95903657, -0.28183033, -0.02864466,  0.17346647],
       [ 0.02985485, -0.        ,  0.99955424,  0.08248762],
       [ 0.        ,  0.        ,  0.        ,  1.        ]])]"
6,"[array([[-0.74231523, -0.67002954, -0.00533968, -0.16425172],
       [ 0.6700122 , -0.74233444,  0.00481959,  0.11671767],
       [-0.0071931 ,  0.        ,  0.99997413,  0.08422313],
       [ 0.        ,  0.        ,  0.        ,  1.        ]])]","[array([[ 0.22730465, -0.97382315,  0.00103336, -0.21084049],
       [ 0.97381309,  0.227307  ,  0.00442709,  0.17140663],
       [-0.00454609, -0.        ,  0.99998967,  0.08393457],
       [ 0.        ,  0.        ,  0.        ,  1.        ]])]","[array([[ 0.22730465, -0.97382315,  0.00103336, -0.21084049],
       [ 0.97381309,  0.227307  ,  0.00442709,  0.17140663],
       [-0.00454609, -0.        ,  0.99998967,  0.08393457],
       [ 0.        ,  0.        ,  0.        ,  1.        ]])]","[array([[ 0.63328076, -0.77388971,  0.00708476, -0.10687676],
       [ 0.77384128,  0.63332039,  0.00865727,  0.13007267],
       [-0.0111867 ,  0.        ,  0.99993743,  0.08509758],
       [ 0.        ,  0.        ,  0.        ,  1.        ]])]","[array([[-0.28111497, -0.95952268,  0.01704716, -0.07113298],
       [ 0.95776327, -0.28163137, -0.05807994,  0.1726937 ],
       [ 0.06053004, -0.        ,  0.99816638,  0.08310614],
       [ 0.        ,  0.        ,  0.        ,  1.        ]])]","[array([[-0.28111497, -0.95952268,  0.01704716, -0.07113298],
       [ 0.95776327, -0.28163137, -0.05807994,  0.1726937 ],
       [ 0.06053004, -0.        ,  0.99816638,  0.08310614],
       [ 0.        ,  0.        ,  0.        ,  1.        ]])]"
7,"[array([[-0.76342404, -0.64553414, -0.02166597, -0.16449725],
       [ 0.64527433, -0.76373142,  0.01831288,  0.11601541],
       [-0.02836857,  0.        ,  0.99959753,  0.08532146],
       [ 0.        ,  0.        ,  0.        ,  1.        ]])]","[array([[ 2.30077603e-01, -9.73172207e-01, -3.90839633e-04,
        -2.12835743e-01],
       [ 9.73170803e-01,  2.30077935e-01, -1.65315404e-03,
         1.68630519e-01],
       [ 1.69872714e-03, -0.00000000e+00,  9.99998557e-01,
         8.44609805e-02],
       [ 0.00000000e+00,  0.00000000e+00,  0.00000000e+00,
         1.00000000e+00]])]","[array([[ 2.30077603e-01, -9.73172207e-01, -3.90839633e-04,
        -2.12835743e-01],
       [ 9.73170803e-01,  2.30077935e-01, -1.65315404e-03,
         1.68630519e-01],
       [ 1.69872714e-03, -0.00000000e+00,  9.99998557e-01,
         8.44609805e-02],
       [ 0.00000000e+00,  0.00000000e+00,  0.00000000e+00,
         1.00000000e+00]])]","[array([[ 0.64023641, -0.76764107, -0.02871455, -0.10709111],
       [ 0.76687017,  0.64088001, -0.03439406,  0.13054292],
       [ 0.04480488,  0.        ,  0.99899576,  0.08342037],
       [ 0.        ,  0.        ,  0.        ,  1.        ]])]","[array([[-0.29953843, -0.95385139,  0.02107759, -0.07173613],
       [ 0.95149862, -0.3002791 , -0.06695402,  0.17265551],
       [ 0.07019334, -0.        ,  0.99753341,  0.08294485],
       [ 0.        ,  0.        ,  0.        ,  1.        ]])]","[array([[-0.29953843, -0.95385139,  0.02107759, -0.07173613],
       [ 0.95149862, -0.3002791 , -0.06695402,  0.17265551],
       [ 0.07019334, -0.        ,  0.99753341,  0.08294485],
       [ 0.        ,  0.        ,  0.        ,  1.        ]])]"
8,"[array([[-0.80166312, -0.59764082, -0.01271563, -0.16401791],
       [ 0.59756566, -0.80176396,  0.00947832,  0.11575946],
       [-0.01585956,  0.        ,  0.99987423,  0.08509325],
       [ 0.        ,  0.        ,  0.        ,  1.        ]])]","[array([[ 0.23330212, -0.97239901, -0.00320683, -0.2142688 ],
       [ 0.97230716,  0.23332416, -0.01336473,  0.16588559],
       [ 0.01374408, -0.        ,  0.99990555,  0.08425294],
       [ 0.        ,  0.        ,  0.        ,  1.        ]])]","[array([[ 0.23330212, -0.97239901, -0.00320683, -0.2142688 ],
       [ 0.97230716,  0.23332416, -0.01336473,  0.16588559],
       [ 0.01374408, -0.        ,  0.99990555,  0.08425294],
       [ 0.        ,  0.        ,  0.        ,  1.        ]])]","[array([[ 0.61751902, -0.78652637,  0.00682101, -0.10693185],
       [ 0.78647839,  0.6175567 ,  0.00868731,  0.1297377 ],
       [-0.01104516,  0.        ,  0.999939  ,  0.08516041],
       [ 0.        ,  0.        ,  0.        ,  1.        ]])]","[array([[-0.32922283, -0.94402855,  0.02055286, -0.07197511],
       [ 0.94219433, -0.32986374, -0.05881971,  0.17265659],
       [ 0.06230713, -0.        ,  0.99805702,  0.08317363],
       [ 0.        ,  0.        ,  0.        ,  1.        ]])]","[array([[-0.32922283, -0.94402855,  0.02055286, -0.07197511],
       [ 0.94219433, -0.32986374, -0.05881971,  0.17265659],
       [ 0.06230713, -0.        ,  0.99805702,  0.08317363],
       [ 0.        ,  0.        ,  0.        ,  1.        ]])]"
9,"[array([[-0.83217831, -0.55423491, -0.01740461, -0.16373863],
       [ 0.55411374, -0.8323603 ,  0.01158903,  0.11528275],
       [-0.02090995,  0.        ,  0.99978136,  0.08532238],
       [ 0.        ,  0.        ,  0.        ,  1.        ]])]","[array([[ 0.24221562, -0.97021933, -0.00245935, -0.21668744],
       [ 0.97016932,  0.24222811, -0.00985069,  0.16295164],
       [ 0.01015305, -0.        ,  0.99994846,  0.08448513],
       [ 0.        ,  0.        ,  0.        ,  1.        ]])]","[array([[ 0.24221562, -0.97021933, -0.00245935, -0.21668744],
       [ 0.97016932,  0.24222811, -0.00985069,  0.16295164],
       [ 0.01015305, -0.        ,  0.99994846,  0.08448513],
       [ 0.        ,  0.        ,  0.        ,  1.        ]])]","[array([[ 0.58163671, -0.81341774,  0.00709406, -0.10706174],
       [ 0.81335724,  0.58167997,  0.00992029,  0.12910921],
       [-0.01219582,  0.        ,  0.99992563,  0.08532519],
       [ 0.        ,  0.        ,  0.        ,  1.        ]])]","[array([[-0.37507939, -0.92664259,  0.02547485, -0.07395281],
       [ 0.92451268, -0.3759435 , -0.06279156,  0.17314727],
       [ 0.06776243, -0.        ,  0.99770148,  0.08353615],
       [ 0.        ,  0.        ,  0.        ,  1.        ]])]","[array([[-0.37507939, -0.92664259,  0.02547485, -0.07395281],
       [ 0.92451268, -0.3759435 , -0.06279156,  0.17314727],
       [ 0.06776243, -0.        ,  0.99770148,  0.08353615],
       [ 0.        ,  0.        ,  0.        ,  1.        ]])]"
10,"[array([[-0.78835659, -0.61400961, -0.03854986, -0.16423817],
       [ 0.61327684, -0.78929855,  0.02998863,  0.11663033],
       [-0.04884065,  0.        ,  0.99880658,  0.08491003],
       [ 0.        ,  0.        ,  0.        ,  1.        ]])]","[array([[ 0.33583976, -0.9418561 ,  0.01089691, -0.21366206],
       [ 0.9413607 ,  0.3360165 ,  0.03054411,  0.1685808 ],
       [-0.0324297 , -0.        ,  0.99947402,  0.08247926],
       [ 0.        ,  0.        ,  0.        ,  1.        ]])]","[array([[ 0.33583976, -0.9418561 ,  0.01089691, -0.21366206],
       [ 0.9413607 ,  0.3360165 ,  0.03054411,  0.1685808 ],
       [-0.0324297 , -0.        ,  0.99947402,  0.08247926],
       [ 0.        ,  0.        ,  0.        ,  1.        ]])]","[array([[ 0.46592427, -0.8847562 ,  0.01100151, -0.10811191],
       [ 0.88450967,  0.46605414,  0.02088524,  0.12870421],
       [-0.02360564,  0.        ,  0.99972135,  0.08490177],
       [ 0.        ,  0.        ,  0.        ,  1.        ]])]","[array([[-0.526022  , -0.85032835,  0.01557429, -0.08152352],
       [ 0.84995589, -0.52625251, -0.02516522,  0.17650143],
       [ 0.0295947 , -0.        ,  0.99956198,  0.08180489],
       [ 0.        ,  0.        ,  0.        ,  1.        ]])]","[array([[-0.526022  , -0.85032835,  0.01557429, -0.08152352],
       [ 0.84995589, -0.52625251, -0.02516522,  0.17650143],
       [ 0.0295947 , -0.        ,  0.99956198,  0.08180489],
       [ 0.        ,  0.        ,  0.        ,  1.        ]])]"
11,"[array([[-0.79088805, -0.61072822, -0.03882189, -0.16409314],
       [ 0.60999378, -0.79184029,  0.02994243,  0.11677996],
       [-0.04902742,  0.        ,  0.99879743,  0.08491321],
       [ 0.        ,  0.        ,  0.        ,  1.        ]])]","[array([[ 0.33367279, -0.9426315 ,  0.01040794, -0.21347264],
       [ 0.94217327,  0.33383507,  0.02938831,  0.16858215],
       [-0.03117688, -0.        ,  0.99951388,  0.08241342],
       [ 0.        ,  0.        ,  0.        ,  1.        ]])]","[array([[ 0.33367279, -0.9426315 ,  0.01040794, -0.21347264],
       [ 0.94217327,  0.33383507,  0.02938831,  0.16858215],
       [-0.03117688, -0.        ,  0.99951388,  0.08241342],
       [ 0.        ,  0.        ,  0.        ,  1.        ]])]","[array([[ 0.46751325, -0.88388384,  0.01344313, -0.10815277],
       [ 0.88351866,  0.46770649,  0.02540517,  0.12873808],
       [-0.02874265,  0.        ,  0.99958684,  0.08501784],
       [ 0.        ,  0.        ,  0.        ,  1.        ]])]","[array([[-0.52594713, -0.8503463 ,  0.01705242, -0.08153114],
       [ 0.84989971, -0.5262235 , -0.02755571,  0.17639862],
       [ 0.03240528, -0.        ,  0.99947481,  0.08158451],
       [ 0.        ,  0.        ,  0.        ,  1.        ]])]","[array([[-0.52594713, -0.8503463 ,  0.01705242, -0.08153114],
       [ 0.84989971, -0.5262235 , -0.02755571,  0.17639862],
       [ 0.03240528, -0.        ,  0.99947481,  0.08158451],
       [ 0.        ,  0.        ,  0.        ,  1.        ]])]"
12,"[array([[-0.78996053, -0.61203176, -0.03714139, -0.16418075],
       [ 0.61135641, -0.79083318,  0.028744  ,  0.11671289],
       [-0.04696488,  0.        ,  0.99889654,  0.08487101],
       [ 0.        ,  0.        ,  0.        ,  1.        ]])]","[array([[ 0.33375759, -0.94260716,  0.00987999, -0.21348122],
       [ 0.94219443,  0.3339038 ,  0.02789111,  0.16858878],
       [-0.02958933, -0.        ,  0.99956214,  0.08239994],
       [ 0.        ,  0.        ,  0.        ,  1.        ]])]","[array([[ 0.33375759, -0.94260716,  0.00987999, -0.21348122],
       [ 0.94219443,  0.3339038 ,  0.02789111,  0.16858878],
       [-0.02958933, -0.        ,  0.99956214,  0.08239994],
       [ 0.        ,  0.        ,  0.        ,  1.        ]])]","[array([[ 0.46629023, -0.88453282,  0.01323302, -0.10815213],
       [ 0.88417684,  0.46647796,  0.02509238,  0.12872043],
       [-0.02836795,  0.        ,  0.99959755,  0.08501244],
       [ 0.        ,  0.        ,  0.        ,  1.        ]])]","[array([[-0.52846749, -0.84880383,  0.0159425 , -0.08160179],
       [ 0.84841786, -0.52870791, -0.02559458,  0.17644758],
       [ 0.0301537 , -0.        ,  0.99954527,  0.08178011],
       [ 0.        ,  0.        ,  0.        ,  1.        ]])]","[array([[-0.52846749, -0.84880383,  0.0159425 , -0.08160179],
       [ 0.84841786, -0.52870791, -0.02559458,  0.17644758],
       [ 0.0301537 , -0.        ,  0.99954527,  0.08178011],
       [ 0.        ,  0.        ,  0.        ,  1.        ]])]"
13,"[array([[-0.78837674, -0.61407055, -0.03714127, -0.16423041],
       [ 0.61339023, -0.78925114,  0.02889747,  0.11669433],
       [-0.04705887,  0.        ,  0.99889212,  0.08487712],
       [ 0.        ,  0.        ,  0.        ,  1.        ]])]","[array([[ 0.33565449, -0.94192529,  0.01062163, -0.21350148],
       [ 0.94145403,  0.3358225 ,  0.02979186,  0.16864396],
       [-0.03162869, -0.        ,  0.99949969,  0.08246979],
       [ 0.        ,  0.        ,  0.        ,  1.        ]])]","[array([[ 0.33565449, -0.94192529,  0.01062163, -0.21350148],
       [ 0.94145403,  0.3358225 ,  0.02979186,  0.16864396],
       [-0.03162869, -0.        ,  0.99949969,  0.08246979],
       [ 0.        ,  0.        ,  0.        ,  1.        ]])]","[array([[ 0.46568568, -0.88485196,  0.0131853 , -0.10816242],
       [ 0.8844975 ,  0.4658723 ,  0.02504343,  0.12871587],
       [-0.02830239,  0.        ,  0.99959941,  0.08501297],
       [ 0.        ,  0.        ,  0.        ,  1.        ]])]","[array([[-0.53000346, -0.84784312,  0.01607423, -0.08163973],
       [ 0.84745345, -0.53024716, -0.02570202,  0.17647008],
       [ 0.03031459, -0.        ,  0.99954041,  0.081812  ],
       [ 0.        ,  0.        ,  0.        ,  1.        ]])]","[array([[-0.53000346, -0.84784312,  0.01607423, -0.08163973],
       [ 0.84745345, -0.53024716, -0.02570202,  0.17647008],
       [ 0.03031459, -0.        ,  0.99954041,  0.081812  ],
       [ 0.        ,  0.        ,  0.        ,  1.        ]])]"
14,"[array([[-0.78943098, -0.61271342, -0.03716169, -0.16418436],
       [ 0.61203568, -0.79030517,  0.02881098,  0.11672268],
       [-0.04702195,  0.        ,  0.99889386,  0.08487029],
       [ 0.        ,  0.        ,  0.        ,  1.        ]])]","[array([[ 0.33578264, -0.94188009,  0.01057923, -0.21346535],
       [ 0.94141296,  0.33594925,  0.02966034,  0.16866584],
       [-0.03149057, -0.        ,  0.99950405,  0.0824684 ],
       [ 0.        ,  0.        ,  0.        ,  1.        ]])]","[array([[ 0.33578264, -0.94188009,  0.01057923, -0.21346535],
       [ 0.94141296,  0.33594925,  0.02966034,  0.16866584],
       [-0.03149057, -0.        ,  0.99950405,  0.0824684 ],
       [ 0.        ,  0.        ,  0.        ,  1.        ]])]","[array([[ 0.46526003, -0.8850769 ,  0.01311455, -0.10816988],
       [ 0.88472549,  0.46544482,  0.02493826,  0.12871097],
       [-0.02817638,  0.        ,  0.99960297,  0.08501215],
       [ 0.        ,  0.        ,  0.        ,  1.        ]])]","[array([[-0.53016676, -0.84770531,  0.01785795, -0.08170764],
       [ 0.84722482, -0.53046744, -0.02853763,  0.17644932],
       [ 0.03366456, -0.        ,  0.99943319,  0.08168847],
       [ 0.        ,  0.        ,  0.        ,  1.        ]])]","[array([[-0.53016676, -0.84770531,  0.01785795, -0.08170764],
       [ 0.84722482, -0.53046744, -0.02853763,  0.17644932],
       [ 0.03366456, -0.        ,  0.99943319,  0.08168847],
       [ 0.        ,  0.        ,  0.        ,  1.        ]])]"
15,"[array([[-0.78833473, -0.61413559, -0.03695721, -0.16422309],
       [ 0.61346184, -0.78920053,  0.02875915,  0.1167113 ],
       [-0.04682867,  0.        ,  0.99890294,  0.08486996],
       [ 0.        ,  0.        ,  0.        ,  1.        ]])]","[array([[ 0.3363287 , -0.94168411,  0.01067902, -0.21344883],
       [ 0.94120978,  0.33649819,  0.02988504,  0.16869477],
       [-0.03173573, -0.        ,  0.99949629,  0.0824822 ],
       [ 0.        ,  0.        ,  0.        ,  1.        ]])]","[array([[ 0.3363287 , -0.94168411,  0.01067902, -0.21344883],
       [ 0.94120978,  0.33649819,  0.02988504,  0.16869477],
       [-0.03173573, -0.        ,  0.99949629,  0.0824822 ],
       [ 0.        ,  0.        ,  0.        ,  1.        ]])]","[array([[ 0.46488409, -0.88527545,  0.0130449 , -0.10817722],
       [ 0.88492712,  0.46506708,  0.02483154,  0.1287081 ],
       [-0.02804951,  0.        ,  0.99960654,  0.08501231],
       [ 0.        ,  0.        ,  0.        ,  1.        ]])]","[array([[-0.53237243, -0.84635271,  0.0163306 , -0.08168091],
       [ 0.8459548 , -0.53262284, -0.02594978,  0.17648607],
       [ 0.03066072, -0.        ,  0.99952985,  0.08181999],
       [ 0.        ,  0.        ,  0.        ,  1.        ]])]","[array([[-0.53237243, -0.84635271,  0.0163306 , -0.08168091],
       [ 0.8459548 , -0.53262284, -0.02594978,  0.17648607],
       [ 0.03066072, -0.        ,  0.99952985,  0.08181999],
       [ 0.        ,  0.        ,  0.        ,  1.        ]])]"
16,"[array([[-0.78752538, -0.61517885, -0.03686123, -0.16424309],
       [ 0.61450608, -0.78838758,  0.02876282,  0.11669916],
       [-0.04675522,  0.        ,  0.99890638,  0.08486532],
       [ 0.        ,  0.        ,  0.        ,  1.        ]])]","[array([[ 0.33676737, -0.94152752,  0.01066198, -0.21343508],
       [ 0.941056  ,  0.3369361 ,  0.02979362,  0.16871463],
       [-0.03164392, -0.        ,  0.99949921,  0.08247728],
       [ 0.        ,  0.        ,  0.        ,  1.        ]])]","[array([[ 0.33676737, -0.94152752,  0.01066198, -0.21343508],
       [ 0.941056  ,  0.3369361 ,  0.02979362,  0.16871463],
       [-0.03164392, -0.        ,  0.99949921,  0.08247728],
       [ 0.        ,  0.        ,  0.        ,  1.        ]])]","[array([[ 0.46418582, -0.88564463,  0.01284976, -0.10817286],
       [ 0.88530548,  0.46436364,  0.02450735,  0.12869638],
       [-0.02767176,  0.        ,  0.99961706,  0.08500285],
       [ 0.        ,  0.        ,  0.        ,  1.        ]])]","[array([[-0.53306248, -0.84591575,  0.01646008, -0.08171195],
       [ 0.84551276, -0.53331654, -0.02610803,  0.17648659],
       [ 0.03086362, -0.        ,  0.9995236 ,  0.08182054],
       [ 0.        ,  0.        ,  0.        ,  1.        ]])]","[array([[-0.53306248, -0.84591575,  0.01646008, -0.08171195],
       [ 0.84551276, -0.53331654, -0.02610803,  0.17648659],
       [ 0.03086362, -0.        ,  0.9995236 ,  0.08182054],
       [ 0.        ,  0.        ,  0.        ,  1.        ]])]"
17,"[array([[-0.78750354, -0.61520066, -0.03696384, -0.16423783],
       [ 0.61452408, -0.78837057,  0.02884453,  0.11670695],
       [-0.04688637,  0.        ,  0.99890023,  0.08487125],
       [ 0.        ,  0.        ,  0.        ,  1.        ]])]","[array([[ 0.33708564, -0.94141386,  0.01064039, -0.21342069],
       [ 0.94094519,  0.33725354,  0.02970173,  0.16873258],
       [-0.03155013, -0.        ,  0.99950217,  0.08247629],
       [ 0.        ,  0.        ,  0.        ,  1.        ]])]","[array([[ 0.33708564, -0.94141386,  0.01064039, -0.21342069],
       [ 0.94094519,  0.33725354,  0.02970173,  0.16873258],
       [-0.03155013, -0.        ,  0.99950217,  0.08247629],
       [ 0.        ,  0.        ,  0.        ,  1.        ]])]","[array([[ 0.4614166 , -0.88713011,  0.0097412 , -0.10813401],
       [ 0.88693248,  0.46151941,  0.01872449,  0.1286357 ],
       [-0.02110681,  0.        ,  0.99977723,  0.08486379],
       [ 0.        ,  0.        ,  0.        ,  1.        ]])]","[array([[-0.53360567, -0.8455724 ,  0.01650184, -0.08173896],
       [ 0.84516835, -0.53386077, -0.02613697,  0.17648906],
       [ 0.03091039, -0.        ,  0.99952216,  0.08182405],
       [ 0.        ,  0.        ,  0.        ,  1.        ]])]","[array([[-0.53360567, -0.8455724 ,  0.01650184, -0.08173896],
       [ 0.84516835, -0.53386077, -0.02613697,  0.17648906],
       [ 0.03091039, -0.        ,  0.99952216,  0.08182405],
       [ 0.        ,  0.        ,  0.        ,  1.        ]])]"
18,"[array([[-0.78731396, -0.6154558 , -0.0367544 , -0.16424198],
       [ 0.61478625, -0.7881714 ,  0.02870024,  0.11670634],
       [-0.04663249,  0.        ,  0.99891211,  0.08486657],
       [ 0.        ,  0.        ,  0.        ,  1.        ]])]","[array([[ 0.33751512, -0.94126041,  0.01060093, -0.21341165],
       [ 0.94079648,  0.33768156,  0.02954923,  0.16874624],
       [-0.03139326, -0.        ,  0.99950711,  0.08247131],
       [ 0.        ,  0.        ,  0.        ,  1.        ]])]","[array([[ 0.33751512, -0.94126041,  0.01060093, -0.21341165],
       [ 0.94079648,  0.33768156,  0.02954923,  0.16874624],
       [-0.03139326, -0.        ,  0.99950711,  0.08247131],
       [ 0.        ,  0.        ,  0.        ,  1.        ]])]","[array([[ 0.46365252, -0.88592244,  0.01295243, -0.10818038],
       [ 0.88557696,  0.46383341,  0.02473916,  0.1286886 ],
       [-0.02792474,  0.        ,  0.99961003,  0.08501551],
       [ 0.        ,  0.        ,  0.        ,  1.        ]])]","[array([[-0.53425479, -0.84516307,  0.01646813, -0.08175669],
       [ 0.84476184, -0.53450854, -0.02603934,  0.17648908],
       [ 0.03080985, -0.        ,  0.99952526,  0.08183425],
       [ 0.        ,  0.        ,  0.        ,  1.        ]])]","[array([[-0.53425479, -0.84516307,  0.01646813, -0.08175669],
       [ 0.84476184, -0.53450854, -0.02603934,  0.17648908],
       [ 0.03080985, -0.        ,  0.99952526,  0.08183425],
       [ 0.        ,  0.        ,  0.        ,  1.        ]])]"
19,"[array([[-0.7876785 , -0.61497967, -0.03691325, -0.1642214 ],
       [ 0.61430548, -0.78854296,  0.02878841,  0.11671588],
       [-0.04681197,  0.        ,  0.99890372,  0.08487159],
       [ 0.        ,  0.        ,  0.        ,  1.        ]])]","[array([[ 0.33789859, -0.94112154,  0.01071409, -0.21340322],
       [ 0.94064879,  0.33806841,  0.02982609,  0.16876568],
       [-0.03169207, -0.        ,  0.99949768,  0.08248381],
       [ 0.        ,  0.        ,  0.        ,  1.        ]])]","[array([[ 0.33789859, -0.94112154,  0.01071409, -0.21340322],
       [ 0.94064879,  0.33806841,  0.02982609,  0.16876568],
       [-0.03169207, -0.        ,  0.99949768,  0.08248381],
       [ 0.        ,  0.        ,  0.        ,  1.        ]])]","[array([[ 0.46355118, -0.88597596,  0.01291902, -0.10818758],
       [ 0.88563208,  0.46373117,  0.02468229,  0.12868746],
       [-0.02785887,  0.        ,  0.99961187,  0.08501704],
       [ 0.        ,  0.        ,  0.        ,  1.        ]])]","[array([[-0.53475697, -0.84484404,  0.01653891, -0.08177633],
       [ 0.84444027, -0.53501266, -0.02611677,  0.17649438],
       [ 0.03091313, -0.        ,  0.99952208,  0.08183796],
       [ 0.        ,  0.        ,  0.        ,  1.        ]])]","[array([[-0.53475697, -0.84484404,  0.01653891, -0.08177633],
       [ 0.84444027, -0.53501266, -0.02611677,  0.17649438],
       [ 0.03091313, -0.        ,  0.99952208,  0.08183796],
       [ 0.        ,  0.        ,  0.        ,  1.        ]])]"
20,"[array([[-0.79053942, -0.61153113, -0.03281912, -0.16405008],
       [ 0.61100483, -0.79122037,  0.02536577,  0.11682736],
       [-0.04147911,  0.        ,  0.99913937,  0.08466813],
       [ 0.        ,  0.        ,  0.        ,  1.        ]])]","[array([[ 0.33802073, -0.9410782 ,  0.01066781, -0.21338591],
       [ 0.94060989,  0.33818902,  0.0296853 ,  0.16877346],
       [-0.03154393, -0.        ,  0.99950237,  0.0824781 ],
       [ 0.        ,  0.        ,  0.        ,  1.        ]])]","[array([[ 0.33802073, -0.9410782 ,  0.01066781, -0.21338591],
       [ 0.94060989,  0.33818902,  0.0296853 ,  0.16877346],
       [-0.03154393, -0.        ,  0.99950237,  0.0824781 ],
       [ 0.        ,  0.        ,  0.        ,  1.        ]])]","[array([[ 0.46319807, -0.88616252,  0.01278847, -0.10818933],
       [ 0.88582497,  0.46337457,  0.02445682,  0.12868197],
       [-0.02759857,  0.        ,  0.99961909,  0.08501021],
       [ 0.        ,  0.        ,  0.        ,  1.        ]])]","[array([[-0.53527715, -0.84451633,  0.01644797, -0.08178829],
       [ 0.84411792, -0.5355298 , -0.02593801,  0.17649852],
       [ 0.03071345, -0.        ,  0.99952823,  0.08184831],
       [ 0.        ,  0.        ,  0.        ,  1.        ]])]","[array([[-0.53527715, -0.84451633,  0.01644797, -0.08178829],
       [ 0.84411792, -0.5355298 , -0.02593801,  0.17649852],
       [ 0.03071345, -0.        ,  0.99952823,  0.08184831],
       [ 0.        ,  0.        ,  0.        ,  1.        ]])]"
21,"[array([[-0.78690706, -0.61596574, -0.03692543, -0.16424089],
       [ 0.6152887 , -0.78777294,  0.02887228,  0.11671162],
       [-0.04687319,  0.        ,  0.99890085,  0.08487496],
       [ 0.        ,  0.        ,  0.        ,  1.        ]])]","[array([[ 0.33844734, -0.94092317,  0.01081628, -0.21338378],
       [ 0.94044303,  0.33862013,  0.03005517,  0.1687907 ],
       [-0.03194222, -0.        ,  0.99948972,  0.08249676],
       [ 0.        ,  0.        ,  0.        ,  1.        ]])]","[array([[ 0.33844734, -0.94092317,  0.01081628, -0.21338378],
       [ 0.94044303,  0.33862013,  0.03005517,  0.1687907 ],
       [-0.03194222, -0.        ,  0.99948972,  0.08249676],
       [ 0.        ,  0.        ,  0.        ,  1.        ]])]","[array([[ 0.46023194, -0.88774681,  0.00960062, -0.10813995],
       [ 0.88755372,  0.46033206,  0.01851472,  0.12862124],
       [-0.02085585,  0.        ,  0.99978249,  0.08486317],
       [ 0.        ,  0.        ,  0.        ,  1.        ]])]","[array([[-0.53541431, -0.8444277 ,  0.01653404, -0.08181871],
       [ 0.84402535, -0.53566954, -0.02606421,  0.17649354],
       [ 0.03086612, -0.        ,  0.99952353,  0.08185046],
       [ 0.        ,  0.        ,  0.        ,  1.        ]])]","[array([[-0.53541431, -0.8444277 ,  0.01653404, -0.08181871],
       [ 0.84402535, -0.53566954, -0.02606421,  0.17649354],
       [ 0.03086612, -0.        ,  0.99952353,  0.08185046],
       [ 0.        ,  0.        ,  0.        ,  1.        ]])]"
22,"[array([[-0.78679723, -0.61611756, -0.03673242, -0.16424608],
       [ 0.61544722, -0.78765421,  0.02873277,  0.11671642],
       [-0.04663521,  0.        ,  0.99891199,  0.08486863],
       [ 0.        ,  0.        ,  0.        ,  1.        ]])]","[array([[ 0.33854729, -0.94088869,  0.01068683, -0.2133708 ],
       [ 0.94042026,  0.33871592,  0.02968598,  0.16879986],
       [-0.031551  , -0.        ,  0.99950214,  0.08248032],
       [ 0.        ,  0.        ,  0.        ,  1.        ]])]","[array([[ 0.33854729, -0.94088869,  0.01068683, -0.2133708 ],
       [ 0.94042026,  0.33871592,  0.02968598,  0.16879986],
       [-0.031551  , -0.        ,  0.99950214,  0.08248032],
       [ 0.        ,  0.        ,  0.        ,  1.        ]])]","[array([[ 0.46244571, -0.88655648,  0.01271087, -0.10818397],
       [ 0.88622178,  0.46262037,  0.02435885,  0.12867239],
       [-0.0274758 ,  0.        ,  0.99962247,  0.08500946],
       [ 0.        ,  0.        ,  0.        ,  1.        ]])]","[array([[-0.53577495, -0.84419658,  0.01665318, -0.08183506],
       [ 0.84378908, -0.5360337 , -0.02622701,  0.17649704],
       [ 0.03106742, -0.        ,  0.99951729,  0.08184406],
       [ 0.        ,  0.        ,  0.        ,  1.        ]])]","[array([[-0.53577495, -0.84419658,  0.01665318, -0.08183506],
       [ 0.84378908, -0.5360337 , -0.02622701,  0.17649704],
       [ 0.03106742, -0.        ,  0.99951729,  0.08184406],
       [ 0.        ,  0.        ,  0.        ,  1.        ]])]"
23,"[array([[-0.78656757, -0.61640784, -0.03678077, -0.16425053],
       [ 0.61573503, -0.78742706,  0.02879245,  0.11671555],
       [-0.04671007,  0.        ,  0.99890849,  0.08487131],
       [ 0.        ,  0.        ,  0.        ,  1.        ]])]","[array([[ 0.33855571, -0.9408855 ,  0.01070117, -0.21335406],
       [ 0.94041584,  0.33872479,  0.02972495,  0.16880504],
       [-0.03159252, -0.        ,  0.99950083,  0.08248364],
       [ 0.        ,  0.        ,  0.        ,  1.        ]])]","[array([[ 0.33855571, -0.9408855 ,  0.01070117, -0.21335406],
       [ 0.94041584,  0.33872479,  0.02972495,  0.16880504],
       [-0.03159252, -0.        ,  0.99950083,  0.08248364],
       [ 0.        ,  0.        ,  0.        ,  1.        ]])]","[array([[ 0.45952321, -0.8881153 ,  0.00946706, -0.10813734],
       [ 0.88792689,  0.45962072,  0.01829301,  0.12860657],
       [-0.02059756,  0.        ,  0.99978785,  0.08485539],
       [ 0.        ,  0.        ,  0.        ,  1.        ]])]","[array([[-0.53594408, -0.84409126,  0.01654971, -0.08185523],
       [ 0.8436891 , -0.53619954, -0.02605274,  0.17649494],
       [ 0.03086484, -0.        ,  0.99952357,  0.0818575 ],
       [ 0.        ,  0.        ,  0.        ,  1.        ]])]","[array([[-0.53594408, -0.84409126,  0.01654971, -0.08185523],
       [ 0.8436891 , -0.53619954, -0.02605274,  0.17649494],
       [ 0.03086484, -0.        ,  0.99952357,  0.0818575 ],
       [ 0.        ,  0.        ,  0.        ,  1.        ]])]"
24,"[array([[-0.79003204, -0.61220346, -0.03250087, -0.1640581 ],
       [ 0.61168607, -0.79070028,  0.02516395,  0.11683102],
       [-0.0411039 ,  0.        ,  0.99915488,  0.08465773],
       [ 0.        ,  0.        ,  0.        ,  1.        ]])]","[array([[ 0.33869838, -0.94083502,  0.01062367, -0.21334837],
       [ 0.94037255,  0.33886496,  0.02949589,  0.16881405],
       [-0.03135076, -0.        ,  0.99950844,  0.08247595],
       [ 0.        ,  0.        ,  0.        ,  1.        ]])]","[array([[ 0.33869838, -0.94083502,  0.01062367, -0.21334837],
       [ 0.94037255,  0.33886496,  0.02949589,  0.16881405],
       [-0.03135076, -0.        ,  0.99950844,  0.08247595],
       [ 0.        ,  0.        ,  0.        ,  1.        ]])]","[array([[ 0.45937107, -0.88819341,  0.00952337, -0.10814163],
       [ 0.8880026 ,  0.45946977,  0.01840946,  0.12860854],
       [-0.02072686,  0.        ,  0.99978518,  0.08486028],
       [ 0.        ,  0.        ,  0.        ,  1.        ]])]","[array([[-0.53637685, -0.84381654,  0.01653863, -0.08186569],
       [ 0.8434157 , -0.53663176, -0.02600586,  0.17650269],
       [ 0.03081933, -0.        ,  0.99952497,  0.08186195],
       [ 0.        ,  0.        ,  0.        ,  1.        ]])]","[array([[-0.53637685, -0.84381654,  0.01653863, -0.08186569],
       [ 0.8434157 , -0.53663176, -0.02600586,  0.17650269],
       [ 0.03081933, -0.        ,  0.99952497,  0.08186195],
       [ 0.        ,  0.        ,  0.        ,  1.        ]])]"
25,"[array([[-0.78658769, -0.61639432, -0.03657653, -0.16424292],
       [ 0.61572899, -0.78743764,  0.02863155,  0.11672157],
       [-0.04645006,  0.        ,  0.99892061,  0.08486448],
       [ 0.        ,  0.        ,  0.        ,  1.        ]])]","[array([[ 0.33894519, -0.94074491,  0.01073171, -0.21334581],
       [ 0.94027372,  0.33911504,  0.02977103,  0.16882431],
       [-0.03164623, -0.        ,  0.99949913,  0.08248635],
       [ 0.        ,  0.        ,  0.        ,  1.        ]])]","[array([[ 0.33894519, -0.94074491,  0.01073171, -0.21334581],
       [ 0.94027372,  0.33911504,  0.02977103,  0.16882431],
       [-0.03164623, -0.        ,  0.99949913,  0.08248635],
       [ 0.        ,  0.        ,  0.        ,  1.        ]])]","[array([[ 0.46216136, -0.88670278,  0.01284759, -0.1081989 ],
       [ 0.88636037,  0.4623399 ,  0.02463986,  0.12867179],
       [-0.02778818,  0.        ,  0.99961383,  0.08502346],
       [ 0.        ,  0.        ,  0.        ,  1.        ]])]","[array([[-0.53670487, -0.84360566,  0.01665438, -0.08187336],
       [ 0.84319979, -0.53696321, -0.02616516,  0.176501  ],
       [ 0.03101586, -0.        ,  0.99951889,  0.0818567 ],
       [ 0.        ,  0.        ,  0.        ,  1.        ]])]","[array([[-0.53670487, -0.84360566,  0.01665438, -0.08187336],
       [ 0.84319979, -0.53696321, -0.02616516,  0.176501  ],
       [ 0.03101586, -0.        ,  0.99951889,  0.0818567 ],
       [ 0.        ,  0.        ,  0.        ,  1.        ]])]"
26,"[array([[-0.78632301, -0.61671821, -0.0368072 , -0.16425253],
       [ 0.61604367, -0.787184  ,  0.02883655,  0.1167184 ],
       [-0.04675806,  0.        ,  0.99890624,  0.08487338],
       [ 0.        ,  0.        ,  0.        ,  1.        ]])]","[array([[ 0.33913322, -0.94067651,  0.0107867 , -0.21333948],
       [ 0.94020105,  0.33930472,  0.02990468,  0.16883348],
       [-0.03179061, -0.        ,  0.99949455,  0.08249394],
       [ 0.        ,  0.        ,  0.        ,  1.        ]])]","[array([[ 0.33913322, -0.94067651,  0.0107867 , -0.21333948],
       [ 0.94020105,  0.33930472,  0.02990468,  0.16883348],
       [-0.03179061, -0.        ,  0.99949455,  0.08249394],
       [ 0.        ,  0.        ,  0.        ,  1.        ]])]","[array([[ 0.45918949, -0.88828673,  0.00957575, -0.10814739],
