,transforms
0,"[array([[-0.5939766 ,  0.80289962,  0.00268194, -0.068403  ],
       [-0.80445028, -0.59605143, -0.01090501,  0.1512715 ],
       [-0.00717998, -0.00865382,  0.99993694,  0.2370005 ],
       [ 0.        ,  0.        ,  0.        ,  1.        ]])]"
1,"[array([[-0.59390389,  0.8029028 ,  0.00270761, -0.0684065 ],
       [-0.80450397, -0.5960467 , -0.01092127,  0.1512705 ],
       [-0.0071786 , -0.00868408,  0.9999367 ,  0.237     ],
       [ 0.        ,  0.        ,  0.        ,  1.        ]])]"
2,"[array([[-0.59384296,  0.80291774,  0.00268134, -0.0684025 ],
       [-0.80454931, -0.59602751, -0.01085016,  0.1512715 ],
       [-0.00713764, -0.00862043,  0.99993754,  0.237     ],
       [ 0.        ,  0.        ,  0.        ,  1.        ]])]"
3,"[array([[-0.59384242,  0.80298797,  0.00268313, -0.068402  ],
       [-0.80454859, -0.59593152, -0.01100709,  0.1512705 ],
       [-0.00726285, -0.00871455,  0.99993582,  0.2370025 ],
       [ 0.        ,  0.        ,  0.        ,  1.        ]])]"
4,"[array([[-0.59382248,  0.80290193,  0.00275858, -0.0684075 ],
       [-0.80456331, -0.59604605, -0.0110622 ,  0.1512715 ],
       [-0.00726261, -0.00880902,  0.99993501,  0.236997  ],
       [ 0.        ,  0.        ,  0.        ,  1.        ]])]"
5,"[array([[-0.59390389,  0.80284664,  0.00273198, -0.068403  ],
       [-0.80450397, -0.59612191, -0.01093926,  0.151273  ],
       [-0.0071786 , -0.00871505,  0.99993643,  0.2370005 ],
       [ 0.        ,  0.        ,  0.        ,  1.        ]])]"
6,"[array([[-0.59388957,  0.80291754,  0.00270773, -0.0684035 ],
       [-0.80451416, -0.5960264 , -0.01097408,  0.151269  ],
       [-0.00722118, -0.00871548,  0.99993612,  0.2370015 ],
       [ 0.        ,  0.        ,  0.        ,  1.        ]])]"
7,"[array([[-0.59386401,  0.80288807,  0.00268275, -0.0684015 ],
       [-0.80453341, -0.596067  , -0.01090179,  0.15127   ],
       [-0.00717812, -0.00865269,  0.99993697,  0.2370025 ],
       [ 0.        ,  0.        ,  0.        ,  1.        ]])]"
8,"[array([[-0.59385583,  0.80296961,  0.00270641, -0.0684035 ],
       [-0.80453981, -0.59595718, -0.01086964,  0.1512705 ],
       [-0.00713829, -0.00865155,  0.99993726,  0.2370015 ],
       [ 0.        ,  0.        ,  0.        ,  1.        ]])]"
9,"[array([[-0.59390425,  0.80291369,  0.00278242, -0.068404  ],
       [-0.80450445, -0.59603159, -0.01087275,  0.1512715 ],
       [-0.00709513, -0.0087151 ,  0.99993702,  0.2370005 ],
       [ 0.        ,  0.        ,  0.        ,  1.        ]])]"
10,"[array([[-0.59395756,  0.80291347,  0.00270791, -0.068403  ],
       [-0.8044636 , -0.59603143, -0.01102551,  0.1512715 ],
       [-0.00726171, -0.00874633,  0.99993555,  0.237001  ],
       [ 0.        ,  0.        ,  0.        ,  1.        ]])]"
11,"[array([[-0.59379694,  0.80282762,  0.00273277, -0.0684045 ],
       [-0.80458254, -0.59614706, -0.01098929,  0.151271  ],
       [-0.00721954, -0.00874574,  0.99993588,  0.237     ],
       [ 0.        ,  0.        ,  0.        ,  1.        ]])]"
12,"[array([[-5.91485833e-01,  8.04336240e-01,  7.18715030e-04,
        -6.98180000e-02],
       [-8.06287046e-01, -5.94145367e-01, -8.91200170e-03,
         1.51762000e-01],
       [-6.76079200e-03, -5.87334783e-03,  9.99960029e-01,
         2.36900000e-01],
       [ 0.00000000e+00,  0.00000000e+00,  0.00000000e+00,
         1.00000000e+00]])]"
13,"[array([[-0.5949444 ,  0.80162041,  0.00776226, -0.0673665 ],
       [-0.80374218, -0.59766133, -0.01358082,  0.1506415 ],
       [-0.00629814, -0.01434087,  0.99987765,  0.2371475 ],
       [ 0.        ,  0.        ,  0.        ,  1.        ]])]"
14,"[array([[-0.59459125,  0.80225614,  0.00852153, -0.0679995 ],
       [-0.80401255, -0.59680831, -0.01252883,  0.150869  ],
       [-0.00500708, -0.0143154 ,  0.9998852 ,  0.237127  ],
       [ 0.        ,  0.        ,  0.        ,  1.        ]])]"
15,"[array([[-0.59553343,  0.80182458,  0.009943  , -0.067644  ],
       [-0.80331742, -0.59735087, -0.01308142,  0.15074   ],
       [-0.00458776, -0.01578887,  0.999865  ,  0.2371715 ],
       [ 0.        ,  0.        ,  0.        ,  1.        ]])]"
16,"[array([[-0.59454471,  0.80222749,  0.00749502, -0.06857   ],
       [-0.80404537, -0.59687201, -0.01207877,  0.1509815 ],
       [-0.00525629, -0.01322353,  0.99989896,  0.2371065 ],
       [ 0.        ,  0.        ,  0.        ,  1.        ]])]"
17,"[array([[-0.5946126 ,  0.80233697,  0.00520787, -0.0701245 ],
       [-0.80399264, -0.5967762 , -0.01085318,  0.1512925 ],
       [-0.00562962, -0.01065616,  0.99992754,  0.2370245 ],
       [ 0.        ,  0.        ,  0.        ,  1.        ]])]"
18,"[array([[-0.59032553,  0.80532689,  0.00488982, -0.072348  ],
       [-0.80716362, -0.59278662, -0.00559291,  0.152293  ],
       [-0.00162785, -0.00725351,  0.9999724 ,  0.23685   ],
       [ 0.        ,  0.        ,  0.        ,  1.        ]])]"
19,"[array([[-0.58376887,  0.81069516,  0.00538086, -0.0739955 ],
       [-0.81191898, -0.58542046, -0.0053591 ,  0.15239   ],
       [-0.00121001, -0.00749978,  0.99997116,  0.236844  ],
       [ 0.        ,  0.        ,  0.        ,  1.        ]])]"
20,"[array([[-0.56607811,  0.82231452,  0.00695787, -0.0767645 ],
       [-0.82434551, -0.56893399, -0.00862252,  0.1517815 ],
       [-0.00316944, -0.01062785,  0.99993862,  0.236932  ],
       [ 0.        ,  0.        ,  0.        ,  1.        ]])]"
21,"[array([[-0.53991972,  0.83946008,  0.00677706, -0.079281  ],
       [-0.84169598, -0.54329221, -0.01133204,  0.1508385 ],
       [-0.00587957, -0.01184671,  0.99991282,  0.2370335 ],
       [ 0.        ,  0.        ,  0.        ,  1.        ]])]"
22,"[array([[-0.51831118,  0.8536732 ,  0.0071511 , -0.0809455 ],
       [-0.8551634 , -0.52065594, -0.01252652,  0.1505475 ],
       [-0.00700646, -0.01262802,  0.99989597,  0.237067  ],
       [ 0.        ,  0.        ,  0.        ,  1.        ]])]"
23,"[array([[-0.48166417,  0.87430417,  0.00646369, -0.083623  ],
       [-0.87628814, -0.48519318, -0.01598491,  0.1494545 ],
       [-0.01089568, -0.013409  ,  0.99985134,  0.2371685 ],
       [ 0.        ,  0.        ,  0.        ,  1.        ]])]"
24,"[array([[-0.42452077,  0.9033093 ,  0.00473174, -0.0869665 ],
       [-0.90523548, -0.42876648, -0.02230687,  0.148     ],
       [-0.01818898, -0.01384226,  0.99973997,  0.2372975 ],
       [ 0.        ,  0.        ,  0.        ,  1.        ]])]"
25,"[array([[-0.36288764,  0.9302848 ,  0.00479281, -0.089931  ],
       [-0.93155913, -0.36656959, -0.02610445,  0.1469585 ],
       [-0.02258654, -0.01403272,  0.99964773,  0.2373895 ],
       [ 0.        ,  0.        ,  0.        ,  1.        ]])]"
26,"[array([[-0.32444443,  0.94416762,  0.00434919, -0.092244  ],
       [-0.94554523, -0.32918142, -0.02905963,  0.1460055 ],
       [-0.02607739, -0.01367816,  0.99956822,  0.237484  ],
       [ 0.        ,  0.        ,  0.        ,  1.        ]])]"
27,"[array([[-0.27469805,  0.96007859,  0.00548336, -0.094355  ],
       [-0.96104687, -0.27935073, -0.03327945,  0.1447825 ],
       [-0.03049419, -0.01456938,  0.99943104,  0.237629  ],
       [ 0.        ,  0.        ,  0.        ,  1.        ]])]"
28,"[array([[-0.24431605,  0.96857854,  0.00637646, -0.095498  ],
       [-0.96907718, -0.24822757, -0.03731473,  0.1437665 ],
       [-0.0346278 , -0.01544972,  0.99928322,  0.237735  ],
       [ 0.        ,  0.        ,  0.        ,  1.        ]])]"
29,"[array([[-0.23288932,  0.97128893,  0.00677721, -0.0958325 ],
       [-0.97176239, -0.23734774, -0.04064682,  0.143211  ],
       [-0.03795295, -0.01624386,  0.99915059,  0.2378    ],
       [ 0.        ,  0.        ,  0.        ,  1.        ]])]"
30,"[array([[-0.23423588,  0.97065016,  0.01018435, -0.094996  ],
       [-0.97150153, -0.23970877, -0.03979792,  0.1432515 ],
       [-0.03630885, -0.01944176,  0.99915585,  0.237824  ],
       [ 0.        ,  0.        ,  0.        ,  1.        ]])]"
31,"[array([[-0.2397383 ,  0.96940874,  0.0148514 , -0.0932705 ],
       [-0.97025412, -0.24429738, -0.03832461,  0.144033  ],
       [-0.0336526 , -0.02377978,  0.99915497,  0.2377895 ],
       [ 0.        ,  0.        ,  0.        ,  1.        ]])]"
32,"[array([[-0.24375203,  0.96832316,  0.01588083, -0.091238  ],
       [-0.96949772, -0.24864209, -0.03045837,  0.145463  ],
       [-0.02567349, -0.02296456,  0.99940987,  0.2376485 ],
       [ 0.        ,  0.        ,  0.        ,  1.        ]])]"
33,"[array([[-0.25027523,  0.96681927,  0.01381026, -0.0894575 ],
       [-0.96797012, -0.25471567, -0.02412491,  0.1469945 ],
       [-0.01990352, -0.01950455,  0.99961356,  0.237478  ],
       [ 0.        ,  0.        ,  0.        ,  1.        ]])]"
34,"[array([[-0.26039522,  0.96406192,  0.01085069, -0.0873575 ],
       [-0.96545314, -0.26531319, -0.01299775,  0.1495655 ],
       [-0.00972465, -0.0139112 ,  0.99985665,  0.2371675 ],
       [ 0.        ,  0.        ,  0.        ,  1.        ]])]"
35,"[array([[-0.29586132,  0.95389614,  0.00496959, -0.084144  ],
       [-0.95522729, -0.30010497,  0.00121291,  0.153167  ],
       [ 0.00262895, -0.00437653,  0.99998692,  0.236685  ],
       [ 0.        ,  0.        ,  0.        ,  1.        ]])]"
36,"[array([[-0.33136242,  0.94186281,  0.00306688, -0.0814535 ],
       [-0.94349375, -0.33599328,  0.00347996,  0.154475  ],
       [ 0.00429961, -0.00171936,  0.99998924,  0.2365505 ],
       [ 0.        ,  0.        ,  0.        ,  1.        ]])]"
37,"[array([[-3.59818860e-01,  9.31185061e-01,  4.39808534e-04,
        -7.94160000e-02],
       [-9.33008969e-01, -3.64543860e-01,  5.15184243e-03,
         1.55033500e-01],
       [ 4.96503297e-03,  1.46854902e-03,  9.99986632e-01,
         2.36465500e-01],
       [ 0.00000000e+00,  0.00000000e+00,  0.00000000e+00,
         1.00000000e+00]])]"
38,"[array([[-4.07016442e-01,  9.11670979e-01,  8.47833522e-04,
        -7.59285000e-02],
       [-9.13408001e-01, -4.10919047e-01,  4.92257164e-03,
         1.55158500e-01],
       [ 4.84145890e-03,  1.24984883e-03,  9.99987525e-01,
         2.36463000e-01],
       [ 0.00000000e+00,  0.00000000e+00,  0.00000000e+00,
         1.00000000e+00]])]"
39,"[array([[-4.53557107e-01,  8.89169791e-01,  8.96847181e-04,
        -7.28635000e-02],
       [-8.91213840e-01, -4.57574947e-01,  5.02231525e-03,
         1.55029000e-01],
       [ 4.88279182e-03,  1.50065574e-03,  9.99986986e-01,
         2.36468000e-01],
       [ 0.00000000e+00,  0.00000000e+00,  0.00000000e+00,
         1.00000000e+00]])]"
40,"[array([[-4.99320877e-01,  8.64819223e-01,  6.19869953e-04,
        -7.01645000e-02],
       [-8.66404760e-01, -5.02079511e-01,  4.98874120e-03,
         1.54785500e-01],
       [ 4.63184166e-03,  1.96869417e-03,  9.99987364e-01,
         2.36483500e-01],
       [ 0.00000000e+00,  0.00000000e+00,  0.00000000e+00,
         1.00000000e+00]])]"
41,"[array([[-5.39340919e-01,  8.40176897e-01,  6.33260569e-04,
        -6.77660000e-02],
       [-8.42081219e-01, -5.42310774e-01,  3.45959488e-03,
         1.54287500e-01],
       [ 3.25482334e-03,  1.34413299e-03,  9.99993815e-01,
         2.36511500e-01],
       [ 0.00000000e+00,  0.00000000e+00,  0.00000000e+00,
         1.00000000e+00]])]"
42,"[array([[-5.78399244e-01,  8.14187623e-01, -2.78342919e-04,
        -6.57265000e-02],
       [-8.15746840e-01, -5.80598191e-01, -3.94307992e-03,
         1.52812500e-01],
       [-3.37757471e-03, -2.06273783e-03,  9.99992187e-01,
         2.36747000e-01],
       [ 0.00000000e+00,  0.00000000e+00,  0.00000000e+00,
         1.00000000e+00]])]"
43,"[array([[-0.61049923,  0.79041415,  0.00292948, -0.0630755 ],
       [-0.79198434, -0.61250301, -0.0113183 ,  0.1509905 ],
       [-0.00717596, -0.00924863,  0.99993165,  0.237057  ],
       [ 0.        ,  0.        ,  0.        ,  1.        ]])]"
44,"[array([[-0.62693541,  0.77756786,  0.00308651, -0.06185   ],
       [-0.7789855 , -0.62865858, -0.01731919,  0.149889  ],
       [-0.01155814, -0.01328989,  0.99984525,  0.2372415 ],
       [ 0.        ,  0.        ,  0.        ,  1.        ]])]"
45,"[array([[-0.63558644,  0.77057968,  0.0018152 , -0.061604  ],
       [-0.77189081, -0.63718007, -0.0204626 ,  0.149365  ],
       [-0.01464427, -0.01444016,  0.99978897,  0.237307  ],
       [ 0.        ,  0.        ,  0.        ,  1.        ]])]"
46,"[array([[-0.63557293,  0.77076155,  0.00196282, -0.0617185 ],
       [-0.77188638, -0.63694032, -0.02161796,  0.148956  ],
       [-0.01544274, -0.01528582,  0.99976438,  0.2373655 ],
       [ 0.        ,  0.        ,  0.        ,  1.        ]])]"
47,"[array([[-6.35932949e-01,  7.70729261e-01,  4.21602416e-04,
        -6.20300000e-02],
       [-7.71575273e-01, -6.37011549e-01, -2.12763735e-02,
         1.48963500e-01],
       [-1.61518705e-02, -1.38813805e-02,  9.99773543e-01,
         2.37344000e-01],
       [ 0.00000000e+00,  0.00000000e+00,  0.00000000e+00,
         1.00000000e+00]])]"
48,"[array([[-0.63378113,  0.77151483, -0.00219554, -0.0626675 ],
       [-0.77330555, -0.63610049, -0.02132819,  0.148931  ],
       [-0.01788882, -0.01187571,  0.99977012,  0.237346  ],
       [ 0.        ,  0.        ,  0.        ,  1.        ]])]"
49,"[array([[-6.32070526e-01,  7.73728699e-01, -4.49832891e-04,
        -6.24735000e-02],
       [-7.74761126e-01, -6.33405815e-01, -1.92910645e-02,
         1.49514000e-01],
       [-1.52331292e-02, -1.18732345e-02,  9.99813809e-01,
         2.37258000e-01],
       [ 0.00000000e+00,  0.00000000e+00,  0.00000000e+00,
         1.00000000e+00]])]"
50,"[array([[-0.63228406,  0.77338501,  0.00152043, -0.062124  ],
       [-0.77464602, -0.6338294 , -0.01653568,  0.1499735 ],
       [-0.01184959, -0.01165829,  0.99986212,  0.2371895 ],
       [ 0.        ,  0.        ,  0.        ,  1.        ]])]"
51,"[array([[-6.32119050e-01,  7.73057962e-01,  7.73607262e-04,
        -6.23220000e-02],
       [-7.74769447e-01, -6.34235053e-01, -1.68430439e-02,
         1.49903000e-01],
       [-1.25622497e-02, -1.12820959e-02,  9.99857847e-01,
         2.37195500e-01],
       [ 0.00000000e+00,  0.00000000e+00,  0.00000000e+00,
         1.00000000e+00]])]"
52,"[array([[-0.6303984 ,  0.77477923,  0.00229123, -0.0621255 ],
       [-0.77621504, -0.6321431 , -0.01394988,  0.1505755 ],
       [-0.00938465, -0.01059458,  0.99990007,  0.2371175 ],
       [ 0.        ,  0.        ,  0.        ,  1.        ]])]"
53,"[array([[-0.63376172,  0.77226905,  0.00407441, -0.0617465 ],
       [-0.77351238, -0.63522685, -0.0097596 ,  0.1512665 ],
       [-0.00496724, -0.00934663,  0.99994407,  0.2370025 ],
       [ 0.        ,  0.        ,  0.        ,  1.        ]])]"
54,"[array([[-0.6363967 ,  0.76993347,  0.00456003, -0.0614315 ],
       [-0.77134951, -0.63805294, -0.00943881,  0.151438  ],
       [-0.00437888, -0.00953391,  0.99994506,  0.2369955 ],
       [ 0.        ,  0.        ,  0.        ,  1.        ]])]"
55,"[array([[-0.63988374,  0.76708587,  0.00505303, -0.0612725 ],
       [-0.76846982, -0.64149451, -0.00643413,  0.151969  ],
       [-0.00171114, -0.00800383,  0.99996653,  0.236911  ],
       [ 0.        ,  0.        ,  0.        ,  1.        ]])]"
56,"[array([[-0.64436723,  0.76452331,  0.00338992, -0.061349  ],
       [-0.76471549, -0.64457418, -0.00422395,  0.1524345 ],
       [-0.00104578, -0.0053144 ,  0.99998533,  0.236806  ],
       [ 0.        ,  0.        ,  0.        ,  1.        ]])]"
57,"[array([[-0.64806254,  0.76005958,  0.00218153, -0.06142   ],
       [-0.76158199, -0.64983219, -0.00552793,  0.1522535 ],
       [-0.00279625, -0.00525041,  0.99998234,  0.236827  ],
       [ 0.        ,  0.        ,  0.        ,  1.        ]])]"
58,"[array([[-6.64641440e-01,  7.45602744e-01,  9.32897423e-04,
        -6.08940000e-02],
       [-7.47106057e-01, -6.66323860e-01, -1.31179923e-02,
         1.50448500e-01],
       [-9.18128324e-03, -9.43721830e-03,  9.99913520e-01,
         2.37072000e-01],
       [ 0.00000000e+00,  0.00000000e+00,  0.00000000e+00,
         1.00000000e+00]])]"
59,"[array([[-0.68840677,  0.72397654,  0.00209183, -0.059409  ],
       [-0.72519186, -0.68963687, -0.02113254,  0.1489085 ],
       [-0.01388825, -0.01609184,  0.99977449,  0.2373195 ],
       [ 0.        ,  0.        ,  0.        ,  1.        ]])]"
60,"[array([[-0.69453312,  0.71789912,  0.00326685, -0.05883   ],
       [-0.71934085, -0.69593346, -0.0214076 ,  0.1488815 ],
       [-0.01313351, -0.01724758,  0.99976549,  0.237351  ],
       [ 0.        ,  0.        ,  0.        ,  1.        ]])]"
61,"[array([[-0.69309128,  0.7188193 ,  0.00327982, -0.058921  ],
       [-0.72073321, -0.69498776, -0.02114032,  0.1490325 ],
       [-0.01296628, -0.01705376,  0.99977114,  0.237325  ],
       [ 0.        ,  0.        ,  0.        ,  1.        ]])]"
62,"[array([[-0.68964388,  0.72278613,  0.0031645 , -0.059201  ],
       [-0.72405517, -0.6908985 , -0.01908345,  0.149369  ],
       [-0.01163727, -0.01547488,  0.99981289,  0.2372645 ],
       [ 0.        ,  0.        ,  0.        ,  1.        ]])]"
63,"[array([[-0.68454584,  0.72744829,  0.00147913, -0.059856  ],
       [-0.72889987, -0.68606557, -0.01524061,  0.150134  ],
       [-0.01009753, -0.0115334 ,  0.99988276,  0.2371485 ],
       [ 0.        ,  0.        ,  0.        ,  1.        ]])]"
64,"[array([[-6.78033462e-01,  7.34618351e-01,  5.03102179e-04,
        -6.15200000e-02],
       [-7.35010010e-01, -6.78455634e-01, -8.02798240e-03,
         1.51834000e-01],
       [-5.55970718e-03, -5.81640615e-03,  9.99967649e-01,
         2.36884000e-01],
       [ 0.00000000e+00,  0.00000000e+00,  0.00000000e+00,
         1.00000000e+00]])]"
65,"[array([[-6.70040922e-01,  7.42804169e-01,  1.60422225e-03,
        -6.32655000e-02],
       [-7.42320730e-01, -6.69508738e-01,  1.59302741e-03,
         1.53907500e-01],
       [ 2.25743760e-03, -1.25077528e-04,  9.99997444e-01,
         2.36567000e-01],
       [ 0.00000000e+00,  0.00000000e+00,  0.00000000e+00,
         1.00000000e+00]])]"
66,"[array([[-6.62663855e-01,  7.48701326e-01,  2.01895499e-03,
        -6.44780000e-02],
       [-7.48905515e-01, -6.62906770e-01,  3.74236468e-03,
         1.54455000e-01],
       [ 4.14060349e-03,  9.69253366e-04,  9.99990959e-01,
         2.36505500e-01],
       [ 0.00000000e+00,  0.00000000e+00,  0.00000000e+00,
         1.00000000e+00]])]"
67,"[array([[-6.46957467e-01,  7.60723362e-01,  3.96488117e-03,
        -6.71045000e-02],
       [-7.62509406e-01, -6.49075608e-01,  3.25079017e-03,
         1.54559000e-01],
       [ 5.04393386e-03, -9.06181043e-04,  9.99986856e-01,
         2.36548500e-01],
       [ 0.00000000e+00,  0.00000000e+00,  0.00000000e+00,
         1.00000000e+00]])]"
68,"[array([[-0.62595063,  0.77848966,  0.00547117, -0.0701085 ],
       [-0.7798312 , -0.62765592,  0.00459456,  0.154645  ],
       [ 0.00700784, -0.00137548,  0.99997448,  0.236549  ],
       [ 0.        ,  0.        ,  0.        ,  1.        ]])]"
69,"[array([[-0.58719924,  0.80719401,  0.00709062, -0.0739905 ],
       [-0.80939177, -0.59028229,  0.00604442,  0.154907  ],
       [ 0.00905631, -0.00215568,  0.99995659,  0.2366115 ],
       [ 0.        ,  0.        ,  0.        ,  1.        ]])]"
70,"[array([[-0.5486168 ,  0.83458162,  0.00881054, -0.0769925 ],
       [-0.83600141, -0.55087452,  0.00738899,  0.1550825 ],
       [ 0.01101154, -0.00328292,  0.99993389,  0.2366505 ],
       [ 0.        ,  0.        ,  0.        ,  1.        ]])]"
71,"[array([[-0.53595157,  0.84206487,  0.01002654, -0.0773805 ],
       [-0.84418321, -0.5393516 ,  0.00609274,  0.154835  ],
       [ 0.01051786, -0.00515722,  0.99993117,  0.2366915 ],
       [ 0.        ,  0.        ,  0.        ,  1.        ]])]"
72,"[array([[-0.53399101,  0.84353369,  0.01732831, -0.074435  ],
       [-0.84547534, -0.53679701, -0.00502463,  0.1522005 ],
       [ 0.00500577, -0.01731704,  0.99983723,  0.237116  ],
       [ 0.        ,  0.        ,  0.        ,  1.        ]])]"
73,"[array([[-0.54117529,  0.83886903,  0.01298388, -0.0728165 ],
       [-0.84087812, -0.54395975, -0.01703521,  0.1496965 ],
       [-0.00729965, -0.02016287,  0.99977058,  0.2373195 ],
       [ 0.        ,  0.        ,  0.        ,  1.        ]])]"
74,"[array([[-0.54095477,  0.83889563,  0.01302599, -0.07278   ],
       [-0.8410218 , -0.54392204, -0.01680659,  0.149771  ],
       [-0.00708984, -0.02007346,  0.99977391,  0.237312  ],
       [ 0.        ,  0.        ,  0.        ,  1.        ]])]"
75,"[array([[-0.54172493,  0.83893758,  0.01163116, -0.073106  ],
       [-0.84051845, -0.54389703, -0.01692512,  0.149776  ],
       [-0.00792666, -0.01896734,  0.99978911,  0.2372865 ],
       [ 0.        ,  0.        ,  0.        ,  1.        ]])]"
76,"[array([[-0.54218624,  0.83868851,  0.01002337, -0.0731755 ],
       [-0.84021135, -0.54432413, -0.01704301,  0.1497905 ],
       [-0.00888693, -0.01768686,  0.99980451,  0.237261  ],
       [ 0.        ,  0.        ,  0.        ,  1.        ]])]"
77,"[array([[-0.53923905,  0.84058764,  0.00756638, -0.0739605 ],
       [-0.84210448, -0.54147382, -0.01554983,  0.150069  ],
       [-0.00901584, -0.01478224,  0.99985047,  0.2371695 ],
       [ 0.        ,  0.        ,  0.        ,  1.        ]])]"
78,"[array([[-0.52532293,  0.84879474,  0.00634846, -0.0759245 ],
       [-0.85089808, -0.52864162, -0.00730008,  0.151883  ],
       [-0.00287677, -0.0092481 ,  0.9999532 ,  0.236914  ],
       [ 0.        ,  0.        ,  0.        ,  1.        ]])]"
79,"[array([[-0.50476557,  0.86171698,  0.00754991, -0.0782285 ],
       [-0.86323256, -0.5073649 ,  0.00302716,  0.1538535 ],
       [ 0.00642429, -0.00497018,  0.99996692,  0.2366605 ],
       [ 0.        ,  0.        ,  0.        ,  1.        ]])]"
80,"[array([[-0.48429637,  0.87342126,  0.00777987, -0.079774  ],
       [-0.87487141, -0.48694283,  0.00432604,  0.15455   ],
       [ 0.00755279, -0.00468875,  0.99996038,  0.236648  ],
       [ 0.        ,  0.        ,  0.        ,  1.        ]])]"
81,"[array([[-0.45554239,  0.88841189,  0.00953707, -0.081544  ],
       [-0.89013742, -0.45902323,  0.00824403,  0.155207  ],
       [ 0.01168378, -0.00468901,  0.99992054,  0.236659  ],
       [ 0.        ,  0.        ,  0.        ,  1.        ]])]"
82,"[array([[-0.41693797,  0.90705944,  0.00828779, -0.0838335 ],
       [-0.90885217, -0.42098856,  0.00969362,  0.155328  ],
       [ 0.01226656, -0.0034369 ,  0.99991867,  0.236646  ],
       [ 0.        ,  0.        ,  0.        ,  1.        ]])]"
83,"[array([[-0.35132371,  0.93487287,  0.00993925, -0.086846  ],
       [-0.93620945, -0.35491065,  0.00603105,  0.154092  ],
       [ 0.00913884, -0.00715193,  0.99993242,  0.2367135 ],
       [ 0.        ,  0.        ,  0.        ,  1.        ]])]"
84,"[array([[-0.30788748,  0.94974673,  0.01019836, -0.0888235 ],
       [-0.95139819, -0.31290481,  0.00388874,  0.153635  ],
       [ 0.00684009, -0.00846956,  0.99994043,  0.2367385 ],
       [ 0.        ,  0.        ,  0.        ,  1.        ]])]"
85,"[array([[-2.53473018e-01,  9.66005611e-01,  1.08983344e-02,
        -9.15960000e-02],
       [-9.67339213e-01, -2.58303811e-01, -2.66189880e-04,
         1.52236500e-01],
       [ 2.50508666e-03, -1.05972397e-02,  9.99940576e-01,
         2.36866500e-01],
       [ 0.00000000e+00,  0.00000000e+00,  0.00000000e+00,
         1.00000000e+00]])]"
86,"[array([[-2.46978317e-01,  9.67528916e-01,  1.36784584e-02,
        -9.12625000e-02],
       [-9.69020804e-01, -2.52356736e-01, -4.13179683e-03,
         1.51613500e-01],
       [-6.25578311e-04, -1.42784485e-02,  9.99897909e-01,
         2.36989500e-01],
       [ 0.00000000e+00,  0.00000000e+00,  0.00000000e+00,
         1.00000000e+00]])]"
87,"[array([[-0.25387665,  0.96584472,  0.01189285, -0.0884935 ],
       [-0.96721665, -0.2589033 ,  0.00330193,  0.1533165 ],
       [ 0.00621347, -0.01063258,  0.99992383,  0.236807  ],
       [ 0.        ,  0.        ,  0.        ,  1.        ]])]"
88,"[array([[-0.26994772,  0.96125753,  0.00483454, -0.085988  ],
       [-0.96284828, -0.2756359 ,  0.00609185,  0.154128  ],
       [ 0.00717081, -0.00296819,  0.99996976,  0.2365615 ],
       [ 0.        ,  0.        ,  0.        ,  1.        ]])]"
89,"[array([[-3.03125590e-01,  9.51611698e-01,  2.59455828e-03,
        -8.39530000e-02],
       [-9.52918980e-01, -3.07302990e-01,  7.32302195e-03,
         1.55138500e-01],
       [ 7.76495795e-03, -2.18632069e-04,  9.99969820e-01,
         2.36464500e-01],
       [ 0.00000000e+00,  0.00000000e+00,  0.00000000e+00,
         1.00000000e+00]])]"
90,"[array([[-3.38507001e-01,  9.39671039e-01,  2.76355102e-03,
        -8.16960000e-02],
       [-9.40936836e-01, -3.42079260e-01,  6.58639985e-03,
         1.55672000e-01],
       [ 7.13304956e-03, -3.43766843e-04,  9.99974491e-01,
         2.36484500e-01],
       [ 0.00000000e+00,  0.00000000e+00,  0.00000000e+00,
         1.00000000e+00]])]"
91,"[array([[-3.63152155e-01,  9.30341969e-01,  1.65333510e-03,
        -8.02810000e-02],
       [-9.31709378e-01, -3.66692500e-01,  5.98449455e-03,
         1.55834500e-01],
       [ 6.17634095e-03,  6.56314880e-04,  9.99980726e-01,
         2.36451500e-01],
       [ 0.00000000e+00,  0.00000000e+00,  0.00000000e+00,
         1.00000000e+00]])]"
92,"[array([[-3.82928696e-01,  9.22007777e-01,  1.88638866e-03,
        -7.84520000e-02],
       [-9.23754943e-01, -3.87170746e-01,  6.26840372e-03,
         1.56164000e-01],
       [ 6.51296082e-03,  6.87692266e-04,  9.99978574e-01,
         2.36464000e-01],
       [ 0.00000000e+00,  0.00000000e+00,  0.00000000e+00,
         1.00000000e+00]])]"
93,"[array([[-0.41778952,  0.90736226,  0.00104585, -0.076086  ],
       [-0.90852311, -0.42034614,  0.00627475,  0.156204  ],
       [ 0.00613782,  0.00168864,  0.99997977,  0.236447  ],
       [ 0.        ,  0.        ,  0.        ,  1.        ]])]"
94,"[array([[-4.57124376e-01,  8.87847633e-01, -5.42360203e-04,
        -7.36505000e-02],
       [-8.89385991e-01, -4.60124731e-01,  6.42309857e-03,
         1.55792000e-01],
       [ 5.46480135e-03,  3.43703113e-03,  9.99979225e-01,
         2.36482000e-01],
       [ 0.00000000e+00,  0.00000000e+00,  0.00000000e+00,
         1.00000000e+00]])]"
95,"[array([[-5.03955134e-01,  8.62230806e-01,  8.36469541e-05,
        -7.06570000e-02],
       [-8.63720556e-01, -5.06510585e-01,  4.58569244e-03,
         1.55078000e-01],
       [ 4.00295324e-03,  2.25060245e-03,  9.99989482e-01,
         2.36494000e-01],
       [ 0.00000000e+00,  0.00000000e+00,  0.00000000e+00,
         1.00000000e+00]])]"
96,"[array([[-0.52210999,  0.85106367, -0.00148393, -0.070023  ],
       [-0.85286444, -0.5250413 ,  0.00657985,  0.1548935 ],
       [ 0.00483705,  0.00471772,  0.99997725,  0.2365235 ],
       [ 0.        ,  0.        ,  0.        ,  1.        ]])]"
97,"[array([[-5.18484569e-01,  8.53035057e-01,  1.57234550e-04,
        -7.22480000e-02],
       [-8.55076193e-01, -5.21847916e-01,  4.92874323e-03,
         1.55001000e-01],
       [ 4.29602692e-03,  2.43795744e-03,  9.99987841e-01,
         2.36487000e-01],
       [ 0.00000000e+00,  0.00000000e+00,  0.00000000e+00,
         1.00000000e+00]])]"
98,"[array([[-0.5124911 ,  0.85666658,  0.00117925, -0.074694  ],
       [-0.85868321, -0.51586947,  0.00395815,  0.1550715 ],
       [ 0.00400319,  0.00103168,  0.99999147,  0.2364635 ],
       [ 0.        ,  0.        ,  0.        ,  1.        ]])]"
99,"[array([[-4.93027677e-01,  8.68826883e-01,  1.98679100e-03,
        -7.79380000e-02],
       [-8.69994853e-01, -4.95115046e-01,  5.44345468e-03,
         1.55656000e-01],
       [ 5.71541646e-03,  9.68975153e-04,  9.99983211e-01,
         2.36455500e-01],
       [ 0.00000000e+00,  0.00000000e+00,  0.00000000e+00,
         1.00000000e+00]])]"
100,"[array([[-4.64229216e-01,  8.83702420e-01,  3.57909261e-03,
        -8.02600000e-02],
       [-8.85694439e-01, -4.68048416e-01,  4.95420078e-03,
         1.56239000e-01],
       [ 6.04954042e-03, -8.44062733e-04,  9.99981323e-01,
         2.36483500e-01],
       [ 0.00000000e+00,  0.00000000e+00,  0.00000000e+00,
         1.00000000e+00]])]"
101,"[array([[-0.42990727,  0.90091703,  0.00413697, -0.083128  ],
       [-0.90284283, -0.43399014,  0.00621181,  0.156772  ],
       [ 0.00738701, -0.00103123,  0.99997215,  0.2365115 ],
       [ 0.        ,  0.        ,  0.        ,  1.        ]])]"
102,"[array([[-0.38607379,  0.92066902,  0.00607852, -0.0856585 ],
       [-0.92242182, -0.39033491,  0.00745089,  0.156942  ],
       [ 0.00922005, -0.00268808,  0.99995377,  0.23657   ],
       [ 0.        ,  0.        ,  0.        ,  1.        ]])]"
103,"[array([[-0.32875758,  0.94282553,  0.00736542, -0.088254  ],
       [-0.94434363, -0.33326593,  0.00967263,  0.156472  ],
       [ 0.01155658, -0.00372102,  0.99992609,  0.2366135 ],
       [ 0.        ,  0.        ,  0.        ,  1.        ]])]"
104,"[array([[-0.28650511,  0.95674418,  0.00763669, -0.0904875 ],
       [-0.95799362, -0.29090173,  0.0110436 ,  0.155781  ],
       [ 0.0127688 , -0.00409413,  0.99990986,  0.2366145 ],
       [ 0.        ,  0.        ,  0.        ,  1.        ]])]"
105,"[array([[-0.26260145,  0.96338431,  0.00717337, -0.091695  ],
       [-0.96481934, -0.26809634,  0.01132436,  0.1554335 ],
       [ 0.01281084, -0.00387504,  0.99991015,  0.236616  ],
       [ 0.        ,  0.        ,  0.        ,  1.        ]])]"
106,"[array([[-0.25446765,  0.96547651,  0.00743855, -0.0917185 ],
       [-0.96699376, -0.26045645,  0.01149649,  0.155209  ],
       [ 0.01301113, -0.0041878 ,  0.99990624,  0.236626  ],
       [ 0.        ,  0.        ,  0.        ,  1.        ]])]"
107,"[array([[-0.25034849,  0.96674404,  0.01068904, -0.091177  ],
       [-0.96810315, -0.2556087 ,  0.00766328,  0.1541385 ],
       [ 0.01009571, -0.00837549,  0.99991351,  0.236745  ],
       [ 0.        ,  0.        ,  0.        ,  1.        ]])]"
108,"[array([[-0.24786474,  0.96740384,  0.01328522, -0.090141  ],
       [-0.96876651, -0.25296426,  0.00422158,  0.153617  ],
       [ 0.00738338, -0.01178541,  0.99990284,  0.2368405 ],
       [ 0.        ,  0.        ,  0.        ,  1.        ]])]"
109,"[array([[-0.24750767,  0.96756362,  0.01446084, -0.0895935 ],
       [-0.96885869, -0.25229103,  0.00380463,  0.153333  ],
       [ 0.00726613, -0.01303337,  0.9998882 ,  0.2368985 ],
       [ 0.        ,  0.        ,  0.        ,  1.        ]])]"
110,"[array([[-0.2480266 ,  0.96747171,  0.01266831, -0.0897025 ],
       [-0.96872341, -0.25273585,  0.00460059,  0.1534405 ],
       [ 0.00759947, -0.0110945 ,  0.99990917,  0.2368205 ],
       [ 0.        ,  0.        ,  0.        ,  1.        ]])]"
111,"[array([[-0.25050106,  0.96691024,  0.00349234, -0.088218  ],
       [-0.96807048, -0.25511435,  0.00882802,  0.154582  ],
       [ 0.00942141, -0.00112468,  0.99995493,  0.236479  ],
       [ 0.        ,  0.        ,  0.        ,  1.        ]])]"
112,"[array([[-2.59752067e-01,  9.64313779e-01,  2.10242049e-04,
        -8.67510000e-02],
       [-9.65657186e-01, -2.64758302e-01,  6.07538880e-03,
         1.54427500e-01],
       [ 5.92146307e-03,  1.40579630e-03,  9.99981523e-01,
         2.36394500e-01],
       [ 0.00000000e+00,  0.00000000e+00,  0.00000000e+00,
         1.00000000e+00]])]"
113,"[array([[-2.75967559e-01,  9.59750832e-01,  3.20425673e-05,
        -8.50845000e-02],
       [-9.61151413e-01, -2.80848529e-01,  5.67671894e-03,
         1.54710500e-01],
       [ 5.46511720e-03,  1.56357048e-03,  9.99983887e-01,
         2.36410000e-01],
       [ 0.00000000e+00,  0.00000000e+00,  0.00000000e+00,
         1.00000000e+00]])]"
114,"[array([[-3.23499925e-01,  9.44602417e-01,  1.09764539e-04,
        -8.12060000e-02],
       [-9.46209109e-01, -3.28210903e-01,  6.31407277e-03,
         1.55460500e-01],
       [ 6.01006183e-03,  1.96870293e-03,  9.99980060e-01,
         2.36420500e-01],
       [ 0.00000000e+00,  0.00000000e+00,  0.00000000e+00,
         1.00000000e+00]])]"
115,"[array([[-3.60790665e-01,  9.31220466e-01,  5.94183526e-04,
        -7.84715000e-02],
       [-9.32630305e-01, -3.64453147e-01,  5.72162182e-03,
         1.55651500e-01],
       [ 5.55062562e-03,  1.53197257e-03,  9.99983455e-01,
         2.36440500e-01],
       [ 0.00000000e+00,  0.00000000e+00,  0.00000000e+00,
         1.00000000e+00]])]"
116,"[array([[-3.88629121e-01,  9.19950908e-01,  4.07320182e-04,
        -7.65900000e-02],
       [-9.21377309e-01, -3.92028795e-01,  5.89638073e-03,
         1.55794500e-01],
       [ 5.59118555e-03,  1.93687029e-03,  9.99982533e-01,
         2.36458000e-01],
       [ 0.00000000e+00,  0.00000000e+00,  0.00000000e+00,
         1.00000000e+00]])]"
117,"[array([[-4.14621780e-01,  9.08002374e-01, -7.88323615e-04,
        -7.51050000e-02],
       [-9.09972294e-01, -4.18948247e-01,  7.23974499e-03,
         1.55897000e-01],
       [ 6.26127725e-03,  3.74897760e-03,  9.99973482e-01,
         2.36465000e-01],
       [ 0.00000000e+00,  0.00000000e+00,  0.00000000e+00,
         1.00000000e+00]])]"
118,"[array([[-4.30082641e-01,  9.00742881e-01, -3.40803841e-04,
        -7.39780000e-02],
       [-9.02777445e-01, -4.34344765e-01,  5.33501714e-03,
         1.55549500e-01],
       [ 4.66982606e-03,  2.62425090e-03,  9.99985711e-01,
         2.36483000e-01],
       [ 0.00000000e+00,  0.00000000e+00,  0.00000000e+00,
         1.00000000e+00]])]"
119,"[array([[-4.63728281e-01,  8.84140140e-01, -8.07441180e-04,
        -7.18755000e-02],
       [-8.85963546e-01, -4.67208460e-01,  6.02938476e-03,
         1.55448000e-01],
       [ 4.96747371e-03,  3.53093606e-03,  9.99981497e-01,
         2.36498500e-01],
       [ 0.00000000e+00,  0.00000000e+00,  0.00000000e+00,
         1.00000000e+00]])]"
120,"[array([[-0.50856396,  0.85889085, -0.00109289, -0.0688275 ],
       [-0.86100964, -0.51214105,  0.00646471,  0.155556  ],
       [ 0.00501048,  0.00424961,  0.99997851,  0.236535  ],
       [ 0.        ,  0.        ,  0.        ,  1.        ]])]"
121,"[array([[-0.53850065,  0.84089466, -0.00195574, -0.0670785 ],
       [-0.84261476, -0.54117571,  0.00620199,  0.155513  ],
       [ 0.00417281,  0.00500105,  0.99997885,  0.236564  ],
       [ 0.        ,  0.        ,  0.        ,  1.        ]])]"
122,"[array([[-0.56802052,  0.82178091, -0.00270948, -0.0650335 ],
       [-0.82300159, -0.56976685,  0.00744851,  0.1552385 ],
       [ 0.00459125,  0.00647072,  0.99996859,  0.2366195 ],
       [ 0.        ,  0.        ,  0.        ,  1.        ]])]"
123,"[array([[-5.99278731e-01,  7.99463720e-01, -2.52909139e-03,
        -6.29140000e-02],
       [-8.00540260e-01, -6.00708070e-01,  1.21575568e-03,
         1.53890500e-01],
       [-5.42371450e-04,  2.75224190e-03,  9.99996063e-01,
         2.36667000e-01],
       [ 0.00000000e+00,  0.00000000e+00,  0.00000000e+00,
         1.00000000e+00]])]"
124,"[array([[-6.26458920e-01,  7.78921821e-01, -1.96870734e-03,
        -6.09650000e-02],
       [-7.79445550e-01, -6.27120864e-01, -3.19311620e-03,
         1.52963500e-01],
       [-3.72220068e-03, -4.69003986e-04,  9.99992964e-01,
         2.36759500e-01],
       [ 0.00000000e+00,  0.00000000e+00,  0.00000000e+00,
         1.00000000e+00]])]"
125,"[array([[-0.64255292,  0.76598578, -0.00128157, -0.0598395 ],
       [-0.76622051, -0.64285021, -0.00629372,  0.1521615 ],
       [-0.00564597, -0.00306432,  0.99997937,  0.236871  ],
       [ 0.        ,  0.        ,  0.        ,  1.        ]])]"
126,"[array([[-0.64628809,  0.76302451, -0.00171118, -0.059682  ],
       [-0.76305389, -0.64635495, -0.00874093,  0.1517725 ],
       [-0.00777603, -0.00434425,  0.99996033,  0.2369305 ],
       [ 0.        ,  0.        ,  0.        ,  1.        ]])]"
127,"[array([[-0.64716428,  0.76045115, -0.00267246, -0.0597435 ],
       [-0.76228706, -0.64937683, -0.01063924,  0.151514  ],
       [-0.00984027, -0.00487689,  0.99993983,  0.236993  ],
       [ 0.        ,  0.        ,  0.        ,  1.        ]])]"
128,"[array([[-0.64939704,  0.75915369, -0.00293727, -0.0598345 ],
       [-0.76035833, -0.65088172, -0.01297855,  0.150892  ],
       [-0.01177685, -0.00621822,  0.99991146,  0.2370795 ],
       [ 0.        ,  0.        ,  0.        ,  1.        ]])]"
129,"[array([[-0.6473377 ,  0.7607683 , -0.00597513, -0.0607035 ],
       [-0.76209643, -0.64901649, -0.01167287,  0.151206  ],
       [-0.01276488, -0.00303045,  0.99991402,  0.2370605 ],
       [ 0.        ,  0.        ,  0.        ,  1.        ]])]"
130,"[array([[-6.44847648e-01,  7.62943903e-01, -5.36850117e-03,
        -6.17190000e-02],
       [-7.64262334e-01, -6.46464633e-01, -6.77087331e-03,
         1.52289500e-01],
       [-8.63691123e-03, -2.81275402e-04,  9.99962667e-01,
         2.36912500e-01],
       [ 0.00000000e+00,  0.00000000e+00,  0.00000000e+00,
         1.00000000e+00]])]"
131,"[array([[-6.41964651e-01,  7.66729571e-01, -6.96145079e-04,
        -6.27115000e-02],
       [-7.66734161e-01, -6.41969121e-01,  1.01942417e-03,
         1.53855500e-01],
       [ 3.34727055e-04,  1.18819476e-03,  9.99999238e-01,
         2.36619000e-01],
       [ 0.00000000e+00,  0.00000000e+00,  0.00000000e+00,
         1.00000000e+00]])]"
132,"[array([[-0.63650366,  0.77095347,  0.00158924, -0.0643325 ],
       [-0.7712612 , -0.63688956,  0.00437882,  0.154728  ],
       [ 0.00438882,  0.00156361,  0.99998915,  0.236501  ],
       [ 0.        ,  0.        ,  0.        ,  1.        ]])]"
133,"[array([[-0.62410585,  0.78011697,  0.00124644, -0.06695   ],
       [-0.78133099, -0.62563217,  0.00375354,  0.155175  ],
       [ 0.0037107 ,  0.00137598,  0.99999218,  0.236496  ],
       [ 0.        ,  0.        ,  0.        ,  1.        ]])]"
134,"[array([[-5.85779473e-01,  8.08785800e-01,  2.40775992e-03,
        -7.08330000e-02],
       [-8.10453437e-01, -5.88102728e-01,  4.74611410e-03,
         1.56041500e-01],
       [ 5.25699527e-03,  8.43852562e-04,  9.99985838e-01,
         2.36497500e-01],
       [ 0.00000000e+00,  0.00000000e+00,  0.00000000e+00,
         1.00000000e+00]])]"
135,"[array([[-5.57345784e-01,  8.28188241e-01,  3.31467387e-03,
        -7.32035000e-02],
       [-8.30261662e-01, -5.60449989e-01,  4.50778111e-03,
         1.56543500e-01],
       [ 5.59014484e-03, -2.18791474e-04,  9.99984346e-01,
         2.36500500e-01],
       [ 0.00000000e+00,  0.00000000e+00,  0.00000000e+00,
         1.00000000e+00]])]"
136,"[array([[-5.23905666e-01,  8.50135683e-01,  3.83343459e-03,
        -7.61835000e-02],
       [-8.51753596e-01, -5.26563281e-01,  4.94229042e-03,
         1.56999500e-01],
       [ 6.21809338e-03, -6.56523714e-04,  9.99980439e-01,
         2.36494500e-01],
       [ 0.00000000e+00,  0.00000000e+00,  0.00000000e+00,
         1.00000000e+00]])]"
137,"[array([[-4.83894583e-01,  8.73001737e-01,  3.87382664e-03,
        -7.91905000e-02],
       [-8.75096564e-01, -4.87716929e-01,  6.10090647e-03,
         1.56994500e-01],
       [ 7.21359439e-03, -4.06352629e-04,  9.99973886e-01,
         2.36497500e-01],
       [ 0.00000000e+00,  0.00000000e+00,  0.00000000e+00,
         1.00000000e+00]])]"
138,"[array([[-0.43819508,  0.89718364,  0.0049554 , -0.082214  ],
       [-0.89884673, -0.44165435,  0.006175  ,  0.1566915 ],
       [ 0.00772205, -0.00171874,  0.99996866,  0.2365285 ],
       [ 0.        ,  0.        ,  0.        ,  1.        ]])]"
139,"[array([[-0.40977114,  0.9104448 ,  0.00742948, -0.0840595 ],
       [-0.91212777, -0.41361681,  0.008189  ,  0.1565705 ],
       [ 0.01051444, -0.00337723,  0.99993887,  0.236596  ],
       [ 0.        ,  0.        ,  0.        ,  1.        ]])]"
140,"[array([[-0.37234363,  0.92620125,  0.01025299, -0.0860385 ],
       [-0.92800003, -0.37698707,  0.01018709,  0.1558425 ],
       [ 0.01327265, -0.00565652,  0.99989554,  0.2367115 ],
       [ 0.        ,  0.        ,  0.        ,  1.        ]])]"
141,"[array([[-0.31906275,  0.94593367,  0.01204512, -0.088912  ],
       [-0.94767146, -0.32423532,  0.00739522,  0.1543525 ],
       [ 0.01085247, -0.00899699,  0.99990011,  0.236797  ],
       [ 0.        ,  0.        ,  0.        ,  1.        ]])]"
142,"[array([[-0.29364707,  0.95420777,  0.0140002 , -0.0899175 ],
       [-0.95588479, -0.29889114,  0.00350368,  0.153291  ],
