,LP,LD1,LD2,RP,RD1,RD2
0,"[array([[-0.7388559 , -0.67365397, -0.01680151, -0.11336644],
       [ 0.67347987, -0.7390469 ,  0.01531487,  0.11421839],
       [-0.02273403,  0.        ,  0.99974155,  0.08535924],
       [ 0.        ,  0.        ,  0.        ,  1.        ]])]","[array([[ 6.49902095e-02, -9.97885413e-01,  9.87605817e-04,
        -1.60356173e-01],
       [ 9.97770214e-01,  6.49977130e-02,  1.51623402e-02,
         1.67849397e-01],
       [-1.51944703e-02, -0.00000000e+00,  9.99884557e-01,
         8.36671842e-02],
       [ 0.00000000e+00,  0.00000000e+00,  0.00000000e+00,
         1.00000000e+00]])]","[array([[ 6.49902095e-02, -9.97885413e-01,  9.87605817e-04,
        -1.60356173e-01],
       [ 9.97770214e-01,  6.49977130e-02,  1.51623402e-02,
         1.67849397e-01],
       [-1.51944703e-02, -0.00000000e+00,  9.99884557e-01,
         8.36671842e-02],
       [ 0.00000000e+00,  0.00000000e+00,  0.00000000e+00,
         1.00000000e+00]])]","[array([[ 0.269391  , -0.95929708, -0.08472067, -0.06382712],
       [ 0.91511   ,  0.28239884, -0.28779259,  0.12105683],
       [ 0.30000362,  0.        ,  0.95393806,  0.07256892],
       [ 0.        ,  0.        ,  0.        ,  1.        ]])]","[array([[-0.63710514, -0.76992129,  0.03630758, -0.04896547],
       [ 0.76867411, -0.63813886, -0.04380548,  0.17930275],
       [ 0.05689605, -0.        ,  0.99838011,  0.08344871],
       [ 0.        ,  0.        ,  0.        ,  1.        ]])]","[array([[-0.63710514, -0.76992129,  0.03630758, -0.04896547],
       [ 0.76867411, -0.63813886, -0.04380548,  0.17930275],
       [ 0.05689605, -0.        ,  0.99838011,  0.08344871],
       [ 0.        ,  0.        ,  0.        ,  1.        ]])]"
1,"[array([[-0.74134544, -0.67087204, -0.01837527, -0.11312803],
       [ 0.67066605, -0.74157313,  0.01662338,  0.11435669],
       [-0.02477877,  0.        ,  0.99969296,  0.08528604],
       [ 0.        ,  0.        ,  0.        ,  1.        ]])]","[array([[ 6.45407751e-02, -9.97914589e-01,  9.80804787e-04,
        -1.60341012e-01],
       [ 9.97799380e-01,  6.45482272e-02,  1.51632268e-02,
         1.67847447e-01],
       [-1.51949144e-02, -0.00000000e+00,  9.99884551e-01,
         8.36711983e-02],
       [ 0.00000000e+00,  0.00000000e+00,  0.00000000e+00,
         1.00000000e+00]])]","[array([[ 6.45407751e-02, -9.97914589e-01,  9.80804787e-04,
        -1.60341012e-01],
       [ 9.97799380e-01,  6.45482272e-02,  1.51632268e-02,
         1.67847447e-01],
       [-1.51949144e-02, -0.00000000e+00,  9.99884551e-01,
         8.36711983e-02],
       [ 0.00000000e+00,  0.00000000e+00,  0.00000000e+00,
         1.00000000e+00]])]","[array([[ 0.26907741, -0.95940542, -0.08449017, -0.06381706],
       [ 0.91534165,  0.28203057, -0.28741682,  0.12104337],
       [ 0.29957807,  0.        ,  0.95407179,  0.07257645],
       [ 0.        ,  0.        ,  0.        ,  1.        ]])]","[array([[-0.63715348, -0.76990147,  0.03587714, -0.04896966],
       [ 0.76868382, -0.63816277, -0.04328342,  0.17931312],
       [ 0.05621942, -0.        ,  0.99841844,  0.08348722],
       [ 0.        ,  0.        ,  0.        ,  1.        ]])]","[array([[-0.63715348, -0.76990147,  0.03587714, -0.04896966],
       [ 0.76868382, -0.63816277, -0.04328342,  0.17931312],
       [ 0.05621942, -0.        ,  0.99841844,  0.08348722],
       [ 0.        ,  0.        ,  0.        ,  1.        ]])]"
2,"[array([[-0.74085214, -0.6714134 , -0.01849728, -0.11313724],
       [ 0.67120423, -0.74108302,  0.01675834,  0.11433421],
       [-0.0249598 ,  0.        ,  0.99968846,  0.0852781 ],
       [ 0.        ,  0.        ,  0.        ,  1.        ]])]","[array([[ 6.48870424e-02, -9.97892125e-01,  9.89249254e-04,
        -1.60349923e-01],
       [ 9.97776174e-01,  6.48945829e-02,  1.52118096e-02,
         1.67840743e-01],
       [-1.52439420e-02, -0.00000000e+00,  9.99883804e-01,
         8.36627574e-02],
       [ 0.00000000e+00,  0.00000000e+00,  0.00000000e+00,
         1.00000000e+00]])]","[array([[ 6.48870424e-02, -9.97892125e-01,  9.89249254e-04,
        -1.60349923e-01],
       [ 9.97776174e-01,  6.48945829e-02,  1.52118096e-02,
         1.67840743e-01],
       [-1.52439420e-02, -0.00000000e+00,  9.99883804e-01,
         8.36627574e-02],
       [ 0.00000000e+00,  0.00000000e+00,  0.00000000e+00,
         1.00000000e+00]])]","[array([[ 0.12289908, -0.99241041, -0.00417187, -0.05730158],
       [ 0.99183912,  0.12296987, -0.03366847,  0.12237316],
       [ 0.03392595,  0.        ,  0.99942435,  0.08521406],
       [ 0.        ,  0.        ,  0.        ,  1.        ]])]","[array([[-0.63715408, -0.76987413,  0.03644863, -0.04897227],
       [ 0.76861752, -0.63819576, -0.04396904,  0.17944677],
       [ 0.05711199, -0.        ,  0.99836778,  0.08355984],
       [ 0.        ,  0.        ,  0.        ,  1.        ]])]","[array([[-0.63715408, -0.76987413,  0.03644863, -0.04897227],
       [ 0.76861752, -0.63819576, -0.04396904,  0.17944677],
       [ 0.05711199, -0.        ,  0.99836778,  0.08355984],
       [ 0.        ,  0.        ,  0.        ,  1.        ]])]"
3,"[array([[-0.74076735, -0.67151726, -0.01811922, -0.11312932],
       [ 0.67131647, -0.74098891,  0.01642045,  0.11432776],
       [-0.02445276,  0.        ,  0.99970099,  0.08525374],
       [ 0.        ,  0.        ,  0.        ,  1.        ]])]","[array([[ 6.46438381e-02, -9.97907913e-01,  9.85656094e-04,
        -1.60338260e-01],
       [ 9.97791933e-01,  6.46513520e-02,  1.52138197e-02,
         1.67841148e-01],
       [-1.52457151e-02, -0.00000000e+00,  9.99883777e-01,
         8.36588137e-02],
       [ 0.00000000e+00,  0.00000000e+00,  0.00000000e+00,
         1.00000000e+00]])]","[array([[ 6.46438381e-02, -9.97907913e-01,  9.85656094e-04,
        -1.60338260e-01],
       [ 9.97791933e-01,  6.46513520e-02,  1.52138197e-02,
         1.67841148e-01],
       [-1.52457151e-02, -0.00000000e+00,  9.99883777e-01,
         8.36588137e-02],
       [ 0.00000000e+00,  0.00000000e+00,  0.00000000e+00,
         1.00000000e+00]])]","[array([[ 0.11300194, -0.99358058, -0.00531008, -0.05652127],
       [ 0.9924854 ,  0.11312663, -0.04663794,  0.12229033],
       [ 0.04693927,  0.        ,  0.99889775,  0.08401056],
       [ 0.        ,  0.        ,  0.        ,  1.        ]])]","[array([[-0.62377122, -0.78082401,  0.03497609, -0.04938941],
       [ 0.77959941, -0.62475104, -0.04371368,  0.17915541],
       [ 0.05598404, -0.        ,  0.99843166,  0.08341671],
       [ 0.        ,  0.        ,  0.        ,  1.        ]])]","[array([[-0.62377122, -0.78082401,  0.03497609, -0.04938941],
       [ 0.77959941, -0.62475104, -0.04371368,  0.17915541],
       [ 0.05598404, -0.        ,  0.99843166,  0.08341671],
       [ 0.        ,  0.        ,  0.        ,  1.        ]])]"
4,"[array([[-0.74179382, -0.67036806, -0.01867062, -0.11312126],
       [ 0.67015582, -0.74202875,  0.01686752,  0.11433193],
       [-0.02516159,  0.        ,  0.9996834 ,  0.08527762],
       [ 0.        ,  0.        ,  0.        ,  1.        ]])]","[array([[ 5.35827903e-02, -9.98563401e-01,  1.35534783e-04,
        -1.60297468e-01],
       [ 9.98560207e-01,  5.35829617e-02,  2.52580429e-03,
         1.67721909e-01],
       [-2.52943808e-03, -0.00000000e+00,  9.99996801e-01,
         8.39374361e-02],
       [ 0.00000000e+00,  0.00000000e+00,  0.00000000e+00,
         1.00000000e+00]])]","[array([[ 5.35827903e-02, -9.98563401e-01,  1.35534783e-04,
        -1.60297468e-01],
       [ 9.98560207e-01,  5.35829617e-02,  2.52580429e-03,
         1.67721909e-01],
       [-2.52943808e-03, -0.00000000e+00,  9.99996801e-01,
         8.39374361e-02],
       [ 0.00000000e+00,  0.00000000e+00,  0.00000000e+00,
         1.00000000e+00]])]","[array([[ 0.11169594, -0.99372782, -0.00538805, -0.05651932],
       [ 0.99257365,  0.11182582, -0.04788035,  0.1222748 ],
       [ 0.04818256,  0.        ,  0.99883855,  0.08399471],
       [ 0.        ,  0.        ,  0.        ,  1.        ]])]","[array([[-0.62937783, -0.77587372,  0.04362922, -0.04963805],
       [ 0.77401621, -0.63088824, -0.05365572,  0.17894557],
       [ 0.06915522, -0.        ,  0.99760591,  0.08251086],
       [ 0.        ,  0.        ,  0.        ,  1.        ]])]","[array([[-0.62937783, -0.77587372,  0.04362922, -0.04963805],
       [ 0.77401621, -0.63088824, -0.05365572,  0.17894557],
       [ 0.06915522, -0.        ,  0.99760591,  0.08251086],
       [ 0.        ,  0.        ,  0.        ,  1.        ]])]"
5,"[array([[-0.7403556 , -0.67196621, -0.01830292, -0.11314765],
       [ 0.67176096, -0.74058181,  0.01660714,  0.11433444],
       [-0.02471425,  0.        ,  0.99969456,  0.0852756 ],
       [ 0.        ,  0.        ,  0.        ,  1.        ]])]","[array([[ 0.04011921, -0.99919428,  0.00111723, -0.15974117],
       [ 0.99880707,  0.04013476,  0.02781442,  0.16745054],
       [-0.02783685, -0.        ,  0.99961248,  0.08451521],
       [ 0.        ,  0.        ,  0.        ,  1.        ]])]","[array([[ 0.04011921, -0.99919428,  0.00111723, -0.15974117],
       [ 0.99880707,  0.04013476,  0.02781442,  0.16745054],
       [-0.02783685, -0.        ,  0.99961248,  0.08451521],
       [ 0.        ,  0.        ,  0.        ,  1.        ]])]","[array([[ 0.11484599, -0.99336539, -0.00596702, -0.05650667],
       [ 0.9920273 ,  0.1150009 , -0.05154245,  0.12227022],
       [ 0.0518867 ,  0.        ,  0.99865298,  0.08393574],
       [ 0.        ,  0.        ,  0.        ,  1.        ]])]","[array([[-0.65200946, -0.75752649,  0.03220683, -0.04829309],
       [ 0.756604  , -0.65280442, -0.0373734 ,  0.17916693],
       [ 0.0493361 , -0.        ,  0.99878223,  0.08367511],
       [ 0.        ,  0.        ,  0.        ,  1.        ]])]","[array([[-0.65200946, -0.75752649,  0.03220683, -0.04829309],
       [ 0.756604  , -0.65280442, -0.0373734 ,  0.17916693],
       [ 0.0493361 , -0.        ,  0.99878223,  0.08367511],
       [ 0.        ,  0.        ,  0.        ,  1.        ]])]"
6,"[array([[-0.71506979, -0.69896954, -0.01080577, -0.11329622],
       [ 0.69888975, -0.71515144,  0.01056127,  0.11437902],
       [-0.01510977,  0.        ,  0.99988584,  0.08527846],
       [ 0.        ,  0.        ,  0.        ,  1.        ]])]","[array([[ 1.09802804e-01, -9.93953242e-01, -5.45033618e-04,
        -1.58168519e-01],
       [ 9.93940997e-01,  1.09804157e-01, -4.93367417e-03,
         1.69438795e-01],
       [ 4.96368839e-03, -0.00000000e+00,  9.99987681e-01,
         8.42311547e-02],
       [ 0.00000000e+00,  0.00000000e+00,  0.00000000e+00,
         1.00000000e+00]])]","[array([[ 1.09802804e-01, -9.93953242e-01, -5.45033618e-04,
        -1.58168519e-01],
       [ 9.93940997e-01,  1.09804157e-01, -4.93367417e-03,
         1.69438795e-01],
       [ 4.96368839e-03, -0.00000000e+00,  9.99987681e-01,
         8.42311547e-02],
       [ 0.00000000e+00,  0.00000000e+00,  0.00000000e+00,
         1.00000000e+00]])]","[array([[ 0.19032635, -0.98149121, -0.02123409, -0.05592404],
       [ 0.97543927,  0.1915072 , -0.10882658,  0.12297879],
       [ 0.11087881,  0.        ,  0.99383393,  0.08270331],
       [ 0.        ,  0.        ,  0.        ,  1.        ]])]","[array([[-0.69463523, -0.71812019,  0.04225257, -0.04235475],
       [ 0.71679537, -0.69591909, -0.04360051,  0.17700002],
       [ 0.06071478, -0.        ,  0.99815516,  0.08388327],
       [ 0.        ,  0.        ,  0.        ,  1.        ]])]","[array([[-0.69463523, -0.71812019,  0.04225257, -0.04235475],
       [ 0.71679537, -0.69591909, -0.04360051,  0.17700002],
       [ 0.06071478, -0.        ,  0.99815516,  0.08388327],
       [ 0.        ,  0.        ,  0.        ,  1.        ]])]"
7,"[array([[-0.70976602, -0.70419248, -0.01857803, -0.11328843],
       [ 0.70395138, -0.71000912,  0.01842583,  0.11444114],
       [-0.02616591,  0.        ,  0.99965761,  0.08592212],
       [ 0.        ,  0.        ,  0.        ,  1.        ]])]","[array([[ 1.32006897e-01, -9.91248771e-01, -2.30152702e-04,
        -1.58133439e-01],
       [ 9.91247264e-01,  1.32007098e-01, -1.72822967e-03,
         1.69841369e-01],
       [ 1.74348732e-03, -0.00000000e+00,  9.99998480e-01,
         8.50475571e-02],
       [ 0.00000000e+00,  0.00000000e+00,  0.00000000e+00,
         1.00000000e+00]])]","[array([[ 1.32006897e-01, -9.91248771e-01, -2.30152702e-04,
        -1.58133439e-01],
       [ 9.91247264e-01,  1.32007098e-01, -1.72822967e-03,
         1.69841369e-01],
       [ 1.74348732e-03, -0.00000000e+00,  9.99998480e-01,
         8.50475571e-02],
       [ 0.00000000e+00,  0.00000000e+00,  0.00000000e+00,
         1.00000000e+00]])]","[array([[ 0.21118233, -0.97716608, -0.02341977, -0.05569183],
       [ 0.97121213,  0.21247697, -0.10770583,  0.12319158],
       [ 0.11022265,  0.        ,  0.99390692,  0.08269501],
       [ 0.        ,  0.        ,  0.        ,  1.        ]])]","[array([[-0.6965877 , -0.71622637,  0.04225357, -0.04090062],
       [ 0.71491235, -0.69786803, -0.04336511,  0.1764851 ],
       [ 0.06054665, -0.        ,  0.99816537,  0.08387362],
       [ 0.        ,  0.        ,  0.        ,  1.        ]])]","[array([[-0.6965877 , -0.71622637,  0.04225357, -0.04090062],
       [ 0.71491235, -0.69786803, -0.04336511,  0.1764851 ],
       [ 0.06054665, -0.        ,  0.99816537,  0.08387362],
       [ 0.        ,  0.        ,  0.        ,  1.        ]])]"
8,"[array([[-0.70845074, -0.70575743, -0.00199891, -0.11322869],
       [ 0.70575463, -0.70845356,  0.0019913 ,  0.11423844],
       [-0.00282151,  0.        ,  0.99999602,  0.0851102 ],
       [ 0.        ,  0.        ,  0.        ,  1.        ]])]","[array([[ 0.1379375 , -0.99042947, -0.00476475, -0.15821135],
       [ 0.98983911,  0.13801977, -0.03419183,  0.16973221],
       [ 0.03452223, -0.        ,  0.99940393,  0.08442719],
       [ 0.        ,  0.        ,  0.        ,  1.        ]])]","[array([[ 0.1379375 , -0.99042947, -0.00476475, -0.15821135],
       [ 0.98983911,  0.13801977, -0.03419183,  0.16973221],
       [ 0.03452223, -0.        ,  0.99940393,  0.08442719],
       [ 0.        ,  0.        ,  0.        ,  1.        ]])]","[array([[ 0.27235164, -0.96214031, -0.01051692, -0.05726767],
       [ 0.96142377,  0.27255463, -0.03712558,  0.12383803],
       [ 0.03858645,  0.        ,  0.99925527,  0.08538666],
       [ 0.        ,  0.        ,  0.        ,  1.        ]])]","[array([[-0.72412974, -0.68828824,  0.04353625, -0.03977064],
       [ 0.68704764, -0.72543731, -0.04130679,  0.17572012],
       [ 0.0600138 , -0.        ,  0.99819755,  0.08394556],
       [ 0.        ,  0.        ,  0.        ,  1.        ]])]","[array([[-0.72412974, -0.68828824,  0.04353625, -0.03977064],
       [ 0.68704764, -0.72543731, -0.04130679,  0.17572012],
       [ 0.0600138 , -0.        ,  0.99819755,  0.08394556],
       [ 0.        ,  0.        ,  0.        ,  1.        ]])]"
