,LP,LD1,LD2,RP,RD1,RD2
0,"[array([[-0.37367638, -0.92706875, -0.03015784, -0.11669406],
       [ 0.92406422, -0.37489136,  0.07457732,  0.11767857],
       [-0.08044422,  0.        ,  0.99675911,  0.08697995],
       [ 0.        ,  0.        ,  0.        ,  1.        ]])]","[array([[ 0.94106443, -0.33801374,  0.0120185 , -0.13006591],
       [ 0.33798618,  0.94114117,  0.00431648,  0.18630517],
       [-0.01277013, -0.        ,  0.99991846,  0.08391409],
       [ 0.        ,  0.        ,  0.        ,  1.        ]])]","[array([[ 0.94106443, -0.33801374,  0.0120185 , -0.13006591],
       [ 0.33798618,  0.94114117,  0.00431648,  0.18630517],
       [-0.01277013, -0.        ,  0.99991846,  0.08391409],
       [ 0.        ,  0.        ,  0.        ,  1.        ]])]","[array([[ 0.61408363, -0.78923669,  0.00259589, -0.05598495],
       [ 0.78922964,  0.61408912,  0.00333628,  0.1284173 ],
       [-0.00422723,  0.        ,  0.99999107,  0.08499569],
       [ 0.        ,  0.        ,  0.        ,  1.        ]])]","[array([[-0.84238626, -0.53805294,  0.02973926, -0.01998634],
       [ 0.53771795, -0.84291105, -0.01898338,  0.16478154],
       [ 0.03528162, -0.        ,  0.99937741,  0.08312504],
       [ 0.        ,  0.        ,  0.        ,  1.        ]])]","[array([[-0.84238626, -0.53805294,  0.02973926, -0.01998634],
       [ 0.53771795, -0.84291105, -0.01898338,  0.16478154],
       [ 0.03528162, -0.        ,  0.99937741,  0.08312504],
       [ 0.        ,  0.        ,  0.        ,  1.        ]])]"
1,"[array([[-0.37336953, -0.92719221, -0.03016287, -0.11670933],
       [ 0.92418137, -0.37458591,  0.07466052,  0.11768642],
       [-0.08052323,  0.        ,  0.99675273,  0.08698372],
       [ 0.        ,  0.        ,  0.        ,  1.        ]])]","[array([[ 0.94101477, -0.33816503,  0.01164555, -0.13006701],
       [ 0.33813913,  0.94108683,  0.00418465,  0.18630307],
       [-0.01237458, -0.        ,  0.99992343,  0.08390051],
       [ 0.        ,  0.        ,  0.        ,  1.        ]])]","[array([[ 0.94101477, -0.33816503,  0.01164555, -0.13006701],
       [ 0.33813913,  0.94108683,  0.00418465,  0.18630307],
       [-0.01237458, -0.        ,  0.99992343,  0.08390051],
       [ 0.        ,  0.        ,  0.        ,  1.        ]])]","[array([[ 0.61309736, -0.79000036,  0.00332513, -0.05596763],
       [ 0.78998875,  0.61310637,  0.00428449,  0.12838557],
       [-0.00542341,  0.        ,  0.99998529,  0.08502148],
       [ 0.        ,  0.        ,  0.        ,  1.        ]])]","[array([[-0.84246981, -0.53793211,  0.02955781, -0.01997903],
       [ 0.53760133, -0.84298817, -0.01886159,  0.16478519],
       [ 0.03506314, -0.        ,  0.9993851 ,  0.08312999],
       [ 0.        ,  0.        ,  0.        ,  1.        ]])]","[array([[-0.84246981, -0.53793211,  0.02955781, -0.01997903],
       [ 0.53760133, -0.84298817, -0.01886159,  0.16478519],
       [ 0.03506314, -0.        ,  0.9993851 ,  0.08312999],
       [ 0.        ,  0.        ,  0.        ,  1.        ]])]"
2,"[array([[-0.37344232, -0.92716079, -0.03022758, -0.11670335],
       [ 0.92413835, -0.37466368,  0.07480263,  0.1176875 ],
       [-0.08067925,  0.        ,  0.99674012,  0.08699122],
       [ 0.        ,  0.        ,  0.        ,  1.        ]])]","[array([[ 0.94106193, -0.33802056,  0.01202224, -0.13006486],
       [ 0.33799298,  0.94113872,  0.00431792,  0.18630895],
       [-0.01277415, -0.        ,  0.99991841,  0.08391522],
       [ 0.        ,  0.        ,  0.        ,  1.        ]])]","[array([[ 0.94106193, -0.33802056,  0.01202224, -0.13006486],
       [ 0.33799298,  0.94113872,  0.00431792,  0.18630895],
       [-0.01277415, -0.        ,  0.99991841,  0.08391522],
       [ 0.        ,  0.        ,  0.        ,  1.        ]])]","[array([[ 0.61345302, -0.78972574,  0.00294128, -0.05597716],
       [ 0.78971666,  0.61346007,  0.0037864 ,  0.1283958 ],
       [-0.00479457,  0.        ,  0.99998851,  0.0850114 ],
       [ 0.        ,  0.        ,  0.        ,  1.        ]])]","[array([[-0.84250547, -0.53788039,  0.02948255, -0.01998218],
       [ 0.53755135, -0.84302117, -0.01881102,  0.16478733],
       [ 0.03497249, -0.        ,  0.99938828,  0.08313187],
       [ 0.        ,  0.        ,  0.        ,  1.        ]])]","[array([[-0.84250547, -0.53788039,  0.02948255, -0.01998218],
       [ 0.53755135, -0.84302117, -0.01881102,  0.16478733],
       [ 0.03497249, -0.        ,  0.99938828,  0.08313187],
       [ 0.        ,  0.        ,  0.        ,  1.        ]])]"
3,"[array([[-0.37330829, -0.92721807, -0.03012579, -0.116707  ],
       [ 0.92421353, -0.37452188,  0.07458356,  0.11768443],
       [-0.08043799,  0.        ,  0.99675961,  0.08697981],
       [ 0.        ,  0.        ,  0.        ,  1.        ]])]","[array([[ 0.9410745 , -0.33798894,  0.01192773, -0.13006312],
       [ 0.33796179,  0.94115008,  0.00428353,  0.18630699],
       [-0.01267357, -0.        ,  0.99991969,  0.08391102],
       [ 0.        ,  0.        ,  0.        ,  1.        ]])]","[array([[ 0.9410745 , -0.33798894,  0.01192773, -0.13006312],
       [ 0.33796179,  0.94115008,  0.00428353,  0.18630699],
       [-0.01267357, -0.        ,  0.99991969,  0.08391102],
       [ 0.        ,  0.        ,  0.        ,  1.        ]])]","[array([[ 0.61389061, -0.78938618,  0.00278815, -0.05598395],
       [ 0.78937804,  0.61389694,  0.00358518,  0.12840327],
       [-0.00454173,  0.        ,  0.99998969,  0.08500373],
       [ 0.        ,  0.        ,  0.        ,  1.        ]])]","[array([[-0.84242485, -0.53799745,  0.02965006, -0.01998435],
       [ 0.53766453, -0.84294647, -0.01892369,  0.16478075],
       [ 0.03517432, -0.        ,  0.99938119,  0.08312046],
       [ 0.        ,  0.        ,  0.        ,  1.        ]])]","[array([[-0.84242485, -0.53799745,  0.02965006, -0.01998435],
       [ 0.53766453, -0.84294647, -0.01892369,  0.16478075],
       [ 0.03517432, -0.        ,  0.99938119,  0.08312046],
       [ 0.        ,  0.        ,  0.        ,  1.        ]])]"
4,"[array([[-0.37153966, -0.92793679, -0.02985952, -0.11669979],
       [ 0.92495453, -0.37273759,  0.0743358 ,  0.11773313],
       [-0.08010869,  0.        ,  0.99678613,  0.08693643],
       [ 0.        ,  0.        ,  0.        ,  1.        ]])]","[array([[ 0.9416866 , -0.33628288,  0.01183956, -0.12991891],
       [ 0.3362563 ,  0.94176102,  0.00422765,  0.18637097],
       [-0.01257172, -0.        ,  0.99992097,  0.08383178],
       [ 0.        ,  0.        ,  0.        ,  1.        ]])]","[array([[ 0.9416866 , -0.33628288,  0.01183956, -0.12991891],
       [ 0.3362563 ,  0.94176102,  0.00422765,  0.18637097],
       [-0.01257172, -0.        ,  0.99992097,  0.08383178],
       [ 0.        ,  0.        ,  0.        ,  1.        ]])]","[array([[ 0.60054312, -0.79900603,  0.03061573, -0.05539234],
       [ 0.79796976,  0.60132301,  0.04068056,  0.12804322],
       [-0.05091395,  0.        ,  0.99870304,  0.08671347],
       [ 0.        ,  0.        ,  0.        ,  1.        ]])]","[array([[-0.84127685, -0.53977854,  0.02987298, -0.01985735],
       [ 0.53943856, -0.84180706, -0.01915498,  0.16475901],
       [ 0.03548673, -0.        ,  0.99937015,  0.08300052],
       [ 0.        ,  0.        ,  0.        ,  1.        ]])]","[array([[-0.84127685, -0.53977854,  0.02987298, -0.01985735],
       [ 0.53943856, -0.84180706, -0.01915498,  0.16475901],
       [ 0.03548673, -0.        ,  0.99937015,  0.08300052],
       [ 0.        ,  0.        ,  0.        ,  1.        ]])]"
