,LP,LD1,LD2,RP,RD1,RD2
0,"[array([[-0.66044278, -0.75042136, -0.02613658, -0.16508112],
       [ 0.74983442, -0.66095975,  0.0296742 ,  0.02237629],
       [-0.03954338,  0.        ,  0.99921785,  0.08438277],
       [ 0.        ,  0.        ,  0.        ,  1.        ]])]","[array([[ 0.6323309 , -0.77427866,  0.02549871, -0.20361038],
       [ 0.7736499 ,  0.63284481,  0.0311974 ,  0.08366773],
       [-0.04029221, -0.        ,  0.99918794,  0.08327529],
       [ 0.        ,  0.        ,  0.        ,  1.        ]])]","[array([[ 0.6323309 , -0.77427866,  0.02549871, -0.20361038],
       [ 0.7736499 ,  0.63284481,  0.0311974 ,  0.08366773],
       [-0.04029221, -0.        ,  0.99918794,  0.08327529],
       [ 0.        ,  0.        ,  0.        ,  1.        ]])]","[array([[ 0.34137849, -0.93988242,  0.00904277, -0.10818733],
       [ 0.93955285,  0.34149823,  0.0248878 ,  0.03310381],
       [-0.02647969,  0.        ,  0.99964935,  0.08505915],
       [ 0.        ,  0.        ,  0.        ,  1.        ]])]","[array([[-0.59831853, -0.80093146,  0.02288533, -0.08847928],
       [ 0.80034621, -0.59875604, -0.03061276,  0.08476209],
       [ 0.03822145, -0.        ,  0.99926929,  0.08172856],
       [ 0.        ,  0.        ,  0.        ,  1.        ]])]","[array([[-0.59831853, -0.80093146,  0.02288533, -0.08847928],
       [ 0.80034621, -0.59875604, -0.03061276,  0.08476209],
       [ 0.03822145, -0.        ,  0.99926929,  0.08172856],
       [ 0.        ,  0.        ,  0.        ,  1.        ]])]"
1,"[array([[-0.66043102, -0.7504287 , -0.02622278, -0.16508347],
       [ 0.74983787, -0.66095141,  0.02977273,  0.02237631],
       [-0.03967429,  0.        ,  0.99921267,  0.0843877 ],
       [ 0.        ,  0.        ,  0.        ,  1.        ]])]","[array([[ 0.63247357, -0.77416201,  0.02550225, -0.20361839],
       [ 0.77353345,  0.63298751,  0.03118999,  0.08367408],
       [-0.04028871, -0.        ,  0.99918808,  0.08327518],
       [ 0.        ,  0.        ,  0.        ,  1.        ]])]","[array([[ 0.63247357, -0.77416201,  0.02550225, -0.20361839],
       [ 0.77353345,  0.63298751,  0.03118999,  0.08367408],
       [-0.04028871, -0.        ,  0.99918808,  0.08327518],
       [ 0.        ,  0.        ,  0.        ,  1.        ]])]","[array([[ 0.34140444, -0.93987317,  0.00902412, -0.10818683],
       [ 0.93954501,  0.34152368,  0.02483438,  0.03310621],
       [-0.02642312,  0.        ,  0.99965085,  0.08505488],
       [ 0.        ,  0.        ,  0.        ,  1.        ]])]","[array([[-0.59827001, -0.80096764,  0.02288737, -0.08848332],
       [ 0.80038217, -0.59870764, -0.03061936,  0.08476162],
       [ 0.03822796, -0.        ,  0.99926904,  0.08172735],
       [ 0.        ,  0.        ,  0.        ,  1.        ]])]","[array([[-0.59827001, -0.80096764,  0.02288737, -0.08848332],
       [ 0.80038217, -0.59870764, -0.03061936,  0.08476162],
       [ 0.03822796, -0.        ,  0.99926904,  0.08172735],
       [ 0.        ,  0.        ,  0.        ,  1.        ]])]"
2,"[array([[-0.66030478, -0.75053725, -0.02629492, -0.16508953],
       [ 0.74994285, -0.66082814,  0.02986452,  0.02237536],
       [-0.03979086,  0.        ,  0.99920803,  0.08439332],
       [ 0.        ,  0.        ,  0.        ,  1.        ]])]","[array([[ 0.63228134, -0.77431824,  0.02552601, -0.20361298],
       [ 0.773688  ,  0.63279639,  0.03123478,  0.08366631],
       [-0.04033842, -0.        ,  0.99918607,  0.08327876],
       [ 0.        ,  0.        ,  0.        ,  1.        ]])]","[array([[ 0.63228134, -0.77431824,  0.02552601, -0.20361298],
       [ 0.773688  ,  0.63279639,  0.03123478,  0.08366631],
       [-0.04033842, -0.        ,  0.99918607,  0.08327876],
       [ 0.        ,  0.        ,  0.        ,  1.        ]])]","[array([[ 0.34117499, -0.93995655,  0.00901703, -0.10818443],
       [ 0.93962844,  0.34129413,  0.02483375,  0.03310031],
       [-0.0264201 ,  0.        ,  0.99965093,  0.08505781],
       [ 0.        ,  0.        ,  0.        ,  1.        ]])]","[array([[-0.59821918, -0.80100383,  0.02294932, -0.08848643],
       [ 0.80041506, -0.59865922, -0.03070611,  0.08476524],
       [ 0.03833453, -0.        ,  0.99926496,  0.08172196],
       [ 0.        ,  0.        ,  0.        ,  1.        ]])]","[array([[-0.59821918, -0.80100383,  0.02294932, -0.08848643],
       [ 0.80041506, -0.59865922, -0.03070611,  0.08476524],
       [ 0.03833453, -0.        ,  0.99926496,  0.08172196],
       [ 0.        ,  0.        ,  0.        ,  1.        ]])]"
3,"[array([[-0.66033715, -0.75051012, -0.02625641, -0.1650835 ],
       [ 0.74991754, -0.66085895,  0.02981832,  0.02237458],
       [-0.03973073,  0.        ,  0.99921042,  0.08438997],
       [ 0.        ,  0.        ,  0.        ,  1.        ]])]","[array([[ 0.63222034, -0.77437109,  0.02543318, -0.20360828],
       [ 0.77374526,  0.63273171,  0.0311265 ,  0.08366519],
       [-0.04019584, -0.        ,  0.99919182,  0.08326923],
       [ 0.        ,  0.        ,  0.        ,  1.        ]])]","[array([[ 0.63222034, -0.77437109,  0.02543318, -0.20360828],
       [ 0.77374526,  0.63273171,  0.0311265 ,  0.08366519],
       [-0.04019584, -0.        ,  0.99919182,  0.08326923],
       [ 0.        ,  0.        ,  0.        ,  1.        ]])]","[array([[ 0.34141923, -0.9398676 ,  0.00904493, -0.10818812],
       [ 0.93953796,  0.34153902,  0.02489038,  0.03310651],
       [-0.02648285,  0.        ,  0.99964927,  0.08506022],
       [ 0.        ,  0.        ,  0.        ,  1.        ]])]","[array([[-0.59818053, -0.8010337 ,  0.02291439, -0.08848807],
       [ 0.80044662, -0.59861926, -0.03066256,  0.08476278],
       [ 0.03827874, -0.        ,  0.9992671 ,  0.08172374],
       [ 0.        ,  0.        ,  0.        ,  1.        ]])]","[array([[-0.59818053, -0.8010337 ,  0.02291439, -0.08848807],
       [ 0.80044662, -0.59861926, -0.03066256,  0.08476278],
       [ 0.03827874, -0.        ,  0.9992671 ,  0.08172374],
       [ 0.        ,  0.        ,  0.        ,  1.        ]])]"
4,"[array([[-0.66027303, -0.75056807, -0.02621269, -0.1650856 ],
       [ 0.74997729, -0.66079314,  0.02977393,  0.02237399],
       [-0.03966853,  0.        ,  0.99921289,  0.08438558],
       [ 0.        ,  0.        ,  0.        ,  1.        ]])]","[array([[ 0.63232371, -0.77428751,  0.02540821, -0.20361319],
       [ 0.77366317,  0.63283399,  0.03108756,  0.08366926],
       [-0.04014989, -0.        ,  0.99919367,  0.08326777],
       [ 0.        ,  0.        ,  0.        ,  1.        ]])]","[array([[ 0.63232371, -0.77428751,  0.02540821, -0.20361319],
       [ 0.77366317,  0.63283399,  0.03108756,  0.08366926],
       [-0.04014989, -0.        ,  0.99919367,  0.08326777],
       [ 0.        ,  0.        ,  0.        ,  1.        ]])]","[array([[ 0.34142538, -0.93986576,  0.00900352, -0.10818824],
       [ 0.93953914,  0.34154408,  0.024776  ,  0.03310853],
       [-0.02636122,  0.        ,  0.99965248,  0.08505449],
       [ 0.        ,  0.        ,  0.        ,  1.        ]])]","[array([[-0.59826772, -0.80096764,  0.02294727, -0.08848139],
       [ 0.8003791 , -0.59870764, -0.0306995 ,  0.08476471],
       [ 0.03832801, -0.        ,  0.99926521,  0.08172217],
       [ 0.        ,  0.        ,  0.        ,  1.        ]])]","[array([[-0.59826772, -0.80096764,  0.02294727, -0.08848139],
       [ 0.8003791 , -0.59870764, -0.0306995 ,  0.08476471],
       [ 0.03832801, -0.        ,  0.99926521,  0.08172217],
       [ 0.        ,  0.        ,  0.        ,  1.        ]])]"
5,"[array([[-0.66042676, -0.75043238, -0.02622491, -0.16508061],
       [ 0.74984143, -0.66094723,  0.02977548,  0.02237728],
       [-0.03967776,  0.        ,  0.99921253,  0.08438478],
       [ 0.        ,  0.        ,  0.        ,  1.        ]])]","[array([[ 0.63206254, -0.77463   ,  0.02110246, -0.20356442],
       [ 0.77419863,  0.63241471,  0.02584791,  0.08367935],
       [-0.03336807, -0.        ,  0.99944313,  0.0829141 ],
       [ 0.        ,  0.        ,  0.        ,  1.        ]])]","[array([[ 0.63206254, -0.77463   ,  0.02110246, -0.20356442],
       [ 0.77419863,  0.63241471,  0.02584791,  0.08367935],
       [-0.03336807, -0.        ,  0.99944313,  0.0829141 ],
       [ 0.        ,  0.        ,  0.        ,  1.        ]])]","[array([[ 0.34132738, -0.93990097,  0.00904343, -0.10818635],
       [ 0.93957125,  0.34144716,  0.02489382,  0.03310495],
       [-0.02648558,  0.        ,  0.9996492 ,  0.08505928],
       [ 0.        ,  0.        ,  0.        ,  1.        ]])]","[array([[-0.59831685, -0.80093169,  0.022921  , -0.08847833],
       [ 0.80034462, -0.59875573, -0.03066051,  0.08476515],
       [ 0.03828105, -0.        ,  0.99926701,  0.08172566],
       [ 0.        ,  0.        ,  0.        ,  1.        ]])]","[array([[-0.59831685, -0.80093169,  0.022921  , -0.08847833],
       [ 0.80034462, -0.59875573, -0.03066051,  0.08476515],
       [ 0.03828105, -0.        ,  0.99926701,  0.08172566],
       [ 0.        ,  0.        ,  0.        ,  1.        ]])]"
6,"[array([[-0.66034079, -0.75050276, -0.02637501, -0.16508334],
       [ 0.74990483, -0.66086731,  0.02995233,  0.02237177],
       [-0.03990968,  0.        ,  0.99920329,  0.08439298],
       [ 0.        ,  0.        ,  0.        ,  1.        ]])]","[array([[ 0.63202416, -0.77465872,  0.02119724, -0.20356333],
       [ 0.77422341,  0.63237952,  0.02596641,  0.0836784 ],
       [-0.03351981, -0.        ,  0.99943805,  0.08291993],
       [ 0.        ,  0.        ,  0.        ,  1.        ]])]","[array([[ 0.63202416, -0.77465872,  0.02119724, -0.20356333],
       [ 0.77422341,  0.63237952,  0.02596641,  0.0836784 ],
       [-0.03351981, -0.        ,  0.99943805,  0.08291993],
       [ 0.        ,  0.        ,  0.        ,  1.        ]])]","[array([[ 0.34134504, -0.9398954 ,  0.00895588, -0.1081887 ],
       [ 0.93957206,  0.3414625 ,  0.02465158,  0.03310107],
       [-0.026228  ,  0.        ,  0.99965599,  0.08504951],
       [ 0.        ,  0.        ,  0.        ,  1.        ]])]","[array([[-0.5981847 , -0.80102788,  0.02300869, -0.08848886],
       [ 0.80043598, -0.59862704, -0.03078812,  0.08476101],
       [ 0.03843576, -0.        ,  0.99926107,  0.08171674],
       [ 0.        ,  0.        ,  0.        ,  1.        ]])]","[array([[-0.5981847 , -0.80102788,  0.02300869, -0.08848886],
       [ 0.80043598, -0.59862704, -0.03078812,  0.08476101],
       [ 0.03843576, -0.        ,  0.99926107,  0.08171674],
       [ 0.        ,  0.        ,  0.        ,  1.        ]])]"
7,"[array([[-0.66031189, -0.75052485, -0.02646981, -0.16508523],
       [ 0.74992255, -0.66084223,  0.03006202,  0.02237565],
       [-0.04005466,  0.        ,  0.99919749,  0.08439822],
       [ 0.        ,  0.        ,  0.        ,  1.        ]])]","[array([[ 0.63231363, -0.77428751,  0.02565782, -0.20360887],
       [ 0.77365084,  0.63283399,  0.03139296,  0.08366666],
       [-0.04054432, -0.        ,  0.99917774,  0.08328431],
       [ 0.        ,  0.        ,  0.        ,  1.        ]])]","[array([[ 0.63231363, -0.77428751,  0.02565782, -0.20360887],
       [ 0.77365084,  0.63283399,  0.03139296,  0.08366666],
       [-0.04054432, -0.        ,  0.99917774,  0.08328431],
       [ 0.        ,  0.        ,  0.        ,  1.        ]])]","[array([[ 0.34138349, -0.93988058,  0.00904472, -0.10818643],
       [ 0.93955088,  0.34150329,  0.02489274,  0.0331029 ],
       [-0.02648501,  0.        ,  0.99964921,  0.08505826],
       [ 0.        ,  0.        ,  0.        ,  1.        ]])]","[array([[-0.598318  , -0.80093169,  0.02289104, -0.0884823 ],
       [ 0.80034615, -0.59875573, -0.03062044,  0.0847631 ],
       [ 0.03823102, -0.        ,  0.99926893,  0.08172725],
       [ 0.        ,  0.        ,  0.        ,  1.        ]])]","[array([[-0.598318  , -0.80093169,  0.02289104, -0.0884823 ],
       [ 0.80034615, -0.59875573, -0.03062044,  0.0847631 ],
       [ 0.03823102, -0.        ,  0.99926893,  0.08172725],
       [ 0.        ,  0.        ,  0.        ,  1.        ]])]"
8,"[array([[-0.66054514, -0.75033258, -0.02609867, -0.16507282],
       [ 0.74974759, -0.66106052,  0.02962313,  0.02237409],
       [-0.03948   ,  0.        ,  0.99922036,  0.08437535],
       [ 0.        ,  0.        ,  0.        ,  1.        ]])]","[array([[ 0.63211308, -0.77459037,  0.02104314, -0.20356485],
       [ 0.77416152,  0.63246324,  0.02577195,  0.08368175],
       [-0.03327172, -0.        ,  0.99944634,  0.08290504],
       [ 0.        ,  0.        ,  0.        ,  1.        ]])]","[array([[ 0.63211308, -0.77459037,  0.02104314, -0.20356485],
       [ 0.77416152,  0.63246324,  0.02577195,  0.08368175],
       [-0.03327172, -0.        ,  0.99944634,  0.08290504],
       [ 0.        ,  0.        ,  0.        ,  1.        ]])]","[array([[ 0.34126856, -0.93992319,  0.00895353, -0.10818523],
       [ 0.93959987,  0.341386  ,  0.02465137,  0.03309876],
       [-0.026227  ,  0.        ,  0.99965601,  0.08504748],
       [ 0.        ,  0.        ,  0.        ,  1.        ]])]","[array([[-0.59825609, -0.80097371,  0.02303843, -0.08848184],
       [ 0.80038046, -0.59869952, -0.0308221 ,  0.08475978],
       [ 0.03848079, -0.        ,  0.99925934,  0.08171431],
       [ 0.        ,  0.        ,  0.        ,  1.        ]])]","[array([[-0.59825609, -0.80097371,  0.02303843, -0.08848184],
       [ 0.80038046, -0.59869952, -0.0308221 ,  0.08475978],
       [ 0.03848079, -0.        ,  0.99925934,  0.08171431],
       [ 0.        ,  0.        ,  0.        ,  1.        ]])]"
9,"[array([[-0.66033187, -0.75051748, -0.02617874, -0.1650807 ],
       [ 0.74992838, -0.66085059,  0.02973078,  0.02237043],
       [-0.0396137 ,  0.        ,  0.99921507,  0.08438035],
       [ 0.        ,  0.        ,  0.        ,  1.        ]])]","[array([[ 0.63245296, -0.77417967,  0.02547726, -0.20361181],
       [ 0.77355229,  0.6329659 ,  0.03116119,  0.08367138],
       [-0.0402506 , -0.        ,  0.99918962,  0.08326797],
       [ 0.        ,  0.        ,  0.        ,  1.        ]])]","[array([[ 0.63245296, -0.77417967,  0.02547726, -0.20361181],
       [ 0.77355229,  0.6329659 ,  0.03116119,  0.08367138],
       [-0.0402506 , -0.        ,  0.99918962,  0.08326797],
       [ 0.        ,  0.        ,  0.        ,  1.        ]])]","[array([[ 0.34149125, -0.93984163,  0.00902367, -0.1081895 ],
       [ 0.93951369,  0.34161046,  0.024826  ,  0.03310069],
       [-0.02641509,  0.        ,  0.99965106,  0.0850517 ],
       [ 0.        ,  0.        ,  0.        ,  1.        ]])]","[array([[-0.59836421, -0.80089551,  0.02294891, -0.08847333],
       [ 0.80030713, -0.59880413, -0.03069397,  0.08475868],
       [ 0.03832457, -0.        ,  0.99926534,  0.08171828],
       [ 0.        ,  0.        ,  0.        ,  1.        ]])]","[array([[-0.59836421, -0.80089551,  0.02294891, -0.08847333],
       [ 0.80030713, -0.59880413, -0.03069397,  0.08475868],
       [ 0.03832457, -0.        ,  0.99926534,  0.08171828],
       [ 0.        ,  0.        ,  0.        ,  1.        ]])]"
10,"[array([[-0.66056799, -0.75031643, -0.02598451, -0.16507413],
       [ 0.74973659, -0.66107886,  0.0294921 ,  0.02237513],
       [-0.03930622,  0.        ,  0.99922721,  0.08436946],
       [ 0.        ,  0.        ,  0.        ,  1.        ]])]","[array([[ 0.63248974, -0.77414662,  0.02556817, -0.20361683],
       [ 0.77351486,  0.63300633,  0.03126906,  0.08367076],
       [-0.04039165, -0.        ,  0.99918392,  0.08327245],
       [ 0.        ,  0.        ,  0.        ,  1.        ]])]","[array([[ 0.63248974, -0.77414662,  0.02556817, -0.20361683],
       [ 0.77351486,  0.63300633,  0.03126906,  0.08367076],
       [-0.04039165, -0.        ,  0.99918392,  0.08327245],
       [ 0.        ,  0.        ,  0.        ,  1.        ]])]","[array([[ 0.34136427, -0.93988799,  0.00900029, -0.10818507],
       [ 0.93956148,  0.34148289,  0.02477215,  0.03309948],
       [-0.0263565 ,  0.        ,  0.99965261,  0.08504739],
       [ 0.        ,  0.        ,  0.        ,  1.        ]])]","[array([[-0.59827934, -0.80096157,  0.02285612, -0.08847994],
       [ 0.80037771, -0.59871576, -0.03057691,  0.08475765],
       [ 0.03817525, -0.        ,  0.99927106,  0.08172503],
       [ 0.        ,  0.        ,  0.        ,  1.        ]])]","[array([[-0.59827934, -0.80096157,  0.02285612, -0.08847994],
       [ 0.80037771, -0.59871576, -0.03057691,  0.08475765],
       [ 0.03817525, -0.        ,  0.99927106,  0.08172503],
       [ 0.        ,  0.        ,  0.        ,  1.        ]])]"
11,"[array([[-0.65871553, -0.75193741, -0.02615311, -0.16508706],
       [ 0.75134546, -0.6592345 ,  0.02983081,  0.02239907],
       [-0.03967193,  0.        ,  0.99921276,  0.08437865],
       [ 0.        ,  0.        ,  0.        ,  1.        ]])]","[array([[ 0.63425931, -0.77266567,  0.02651231, -0.20351644],
       [ 0.77199152,  0.63481318,  0.03226958,  0.08379233],
       [-0.04176396, -0.        ,  0.99912751,  0.08334509],
       [ 0.        ,  0.        ,  0.        ,  1.        ]])]","[array([[ 0.63425931, -0.77266567,  0.02651231, -0.20351644],
       [ 0.77199152,  0.63481318,  0.03226958,  0.08379233],
       [-0.04176396, -0.        ,  0.99912751,  0.08334509],
       [ 0.        ,  0.        ,  0.        ,  1.        ]])]","[array([[ 0.34153875, -0.93982496,  0.00896271, -0.10817641],
       [ 0.93950152,  0.34165633,  0.02465454,  0.03310437],
       [-0.02623312,  0.        ,  0.99965585,  0.08504262],
       [ 0.        ,  0.        ,  0.        ,  1.        ]])]","[array([[-0.59787685, -0.80126163,  0.0228707 , -0.08846086],
       [ 0.80067603, -0.59831413, -0.03062842,  0.08475868],
       [ 0.03822524, -0.        ,  0.99926915,  0.08170944],
       [ 0.        ,  0.        ,  0.        ,  1.        ]])]","[array([[-0.59787685, -0.80126163,  0.0228707 , -0.08846086],
       [ 0.80067603, -0.59831413, -0.03062842,  0.08475868],
       [ 0.03822524, -0.        ,  0.99926915,  0.08170944],
       [ 0.        ,  0.        ,  0.        ,  1.        ]])]"
12,"[array([[-0.65855423, -0.75207618, -0.02622471, -0.16509225],
       [ 0.75148059, -0.65907618,  0.02992519,  0.02240284],
       [-0.03979011,  0.        ,  0.99920806,  0.0843813 ],
       [ 0.        ,  0.        ,  0.        ,  1.        ]])]","[array([[ 0.63463375, -0.77235223,  0.02668416, -0.20351594],
       [ 0.77167041,  0.63519449,  0.03244608,  0.08381826],
       [-0.04200944, -0.        ,  0.99911721,  0.0833479 ],
       [ 0.        ,  0.        ,  0.        ,  1.        ]])]","[array([[ 0.63463375, -0.77235223,  0.02668416, -0.20351594],
       [ 0.77167041,  0.63519449,  0.03244608,  0.08381826],
       [-0.04200944, -0.        ,  0.99911721,  0.0833479 ],
       [ 0.        ,  0.        ,  0.        ,  1.        ]])]","[array([[ 0.34112453, -0.93997693,  0.00879916, -0.10818748],
       [ 0.93966438,  0.34123799,  0.02423824,  0.03310101],
       [-0.02578599,  0.        ,  0.99966749,  0.08502961],
       [ 0.        ,  0.        ,  0.        ,  1.        ]])]","[array([[-0.59837645, -0.80088966,  0.0228335 , -0.08849086],
       [ 0.80030721, -0.59881194, -0.030539  ,  0.08477057],
       [ 0.03813134, -0.        ,  0.99927274,  0.08171042],
       [ 0.        ,  0.        ,  0.        ,  1.        ]])]","[array([[-0.59837645, -0.80088966,  0.0228335 , -0.08849086],
       [ 0.80030721, -0.59881194, -0.030539  ,  0.08477057],
       [ 0.03813134, -0.        ,  0.99927274,  0.08171042],
       [ 0.        ,  0.        ,  0.        ,  1.        ]])]"
13,"[array([[-0.68379053, -0.72885372, -0.03468087, -0.1649158 ],
       [ 0.72791808, -0.68466945,  0.03691896,  0.02206752],
       [-0.05065345,  0.        ,  0.99871629,  0.08466564],
       [ 0.        ,  0.        ,  0.        ,  1.        ]])]","[array([[ 0.60466229, -0.79609925,  0.024688  , -0.20550671],
       [ 0.79543651,  0.60516608,  0.0324772 ,  0.08201737],
       [-0.04079542, -0.        ,  0.99916752,  0.08344729],
       [ 0.        ,  0.        ,  0.        ,  1.        ]])]","[array([[ 0.60466229, -0.79609925,  0.024688  , -0.20550671],
       [ 0.79543651,  0.60516608,  0.0324772 ,  0.08201737],
       [-0.04079542, -0.        ,  0.99916752,  0.08344729],
       [ 0.        ,  0.        ,  0.        ,  1.        ]])]","[array([[ 0.30862965, -0.95112796,  0.01016628, -0.10855256],
       [ 0.95061237,  0.30879704,  0.03131322,  0.03295186],
       [-0.03292219,  0.        ,  0.99945792,  0.08514246],
       [ 0.        ,  0.        ,  0.        ,  1.        ]])]","[array([[-0.62510475, -0.78027167,  0.02049798, -0.0905884 ],
       [ 0.77985251, -0.62544074, -0.02557235,  0.08525488],
       [ 0.03277365, -0.        ,  0.9994628 ,  0.0815358 ],
       [ 0.        ,  0.        ,  0.        ,  1.        ]])]","[array([[-0.62510475, -0.78027167,  0.02049798, -0.0905884 ],
       [ 0.77985251, -0.62544074, -0.02557235,  0.08525488],
       [ 0.03277365, -0.        ,  0.9994628 ,  0.0815358 ],
       [ 0.        ,  0.        ,  0.        ,  1.        ]])]"
14,"[array([[-0.71669512, -0.69650367, -0.03508191, -0.16461376],
       [ 0.69567074, -0.71755323,  0.03405278,  0.02169581],
       [-0.04889102,  0.        ,  0.99880412,  0.08466116],
       [ 0.        ,  0.        ,  0.        ,  1.        ]])]","[array([[ 0.57121395, -0.8204523 ,  0.02392994, -0.20783564],
       [ 0.81973329,  0.57171498,  0.03434119,  0.0796702 ],
       [-0.04185641, -0.        ,  0.99912364,  0.08357403],
       [ 0.        ,  0.        ,  0.        ,  1.        ]])]","[array([[ 0.57121395, -0.8204523 ,  0.02392994, -0.20783564],
       [ 0.81973329,  0.57171498,  0.03434119,  0.0796702 ],
       [-0.04185641, -0.        ,  0.99912364,  0.08357403],
       [ 0.        ,  0.        ,  0.        ,  1.        ]])]","[array([[ 0.26841426, -0.96325759,  0.00941276, -0.10889539],
       [ 0.96266584,  0.26857926,  0.03375881,  0.03259893],
       [-0.03504651,  0.        ,  0.99938568,  0.08517904],
       [ 0.        ,  0.        ,  0.        ,  1.        ]])]","[array([[-0.6498613 , -0.75981206,  0.01912912, -0.09320183],
       [ 0.7594831 , -0.65014278, -0.02235591,  0.08570997],
       [ 0.02942295, -0.        ,  0.99956705,  0.08152635],
       [ 0.        ,  0.        ,  0.        ,  1.        ]])]","[array([[-0.6498613 , -0.75981206,  0.01912912, -0.09320183],
       [ 0.7594831 , -0.65014278, -0.02235591,  0.08570997],
       [ 0.02942295, -0.        ,  0.99956705,  0.08152635],
       [ 0.        ,  0.        ,  0.        ,  1.        ]])]"
15,"[array([[-0.77161609, -0.63490692, -0.03875327, -0.16397887],
       [ 0.63410769, -0.77258864,  0.03184712,  0.02096379],
       [-0.0501603 ,  0.        ,  0.99874118,  0.08493159],
       [ 0.        ,  0.        ,  0.        ,  1.        ]])]","[array([[ 0.51416258, -0.85741858,  0.02168461, -0.21171075],
       [ 0.85665705,  0.51461965,  0.03612919,  0.07523109],
       [-0.04213717, -0.        ,  0.99911184,  0.08381096],
       [ 0.        ,  0.        ,  0.        ,  1.        ]])]","[array([[ 0.51416258, -0.85741858,  0.02168461, -0.21171075],
       [ 0.85665705,  0.51461965,  0.03612919,  0.07523109],
       [-0.04213717, -0.        ,  0.99911184,  0.08381096],
       [ 0.        ,  0.        ,  0.        ,  1.        ]])]","[array([[ 0.17678468, -0.98421974,  0.00766001, -0.10916293],
       [ 0.98329713,  0.17695055,  0.0426059 ,  0.03161058],
       [-0.04328901,  0.        ,  0.99906259,  0.08537567],
       [ 0.        ,  0.        ,  0.        ,  1.        ]])]","[array([[-0.66718233, -0.74463905,  0.01950439, -0.09878739],
       [ 0.74432106, -0.66746737, -0.02175947,  0.08677791],
       [ 0.02922149, -0.        ,  0.99957296,  0.08134276],
       [ 0.        ,  0.        ,  0.        ,  1.        ]])]","[array([[-0.66718233, -0.74463905,  0.01950439, -0.09878739],
       [ 0.74432106, -0.66746737, -0.02175947,  0.08677791],
       [ 0.02922149, -0.        ,  0.99957296,  0.08134276],
       [ 0.        ,  0.        ,  0.        ,  1.        ]])]"
16,"[array([[-0.82129656, -0.56916511, -0.03902615, -0.16334221],
       [ 0.56852363, -0.82222325,  0.02701496,  0.02043628],
       [-0.04746418,  0.        ,  0.99887294,  0.0848562 ],
       [ 0.        ,  0.        ,  0.        ,  1.        ]])]","[array([[ 0.46640149, -0.88435747,  0.01953225, -0.21514918],
       [ 0.88358299,  0.4668103 ,  0.03700323,  0.07075471],
       [-0.04184194, -0.        ,  0.99912424,  0.08374157],
       [ 0.        ,  0.        ,  0.        ,  1.        ]])]","[array([[ 0.46640149, -0.88435747,  0.01953225, -0.21514918],
       [ 0.88358299,  0.4668103 ,  0.03700323,  0.07075471],
       [-0.04184194, -0.        ,  0.99912424,  0.08374157],
       [ 0.        ,  0.        ,  0.        ,  1.        ]])]","[array([[ 0.09326767, -0.99563404,  0.00374126, -0.10942345],
       [ 0.99483399,  0.09334268,  0.03990593,  0.03063914],
       [-0.04008092,  0.        ,  0.99919644,  0.08526781],
       [ 0.        ,  0.        ,  0.        ,  1.        ]])]","[array([[-0.67919179, -0.73369308,  0.01982374, -0.10405398],
       [ 0.73338076, -0.67948103, -0.02140536,  0.08731763],
       [ 0.02917482, -0.        ,  0.99957432,  0.08136424],
       [ 0.        ,  0.        ,  0.        ,  1.        ]])]","[array([[-0.67919179, -0.73369308,  0.01982374, -0.10405398],
       [ 0.73338076, -0.67948103, -0.02140536,  0.08731763],
       [ 0.02917482, -0.        ,  0.99957432,  0.08136424],
       [ 0.        ,  0.        ,  0.        ,  1.        ]])]"
17,"[array([[-0.84435446, -0.53425974, -0.04039898, -0.16302366],
       [ 0.53364926, -0.84532037,  0.02553298,  0.02021674],
       [-0.04779132,  0.        ,  0.99885734,  0.08482453],
       [ 0.        ,  0.        ,  0.        ,  1.        ]])]","[array([[ 0.44018536, -0.89773611,  0.01751363, -0.21667771],
       [ 0.89702639,  0.44053363,  0.03568993,  0.06837496],
       [-0.03975548, -0.        ,  0.99920944,  0.08358322],
       [ 0.        ,  0.        ,  0.        ,  1.        ]])]","[array([[ 0.44018536, -0.89773611,  0.01751363, -0.21667771],
       [ 0.89702639,  0.44053363,  0.03568993,  0.06837496],
       [-0.03975548, -0.        ,  0.99920944,  0.08358322],
       [ 0.        ,  0.        ,  0.        ,  1.        ]])]","[array([[ 0.04733119, -0.99887748,  0.00188039, -0.10953626],
       [ 0.99809012,  0.04736853,  0.03965257,  0.03010118],
       [-0.03969713,  0.        ,  0.99921176,  0.08526822],
       [ 0.        ,  0.        ,  0.        ,  1.        ]])]","[array([[-0.67808627, -0.73473805,  0.01894758, -0.1069825 ],
       [ 0.73445138, -0.67835094, -0.02052257,  0.08755212],
       [ 0.02793182, -0.        ,  0.99960983,  0.08142377],
       [ 0.        ,  0.        ,  0.        ,  1.        ]])]","[array([[-0.67808627, -0.73473805,  0.01894758, -0.1069825 ],
       [ 0.73445138, -0.67835094, -0.02052257,  0.08755212],
       [ 0.02793182, -0.        ,  0.99960983,  0.08142377],
       [ 0.        ,  0.        ,  0.        ,  1.        ]])]"
18,"[array([[-0.85566777, -0.51599083, -0.03982618, -0.16284244],
       [ 0.51543283, -0.8565941 ,  0.02399029,  0.02011955],
       [-0.04649364,  0.        ,  0.99891859,  0.08475146],
       [ 0.        ,  0.        ,  0.        ,  1.        ]])]","[array([[ 0.4282941 , -0.90349643,  0.01607388, -0.21735949],
       [ 0.90286081,  0.42859562,  0.03388437,  0.06713371],
       [-0.0375036 , -0.        ,  0.99929649,  0.08345461],
       [ 0.        ,  0.        ,  0.        ,  1.        ]])]","[array([[ 0.4282941 , -0.90349643,  0.01607388, -0.21735949],
       [ 0.90286081,  0.42859562,  0.03388437,  0.06713371],
       [-0.0375036 , -0.        ,  0.99929649,  0.08345461],
       [ 0.        ,  0.        ,  0.        ,  1.        ]])]","[array([[ 0.02646535, -0.99964919,  0.00104133, -0.10954771],
       [ 0.99887627,  0.02648583,  0.03930253,  0.02985723],
       [-0.03931632,  0.        ,  0.99922681,  0.08523369],
       [ 0.        ,  0.        ,  0.        ,  1.        ]])]","[array([[-0.67694952, -0.73579503,  0.01857503, -0.10830619],
       [ 0.73551819, -0.67720431, -0.02018212,  0.08759796],
       [ 0.02742899, -0.        ,  0.99962375,  0.08138776],
       [ 0.        ,  0.        ,  0.        ,  1.        ]])]","[array([[-0.67694952, -0.73579503,  0.01857503, -0.10830619],
       [ 0.73551819, -0.67720431, -0.02018212,  0.08759796],
       [ 0.02742899, -0.        ,  0.99962375,  0.08138776],
       [ 0.        ,  0.        ,  0.        ,  1.        ]])]"
19,"[array([[-0.85733678, -0.5132347 , -0.03954478, -0.1628027 ],
       [ 0.51268961, -0.8582483 ,  0.02364788,  0.02010618],
       [-0.04607615,  0.        ,  0.99893793,  0.08474711],
       [ 0.        ,  0.        ,  0.        ,  1.        ]])]","[array([[ 0.41990829, -0.90751122,  0.01002049, -0.21693588],
       [ 0.90725293,  0.42002784,  0.02165025,  0.06675948],
       [-0.02385673, -0.        ,  0.99971539,  0.08278064],
       [ 0.        ,  0.        ,  0.        ,  1.        ]])]","[array([[ 0.41990829, -0.90751122,  0.01002049, -0.21693588],
       [ 0.90725293,  0.42002784,  0.02165025,  0.06675948],
       [-0.02385673, -0.        ,  0.99971539,  0.08278064],
       [ 0.        ,  0.        ,  0.        ,  1.        ]])]","[array([[ 2.45588074e-02, -9.99697902e-01,  9.85183093e-04,
        -1.09515436e-01],
       [ 9.98894497e-01,  2.45785599e-02,  4.00709186e-02,
         2.98388980e-02],
       [-4.00830276e-02,  0.00000000e+00,  9.99196353e-01,
         8.52228598e-02],
       [ 0.00000000e+00,  0.00000000e+00,  0.00000000e+00,
         1.00000000e+00]])]","[array([[-0.6772952 , -0.73548589,  0.01821307, -0.10838494],
       [ 0.73522011, -0.67754004, -0.01977072,  0.08760082],
       [ 0.02688117, -0.        ,  0.99963864,  0.08132418],
       [ 0.        ,  0.        ,  0.        ,  1.        ]])]","[array([[-0.6772952 , -0.73548589,  0.01821307, -0.10838494],
       [ 0.73522011, -0.67754004, -0.01977072,  0.08760082],
       [ 0.02688117, -0.        ,  0.99963864,  0.08132418],
       [ 0.        ,  0.        ,  0.        ,  1.        ]])]"
20,"[array([[-0.83109469, -0.55461462, -0.04103954, -0.16324322],
       [ 0.55393967, -0.83210734,  0.0273536 ,  0.02043153],
       [-0.04932001,  0.        ,  0.99878303,  0.08493477],
       [ 0.        ,  0.        ,  0.        ,  1.        ]])]","[array([[ 0.47050052, -0.88218274,  0.01956743, -0.21573974],
       [ 0.88142081,  0.47090723,  0.03665701,  0.0698379 ],
       [-0.04155262, -0.        ,  0.99913632,  0.08380837],
       [ 0.        ,  0.        ,  0.        ,  1.        ]])]","[array([[ 0.47050052, -0.88218274,  0.01956743, -0.21573974],
       [ 0.88142081,  0.47090723,  0.03665701,  0.0698379 ],
       [-0.04155262, -0.        ,  0.99913632,  0.08380837],
       [ 0.        ,  0.        ,  0.        ,  1.        ]])]","[array([[ 0.0560083 , -0.99842728,  0.00245564, -0.10926763],
       [ 0.99746902,  0.05606211,  0.04373329,  0.03015425],
       [-0.04380218,  0.        ,  0.99904022,  0.08530117],
       [ 0.        ,  0.        ,  0.        ,  1.        ]])]","[array([[-0.65398378, -0.75628743,  0.01829059, -0.10630627],
       [ 0.75599182, -0.6542395 , -0.02114354,  0.08786167],
       [ 0.02795702, -0.        ,  0.99960913,  0.08119097],
       [ 0.        ,  0.        ,  0.        ,  1.        ]])]","[array([[-0.65398378, -0.75628743,  0.01829059, -0.10630627],
       [ 0.75599182, -0.6542395 , -0.02114354,  0.08786167],
       [ 0.02795702, -0.        ,  0.99960913,  0.08119097],
       [ 0.        ,  0.        ,  0.        ,  1.        ]])]"
21,"[array([[-0.76625898, -0.64157436, -0.03506445, -0.16395471],
       [ 0.64090368, -0.76706085,  0.02932812,  0.02120544],
       [-0.04571274,  0.        ,  0.99895463,  0.08502997],
       [ 0.        ,  0.        ,  0.        ,  1.        ]])]","[array([[ 0.54328735, -0.83923826,  0.02275976, -0.21100611],
       [ 0.83850279,  0.54376387,  0.03512712,  0.07593455],
       [-0.04185596, -0.        ,  0.99912366,  0.08426302],
       [ 0.        ,  0.        ,  0.        ,  1.        ]])]","[array([[ 0.54328735, -0.83923826,  0.02275976, -0.21100611],
       [ 0.83850279,  0.54376387,  0.03512712,  0.07593455],
       [-0.04185596, -0.        ,  0.99912366,  0.08426302],
       [ 0.        ,  0.        ,  0.        ,  1.        ]])]","[array([[ 0.13842239, -0.99036368,  0.00436247, -0.10893614],
       [ 0.98987221,  0.13849112,  0.03119642,  0.03096097],
       [-0.03149997,  0.        ,  0.99950375,  0.0850186 ],
       [ 0.        ,  0.        ,  0.        ,  1.        ]])]","[array([[-0.59108259, -0.80639703,  0.01857991, -0.10137953],
       [ 0.80599893, -0.59137453, -0.02533552,  0.08824683],
       [ 0.03141817, -0.        ,  0.99950633,  0.0813129 ],
       [ 0.        ,  0.        ,  0.        ,  1.        ]])]","[array([[-0.59108259, -0.80639703,  0.01857991, -0.10137953],
       [ 0.80599893, -0.59137453, -0.02533552,  0.08824683],
       [ 0.03141817, -0.        ,  0.99950633,  0.0813129 ],
       [ 0.        ,  0.        ,  0.        ,  1.        ]])]"
22,"[array([[-0.71111891, -0.70279139, -0.01985338, -0.16445819],
       [ 0.70251766, -0.71139599,  0.01961325,  0.02179947],
       [-0.02790764,  0.        ,  0.99961051,  0.08473213],
       [ 0.        ,  0.        ,  0.        ,  1.        ]])]","[array([[ 0.59239423, -0.80536734,  0.0212725 , -0.20686129],
       [ 0.80484859,  0.59277605,  0.02890159,  0.08023331],
       [-0.03588623, -0.        ,  0.99935588,  0.08450418],
       [ 0.        ,  0.        ,  0.        ,  1.        ]])]","[array([[ 0.59239423, -0.80536734,  0.0212725 , -0.20686129],
       [ 0.80484859,  0.59277605,  0.02890159,  0.08023331],
       [-0.03588623, -0.        ,  0.99935588,  0.08450418],
       [ 0.        ,  0.        ,  0.        ,  1.        ]])]","[array([[ 0.19992137, -0.97978752,  0.00691762, -0.10855085],
       [ 0.97920151,  0.20004101,  0.03388203,  0.03154625],
       [-0.03458099,  0.        ,  0.9994019 ,  0.08511761],
       [ 0.        ,  0.        ,  0.        ,  1.        ]])]","[array([[-0.54034677, -0.84122246,  0.01923886, -0.09726778],
       [ 0.84068977, -0.54068916, -0.02993246,  0.08816759],
       [ 0.0355821 , -0.        ,  0.99936676,  0.08148849],
       [ 0.        ,  0.        ,  0.        ,  1.        ]])]","[array([[-0.54034677, -0.84122246,  0.01923886, -0.09726778],
       [ 0.84068977, -0.54068916, -0.02993246,  0.08816759],
       [ 0.0355821 , -0.        ,  0.99936676,  0.08148849],
       [ 0.        ,  0.        ,  0.        ,  1.        ]])]"
23,"[array([[-0.67139051, -0.74094229, -0.01546969, -0.16473507],
       [ 0.74074568, -0.67156871,  0.01706772,  0.0224922 ],
       [-0.02303516,  0.        ,  0.99973466,  0.08439299],
       [ 0.        ,  0.        ,  0.        ,  1.        ]])]","[array([[ 0.63471213, -0.7724158 ,  0.02267903, -0.20382072],
       [ 0.77192319,  0.63511718,  0.02758174,  0.08320487],
       [-0.03570841, -0.        ,  0.99936225,  0.08439953],
       [ 0.        ,  0.        ,  0.        ,  1.        ]])]","[array([[ 0.63471213, -0.7724158 ,  0.02267903, -0.20382072],
       [ 0.77192319,  0.63511718,  0.02758174,  0.08320487],
       [-0.03570841, -0.        ,  0.99936225,  0.08439953],
       [ 0.        ,  0.        ,  0.        ,  1.        ]])]","[array([[ 0.25894806, -0.96587603,  0.00542119, -0.10850359],
       [ 0.96566443,  0.2590048 ,  0.0202166 ,  0.03220178],
       [-0.02093084,  0.        ,  0.99978093,  0.08481385],
       [ 0.        ,  0.        ,  0.        ,  1.        ]])]","[array([[-0.50669193, -0.86193164,  0.01836126, -0.09395076],
       [ 0.86136627, -0.50702451, -0.03121377,  0.08790297],
       [ 0.03621375, -0.        ,  0.99934407,  0.0815214 ],
       [ 0.        ,  0.        ,  0.        ,  1.        ]])]","[array([[-0.50669193, -0.86193164,  0.01836126, -0.09395076],
       [ 0.86136627, -0.50702451, -0.03121377,  0.08790297],
       [ 0.03621375, -0.        ,  0.99934407,  0.0815214 ],
       [ 0.        ,  0.        ,  0.        ,  1.        ]])]"
24,"[array([[-0.63201087, -0.77477311, -0.01699677, -0.165062  ],
       [ 0.77449309, -0.63223937,  0.02082856,  0.02288263],
       [-0.02688344,  0.        ,  0.99963858,  0.08447819],
       [ 0.        ,  0.        ,  0.        ,  1.        ]])]","[array([[ 0.66363156, -0.74773868,  0.02190953, -0.20106531],
       [ 0.7473315 ,  0.66399313,  0.02467285,  0.08546483],
       [-0.03299662, -0.        ,  0.99945546,  0.08434329],
       [ 0.        ,  0.        ,  0.        ,  1.        ]])]","[array([[ 0.66363156, -0.74773868,  0.02190953, -0.20106531],
       [ 0.7473315 ,  0.66399313,  0.02467285,  0.08546483],
       [-0.03299662, -0.        ,  0.99945546,  0.08434329],
       [ 0.        ,  0.        ,  0.        ,  1.        ]])]","[array([[ 0.31362997, -0.94949703,  0.00957284, -0.1082111 ],
       [ 0.94905504,  0.31377603,  0.02896774,  0.03279993],
       [-0.03050851,  0.        ,  0.99953451,  0.08505839],
       [ 0.        ,  0.        ,  0.        ,  1.        ]])]","[array([[-0.49410782, -0.8692073 ,  0.01833382, -0.09038897],
       [ 0.86860957, -0.49444784, -0.03222967,  0.08701556],
       [ 0.03707938, -0.        ,  0.99931232,  0.08155488],
       [ 0.        ,  0.        ,  0.        ,  1.        ]])]","[array([[-0.49410782, -0.8692073 ,  0.01833382, -0.09038897],
       [ 0.86860957, -0.49444784, -0.03222967,  0.08701556],
       [ 0.03707938, -0.        ,  0.99931232,  0.08155488],
       [ 0.        ,  0.        ,  0.        ,  1.        ]])]"
25,"[array([[-0.59590088, -0.8028653 , -0.01759119, -0.16528441],
       [ 0.8025157 , -0.59616048,  0.02369052,  0.02327732],
       [-0.02950747,  0.        ,  0.99956456,  0.08450597],
       [ 0.        ,  0.        ,  0.        ,  1.        ]])]","[array([[ 0.69183606, -0.72182641,  0.018152  , -0.19852261],
       [ 0.72157809,  0.69207415,  0.01893236,  0.08750915],
       [-0.02622841, -0.        ,  0.99965598,  0.08384206],
       [ 0.        ,  0.        ,  0.        ,  1.        ]])]","[array([[ 0.69183606, -0.72182641,  0.018152  , -0.19852261],
       [ 0.72157809,  0.69207415,  0.01893236,  0.08750915],
       [-0.02622841, -0.        ,  0.99965598,  0.08384206],
       [ 0.        ,  0.        ,  0.        ,  1.        ]])]","[array([[ 0.37841954, -0.92557208,  0.01072232, -0.10791905],
       [ 0.92520076,  0.37857141,  0.02621509,  0.03351632],
       [-0.02832312,  0.        ,  0.99959882,  0.08504944],
       [ 0.        ,  0.        ,  0.        ,  1.        ]])]","[array([[-0.50035458, -0.8656184 ,  0.0187101 , -0.08639898],
       [ 0.86501385, -0.50070428, -0.03234604,  0.08546088],
       [ 0.03736756, -0.        ,  0.99930159,  0.08145571],
       [ 0.        ,  0.        ,  0.        ,  1.        ]])]","[array([[-0.50035458, -0.8656184 ,  0.0187101 , -0.08639898],
       [ 0.86501385, -0.50070428, -0.03234604,  0.08546088],
       [ 0.03736756, -0.        ,  0.99930159,  0.08145571],
       [ 0.        ,  0.        ,  0.        ,  1.        ]])]"
26,"[array([[-0.53103552, -0.84716253, -0.01780265, -0.16563628],
       [ 0.84668687, -0.53133384,  0.02838468,  0.02398629],
       [-0.03350559,  0.        ,  0.99943853,  0.08456253],
       [ 0.        ,  0.        ,  0.        ,  1.        ]])]","[array([[ 0.73741352, -0.67515508,  0.0196704 , -0.19354195],
       [ 0.674915  ,  0.73767583,  0.01800327,  0.09032924],
       [-0.02666538, -0.        ,  0.99964442,  0.08342896],
       [ 0.        ,  0.        ,  0.        ,  1.        ]])]","[array([[ 0.73741352, -0.67515508,  0.0196704 , -0.19354195],
       [ 0.674915  ,  0.73767583,  0.01800327,  0.09032924],
       [-0.02666538, -0.        ,  0.99964442,  0.08342896],
       [ 0.        ,  0.        ,  0.        ,  1.        ]])]","[array([[ 0.53524762, -0.84439478,  0.02252645, -0.10659655],
       [ 0.84364796,  0.53572144,  0.03550579,  0.03540181],
       [-0.04204881,  0.        ,  0.99911556,  0.08527389],
