,LP,LD1,LD2,RP,RD1,RD2
0,"[array([[-0.55940391, -0.82862984, -0.0209727 ,  0.11139398],
       [ 0.8280481 , -0.55979692,  0.03104448,  0.29567503],
       [-0.03746484,  0.        ,  0.99929795,  0.08677321],
       [ 0.        ,  0.        ,  0.        ,  1.        ]])]","[array([[ 0.22880968, -0.97347027,  0.00132746,  0.07805424],
       [ 0.97345389,  0.22881353,  0.0056476 ,  0.35862283],
       [-0.00580151, -0.        ,  0.99998317,  0.08430549],
       [ 0.        ,  0.        ,  0.        ,  1.        ]])]","[array([[ 0.22880968, -0.97347027,  0.00132746,  0.07805424],
       [ 0.97345389,  0.22881353,  0.0056476 ,  0.35862283],
       [-0.00580151, -0.        ,  0.99998317,  0.08430549],
       [ 0.        ,  0.        ,  0.        ,  1.        ]])]","[array([[ 0.16855471, -0.98568585,  0.00356556,  0.16769341],
       [ 0.98546539,  0.16859242,  0.02084624,  0.29498183],
       [-0.02114897,  0.        ,  0.99977634,  0.08731074],
       [ 0.        ,  0.        ,  0.        ,  1.        ]])]","[array([[-0.45921555, -0.88813425,  0.01840215,  0.17704021],
       [ 0.887422  , -0.45958411, -0.03556166,  0.3537397 ],
       [ 0.04004087, -0.        ,  0.99919804,  0.0847657 ],
       [ 0.        ,  0.        ,  0.        ,  1.        ]])]","[array([[-0.45921555, -0.88813425,  0.01840215,  0.17704021],
       [ 0.887422  , -0.45958411, -0.03556166,  0.3537397 ],
       [ 0.04004087, -0.        ,  0.99919804,  0.0847657 ],
       [ 0.        ,  0.        ,  0.        ,  1.        ]])]"
1,"[array([[-0.55964576, -0.82846558, -0.02100951,  0.11140327],
       [ 0.82788242, -0.56003998,  0.03107931,  0.29567198],
       [-0.0375143 ,  0.        ,  0.99929609,  0.08677232],
       [ 0.        ,  0.        ,  0.        ,  1.        ]])]","[array([[ 0.22882068, -0.97346765,  0.00135048,  0.0780579 ],
       [ 0.9734507 ,  0.22882467,  0.00574523,  0.35861798],
       [-0.00590182, -0.        ,  0.99998258,  0.08430968],
       [ 0.        ,  0.        ,  0.        ,  1.        ]])]","[array([[ 0.22882068, -0.97346765,  0.00135048,  0.0780579 ],
       [ 0.9734507 ,  0.22882467,  0.00574523,  0.35861798],
       [-0.00590182, -0.        ,  0.99998258,  0.08430968],
       [ 0.        ,  0.        ,  0.        ,  1.        ]])]","[array([[ 0.16861615, -0.98567526,  0.0035883 ,  0.16769313],
       [ 0.98545214,  0.16865433,  0.02097131,  0.29497668],
       [-0.02127608,  0.        ,  0.99977364,  0.08731258],
       [ 0.        ,  0.        ,  0.        ,  1.        ]])]","[array([[-0.45907203, -0.88820563,  0.01853725,  0.17703166],
       [ 0.88748239, -0.45944615, -0.03583639,  0.35373768],
       [ 0.04034695, -0.        ,  0.99918573,  0.08474997],
       [ 0.        ,  0.        ,  0.        ,  1.        ]])]","[array([[-0.45907203, -0.88820563,  0.01853725,  0.17703166],
       [ 0.88748239, -0.45944615, -0.03583639,  0.35373768],
       [ 0.04034695, -0.        ,  0.99918573,  0.08474997],
       [ 0.        ,  0.        ,  0.        ,  1.        ]])]"
2,"[array([[-0.55948769, -0.82857247, -0.0210047 ,  0.11139451],
       [ 0.82798916, -0.55988183,  0.03108497,  0.29566939],
       [-0.0375163 ,  0.        ,  0.99929602,  0.08677537],
       [ 0.        ,  0.        ,  0.        ,  1.        ]])]","[array([[ 0.2287955 , -0.97347356,  0.00136193,  0.07805467],
       [ 0.97345631,  0.22879955,  0.00579459,  0.35861969],
       [-0.00595248, -0.        ,  0.99998228,  0.08431229],
       [ 0.        ,  0.        ,  0.        ,  1.        ]])]","[array([[ 0.2287955 , -0.97347356,  0.00136193,  0.07805467],
       [ 0.97345631,  0.22879955,  0.00579459,  0.35861969],
       [-0.00595248, -0.        ,  0.99998228,  0.08431229],
       [ 0.        ,  0.        ,  0.        ,  1.        ]])]","[array([[ 0.16853559, -0.9856892 ,  0.0035446 ,  0.16769381],
       [ 0.98547126,  0.16857286,  0.02072621,  0.29497453],
       [-0.02102713,  0.        ,  0.99977891,  0.08730801],
       [ 0.        ,  0.        ,  0.        ,  1.        ]])]","[array([[-0.45933641, -0.88807058,  0.01845806,  0.17704393],
       [ 0.88735444, -0.45970712, -0.03565762,  0.35373916],
       [ 0.04015178, -0.        ,  0.99919359,  0.08475917],
       [ 0.        ,  0.        ,  0.        ,  1.        ]])]","[array([[-0.45933641, -0.88807058,  0.01845806,  0.17704393],
       [ 0.88735444, -0.45970712, -0.03565762,  0.35373916],
       [ 0.04015178, -0.        ,  0.99919359,  0.08475917],
       [ 0.        ,  0.        ,  0.        ,  1.        ]])]"
3,"[array([[-0.55954044, -0.82853317, -0.02114915,  0.11139614],
       [ 0.82794196, -0.55993999,  0.03129402,  0.29566778],
       [-0.03777039,  0.        ,  0.99928644,  0.08677806],
       [ 0.        ,  0.        ,  0.        ,  1.        ]])]","[array([[ 0.22886532, -0.97345717,  0.00133956,  0.07805453],
       [ 0.9734405 ,  0.22886924,  0.0056976 ,  0.3586145 ],
       [-0.00585295, -0.        ,  0.99998287,  0.08430512],
       [ 0.        ,  0.        ,  0.        ,  1.        ]])]","[array([[ 0.22886532, -0.97345717,  0.00133956,  0.07805453],
       [ 0.9734405 ,  0.22886924,  0.0056976 ,  0.3586145 ],
       [-0.00585295, -0.        ,  0.99998287,  0.08430512],
       [ 0.        ,  0.        ,  0.        ,  1.        ]])]","[array([[ 0.16856415, -0.98568404,  0.00361968,  0.16769422],
       [ 0.98545686,  0.16860301,  0.02116133,  0.29497512],
       [-0.02146868,  0.        ,  0.99976952,  0.0873169 ],
       [ 0.        ,  0.        ,  0.        ,  1.        ]])]","[array([[-0.45929403, -0.88809109,  0.018526  ,  0.1770443 ],
       [ 0.88736952, -0.45966751, -0.03579277,  0.35373722],
       [ 0.04030304, -0.        ,  0.9991875 ,  0.08475136],
       [ 0.        ,  0.        ,  0.        ,  1.        ]])]","[array([[-0.45929403, -0.88809109,  0.018526  ,  0.1770443 ],
       [ 0.88736952, -0.45966751, -0.03579277,  0.35373722],
       [ 0.04030304, -0.        ,  0.9991875 ,  0.08475136],
       [ 0.        ,  0.        ,  0.        ,  1.        ]])]"
4,"[array([[-0.55978586, -0.8283681 , -0.02112073,  0.11140752],
       [ 0.82777911, -0.56018416,  0.03123212,  0.29566965],
       [-0.03770319,  0.        ,  0.99928898,  0.08677655],
       [ 0.        ,  0.        ,  0.        ,  1.        ]])]","[array([[ 0.22858361, -0.97352333,  0.00136059,  0.07806719],
       [ 0.97350609,  0.22858766,  0.00579458,  0.35861115],
       [-0.00595218, -0.        ,  0.99998229,  0.08430828],
       [ 0.        ,  0.        ,  0.        ,  1.        ]])]","[array([[ 0.22858361, -0.97352333,  0.00136059,  0.07806719],
       [ 0.97350609,  0.22858766,  0.00579458,  0.35861115],
       [-0.00595218, -0.        ,  0.99998229,  0.08430828],
       [ 0.        ,  0.        ,  0.        ,  1.        ]])]","[array([[ 0.16857611, -0.98568223,  0.00355571,  0.16769397],
       [ 0.98546304,  0.1686136 ,  0.02078601,  0.29497207],
       [-0.02108794,  0.        ,  0.99977762,  0.08730537],
       [ 0.        ,  0.        ,  0.        ,  1.        ]])]","[array([[-0.45933919, -0.88807058,  0.01838895,  0.17704702],
       [ 0.88735979, -0.45970712, -0.03552412,  0.35373399],
       [ 0.04000146, -0.        ,  0.99919962,  0.08476495],
       [ 0.        ,  0.        ,  0.        ,  1.        ]])]","[array([[-0.45933919, -0.88807058,  0.01838895,  0.17704702],
       [ 0.88735979, -0.45970712, -0.03552412,  0.35373399],
       [ 0.04000146, -0.        ,  0.99919962,  0.08476495],
       [ 0.        ,  0.        ,  0.        ,  1.        ]])]"
5,"[array([[-0.55536442, -0.83134556, -0.020855  ,  0.10990261],
       [ 0.83076002, -0.55575585,  0.03119663,  0.29787525],
       [-0.03752547,  0.        ,  0.99929567,  0.08676257],
       [ 0.        ,  0.        ,  0.        ,  1.        ]])]","[array([[ 0.2328678 , -0.97250751,  0.00131639,  0.07688452],
       [ 0.97249197,  0.23287153,  0.00549745,  0.36096968],
       [-0.00565286, -0.        ,  0.99998402,  0.08429176],
       [ 0.        ,  0.        ,  0.        ,  1.        ]])]","[array([[ 0.2328678 , -0.97250751,  0.00131639,  0.07688452],
       [ 0.97249197,  0.23287153,  0.00549745,  0.36096968],
       [-0.00565286, -0.        ,  0.99998402,  0.08429176],
       [ 0.        ,  0.        ,  0.        ,  1.        ]])]","[array([[ 0.17382985, -0.98476943,  0.00351456,  0.16618938],
       [ 0.98456821,  0.17386538,  0.01990638,  0.29693773],
       [-0.02021426,  0.        ,  0.99979567,  0.0872698 ],
       [ 0.        ,  0.        ,  0.        ,  1.        ]])]","[array([[-0.45519804, -0.89020932,  0.01794735,  0.17584192],
       [ 0.8895182 , -0.45555171, -0.03507154,  0.35564149],
       [ 0.03939696, -0.        ,  0.99922364,  0.08478718],
       [ 0.        ,  0.        ,  0.        ,  1.        ]])]","[array([[-0.45519804, -0.89020932,  0.01794735,  0.17584192],
       [ 0.8895182 , -0.45555171, -0.03507154,  0.35564149],
       [ 0.03939696, -0.        ,  0.99922364,  0.08478718],
       [ 0.        ,  0.        ,  0.        ,  1.        ]])]"
6,"[array([[-0.5494278 , -0.83527546, -0.02107144,  0.10695592],
       [ 0.83466185, -0.54983171,  0.03201062,  0.30694524],
       [-0.03832343,  0.        ,  0.99926539,  0.08677244],
       [ 0.        ,  0.        ,  0.        ,  1.        ]])]","[array([[ 0.24039813, -0.97067307,  0.0015883 ,  0.07435931],
       [ 0.97065189,  0.24040338,  0.00641306,  0.37029609],
       [-0.00660682, -0.        ,  0.99997817,  0.0843241 ],
       [ 0.        ,  0.        ,  0.        ,  1.        ]])]","[array([[ 0.24039813, -0.97067307,  0.0015883 ,  0.07435931],
       [ 0.97065189,  0.24040338,  0.00641306,  0.37029609],
       [-0.00660682, -0.        ,  0.99997817,  0.0843241 ],
       [ 0.        ,  0.        ,  0.        ,  1.        ]])]","[array([[ 0.18092697, -0.98349024,  0.00351865,  0.16322076],
       [ 0.9833043 ,  0.18096118,  0.01912321,  0.30561101],
       [-0.01944423,  0.        ,  0.99981094,  0.08722055],
       [ 0.        ,  0.        ,  0.        ,  1.        ]])]","[array([[-0.44924672, -0.89322786,  0.01792697,  0.17331416],
       [ 0.89251754, -0.44960426, -0.03561548,  0.36425388],
       [ 0.03987278, -0.        ,  0.99920476,  0.08474605],
       [ 0.        ,  0.        ,  0.        ,  1.        ]])]","[array([[-0.44924672, -0.89322786,  0.01792697,  0.17331416],
       [ 0.89251754, -0.44960426, -0.03561548,  0.36425388],
       [ 0.03987278, -0.        ,  0.99920476,  0.08474605],
       [ 0.        ,  0.        ,  0.        ,  1.        ]])]"
7,"[array([[-0.54174968, -0.8402856 , -0.0206735 ,  0.10224494],
       [ 0.83967444, -0.542144  ,  0.0320425 ,  0.3215974 ],
       [-0.03813287,  0.        ,  0.99927268,  0.08674118],
       [ 0.        ,  0.        ,  0.        ,  1.        ]])]","[array([[ 0.25036184, -0.96815109,  0.00155297,  0.07026381],
       [ 0.96813247,  0.25036665,  0.00600522,  0.38526104],
       [-0.00620277, -0.        ,  0.99998076,  0.08428125],
       [ 0.        ,  0.        ,  0.        ,  1.        ]])]","[array([[ 0.25036184, -0.96815109,  0.00155297,  0.07026381],
       [ 0.96813247,  0.25036665,  0.00600522,  0.38526104],
       [-0.00620277, -0.        ,  0.99998076,  0.08428125],
       [ 0.        ,  0.        ,  0.        ,  1.        ]])]","[array([[ 0.19149086, -0.98148649,  0.00393924,  0.15844791],
       [ 0.98127888,  0.19153137,  0.0201863 ,  0.31972919],
       [-0.02056706,  0.        ,  0.99978848,  0.0872297 ],
       [ 0.        ,  0.        ,  0.        ,  1.        ]])]","[array([[-0.44095265, -0.89736302,  0.01733131,  0.16920055],
       [ 0.89667069, -0.44129312, -0.03524296,  0.37822809],
       [ 0.03927391, -0.        ,  0.99922848,  0.08476109],
       [ 0.        ,  0.        ,  0.        ,  1.        ]])]","[array([[-0.44095265, -0.89736302,  0.01733131,  0.16920055],
       [ 0.89667069, -0.44129312, -0.03524296,  0.37822809],
       [ 0.03927391, -0.        ,  0.99922848,  0.08476109],
       [ 0.        ,  0.        ,  0.        ,  1.        ]])]"
8,"[array([[-0.53432556, -0.84501818, -0.02098746,  0.08838881],
       [ 0.84436709, -0.53473758,  0.03316539,  0.34911454],
       [-0.03924814,  0.        ,  0.99922949,  0.08669016],
       [ 0.        ,  0.        ,  0.        ,  1.        ]])]","[array([[ 0.26627609, -0.96388618,  0.00452552,  0.05673393],
       [ 0.963747  ,  0.26631454,  0.01637946,  0.41317926],
       [-0.01699315, -0.        ,  0.99985561,  0.08453638],
       [ 0.        ,  0.        ,  0.        ,  1.        ]])]","[array([[ 0.26627609, -0.96388618,  0.00452552,  0.05673393],
       [ 0.963747  ,  0.26631454,  0.01637946,  0.41317926],
       [-0.01699315, -0.        ,  0.99985561,  0.08453638],
       [ 0.        ,  0.        ,  0.        ,  1.        ]])]","[array([[ 0.20131801, -0.97951243,  0.00514351,  0.1445343 ],
       [ 0.97919289,  0.20138371,  0.02501755,  0.34682736],
       [-0.02554082,  0.        ,  0.99967378,  0.08732611],
       [ 0.        ,  0.        ,  0.        ,  1.        ]])]","[array([[-0.43473262, -0.90040837,  0.01650203,  0.15592288],
       [ 0.89976038, -0.43504571, -0.03415403,  0.40519374],
       [ 0.03793171, -0.        ,  0.99928033,  0.08474077],
       [ 0.        ,  0.        ,  0.        ,  1.        ]])]","[array([[-0.43473262, -0.90040837,  0.01650203,  0.15592288],
       [ 0.89976038, -0.43504571, -0.03415403,  0.40519374],
       [ 0.03793171, -0.        ,  0.99928033,  0.08474077],
       [ 0.        ,  0.        ,  0.        ,  1.        ]])]"
9,"[array([[-0.52087486, -0.85338711, -0.02048965,  0.07058432],
       [ 0.85272761, -0.52127771,  0.03354373,  0.36906537],
       [-0.03930659,  0.        ,  0.9992272 ,  0.08656947],
       [ 0.        ,  0.        ,  0.        ,  1.        ]])]","[array([[ 0.27534243, -0.9613445 ,  0.00181725,  0.04011106],
       [ 0.96132356,  0.27534842,  0.0063447 ,  0.43352398],
       [-0.00659982, -0.        ,  0.99997822,  0.08408687],
       [ 0.        ,  0.        ,  0.        ,  1.        ]])]","[array([[ 0.27534243, -0.9613445 ,  0.00181725,  0.04011106],
       [ 0.96132356,  0.27534842,  0.0063447 ,  0.43352398],
       [-0.00659982, -0.        ,  0.99997822,  0.08408687],
       [ 0.        ,  0.        ,  0.        ,  1.        ]])]","[array([[ 0.215859  , -0.97640357,  0.00640066,  0.12672318],
       [ 0.9759746 ,  0.21595388,  0.02893963,  0.36590276],
       [-0.029639  ,  0.        ,  0.99956067,  0.08735891],
       [ 0.        ,  0.        ,  0.        ,  1.        ]])]","[array([[-0.42226193, -0.90633875,  0.01565042,  0.13907377],
       [ 0.90571687, -0.42255186, -0.03356886,  0.42412412],
       [ 0.03703787, -0.        ,  0.99931386,  0.0846802 ],
       [ 0.        ,  0.        ,  0.        ,  1.        ]])]","[array([[-0.42226193, -0.90633875,  0.01565042,  0.13907377],
       [ 0.90571687, -0.42255186, -0.03356886,  0.42412412],
       [ 0.03703787, -0.        ,  0.99931386,  0.0846802 ],
       [ 0.        ,  0.        ,  0.        ,  1.        ]])]"
10,"[array([[-0.51719461, -0.8556379 , -0.01983705,  0.05169428],
       [ 0.85500923, -0.5175749 ,  0.03279397,  0.38561638],
       [-0.03832692,  0.        ,  0.99926525,  0.08640652],
       [ 0.        ,  0.        ,  0.        ,  1.        ]])]","[array([[ 0.28505525, -0.95849936,  0.00474181,  0.021276  ],
       [ 0.95836677,  0.28509469,  0.01594214,  0.45029586],
       [-0.0166324 , -0.        ,  0.99986167,  0.08428391],
       [ 0.        ,  0.        ,  0.        ,  1.        ]])]","[array([[ 0.28505525, -0.95849936,  0.00474181,  0.021276  ],
       [ 0.95836677,  0.28509469,  0.01594214,  0.45029586],
       [-0.0166324 , -0.        ,  0.99986167,  0.08428391],
       [ 0.        ,  0.        ,  0.        ,  1.        ]])]","[array([[ 0.21911954, -0.97567718,  0.0063774 ,  0.10783359],
       [ 0.9752642 ,  0.21921233,  0.02838472,  0.38224759],
       [-0.02909232,  0.        ,  0.99957673,  0.08720467],
       [ 0.        ,  0.        ,  0.        ,  1.        ]])]","[array([[-0.41997476, -0.90740794,  0.01523255,  0.12046734],
       [ 0.90681167, -0.42025091, -0.0328902 ,  0.44043294],
       [ 0.03624633, -0.        ,  0.99934289,  0.08459037],
       [ 0.        ,  0.        ,  0.        ,  1.        ]])]","[array([[-0.41997476, -0.90740794,  0.01523255,  0.12046734],
       [ 0.90681167, -0.42025091, -0.0328902 ,  0.44043294],
       [ 0.03624633, -0.        ,  0.99934289,  0.08459037],
       [ 0.        ,  0.        ,  0.        ,  1.        ]])]"
11,"[array([[-0.54167652, -0.84032332, -0.02105384,  0.02628488],
       [ 0.83968929, -0.54208553,  0.03263698,  0.39798774],
       [-0.0388386 ,  0.        ,  0.9992455 ,  0.08623598],
       [ 0.        ,  0.        ,  0.        ,  1.        ]])]","[array([[ 0.25881016, -0.96591782,  0.00447917, -0.00600879],
       [ 0.9657732 ,  0.25884892,  0.0167144 ,  0.46180723],
       [-0.01730417, -0.        ,  0.99985027,  0.08410127],
       [ 0.        ,  0.        ,  0.        ,  1.        ]])]","[array([[ 0.25881016, -0.96591782,  0.00447917, -0.00600879],
       [ 0.9657732 ,  0.25884892,  0.0167144 ,  0.46180723],
       [-0.01730417, -0.        ,  0.99985027,  0.08410127],
       [ 0.        ,  0.        ,  0.        ,  1.        ]])]","[array([[ 0.19118519, -0.98153807,  0.00558906,  0.0825023 ],
       [ 0.98111892,  0.19126687,  0.0286818 ,  0.39618543],
       [-0.02922128,  0.        ,  0.99957297,  0.08702056],
       [ 0.        ,  0.        ,  0.        ,  1.        ]])]","[array([[-0.44227578, -0.89671707,  0.0170481 ,  0.09331751],
       [ 0.89605163, -0.44260423, -0.03453949,  0.45465775],
       [ 0.03851772, -0.        ,  0.99925792,  0.08427414],
       [ 0.        ,  0.        ,  0.        ,  1.        ]])]","[array([[-0.44227578, -0.89671707,  0.0170481 ,  0.09331751],
       [ 0.89605163, -0.44260423, -0.03453949,  0.45465775],
       [ 0.03851772, -0.        ,  0.99925792,  0.08427414],
       [ 0.        ,  0.        ,  0.        ,  1.        ]])]"
12,"[array([[-5.62779379e-01, -8.26324020e-01, -2.16329574e-02,
        -3.21776295e-05],
       [ 8.25714209e-01, -5.63195006e-01,  3.17400406e-02,
         4.04282659e-01],
       [-3.84111315e-02,  0.00000000e+00,  9.99262020e-01,
         8.60264093e-02],
       [ 0.00000000e+00,  0.00000000e+00,  0.00000000e+00,
         1.00000000e+00]])]","[array([[ 0.2381551 , -0.971217  ,  0.00443747, -0.03404881],
       [ 0.97104845,  0.23819643,  0.01809326,  0.46740454],
       [-0.01862947, -0.        ,  0.99982646,  0.08395742],
       [ 0.        ,  0.        ,  0.        ,  1.        ]])]","[array([[ 0.2381551 , -0.971217  ,  0.00443747, -0.03404881],
       [ 0.97104845,  0.23819643,  0.01809326,  0.46740454],
       [-0.01862947, -0.        ,  0.99982646,  0.08395742],
       [ 0.        ,  0.        ,  0.        ,  1.        ]])]","[array([[ 0.16724912, -0.98590229,  0.00494032,  0.05618774],
       [ 0.98547245,  0.16732207,  0.02910958,  0.4039094 ],
       [-0.02952583,  0.        ,  0.99956402,  0.08682938],
       [ 0.        ,  0.        ,  0.        ,  1.        ]])]","[array([[-0.46259402, -0.88637962,  0.01838331,  0.06546577],
       [ 0.88568055, -0.46295914, -0.03519662,  0.46259767],
       [ 0.03970829, -0.        ,  0.99921131,  0.08399728],
       [ 0.        ,  0.        ,  0.        ,  1.        ]])]","[array([[-0.46259402, -0.88637962,  0.01838331,  0.06546577],
       [ 0.88568055, -0.46295914, -0.03519662,  0.46259767],
       [ 0.03970829, -0.        ,  0.99921131,  0.08399728],
       [ 0.        ,  0.        ,  0.        ,  1.        ]])]"
13,"[array([[-0.5870962 , -0.80895386, -0.03019451, -0.0245509 ],
       [ 0.80788611, -0.58787214,  0.04154979,  0.40587931],
       [-0.05136238,  0.        ,  0.99868008,  0.08633752],
       [ 0.        ,  0.        ,  0.        ,  1.        ]])]","[array([[ 0.20554698, -0.97863958,  0.00387434, -0.06044127],
       [ 0.97846578,  0.20558349,  0.01844302,  0.46786391],
       [-0.01884557, -0.        ,  0.99982241,  0.08377029],
       [ 0.        ,  0.        ,  0.        ,  1.        ]])]","[array([[ 0.20554698, -0.97863958,  0.00387434, -0.06044127],
       [ 0.97846578,  0.20558349,  0.01844302,  0.46786391],
       [-0.01884557, -0.        ,  0.99982241,  0.08377029],
       [ 0.        ,  0.        ,  0.        ,  1.        ]])]","[array([[ 0.13576091, -0.9907342 ,  0.00383699,  0.03165619],
       [ 0.99033874,  0.13581512,  0.02798979,  0.40732777],
       [-0.02825156,  0.        ,  0.99960084,  0.08662484],
       [ 0.        ,  0.        ,  0.        ,  1.        ]])]","[array([[-0.48940861, -0.87183437,  0.01959699,  0.03905847],
       [ 0.87113627, -0.4898008 , -0.0348822 ,  0.46628011],
       [ 0.04001012, -0.        ,  0.99919927,  0.08382768],
       [ 0.        ,  0.        ,  0.        ,  1.        ]])]","[array([[-0.48940861, -0.87183437,  0.01959699,  0.03905847],
       [ 0.87113627, -0.4898008 , -0.0348822 ,  0.46628011],
       [ 0.04001012, -0.        ,  0.99919927,  0.08382768],
       [ 0.        ,  0.        ,  0.        ,  1.        ]])]"
14,"[array([[-0.61293035, -0.78942924, -0.03343443, -0.04555612],
       [ 0.78825737, -0.61384157,  0.04299825,  0.40392959],
       [-0.05446752,  0.        ,  0.99851554,  0.08630307],
       [ 0.        ,  0.        ,  0.        ,  1.        ]])]","[array([[ 0.17884043, -0.98386991,  0.00401246, -0.08351054],
       [ 0.98362238,  0.17888544,  0.02206852,  0.46483579],
       [-0.02243032, -0.        ,  0.99974841,  0.08375928],
       [ 0.        ,  0.        ,  0.        ,  1.        ]])]","[array([[ 0.17884043, -0.98386991,  0.00401246, -0.08351054],
       [ 0.98362238,  0.17888544,  0.02206852,  0.46483579],
       [-0.02243032, -0.        ,  0.99974841,  0.08375928],
       [ 0.        ,  0.        ,  0.        ,  1.        ]])]","[array([[ 0.10599662, -0.99436271,  0.00274371,  0.01049871],
       [ 0.99402975,  0.10603212,  0.02573034,  0.40703177],
       [-0.02587621,  0.        ,  0.99966515,  0.08634363],
       [ 0.        ,  0.        ,  0.        ,  1.        ]])]","[array([[-0.51615469, -0.85625007,  0.02049771,  0.01618228],
       [ 0.85557568, -0.51656153, -0.0339769 ,  0.46619297],
       [ 0.03968105, -0.        ,  0.9992124 ,  0.08362814],
       [ 0.        ,  0.        ,  0.        ,  1.        ]])]","[array([[-0.51615469, -0.85625007,  0.02049771,  0.01618228],
       [ 0.85557568, -0.51656153, -0.0339769 ,  0.46619297],
       [ 0.03968105, -0.        ,  0.9992124 ,  0.08362814],
       [ 0.        ,  0.        ,  0.        ,  1.        ]])]"
15,"[array([[-0.63810804, -0.76914199, -0.03519556, -0.07243237],
       [ 0.76797471, -0.63907793,  0.0423585 ,  0.39871285],
       [-0.0550724 ,  0.        ,  0.99848236,  0.08611762],
       [ 0.        ,  0.        ,  0.        ,  1.        ]])]","[array([[ 0.15380657, -0.98809187,  0.0042417 , -0.11249846],
       [ 0.98771634,  0.15386504,  0.0272394 ,  0.45849901],
       [-0.02756768, -0.        ,  0.99961994,  0.08378865],
       [ 0.        ,  0.        ,  0.        ,  1.        ]])]","[array([[ 0.15380657, -0.98809187,  0.0042417 , -0.11249846],
       [ 0.98771634,  0.15386504,  0.0272394 ,  0.45849901],
       [-0.02756768, -0.        ,  0.99961994,  0.08378865],
       [ 0.        ,  0.        ,  0.        ,  1.        ]])]","[array([[ 0.07591926, -0.99711238,  0.00177804, -0.01658296],
       [ 0.99683904,  0.07594008,  0.02334615,  0.40341777],
       [-0.02341376,  0.        ,  0.99972586,  0.08603147],
       [ 0.        ,  0.        ,  0.        ,  1.        ]])]","[array([[-0.54318704, -0.83933946,  0.02138013, -0.01256357],
       [ 0.83869004, -0.54360765, -0.03301129,  0.46281205],
       [ 0.03933008, -0.        ,  0.99922627,  0.0834193 ],
       [ 0.        ,  0.        ,  0.        ,  1.        ]])]","[array([[-0.54318704, -0.83933946,  0.02138013, -0.01256357],
       [ 0.83869004, -0.54360765, -0.03301129,  0.46281205],
       [ 0.03933008, -0.        ,  0.99922627,  0.0834193 ],
       [ 0.        ,  0.        ,  0.        ,  1.        ]])]"
16,"[array([[-0.66328749, -0.74784781, -0.02780944, -0.10227013],
       [ 0.74719137, -0.66387021,  0.03132726,  0.38895439],
       [-0.04188988,  0.        ,  0.99912223,  0.08536533],
       [ 0.        ,  0.        ,  0.        ,  1.        ]])]","[array([[ 0.12239156, -0.99247383,  0.00399918, -0.14456318],
       [ 0.99194444,  0.12245688,  0.03241206,  0.44741522],
       [-0.03265785, -0.        ,  0.99946659,  0.08379052],
       [ 0.        ,  0.        ,  0.        ,  1.        ]])]","[array([[ 0.12239156, -0.99247383,  0.00399918, -0.14456318],
       [ 0.99194444,  0.12245688,  0.03241206,  0.44741522],
       [-0.03265785, -0.        ,  0.99946659,  0.08379052],
       [ 0.        ,  0.        ,  0.        ,  1.        ]])]","[array([[ 3.98881101e-02, -9.99203807e-01,  8.31293973e-04,
        -4.65104275e-02],
       [ 9.98986884e-01,  3.98967715e-02,  2.08195318e-02,
         3.95703778e-01],
       [-2.08361214e-02,  0.00000000e+00,  9.99782904e-01,
         8.57067291e-02],
       [ 0.00000000e+00,  0.00000000e+00,  0.00000000e+00,
         1.00000000e+00]])]","[array([[-0.57061208, -0.82089293,  0.02316572, -0.04473681],
       [ 0.82021727, -0.57108213, -0.0332992 ,  0.45514371],
       [ 0.0405646 , -0.        ,  0.99917692,  0.08309905],
       [ 0.        ,  0.        ,  0.        ,  1.        ]])]","[array([[-0.57061208, -0.82089293,  0.02316572, -0.04473681],
       [ 0.82021727, -0.57108213, -0.0332992 ,  0.45514371],
       [ 0.0405646 , -0.        ,  0.99917692,  0.08309905],
       [ 0.        ,  0.        ,  0.        ,  1.        ]])]"
17,"[array([[-0.68893676, -0.72433608, -0.02652138, -0.12678514],
       [ 0.72379996, -0.68944705,  0.02786347,  0.37456142],
       [-0.0384676 ,  0.        ,  0.99925985,  0.08504567],
       [ 0.        ,  0.        ,  0.        ,  1.        ]])]","[array([[ 0.0736028 , -0.99728675,  0.00133074, -0.17028636],
       [ 0.99712379,  0.07361483,  0.01802796,  0.43118473],
       [-0.01807701, -0.        ,  0.9998366 ,  0.08280985],
       [ 0.        ,  0.        ,  0.        ,  1.        ]])]","[array([[ 0.0736028 , -0.99728675,  0.00133074, -0.17028636],
       [ 0.99712379,  0.07361483,  0.01802796,  0.43118473],
       [-0.01807701, -0.        ,  0.9998366 ,  0.08280985],
       [ 0.        ,  0.        ,  0.        ,  1.        ]])]","[array([[ 5.47836455e-03, -9.99984986e-01,  1.21824935e-04,
        -7.12755821e-02],
       [ 9.99737829e-01,  5.47971893e-03,  2.22316340e-02,
         3.83154505e-01],
       [-2.22319678e-02,  0.00000000e+00,  9.99752839e-01,
         8.55489961e-02],
       [ 0.00000000e+00,  0.00000000e+00,  0.00000000e+00,
         1.00000000e+00]])]","[array([[-0.59866822, -0.80063805,  0.02398085, -0.07150712],
       [ 0.79999648, -0.59914832, -0.03204546,  0.44263782],
       [ 0.0400249 , -0.        ,  0.99919868,  0.08289921],
       [ 0.        ,  0.        ,  0.        ,  1.        ]])]","[array([[-0.59866822, -0.80063805,  0.02398085, -0.07150712],
       [ 0.79999648, -0.59914832, -0.03204546,  0.44263782],
       [ 0.0400249 , -0.        ,  0.99919868,  0.08289921],
       [ 0.        ,  0.        ,  0.        ,  1.        ]])]"
18,"[array([[-0.68958538, -0.72373033, -0.02619945, -0.14239872],
       [ 0.72320856, -0.6900829 ,  0.0274769 ,  0.35668144],
       [-0.03796566,  0.        ,  0.99927904,  0.08491943],
       [ 0.        ,  0.        ,  0.        ,  1.        ]])]","[array([[ 0.071572  , -0.9974346 ,  0.00128798, -0.18593745],
       [ 0.99727314,  0.07158359,  0.01794653,  0.41328284],
       [-0.01799268, -0.        ,  0.99983812,  0.08267617],
       [ 0.        ,  0.        ,  0.        ,  1.        ]])]","[array([[ 0.071572  , -0.9974346 ,  0.00128798, -0.18593745],
       [ 0.99727314,  0.07158359,  0.01794653,  0.41328284],
       [-0.01799268, -0.        ,  0.99983812,  0.08267617],
       [ 0.        ,  0.        ,  0.        ,  1.        ]])]","[array([[ 5.85463065e-03, -9.99982853e-01,  1.28568615e-04,
        -8.69529915e-02],
       [ 9.99741820e-01,  5.85604217e-03,  2.19544885e-02,
         3.65332756e-01],
       [-2.19548649e-02,  0.00000000e+00,  9.99758963e-01,
         8.54367890e-02],
       [ 0.00000000e+00,  0.00000000e+00,  0.00000000e+00,
         1.00000000e+00]])]","[array([[-0.59938741, -0.80009029,  0.02429543, -0.08719972],
       [ 0.79943383, -0.5998796 , -0.03240406,  0.42480466],
       [ 0.0405005 , -0.        ,  0.99917952,  0.08275808],
       [ 0.        ,  0.        ,  0.        ,  1.        ]])]","[array([[-0.59938741, -0.80009029,  0.02429543, -0.08719972],
       [ 0.79943383, -0.5998796 , -0.03240406,  0.42480466],
       [ 0.0405005 , -0.        ,  0.99917952,  0.08275808],
       [ 0.        ,  0.        ,  0.        ,  1.        ]])]"
19,"[array([[-0.70775478, -0.7057634 , -0.03132414, -0.15352235],
       [ 0.70507318, -0.70844762,  0.03120546,  0.33560277],
       [-0.04421519,  0.        ,  0.99902203,  0.08495142],
       [ 0.        ,  0.        ,  0.        ,  1.        ]])]","[array([[ 4.86845311e-02, -9.98813830e-01,  8.66212341e-04,
        -1.98386830e-01],
       [ 9.98655771e-01,  4.86922365e-02,  1.77684355e-02,
         3.91155862e-01],
       [-1.77895370e-02, -0.00000000e+00,  9.99841754e-01,
         8.25577073e-02],
       [ 0.00000000e+00,  0.00000000e+00,  0.00000000e+00,
         1.00000000e+00]])]","[array([[ 4.86845311e-02, -9.98813830e-01,  8.66212341e-04,
        -1.98386830e-01],
       [ 9.98655771e-01,  4.86922365e-02,  1.77684355e-02,
         3.91155862e-01],
       [-1.77895370e-02, -0.00000000e+00,  9.99841754e-01,
         8.25577073e-02],
       [ 0.00000000e+00,  0.00000000e+00,  0.00000000e+00,
         1.00000000e+00]])]","[array([[-1.66671501e-02, -9.99861034e-01, -3.44665332e-04,
        -9.83654225e-02],
       [ 9.99647315e-01, -1.66707134e-02,  2.06720268e-02,
         3.45462948e-01],
       [-2.06748999e-02, -0.00000000e+00,  9.99786251e-01,
         8.52951178e-02],
       [ 0.00000000e+00,  0.00000000e+00,  0.00000000e+00,
         1.00000000e+00]])]","[array([[-0.61312883, -0.78943608,  0.02938905, -0.10013725],
       [ 0.78853075, -0.61383278, -0.03779658,  0.40489652],
       [ 0.04787795, -0.        ,  0.99885319,  0.08241648],
       [ 0.        ,  0.        ,  0.        ,  1.        ]])]","[array([[-0.61312883, -0.78943608,  0.02938905, -0.10013725],
       [ 0.78853075, -0.61383278, -0.03779658,  0.40489652],
       [ 0.04787795, -0.        ,  0.99885319,  0.08241648],
       [ 0.        ,  0.        ,  0.        ,  1.        ]])]"
20,"[array([[-0.7111496 , -0.70258388, -0.02534033, -0.15956214],
       [ 0.70213827, -0.71160093,  0.02501923,  0.31064064],
       [-0.03561031,  0.        ,  0.99936575,  0.08469867],
       [ 0.        ,  0.        ,  0.        ,  1.        ]])]","[array([[ 4.09312483e-02, -9.99161697e-01,  7.32707847e-04,
        -2.04753841e-01],
       [ 9.99001648e-01,  4.09378058e-02,  1.78830692e-02,
         3.65909968e-01],
       [-1.78980732e-02, -0.00000000e+00,  9.99839817e-01,
         8.25111587e-02],
       [ 0.00000000e+00,  0.00000000e+00,  0.00000000e+00,
         1.00000000e+00]])]","[array([[ 4.09312483e-02, -9.99161697e-01,  7.32707847e-04,
        -2.04753841e-01],
       [ 9.99001648e-01,  4.09378058e-02,  1.78830692e-02,
         3.65909968e-01],
       [-1.78980732e-02, -0.00000000e+00,  9.99839817e-01,
         8.25111587e-02],
       [ 0.00000000e+00,  0.00000000e+00,  0.00000000e+00,
         1.00000000e+00]])]","[array([[-2.82037303e-02, -9.99601992e-01, -6.38688517e-04,
        -1.04267704e-01],
       [ 9.99345782e-01, -2.82109611e-02,  2.26307183e-02,
         3.20931282e-01],
       [-2.26397291e-02, -0.00000000e+00,  9.99743688e-01,
         8.52661299e-02],
       [ 0.00000000e+00,  0.00000000e+00,  0.00000000e+00,
         1.00000000e+00]])]","[array([[-0.62000407, -0.78405907,  0.02909181, -0.10656368],
       [ 0.78319737, -0.62068622, -0.03674916,  0.38034689],
       [ 0.0468704 , -0.        ,  0.99890098,  0.08239052],
       [ 0.        ,  0.        ,  0.        ,  1.        ]])]","[array([[-0.62000407, -0.78405907,  0.02909181, -0.10656368],
       [ 0.78319737, -0.62068622, -0.03674916,  0.38034689],
       [ 0.0468704 , -0.        ,  0.99890098,  0.08239052],
       [ 0.        ,  0.        ,  0.        ,  1.        ]])]"
21,"[array([[-0.7188859 , -0.69463885, -0.02607562, -0.15891747],
       [ 0.69418234, -0.71935865,  0.02517957,  0.27875761],
       [-0.03624843,  0.        ,  0.99934281,  0.08471996],
       [ 0.        ,  0.        ,  0.        ,  1.        ]])]","[array([[ 2.80714818e-02, -9.99605799e-01,  4.88555010e-04,
        -2.04769899e-01],
       [ 9.99454444e-01,  2.80757328e-02,  1.73944674e-02,
         3.33488689e-01],
       [-1.74013271e-02, -0.00000000e+00,  9.99848585e-01,
         8.24693622e-02],
       [ 0.00000000e+00,  0.00000000e+00,  0.00000000e+00,
         1.00000000e+00]])]","[array([[ 2.80714818e-02, -9.99605799e-01,  4.88555010e-04,
        -2.04769899e-01],
       [ 9.99454444e-01,  2.80757328e-02,  1.73944674e-02,
         3.33488689e-01],
       [-1.74013271e-02, -0.00000000e+00,  9.99848585e-01,
         8.24693622e-02],
       [ 0.00000000e+00,  0.00000000e+00,  0.00000000e+00,
         1.00000000e+00]])]","[array([[-3.72844297e-02, -9.99304403e-01, -7.62948254e-04,
        -1.03816655e-01],
       [ 9.99095248e-01, -3.72922350e-02,  2.04444048e-02,
         2.89808298e-01],
       [-2.04586358e-02, -0.00000000e+00,  9.99790700e-01,
         8.52112734e-02],
       [ 0.00000000e+00,  0.00000000e+00,  0.00000000e+00,
         1.00000000e+00]])]","[array([[-0.63067388, -0.77549672,  0.02924553, -0.10675465],
       [ 0.77466426, -0.6313516 , -0.03592264,  0.34918359],
       [ 0.0463221 , -0.        ,  0.99892656,  0.08235296],
       [ 0.        ,  0.        ,  0.        ,  1.        ]])]","[array([[-0.63067388, -0.77549672,  0.02924553, -0.10675465],
       [ 0.77466426, -0.6313516 , -0.03592264,  0.34918359],
       [ 0.0463221 , -0.        ,  0.99892656,  0.08235296],
       [ 0.        ,  0.        ,  0.        ,  1.        ]])]"
22,"[array([[-0.72386261, -0.6894784 , -0.0253466 , -0.15403529],
       [ 0.68905611, -0.72430624,  0.02412782,  0.24687816],
       [-0.03499431,  0.        ,  0.99938751,  0.08469387],
       [ 0.        ,  0.        ,  0.        ,  1.        ]])]","[array([[ 0.0391247 , -0.99923334,  0.00140738, -0.20096272],
       [ 0.99858749,  0.03915001,  0.03592078,  0.30158309],
       [-0.03594834, -0.        ,  0.99935365,  0.08343116],
       [ 0.        ,  0.        ,  0.        ,  1.        ]])]","[array([[ 0.0391247 , -0.99923334,  0.00140738, -0.20096272],
       [ 0.99858749,  0.03915001,  0.03592078,  0.30158309],
       [-0.03594834, -0.        ,  0.99935365,  0.08343116],
       [ 0.        ,  0.        ,  0.        ,  1.        ]])]","[array([[-4.18210806e-02, -9.99124765e-01, -8.37342898e-04,
        -9.89764401e-02],
       [ 9.98924560e-01, -4.18294624e-02,  2.00004967e-02,
         2.58089853e-01],
       [-2.00180172e-02, -0.00000000e+00,  9.99799619e-01,
         8.52544036e-02],
       [ 0.00000000e+00,  0.00000000e+00,  0.00000000e+00,
         1.00000000e+00]])]","[array([[-0.63424171, -0.77264869,  0.02741271, -0.10225903],
       [ 0.77192801, -0.63483384, -0.03336368,  0.31739372],
       [ 0.04318092, -0.        ,  0.99906727,  0.08250785],
       [ 0.        ,  0.        ,  0.        ,  1.        ]])]","[array([[-0.63424171, -0.77264869,  0.02741271, -0.10225903],
       [ 0.77192801, -0.63483384, -0.03336368,  0.31739372],
       [ 0.04318092, -0.        ,  0.99906727,  0.08250785],
       [ 0.        ,  0.        ,  0.        ,  1.        ]])]"
23,"[array([[-0.71672878, -0.69690917, -0.02484893, -0.14439062],
       [ 0.6964907 , -0.71715941,  0.02414727,  0.21695892],
       [-0.0346491 ,  0.        ,  0.99939954,  0.08473314],
       [ 0.        ,  0.        ,  0.        ,  1.        ]])]","[array([[ 0.04558358, -0.99895958,  0.00137974, -0.19058088],
       [ 0.99850228,  0.04560446,  0.03022311,  0.27209585],
       [-0.03025459, -0.        ,  0.99954223,  0.0832231 ],
       [ 0.        ,  0.        ,  0.        ,  1.        ]])]","[array([[ 0.04558358, -0.99895958,  0.00137974, -0.19058088],
       [ 0.99850228,  0.04560446,  0.03022311,  0.27209585],
       [-0.03025459, -0.        ,  0.99954223,  0.0832231 ],
       [ 0.        ,  0.        ,  0.        ,  1.        ]])]","[array([[-3.21505036e-02, -9.99482830e-01, -6.46164764e-04,
        -8.92062388e-02],
       [ 9.99281028e-01, -3.21569963e-02,  2.00836727e-02,
         2.27632712e-01],
       [-2.00940647e-02, -0.00000000e+00,  9.99798094e-01,
         8.53471070e-02],
       [ 0.00000000e+00,  0.00000000e+00,  0.00000000e+00,
         1.00000000e+00]])]","[array([[-0.63071064, -0.77567278,  0.02314805, -0.0917089 ],
       [ 0.77515089, -0.63113528, -0.02844923,  0.28702009],
       [ 0.03667684, -0.        ,  0.99932718,  0.08280968],
       [ 0.        ,  0.        ,  0.        ,  1.        ]])]","[array([[-0.63071064, -0.77567278,  0.02314805, -0.0917089 ],
       [ 0.77515089, -0.63113528, -0.02844923,  0.28702009],
       [ 0.03667684, -0.        ,  0.99932718,  0.08280968],
       [ 0.        ,  0.        ,  0.        ,  1.        ]])]"
24,"[array([[-0.71786843, -0.6957234 , -0.02517682, -0.1318146 ],
       [ 0.69529592, -0.71830979,  0.02438517,  0.1911886 ],
       [-0.03505009,  0.        ,  0.99938556,  0.08482812],
       [ 0.        ,  0.        ,  0.        ,  1.        ]])]","[array([[ 0.04128564, -0.99914674,  0.00113468, -0.17799704],
       [ 0.9987696 ,  0.04130123,  0.02744991,  0.24620398],
       [-0.02747335, -0.        ,  0.99962254,  0.08317365],
       [ 0.        ,  0.        ,  0.        ,  1.        ]])]","[array([[ 0.04128564, -0.99914674,  0.00113468, -0.17799704],
       [ 0.9987696 ,  0.04130123,  0.02744991,  0.24620398],
       [-0.02747335, -0.        ,  0.99962254,  0.08317365],
       [ 0.        ,  0.        ,  0.        ,  1.        ]])]","[array([[-3.47077047e-02, -9.99397252e-01, -7.13182088e-04,
        -7.66291980e-02],
       [ 9.99186331e-01, -3.47150313e-02,  2.05315160e-02,
         2.01953130e-01],
       [-2.05438988e-02, -0.00000000e+00,  9.99788952e-01,
         8.54991833e-02],
       [ 0.00000000e+00,  0.00000000e+00,  0.00000000e+00,
         1.00000000e+00]])]","[array([[-0.63214093, -0.77443054,  0.02559651, -0.07929434],
       [ 0.77379645, -0.63265894, -0.0313324 ,  0.26133921],
       [ 0.04045863, -0.        ,  0.99918121,  0.08280442],
       [ 0.        ,  0.        ,  0.        ,  1.        ]])]","[array([[-0.63214093, -0.77443054,  0.02559651, -0.07929434],
       [ 0.77379645, -0.63265894, -0.0313324 ,  0.26133921],
       [ 0.04045863, -0.        ,  0.99918121,  0.08280442],
       [ 0.        ,  0.        ,  0.        ,  1.        ]])]"
25,"[array([[-0.70122335, -0.71247903, -0.0256795 , -0.11352205],
       [ 0.71200176, -0.7016934 ,  0.02607421,  0.1751024 ],
       [-0.03659646,  0.        ,  0.99933013,  0.08500576],
       [ 0.        ,  0.        ,  0.        ,  1.        ]])]","[array([[ 0.06255153, -0.99804092,  0.0012749 , -0.15840432],
       [ 0.99783369,  0.06256452,  0.02033748,  0.23125943],
       [-0.0203774 , -0.        ,  0.99979236,  0.082964  ],
       [ 0.        ,  0.        ,  0.        ,  1.        ]])]","[array([[ 0.06255153, -0.99804092,  0.0012749 , -0.15840432],
       [ 0.99783369,  0.06256452,  0.02033748,  0.23125943],
       [-0.0203774 , -0.        ,  0.99979236,  0.082964  ],
       [ 0.        ,  0.        ,  0.        ,  1.        ]])]","[array([[-1.23162732e-02, -9.99924112e-01, -2.83020868e-04,
        -5.80724420e-02],
       [ 9.99660209e-01, -1.23195246e-02,  2.29716160e-02,
         1.84673276e-01],
       [-2.29733594e-02, -0.00000000e+00,  9.99736078e-01,
         8.57376033e-02],
