,LP,LD1,LD2,RP,RD1,RD2
0,"[array([[-0.71893554, -0.69441919, -0.03022714, -0.11385886],
       [ 0.69380624, -0.71957069,  0.0291706 ,  0.02201362],
       [-0.04200719,  0.        ,  0.99911731,  0.08511996],
       [ 0.        ,  0.        ,  0.        ,  1.        ]])]","[array([[-6.36394115e-03, -9.99979732e-01, -1.88869344e-04,
        -1.60671535e-01],
       [ 9.99539638e-01, -6.36674317e-03,  2.96643843e-02,
         7.63369892e-02],
       [-2.96649855e-02,  0.00000000e+00,  9.99559897e-01,
         8.34473465e-02],
       [ 0.00000000e+00,  0.00000000e+00,  0.00000000e+00,
         1.00000000e+00]])]","[array([[-6.36394115e-03, -9.99979732e-01, -1.88869344e-04,
        -1.60671535e-01],
       [ 9.99539638e-01, -6.36674317e-03,  2.96643843e-02,
         7.63369892e-02],
       [-2.96649855e-02,  0.00000000e+00,  9.99559897e-01,
         8.34473465e-02],
       [ 0.00000000e+00,  0.00000000e+00,  0.00000000e+00,
         1.00000000e+00]])]","[array([[ 0.49000533, -0.87162509,  0.01282463, -0.05644279],
       [ 0.87132672,  0.49017313,  0.02280474,  0.03499557],
       [-0.02616347,  0.        ,  0.99965768,  0.08545106],
       [ 0.        ,  0.        ,  0.        ,  1.        ]])]","[array([[-0.21825368, -0.97587427,  0.00589352, -0.0277298 ],
       [ 0.97551868, -0.21833324, -0.02634198,  0.08598042],
       [ 0.02699321, -0.        ,  0.99963562,  0.08292962],
       [ 0.        ,  0.        ,  0.        ,  1.        ]])]","[array([[-0.21825368, -0.97587427,  0.00589352, -0.0277298 ],
       [ 0.97551868, -0.21833324, -0.02634198,  0.08598042],
       [ 0.02699321, -0.        ,  0.99963562,  0.08292962],
       [ 0.        ,  0.        ,  0.        ,  1.        ]])]"
1,"[array([[-0.71896286, -0.69438907, -0.03026923, -0.11386191],
       [ 0.69377447, -0.71959977,  0.02920877,  0.022016  ],
       [-0.04206398,  0.        ,  0.99911492,  0.08512423],
       [ 0.        ,  0.        ,  0.        ,  1.        ]])]","[array([[-6.21329726e-03, -9.99980680e-01, -1.84700927e-04,
        -1.60681330e-01],
       [ 9.99539143e-01, -6.21604193e-03,  2.97130169e-02,
         7.63336831e-02],
       [-2.97135909e-02,  0.00000000e+00,  9.99558454e-01,
         8.34498922e-02],
       [ 0.00000000e+00,  0.00000000e+00,  0.00000000e+00,
         1.00000000e+00]])]","[array([[-6.21329726e-03, -9.99980680e-01, -1.84700927e-04,
        -1.60681330e-01],
       [ 9.99539143e-01, -6.21604193e-03,  2.97130169e-02,
         7.63336831e-02],
       [-2.97135909e-02,  0.00000000e+00,  9.99558454e-01,
         8.34498922e-02],
       [ 0.00000000e+00,  0.00000000e+00,  0.00000000e+00,
         1.00000000e+00]])]","[array([[ 0.48985784, -0.87170711,  0.01288468, -0.05644222],
       [ 0.87140572,  0.49002726,  0.02292049,  0.0349935 ],
       [-0.02629379,  0.        ,  0.99965426,  0.08545498],
       [ 0.        ,  0.        ,  0.        ,  1.        ]])]","[array([[-0.21849086, -0.97582223,  0.00572003, -0.02772755],
       [ 0.975488  , -0.21856572, -0.02553802,  0.0859792 ],
       [ 0.02617077, -0.        ,  0.99965749,  0.08295077],
       [ 0.        ,  0.        ,  0.        ,  1.        ]])]","[array([[-0.21849086, -0.97582223,  0.00572003, -0.02772755],
       [ 0.975488  , -0.21856572, -0.02553802,  0.0859792 ],
       [ 0.02617077, -0.        ,  0.99965749,  0.08295077],
       [ 0.        ,  0.        ,  0.        ,  1.        ]])]"
2,"[array([[-0.7187504 , -0.69461126, -0.03021683, -0.11386919],
       [ 0.69399824, -0.71938529,  0.02917623,  0.02200743],
       [-0.04200368,  0.        ,  0.99911746,  0.08512088],
       [ 0.        ,  0.        ,  0.        ,  1.        ]])]","[array([[-6.21173246e-03, -9.99980690e-01, -1.84919452e-04,
        -1.60678380e-01],
       [ 9.99537885e-01, -6.21448432e-03,  2.97556277e-02,
         7.63307301e-02],
       [-2.97562022e-02,  0.00000000e+00,  9.99557186e-01,
         8.34492472e-02],
       [ 0.00000000e+00,  0.00000000e+00,  0.00000000e+00,
         1.00000000e+00]])]","[array([[-6.21173246e-03, -9.99980690e-01, -1.84919452e-04,
        -1.60678380e-01],
       [ 9.99537885e-01, -6.21448432e-03,  2.97556277e-02,
         7.63307301e-02],
       [-2.97562022e-02,  0.00000000e+00,  9.99557186e-01,
         8.34492472e-02],
       [ 0.00000000e+00,  0.00000000e+00,  0.00000000e+00,
         1.00000000e+00]])]","[array([[ 0.48982782, -0.87172587,  0.01275596, -0.05644271],
       [ 0.87143043,  0.48999389,  0.02269355,  0.03499065],
       [-0.0260329 ,  0.        ,  0.99966109,  0.08544614],
       [ 0.        ,  0.        ,  0.        ,  1.        ]])]","[array([[-0.21801955, -0.97592658,  0.00589724, -0.02774497],
       [ 0.97556976, -0.21809929, -0.02638831,  0.08598002],
       [ 0.02703924, -0.        ,  0.99963437,  0.08292415],
       [ 0.        ,  0.        ,  0.        ,  1.        ]])]","[array([[-0.21801955, -0.97592658,  0.00589724, -0.02774497],
       [ 0.97556976, -0.21809929, -0.02638831,  0.08598002],
       [ 0.02703924, -0.        ,  0.99963437,  0.08292415],
       [ 0.        ,  0.        ,  0.        ,  1.        ]])]"
3,"[array([[-0.71905063, -0.69429415, -0.03036148, -0.11385386],
       [ 0.69367605, -0.71969134,  0.02929005,  0.02201117],
       [-0.0421868 ,  0.        ,  0.99910974,  0.08512598],
       [ 0.        ,  0.        ,  0.        ,  1.        ]])]","[array([[-6.31291288e-03, -9.99980056e-01, -1.86377520e-04,
        -1.60670160e-01],
       [ 9.99544539e-01, -6.31566351e-03,  2.95097740e-02,
         7.63310632e-02],
       [-2.95103626e-02,  0.00000000e+00,  9.99564474e-01,
         8.34374295e-02],
       [ 0.00000000e+00,  0.00000000e+00,  0.00000000e+00,
         1.00000000e+00]])]","[array([[-6.31291288e-03, -9.99980056e-01, -1.86377520e-04,
        -1.60670160e-01],
       [ 9.99544539e-01, -6.31566351e-03,  2.95097740e-02,
         7.63310632e-02],
       [-2.95103626e-02,  0.00000000e+00,  9.99564474e-01,
         8.34374295e-02],
       [ 0.00000000e+00,  0.00000000e+00,  0.00000000e+00,
         1.00000000e+00]])]","[array([[ 0.48993268, -0.8716678 ,  0.01269701, -0.05644254],
       [ 0.87137523,  0.49009717,  0.02258241,  0.03498981],
       [-0.02590713,  0.        ,  0.99966435,  0.08544032],
       [ 0.        ,  0.        ,  0.        ,  1.        ]])]","[array([[-0.2187073 , -0.97577352,  0.00575773, -0.02771399],
       [ 0.97543556, -0.21878308, -0.02567949,  0.08597288],
       [ 0.02631706, -0.        ,  0.99965365,  0.08294812],
       [ 0.        ,  0.        ,  0.        ,  1.        ]])]","[array([[-0.2187073 , -0.97577352,  0.00575773, -0.02771399],
       [ 0.97543556, -0.21878308, -0.02567949,  0.08597288],
       [ 0.02631706, -0.        ,  0.99965365,  0.08294812],
       [ 0.        ,  0.        ,  0.        ,  1.        ]])]"
4,"[array([[-0.71893637, -0.69442259, -0.03012922, -0.11385888],
       [ 0.69381359, -0.71956742,  0.02907637,  0.0220095 ],
       [-0.04187129,  0.        ,  0.99912301,  0.08511092],
       [ 0.        ,  0.        ,  0.        ,  1.        ]])]","[array([[-6.21144914e-03, -9.99980692e-01, -1.83967904e-04,
        -1.60676389e-01],
       [ 9.99542389e-01, -6.21417289e-03,  2.96039965e-02,
         7.63255883e-02],
       [-2.96045681e-02,  0.00000000e+00,  9.99561689e-01,
         8.34434253e-02],
       [ 0.00000000e+00,  0.00000000e+00,  0.00000000e+00,
         1.00000000e+00]])]","[array([[-6.21144914e-03, -9.99980692e-01, -1.83967904e-04,
        -1.60676389e-01],
       [ 9.99542389e-01, -6.21417289e-03,  2.96039965e-02,
         7.63255883e-02],
       [-2.96045681e-02,  0.00000000e+00,  9.99561689e-01,
         8.34434253e-02],
       [ 0.00000000e+00,  0.00000000e+00,  0.00000000e+00,
         1.00000000e+00]])]","[array([[ 0.4898059 , -0.87173445,  0.0130091 , -0.0564353 ],
       [ 0.87142714,  0.48997863,  0.02314485,  0.03499059],
       [-0.02655035,  0.        ,  0.99964748,  0.08546673],
       [ 0.        ,  0.        ,  0.        ,  1.        ]])]","[array([[-0.21825932, -0.97587315,  0.00587054, -0.02772661],
       [ 0.97552034, -0.21833826, -0.02623867,  0.0859753 ],
       [ 0.02688738, -0.        ,  0.99963847,  0.08293198],
       [ 0.        ,  0.        ,  0.        ,  1.        ]])]","[array([[-0.21825932, -0.97587315,  0.00587054, -0.02772661],
       [ 0.97552034, -0.21833826, -0.02623867,  0.0859753 ],
       [ 0.02688738, -0.        ,  0.99963847,  0.08293198],
       [ 0.        ,  0.        ,  0.        ,  1.        ]])]"
5,"[array([[-0.71893358, -0.69442146, -0.03022171, -0.11385993],
       [ 0.69380871, -0.71956851,  0.02916554,  0.02201159],
       [-0.04199977,  0.        ,  0.99911762,  0.08511579],
       [ 0.        ,  0.        ,  0.        ,  1.        ]])]","[array([[-6.11369896e-03, -9.99981295e-01, -1.81758531e-04,
        -1.60682500e-01],
       [ 9.99539668e-01, -6.11640018e-03,  2.97160301e-02,
         7.63331148e-02],
       [-2.97165859e-02,  0.00000000e+00,  9.99558365e-01,
         8.34469874e-02],
       [ 0.00000000e+00,  0.00000000e+00,  0.00000000e+00,
         1.00000000e+00]])]","[array([[-6.11369896e-03, -9.99981295e-01, -1.81758531e-04,
        -1.60682500e-01],
       [ 9.99539668e-01, -6.11640018e-03,  2.97160301e-02,
         7.63331148e-02],
       [-2.97165859e-02,  0.00000000e+00,  9.99558365e-01,
         8.34469874e-02],
       [ 0.00000000e+00,  0.00000000e+00,  0.00000000e+00,
         1.00000000e+00]])]","[array([[ 0.48986711, -0.87170371,  0.01276134, -0.05644139],
       [ 0.87140808,  0.49003331,  0.02270072,  0.0349905 ],
       [-0.02604179,  0.        ,  0.99966086,  0.08545034],
       [ 0.        ,  0.        ,  0.        ,  1.        ]])]","[array([[-0.21828186, -0.97586837,  0.00582791, -0.02772883],
       [ 0.97552073, -0.21835964, -0.02604542,  0.085978  ],
       [ 0.02668948, -0.        ,  0.99964377,  0.08293927],
       [ 0.        ,  0.        ,  0.        ,  1.        ]])]","[array([[-0.21828186, -0.97586837,  0.00582791, -0.02772883],
       [ 0.97552073, -0.21835964, -0.02604542,  0.085978  ],
       [ 0.02668948, -0.        ,  0.99964377,  0.08293927],
       [ 0.        ,  0.        ,  0.        ,  1.        ]])]"
6,"[array([[-0.71885611, -0.69451524, -0.02990772, -0.11386473],
       [ 0.69391493, -0.719478  ,  0.02887005,  0.02200724],
       [-0.04156864,  0.        ,  0.99913565,  0.08510414],
       [ 0.        ,  0.        ,  0.        ,  1.        ]])]","[array([[-5.86282640e-03, -9.99982798e-01, -1.75173431e-04,
        -1.60694485e-01],
       [ 9.99536737e-01, -5.86544279e-03,  2.98648242e-02,
         7.63323373e-02],
       [-2.98653379e-02,  0.00000000e+00,  9.99553931e-01,
         8.34557177e-02],
       [ 0.00000000e+00,  0.00000000e+00,  0.00000000e+00,
         1.00000000e+00]])]","[array([[-5.86282640e-03, -9.99982798e-01, -1.75173431e-04,
        -1.60694485e-01],
       [ 9.99536737e-01, -5.86544279e-03,  2.98648242e-02,
         7.63323373e-02],
       [-2.98653379e-02,  0.00000000e+00,  9.99553931e-01,
         8.34557177e-02],
       [ 0.00000000e+00,  0.00000000e+00,  0.00000000e+00,
         1.00000000e+00]])]","[array([[ 0.48986356, -0.87170711,  0.01266538, -0.05643734],
       [ 0.8714159 ,  0.49002726,  0.02253038,  0.03498828],
       [-0.02584627,  0.        ,  0.99966593,  0.08543896],
       [ 0.        ,  0.        ,  0.        ,  1.        ]])]","[array([[-0.21876193, -0.97576152,  0.00571668, -0.02770809],
       [ 0.97542852, -0.21883661, -0.02548989,  0.08597237],
       [ 0.02612307, -0.        ,  0.99965873,  0.08295729],
       [ 0.        ,  0.        ,  0.        ,  1.        ]])]","[array([[-0.21876193, -0.97576152,  0.00571668, -0.02770809],
       [ 0.97542852, -0.21883661, -0.02548989,  0.08597237],
       [ 0.02612307, -0.        ,  0.99965873,  0.08295729],
       [ 0.        ,  0.        ,  0.        ,  1.        ]])]"
7,"[array([[-0.71893071, -0.69442259, -0.03026389, -0.11386001],
       [ 0.69380813, -0.71956742,  0.02920634,  0.02200962],
       [-0.04205845,  0.        ,  0.99911515,  0.08512011],
       [ 0.        ,  0.        ,  0.        ,  1.        ]])]","[array([[-5.86194559e-03, -9.99982803e-01, -1.75120777e-04,
        -1.60694513e-01],
       [ 9.99536876e-01, -5.86456080e-03,  2.98603375e-02,
         7.63353368e-02],
       [-2.98608510e-02,  0.00000000e+00,  9.99554065e-01,
         8.34555751e-02],
       [ 0.00000000e+00,  0.00000000e+00,  0.00000000e+00,
         1.00000000e+00]])]","[array([[-5.86194559e-03, -9.99982803e-01, -1.75120777e-04,
        -1.60694513e-01],
       [ 9.99536876e-01, -5.86456080e-03,  2.98603375e-02,
         7.63353368e-02],
       [-2.98608510e-02,  0.00000000e+00,  9.99554065e-01,
         8.34555751e-02],
       [ 0.00000000e+00,  0.00000000e+00,  0.00000000e+00,
         1.00000000e+00]])]","[array([[ 0.48996681, -0.87164903,  0.01266906, -0.05643614],
       [ 0.87135779,  0.49013057,  0.02253068,  0.03499449],
       [-0.02584834,  0.        ,  0.99966588,  0.085438  ],
       [ 0.        ,  0.        ,  0.        ,  1.        ]])]","[array([[-0.21850974, -0.97581727,  0.00584435, -0.02771188],
       [ 0.97546842, -0.21858788, -0.02609027,  0.08597652],
       [ 0.02673684, -0.        ,  0.99964251,  0.08293377],
       [ 0.        ,  0.        ,  0.        ,  1.        ]])]","[array([[-0.21850974, -0.97581727,  0.00584435, -0.02771188],
       [ 0.97546842, -0.21858788, -0.02609027,  0.08597652],
       [ 0.02673684, -0.        ,  0.99964251,  0.08293377],
       [ 0.        ,  0.        ,  0.        ,  1.        ]])]"
8,"[array([[-0.7189997 , -0.69435667, -0.03013716, -0.11384771],
       [ 0.69374751, -0.71963103,  0.0290787 ,  0.02201725],
       [-0.04187862,  0.        ,  0.99912271,  0.08511208],
       [ 0.        ,  0.        ,  0.        ,  1.        ]])]","[array([[-5.76260187e-03, -9.99983381e-01, -1.72467847e-04,
        -1.60692674e-01],
       [ 9.99535822e-01, -5.76518217e-03,  2.99149230e-02,
         7.63418175e-02],
       [-2.99154202e-02,  0.00000000e+00,  9.99552434e-01,
         8.34583104e-02],
       [ 0.00000000e+00,  0.00000000e+00,  0.00000000e+00,
         1.00000000e+00]])]","[array([[-5.76260187e-03, -9.99983381e-01, -1.72467847e-04,
        -1.60692674e-01],
       [ 9.99535822e-01, -5.76518217e-03,  2.99149230e-02,
         7.63418175e-02],
       [-2.99154202e-02,  0.00000000e+00,  9.99552434e-01,
         8.34583104e-02],
       [ 0.00000000e+00,  0.00000000e+00,  0.00000000e+00,
         1.00000000e+00]])]","[array([[ 0.48993268, -0.8716678 ,  0.01269701, -0.05643554],
       [ 0.87137523,  0.49009717,  0.02258241,  0.03499481],
       [-0.02590713,  0.        ,  0.99966435,  0.08543732],
       [ 0.        ,  0.        ,  0.        ,  1.        ]])]","[array([[-0.21831244, -0.97586118,  0.00588437, -0.02772576],
       [ 0.97550689, -0.21839173, -0.0262937 ,  0.08598399],
       [ 0.0269441 , -0.        ,  0.99963694,  0.08292318],
       [ 0.        ,  0.        ,  0.        ,  1.        ]])]","[array([[-0.21831244, -0.97586118,  0.00588437, -0.02772576],
       [ 0.97550689, -0.21839173, -0.0262937 ,  0.08598399],
       [ 0.0269441 , -0.        ,  0.99963694,  0.08292318],
       [ 0.        ,  0.        ,  0.        ,  1.        ]])]"
9,"[array([[-0.71979136, -0.69352867, -0.03030479, -0.11384456],
       [ 0.69291482, -0.72042903,  0.02917323,  0.02200583],
       [-0.04206492,  0.        ,  0.99911488,  0.08511625],
       [ 0.        ,  0.        ,  0.        ,  1.        ]])]","[array([[-7.21628132e-03, -9.99973938e-01, -2.21059563e-04,
        -1.60752405e-01],
       [ 9.99505076e-01, -7.21966644e-03,  3.06182846e-02,
         7.62752501e-02],
       [-3.06190826e-02,  0.00000000e+00,  9.99531126e-01,
         8.34676868e-02],
       [ 0.00000000e+00,  0.00000000e+00,  0.00000000e+00,
         1.00000000e+00]])]","[array([[-7.21628132e-03, -9.99973938e-01, -2.21059563e-04,
        -1.60752405e-01],
       [ 9.99505076e-01, -7.21966644e-03,  3.06182846e-02,
         7.62752501e-02],
       [-3.06190826e-02,  0.00000000e+00,  9.99531126e-01,
         8.34676868e-02],
       [ 0.00000000e+00,  0.00000000e+00,  0.00000000e+00,
         1.00000000e+00]])]","[array([[ 0.48887399, -0.87226153,  0.0127296 , -0.0564441 ],
       [ 0.87196598,  0.48903969,  0.02270478,  0.03498019],
       [-0.02602979,  0.        ,  0.99966117,  0.08544207],
       [ 0.        ,  0.        ,  0.        ,  1.        ]])]","[array([[-0.22065726, -0.97533489,  0.00567607, -0.02775995],
       [ 0.97501237, -0.22073026, -0.02508068,  0.08599457],
       [ 0.02571494, -0.        ,  0.99966932,  0.08296426],
       [ 0.        ,  0.        ,  0.        ,  1.        ]])]","[array([[-0.22065726, -0.97533489,  0.00567607, -0.02775995],
       [ 0.97501237, -0.22073026, -0.02508068,  0.08599457],
       [ 0.02571494, -0.        ,  0.99966932,  0.08296426],
       [ 0.        ,  0.        ,  0.        ,  1.        ]])]"
10,"[array([[-0.71865311, -0.69470616, -0.03034903, -0.11385845],
       [ 0.69408751, -0.71929365,  0.02931161,  0.02202247],
       [-0.04219282,  0.        ,  0.99910949,  0.08512012],
       [ 0.        ,  0.        ,  0.        ,  1.        ]])]","[array([[-6.66413288e-03, -9.99977774e-01, -2.01776960e-04,
        -1.60682981e-01],
       [ 9.99519719e-01, -6.66718688e-03,  3.02635097e-02,
         7.63592706e-02],
       [-3.02641824e-02,  0.00000000e+00,  9.99541935e-01,
         8.34774010e-02],
       [ 0.00000000e+00,  0.00000000e+00,  0.00000000e+00,
         1.00000000e+00]])]","[array([[-6.66413288e-03, -9.99977774e-01, -2.01776960e-04,
        -1.60682981e-01],
       [ 9.99519719e-01, -6.66718688e-03,  3.02635097e-02,
         7.63592706e-02],
       [-3.02641824e-02,  0.00000000e+00,  9.99541935e-01,
         8.34774010e-02],
       [ 0.00000000e+00,  0.00000000e+00,  0.00000000e+00,
         1.00000000e+00]])]","[array([[ 0.48943036, -0.87194784,  0.01284094, -0.05643478],
       [ 0.87164789,  0.48959878,  0.02286899,  0.03499428],
       [-0.02622748,  0.        ,  0.999656  ,  0.0854375 ],
       [ 0.        ,  0.        ,  0.        ,  1.        ]])]","[array([[-0.2210526 , -0.97524601,  0.00556409, -0.02771416],
       [ 0.97493722, -0.22112262, -0.02454002,  0.08597256],
       [ 0.0251629 , -0.        ,  0.99968336,  0.08294782],
       [ 0.        ,  0.        ,  0.        ,  1.        ]])]","[array([[-0.2210526 , -0.97524601,  0.00556409, -0.02771416],
       [ 0.97493722, -0.22112262, -0.02454002,  0.08597256],
       [ 0.0251629 , -0.        ,  0.99968336,  0.08294782],
       [ 0.        ,  0.        ,  0.        ,  1.        ]])]"
11,"[array([[-0.7177237 , -0.69569335, -0.02972277, -0.1138585 ],
       [ 0.69509756, -0.71833889,  0.02878576,  0.02201771],
       [-0.04137709,  0.        ,  0.9991436 ,  0.08513585],
       [ 0.        ,  0.        ,  0.        ,  1.        ]])]","[array([[-5.56099714e-03, -9.99984525e-01, -1.58867247e-04,
        -1.60609091e-01],
       [ 9.99576712e-01, -5.56326595e-03,  2.85560299e-02,
         7.64174259e-02],
       [-2.85564718e-02,  0.00000000e+00,  9.99592181e-01,
         8.35660958e-02],
       [ 0.00000000e+00,  0.00000000e+00,  0.00000000e+00,
         1.00000000e+00]])]","[array([[-5.56099714e-03, -9.99984525e-01, -1.58867247e-04,
        -1.60609091e-01],
       [ 9.99576712e-01, -5.56326595e-03,  2.85560299e-02,
         7.64174259e-02],
       [-2.85564718e-02,  0.00000000e+00,  9.99592181e-01,
         8.35660958e-02],
       [ 0.00000000e+00,  0.00000000e+00,  0.00000000e+00,
         1.00000000e+00]])]","[array([[ 0.49021418, -0.87151572,  0.01226391, -0.0564385 ],
       [ 0.87124312,  0.49036756,  0.02179628,  0.03497317],
       [-0.02500962,  0.        ,  0.99968721,  0.08545722],
       [ 0.        ,  0.        ,  0.        ,  1.        ]])]","[array([[-0.21855425, -0.97580656,  0.00596611, -0.02768032],
       [ 0.97544319, -0.21863567, -0.02662774,  0.08594467],
       [ 0.02728793, -0.        ,  0.99962762,  0.08307024],
       [ 0.        ,  0.        ,  0.        ,  1.        ]])]","[array([[-0.21855425, -0.97580656,  0.00596611, -0.02768032],
       [ 0.97544319, -0.21863567, -0.02662774,  0.08594467],
       [ 0.02728793, -0.        ,  0.99962762,  0.08307024],
       [ 0.        ,  0.        ,  0.        ,  1.        ]])]"
12,"[array([[-0.71825494, -0.69515359, -0.02951844, -0.11385346],
       [ 0.69456727, -0.71886125,  0.02854494,  0.02200865],
       [-0.04106278,  0.        ,  0.99915657,  0.08512281],
       [ 0.        ,  0.        ,  0.        ,  1.        ]])]","[array([[-5.91286318e-03, -9.99982505e-01, -1.68952930e-04,
        -1.60645892e-01],
       [ 9.99574531e-01, -5.91527650e-03,  2.85616360e-02,
         7.63779112e-02],
       [-2.85621357e-02,  0.00000000e+00,  9.99592019e-01,
         8.35412759e-02],
       [ 0.00000000e+00,  0.00000000e+00,  0.00000000e+00,
         1.00000000e+00]])]","[array([[-5.91286318e-03, -9.99982505e-01, -1.68952930e-04,
        -1.60645892e-01],
       [ 9.99574531e-01, -5.91527650e-03,  2.85616360e-02,
         7.63779112e-02],
       [-2.85621357e-02,  0.00000000e+00,  9.99592019e-01,
         8.35412759e-02],
       [ 0.00000000e+00,  0.00000000e+00,  0.00000000e+00,
         1.00000000e+00]])]","[array([[ 0.49002289, -0.87162509,  0.01213523, -0.05643219],
       [ 0.87135794,  0.49017313,  0.02157885,  0.03496387],
       [-0.02475703,  0.        ,  0.9996935 ,  0.08545556],
       [ 0.        ,  0.        ,  0.        ,  1.        ]])]","[array([[-0.21864918, -0.97578515,  0.00599052, -0.027686  ],
       [ 0.97541912, -0.21873123, -0.02672439,  0.08593712],
       [ 0.02738758, -0.        ,  0.99962489,  0.08308608],
       [ 0.        ,  0.        ,  0.        ,  1.        ]])]","[array([[-0.21864918, -0.97578515,  0.00599052, -0.027686  ],
       [ 0.97541912, -0.21873123, -0.02672439,  0.08593712],
       [ 0.02738758, -0.        ,  0.99962489,  0.08308608],
       [ 0.        ,  0.        ,  0.        ,  1.        ]])]"
13,"[array([[-0.71772097, -0.69569437, -0.02976492, -0.11385357],
       [ 0.69509689, -0.7183379 ,  0.02882667,  0.02203574],
       [-0.04143582,  0.        ,  0.99914117,  0.08511816],
       [ 0.        ,  0.        ,  0.        ,  1.        ]])]","[array([[-6.21156758e-03, -9.99980692e-01, -1.79924664e-04,
        -1.60588385e-01],
       [ 9.99561447e-01, -6.21417289e-03,  2.89533608e-02,
         7.64269822e-02],
       [-2.89539198e-02,  0.00000000e+00,  9.99580747e-01,
         8.35127347e-02],
       [ 0.00000000e+00,  0.00000000e+00,  0.00000000e+00,
         1.00000000e+00]])]","[array([[-6.21156758e-03, -9.99980692e-01, -1.79924664e-04,
        -1.60588385e-01],
       [ 9.99561447e-01, -6.21417289e-03,  2.89533608e-02,
         7.64269822e-02],
       [-2.89539198e-02,  0.00000000e+00,  9.99580747e-01,
         8.35127347e-02],
       [ 0.00000000e+00,  0.00000000e+00,  0.00000000e+00,
         1.00000000e+00]])]","[array([[ 0.48982372, -0.87173445,  0.01231991, -0.05643369],
       [ 0.87145884,  0.48997863,  0.02191869,  0.03499388],
       [-0.02514377,  0.        ,  0.99968385,  0.08543622],
       [ 0.        ,  0.        ,  0.        ,  1.        ]])]","[array([[-0.22415349, -0.974553  ,  0.00129094, -0.02724702],
       [ 0.97453684, -0.22415721, -0.00561253,  0.08593557],
       [ 0.00575908, -0.        ,  0.99998342,  0.08410786],
       [ 0.        ,  0.        ,  0.        ,  1.        ]])]","[array([[-0.22415349, -0.974553  ,  0.00129094, -0.02724702],
       [ 0.97453684, -0.22415721, -0.00561253,  0.08593557],
       [ 0.00575908, -0.        ,  0.99998342,  0.08410786],
       [ 0.        ,  0.        ,  0.        ,  1.        ]])]"
14,"[array([[-0.71643335, -0.69702837, -0.02957529, -0.11386259],
       [ 0.69643521, -0.71704355,  0.02874975,  0.02206648],
       [-0.04124616,  0.        ,  0.99914901,  0.08510591],
       [ 0.        ,  0.        ,  0.        ,  1.        ]])]","[array([[-6.31327552e-03, -9.99980054e-01, -1.84815247e-04,
        -1.60526148e-01],
       [ 9.99551852e-01, -6.31598009e-03,  2.92609473e-02,
         7.65288292e-02],
       [-2.92615310e-02,  0.00000000e+00,  9.99571790e-01,
         8.35325167e-02],
       [ 0.00000000e+00,  0.00000000e+00,  0.00000000e+00,
         1.00000000e+00]])]","[array([[-6.31327552e-03, -9.99980054e-01, -1.84815247e-04,
        -1.60526148e-01],
       [ 9.99551852e-01, -6.31598009e-03,  2.92609473e-02,
         7.65288292e-02],
       [-2.92615310e-02,  0.00000000e+00,  9.99571790e-01,
         8.35325167e-02],
       [ 0.00000000e+00,  0.00000000e+00,  0.00000000e+00,
         1.00000000e+00]])]","[array([[ 0.4894203 , -0.87195982,  0.0124033 , -0.05644566],
       [ 0.87167994,  0.48957744,  0.02209084,  0.03500937],
       [-0.0253347 ,  0.        ,  0.99967903,  0.0854355 ],
       [ 0.        ,  0.        ,  0.        ,  1.        ]])]","[array([[-0.22193991, -0.97505951,  0.00127813, -0.02731038],
       [ 0.97504334, -0.22194359, -0.00561519,  0.0859959 ],
       [ 0.00575882, -0.        ,  0.99998342,  0.08408687],
       [ 0.        ,  0.        ,  0.        ,  1.        ]])]","[array([[-0.22193991, -0.97505951,  0.00127813, -0.02731038],
       [ 0.97504334, -0.22194359, -0.00561519,  0.0859959 ],
       [ 0.00575882, -0.        ,  0.99998342,  0.08408687],
       [ 0.        ,  0.        ,  0.        ,  1.        ]])]"
15,"[array([[-0.71612455, -0.69734628, -0.02956011, -0.11389612],
       [ 0.69675294, -0.71673438,  0.0287605 ,  0.02211388],
       [-0.04124278,  0.        ,  0.99914915,  0.08510984],
       [ 0.        ,  0.        ,  0.        ,  1.        ]])]","[array([[-6.71417909e-03, -9.99977441e-01, -1.93858334e-04,
        -1.60544388e-01],
       [ 9.99560886e-01, -6.71697715e-03,  2.88602979e-02,
         7.65887374e-02],
       [-2.88609489e-02,  0.00000000e+00,  9.99583436e-01,
         8.35537782e-02],
       [ 0.00000000e+00,  0.00000000e+00,  0.00000000e+00,
         1.00000000e+00]])]","[array([[-6.71417909e-03, -9.99977441e-01, -1.93858334e-04,
        -1.60544388e-01],
       [ 9.99560886e-01, -6.71697715e-03,  2.88602979e-02,
         7.65887374e-02],
       [-2.88609489e-02,  0.00000000e+00,  9.99583436e-01,
         8.35537782e-02],
       [ 0.00000000e+00,  0.00000000e+00,  0.00000000e+00,
         1.00000000e+00]])]","[array([[ 0.48819993, -0.87264675,  0.01218467, -0.05648342],
       [ 0.87237509,  0.48835196,  0.02177305,  0.03506892],
       [-0.02495059,  0.        ,  0.99968869,  0.08543289],
       [ 0.        ,  0.        ,  0.        ,  1.        ]])]","[array([[-0.21054669, -0.9775681 ,  0.00554051, -0.02793018],
       [ 0.97722981, -0.21061957, -0.0257157 ,  0.08622607],
       [ 0.02630579, -0.        ,  0.99965394,  0.08306048],
       [ 0.        ,  0.        ,  0.        ,  1.        ]])]","[array([[-0.21054669, -0.9775681 ,  0.00554051, -0.02793018],
       [ 0.97722981, -0.21061957, -0.0257157 ,  0.08622607],
       [ 0.02630579, -0.        ,  0.99965394,  0.08306048],
       [ 0.        ,  0.        ,  0.        ,  1.        ]])]"
16,"[array([[-0.71480234, -0.69870751, -0.02941814, -0.11390023],
       [ 0.69811653, -0.71540744,  0.02873143,  0.02214943],
       [-0.04112082,  0.        ,  0.99915418,  0.08511211],
       [ 0.        ,  0.        ,  0.        ,  1.        ]])]","[array([[-8.06694374e-03, -9.99967434e-01, -2.33318711e-04,
        -1.60480325e-01],
       [ 9.99549446e-01, -8.07031716e-03,  2.89097824e-02,
         7.66880112e-02],
       [-2.89107239e-02,  0.00000000e+00,  9.99581998e-01,
         8.35923610e-02],
       [ 0.00000000e+00,  0.00000000e+00,  0.00000000e+00,
         1.00000000e+00]])]","[array([[-8.06694374e-03, -9.99967434e-01, -2.33318711e-04,
        -1.60480325e-01],
       [ 9.99549446e-01, -8.07031716e-03,  2.89097824e-02,
         7.66880112e-02],
       [-2.89107239e-02,  0.00000000e+00,  9.99581998e-01,
         8.35923610e-02],
       [ 0.00000000e+00,  0.00000000e+00,  0.00000000e+00,
         1.00000000e+00]])]","[array([[ 0.48582656, -0.87397917,  0.01153118, -0.05652008],
       [ 0.87373309,  0.48596338,  0.02073821,  0.0350623 ],
       [-0.0237285 ,  0.        ,  0.99971844,  0.08542652],
       [ 0.        ,  0.        ,  0.        ,  1.        ]])]","[array([[-0.20577348, -0.97858386,  0.00555822, -0.02817993],
       [ 0.97822707, -0.20584854, -0.02642323,  0.08639496],
       [ 0.0270015 , -0.        ,  0.99963539,  0.08313535],
       [ 0.        ,  0.        ,  0.        ,  1.        ]])]","[array([[-0.20577348, -0.97858386,  0.00555822, -0.02817993],
       [ 0.97822707, -0.20584854, -0.02642323,  0.08639496],
       [ 0.0270015 , -0.        ,  0.99963539,  0.08313535],
       [ 0.        ,  0.        ,  0.        ,  1.        ]])]"
17,"[array([[-0.71302341, -0.70053853, -0.02904124, -0.1139229 ],
       [ 0.69995819, -0.71361458,  0.0285091 ,  0.02218157],
       [-0.04069597,  0.        ,  0.99917158,  0.08511159],
       [ 0.        ,  0.        ,  0.        ,  1.        ]])]","[array([[-1.14645981e-02, -9.99934225e-01, -3.29014906e-04,
        -1.60355130e-01],
       [ 9.99522709e-01, -1.14693182e-02,  2.86846402e-02,
         7.67915659e-02],
       [-2.86865270e-02,  0.00000000e+00,  9.99588457e-01,
         8.36322316e-02],
       [ 0.00000000e+00,  0.00000000e+00,  0.00000000e+00,
         1.00000000e+00]])]","[array([[-1.14645981e-02, -9.99934225e-01, -3.29014906e-04,
        -1.60355130e-01],
       [ 9.99522709e-01, -1.14693182e-02,  2.86846402e-02,
         7.67915659e-02],
       [-2.86865270e-02,  0.00000000e+00,  9.99588457e-01,
         8.36322316e-02],
       [ 0.00000000e+00,  0.00000000e+00,  0.00000000e+00,
         1.00000000e+00]])]","[array([[ 0.48553685, -0.87414822,  0.01090196, -0.05653909],
       [ 0.87392795,  0.48565923,  0.01962267,  0.03504524],
       [-0.02244777,  0.        ,  0.99974802,  0.08545083],
       [ 0.        ,  0.        ,  0.        ,  1.        ]])]","[array([[-0.20214107, -0.97932875,  0.00736128, -0.02832968],
       [ 0.97868002, -0.20227506, -0.03564014,  0.08643669],
       [ 0.03639242, -0.        ,  0.99933758,  0.08302672],
       [ 0.        ,  0.        ,  0.        ,  1.        ]])]","[array([[-0.20214107, -0.97932875,  0.00736128, -0.02832968],
       [ 0.97868002, -0.20227506, -0.03564014,  0.08643669],
       [ 0.03639242, -0.        ,  0.99933758,  0.08302672],
       [ 0.        ,  0.        ,  0.        ,  1.        ]])]"
18,"[array([[-0.7129045 , -0.70066537, -0.02890008, -0.11391601],
       [ 0.70009035, -0.71349004,  0.02838061,  0.02217603],
       [-0.04050523,  0.        ,  0.99917933,  0.08511132],
       [ 0.        ,  0.        ,  0.        ,  1.        ]])]","[array([[-1.89299707e-02, -9.99820766e-01, -3.03543916e-04,
        -1.60070220e-01],
       [ 9.99692252e-01, -1.89324042e-02,  1.60301622e-02,
         7.67425906e-02],
       [-1.60330359e-02,  0.00000000e+00,  9.99871463e-01,
         8.32128505e-02],
       [ 0.00000000e+00,  0.00000000e+00,  0.00000000e+00,
         1.00000000e+00]])]","[array([[-1.89299707e-02, -9.99820766e-01, -3.03543916e-04,
        -1.60070220e-01],
       [ 9.99692252e-01, -1.89324042e-02,  1.60301622e-02,
         7.67425906e-02],
       [-1.60330359e-02,  0.00000000e+00,  9.99871463e-01,
         8.32128505e-02],
       [ 0.00000000e+00,  0.00000000e+00,  0.00000000e+00,
         1.00000000e+00]])]","[array([[ 0.48610915, -0.8738341 ,  0.0105767 , -0.05653412],
       [ 0.87362733,  0.4862242 ,  0.01900826,  0.03503299],
       [-0.02175271,  0.        ,  0.99976338,  0.08545326],
       [ 0.        ,  0.        ,  0.        ,  1.        ]])]","[array([[-0.20350561, -0.97905266,  0.00643048, -0.0282345 ],
       [ 0.97856425, -0.20360719, -0.03092121,  0.08638006],
       [ 0.03158279, -0.        ,  0.99950114,  0.08327067],
       [ 0.        ,  0.        ,  0.        ,  1.        ]])]","[array([[-0.20350561, -0.97905266,  0.00643048, -0.0282345 ],
       [ 0.97856425, -0.20360719, -0.03092121,  0.08638006],
       [ 0.03158279, -0.        ,  0.99950114,  0.08327067],
       [ 0.        ,  0.        ,  0.        ,  1.        ]])]"
19,"[array([[-0.71091393, -0.70268288, -0.02895087, -0.11392955],
       [ 0.70210094, -0.71150317,  0.02859198,  0.02220559],
       [-0.04068973,  0.        ,  0.99917183,  0.08511545],
       [ 0.        ,  0.        ,  0.        ,  1.        ]])]","[array([[-1.98698987e-02, -9.99802548e-01, -2.30157617e-04,
        -1.59829249e-01],
       [ 9.99735482e-01, -1.98712317e-02,  1.15801665e-02,
         7.68729911e-02],
       [-1.15824535e-02,  0.00000000e+00,  9.99932921e-01,
         8.30413220e-02],
       [ 0.00000000e+00,  0.00000000e+00,  0.00000000e+00,
         1.00000000e+00]])]","[array([[-1.98698987e-02, -9.99802548e-01, -2.30157617e-04,
        -1.59829249e-01],
       [ 9.99735482e-01, -1.98712317e-02,  1.15801665e-02,
         7.68729911e-02],
       [-1.15824535e-02,  0.00000000e+00,  9.99932921e-01,
         8.30413220e-02],
       [ 0.00000000e+00,  0.00000000e+00,  0.00000000e+00,
         1.00000000e+00]])]","[array([[ 0.4861872 , -0.87379177,  0.01048531, -0.0565335 ],
       [ 0.87358864,  0.48630025,  0.01884017,  0.03503653],
       [-0.0215614 ,  0.        ,  0.99976753,  0.08545298],
       [ 0.        ,  0.        ,  0.        ,  1.        ]])]","[array([[-0.20668306, -0.97839919,  0.00413916, -0.02797447],
       [ 0.97820305, -0.2067245 , -0.01959007,  0.08632768],
       [ 0.02002258, -0.        ,  0.99979953,  0.08400228],
       [ 0.        ,  0.        ,  0.        ,  1.        ]])]","[array([[-0.20668306, -0.97839919,  0.00413916, -0.02797447],
       [ 0.97820305, -0.2067245 , -0.01959007,  0.08632768],
       [ 0.02002258, -0.        ,  0.99979953,  0.08400228],
       [ 0.        ,  0.        ,  0.        ,  1.        ]])]"
20,"[array([[-0.70868655, -0.70494587, -0.02854269, -0.11394718],
       [ 0.70437482, -0.7092611 ,  0.02836903,  0.02223316],
       [-0.04024285,  0.        ,  0.99918993,  0.08510344],
       [ 0.        ,  0.        ,  0.        ,  1.        ]])]","[array([[-2.44838703e-02, -9.99700220e-01, -1.02765460e-04,
        -1.59374064e-01],
       [ 9.99691414e-01, -2.44840860e-02,  4.19597666e-03,
         7.70276346e-02],
       [-4.19723491e-03,  0.00000000e+00,  9.99991192e-01,
         8.27464721e-02],
       [ 0.00000000e+00,  0.00000000e+00,  0.00000000e+00,
         1.00000000e+00]])]","[array([[-2.44838703e-02, -9.99700220e-01, -1.02765460e-04,
        -1.59374064e-01],
       [ 9.99691414e-01, -2.44840860e-02,  4.19597666e-03,
         7.70276346e-02],
       [-4.19723491e-03,  0.00000000e+00,  9.99991192e-01,
         8.27464721e-02],
       [ 0.00000000e+00,  0.00000000e+00,  0.00000000e+00,
         1.00000000e+00]])]","[array([[ 0.48619053, -0.87379177,  0.01032982, -0.05653357],
       [ 0.87359462,  0.48630025,  0.01856077,  0.0350214 ],
       [-0.02124164,  0.        ,  0.99977437,  0.08544981],
       [ 0.        ,  0.        ,  0.        ,  1.        ]])]","[array([[-0.20036878, -0.97969166,  0.00752294, -0.02836203],
       [ 0.97900187, -0.20050996, -0.03675711,  0.08635073],
       [ 0.03751905, -0.        ,  0.99929591,  0.08312389],
       [ 0.        ,  0.        ,  0.        ,  1.        ]])]","[array([[-0.20036878, -0.97969166,  0.00752294, -0.02836203],
       [ 0.97900187, -0.20050996, -0.03675711,  0.08635073],
       [ 0.03751905, -0.        ,  0.99929591,  0.08312389],
       [ 0.        ,  0.        ,  0.        ,  1.        ]])]"
21,"[array([[-0.71160369, -0.70199064, -0.02879817, -0.11392122],
       [ 0.70141649, -0.71218617,  0.0283859 ,  0.02219715],
       [-0.04043629,  0.        ,  0.99918212,  0.08511077],
       [ 0.        ,  0.        ,  0.        ,  1.        ]])]","[array([[-2.75461279e-02, -9.99620525e-01, -1.29450034e-04,
        -1.59557325e-01],
       [ 9.99609487e-01, -2.75464321e-02,  4.69755614e-03,
         7.68304594e-02],
       [-4.69933943e-03,  0.00000000e+00,  9.99988958e-01,
         8.27454390e-02],
       [ 0.00000000e+00,  0.00000000e+00,  0.00000000e+00,
         1.00000000e+00]])]","[array([[-2.75461279e-02, -9.99620525e-01, -1.29450034e-04,
        -1.59557325e-01],
       [ 9.99609487e-01, -2.75464321e-02,  4.69755614e-03,
         7.68304594e-02],
       [-4.69933943e-03,  0.00000000e+00,  9.99988958e-01,
         8.27454390e-02],
       [ 0.00000000e+00,  0.00000000e+00,  0.00000000e+00,
         1.00000000e+00]])]","[array([[ 0.4834978 , -0.87528643,  0.01017558, -0.05658152],
       [ 0.87509265,  0.48360487,  0.018417  ,  0.03500492],
       [-0.02104111,  0.        ,  0.99977861,  0.08545632],
       [ 0.        ,  0.        ,  0.        ,  1.        ]])]","[array([[-0.20150007, -0.979455  ,  0.00810072, -0.0286978 ],
       [ 0.97866446, -0.20166283, -0.03934434,  0.08644261],
       [ 0.04016963, -0.        ,  0.99919287,  0.08304961],
       [ 0.        ,  0.        ,  0.        ,  1.        ]])]","[array([[-0.20150007, -0.979455  ,  0.00810072, -0.0286978 ],
       [ 0.97866446, -0.20166283, -0.03934434,  0.08644261],
       [ 0.04016963, -0.        ,  0.99919287,  0.08304961],
       [ 0.        ,  0.        ,  0.        ,  1.        ]])]"
22,"[array([[-0.68402875, -0.72883672, -0.03002821, -0.11412227],
       [ 0.72813546, -0.68468754,  0.03196445,  0.02247744],
       [-0.04385681,  0.        ,  0.99903783,  0.08511839],
       [ 0.        ,  0.        ,  0.        ,  1.        ]])]","[array([[ 4.41591208e-02, -9.99024074e-01,  9.33612966e-04,
        -1.57537868e-01],
       [ 9.98800874e-01,  4.41689889e-02,  2.11166670e-02,
         7.90588926e-02],
       [-2.11372954e-02, -0.00000000e+00,  9.99776582e-01,
         8.28001660e-02],
       [ 0.00000000e+00,  0.00000000e+00,  0.00000000e+00,
         1.00000000e+00]])]","[array([[ 4.41591208e-02, -9.99024074e-01,  9.33612966e-04,
        -1.57537868e-01],
       [ 9.98800874e-01,  4.41689889e-02,  2.11166670e-02,
         7.90588926e-02],
       [-2.11372954e-02, -0.00000000e+00,  9.99776582e-01,
         8.28001660e-02],
       [ 0.00000000e+00,  0.00000000e+00,  0.00000000e+00,
         1.00000000e+00]])]","[array([[ 0.45132062, -0.89230594,  0.00999066, -0.0568418 ],
       [ 0.89208739,  0.45143118,  0.0197477 ,  0.03467369],
       [-0.02213108,  0.        ,  0.99975508,  0.08547074],
       [ 0.        ,  0.        ,  0.        ,  1.        ]])]","[array([[-0.23152206, -0.97273773,  0.01337353, -0.03174874],
       [ 0.97111895, -0.23190799, -0.05609525,  0.08699268],
       [ 0.0576674 , -0.        ,  0.99833585,  0.08223718],
       [ 0.        ,  0.        ,  0.        ,  1.        ]])]","[array([[-0.23152206, -0.97273773,  0.01337353, -0.03174874],
       [ 0.97111895, -0.23190799, -0.05609525,  0.08699268],
       [ 0.0576674 , -0.        ,  0.99833585,  0.08223718],
       [ 0.        ,  0.        ,  0.        ,  1.        ]])]"
23,"[array([[-0.6429136 , -0.76531514, -0.03090034, -0.1143892 ],
       [ 0.76443271, -0.64365576,  0.0367409 ,  0.02299212],
       [-0.04800755,  0.        ,  0.99884697,  0.08512037],
       [ 0.        ,  0.        ,  0.        ,  1.        ]])]","[array([[ 0.11281601, -0.99361202,  0.00277455, -0.1547228 ],
       [ 0.99331167,  0.11285012,  0.02442912,  0.08195751],
       [-0.02458618, -0.        ,  0.99969771,  0.08255084],
       [ 0.        ,  0.        ,  0.        ,  1.        ]])]","[array([[ 0.11281601, -0.99361202,  0.00277455, -0.1547228 ],
       [ 0.99331167,  0.11285012,  0.02442912,  0.08195751],
       [-0.02458618, -0.        ,  0.99969771,  0.08255084],
       [ 0.        ,  0.        ,  0.        ,  1.        ]])]","[array([[ 0.24008875, -0.97073064,  0.00627806, -0.05860222],
       [ 0.97039894,  0.24017082,  0.02537489,  0.03270458],
       [-0.02613999,  0.        ,  0.99965829,  0.08530254],
       [ 0.        ,  0.        ,  0.        ,  1.        ]])]","[array([[-0.48085526, -0.87671738,  0.012036  , -0.04499167],
       [ 0.87644286, -0.48100586, -0.02193771,  0.08922529],
