,LP,LD1,LD2,RP,RD1,RD2
0,"[array([[-0.3013962 , -0.95339873, -0.01382729, -0.11522564],
       [ 0.95239698, -0.30171322,  0.04369355,  0.27166532],
       [-0.04582925,  0.        ,  0.99894929,  0.08555858],
       [ 0.        ,  0.        ,  0.        ,  1.        ]])]","[array([[ 0.46710948, -0.88418871, -0.00436495, -0.12997993],
       [ 0.88415011,  0.46712988, -0.00826203,  0.34151311],
       [ 0.00934419, -0.        ,  0.99995634,  0.08299385],
       [ 0.        ,  0.        ,  0.        ,  1.        ]])]","[array([[ 0.46710948, -0.88418871, -0.00436495, -0.12997993],
       [ 0.88415011,  0.46712988, -0.00826203,  0.34151311],
       [ 0.00934419, -0.        ,  0.99995634,  0.08299385],
       [ 0.        ,  0.        ,  0.        ,  1.        ]])]","[array([[ 0.37999559, -0.92496706, -0.00626748, -0.05666898],
       [ 0.92484128,  0.38004727, -0.01525394,  0.27880447],
       [ 0.01649133,  0.        ,  0.99986401,  0.08634759],
       [ 0.        ,  0.        ,  0.        ,  1.        ]])]","[array([[-0.46712642, -0.88410918,  0.0119949 , -0.03440988],
       [ 0.88381785, -0.46728039, -0.02269473,  0.33123949],
       [ 0.0256696 , -0.        ,  0.99967048,  0.08697871],
       [ 0.        ,  0.        ,  0.        ,  1.        ]])]","[array([[-0.46712642, -0.88410918,  0.0119949 , -0.03440988],
       [ 0.88381785, -0.46728039, -0.02269473,  0.33123949],
       [ 0.0256696 , -0.        ,  0.99967048,  0.08697871],
       [ 0.        ,  0.        ,  0.        ,  1.        ]])]"
1,"[array([[-0.3001992 , -0.95377279, -0.01406784, -0.1152547 ],
       [ 0.95272726, -0.30052864,  0.04464639,  0.2716724 ],
       [-0.0468103 ,  0.        ,  0.9989038 ,  0.08557555],
       [ 0.        ,  0.        ,  0.        ,  1.        ]])]","[array([[ 0.46696812, -0.88426269, -0.00450325, -0.12997377],
       [ 0.88422157,  0.46698983, -0.00852707,  0.34150721],
       [ 0.00964315, -0.        ,  0.9999535 ,  0.08298035],
       [ 0.        ,  0.        ,  0.        ,  1.        ]])]","[array([[ 0.46696812, -0.88426269, -0.00450325, -0.12997377],
       [ 0.88422157,  0.46698983, -0.00852707,  0.34150721],
       [ 0.00964315, -0.        ,  0.9999535 ,  0.08298035],
       [ 0.        ,  0.        ,  0.        ,  1.        ]])]","[array([[ 0.37988586, -0.92501149, -0.00636201, -0.05666192],
       [ 0.9248818 ,  0.37993913, -0.01548913,  0.27880561],
       [ 0.0167448 ,  0.        ,  0.9998598 ,  0.08633892],
       [ 0.        ,  0.        ,  0.        ,  1.        ]])]","[array([[-0.46713083, -0.88410681,  0.01199771, -0.03441071],
       [ 0.88381535, -0.46728488, -0.02269976,  0.3312425 ],
       [ 0.02567536, -0.        ,  0.99967033,  0.08697952],
       [ 0.        ,  0.        ,  0.        ,  1.        ]])]","[array([[-0.46713083, -0.88410681,  0.01199771, -0.03441071],
       [ 0.88381535, -0.46728488, -0.02269976,  0.3312425 ],
       [ 0.02567536, -0.        ,  0.99967033,  0.08697952],
       [ 0.        ,  0.        ,  0.        ,  1.        ]])]"
2,"[array([[-0.30025433, -0.95377036, -0.01301699, -0.11525644],
       [ 0.95287531, -0.30053636,  0.04131019,  0.27166899],
       [-0.04331251,  0.        ,  0.99906157,  0.0855042 ],
       [ 0.        ,  0.        ,  0.        ,  1.        ]])]","[array([[ 0.46745691, -0.8840053 , -0.0043196 , -0.12999915],
       [ 0.88396756,  0.46747687, -0.00816843,  0.34151748],
       [ 0.00924025, -0.        ,  0.99995731,  0.08299916],
       [ 0.        ,  0.        ,  0.        ,  1.        ]])]","[array([[ 0.46745691, -0.8840053 , -0.0043196 , -0.12999915],
       [ 0.88396756,  0.46747687, -0.00816843,  0.34151748],
       [ 0.00924025, -0.        ,  0.99995731,  0.08299916],
       [ 0.        ,  0.        ,  0.        ,  1.        ]])]","[array([[ 0.37911209, -0.92532557, -0.00682803, -0.05661738],
       [ 0.92517552,  0.37917357, -0.01666295,  0.27883723],
       [ 0.01800767,  0.        ,  0.99983785,  0.08628863],
       [ 0.        ,  0.        ,  0.        ,  1.        ]])]","[array([[-0.46722348, -0.88405787,  0.01199601, -0.03440609],
       [ 0.88376662, -0.46737745, -0.02269081,  0.33124078],
       [ 0.02566665, -0.        ,  0.99967056,  0.0869798 ],
       [ 0.        ,  0.        ,  0.        ,  1.        ]])]","[array([[-0.46722348, -0.88405787,  0.01199601, -0.03440609],
       [ 0.88376662, -0.46737745, -0.02269081,  0.33124078],
       [ 0.02566665, -0.        ,  0.99967056,  0.0869798 ],
       [ 0.        ,  0.        ,  0.        ,  1.        ]])]"
3,"[array([[-0.30008329, -0.95380771, -0.01417293, -0.1152597 ],
       [ 0.95274567, -0.3004178 ,  0.04499817,  0.27167424],
       [-0.0471774 ,  0.        ,  0.99888653,  0.08559177],
       [ 0.        ,  0.        ,  0.        ,  1.        ]])]","[array([[ 0.46726551, -0.88410615, -0.00438935, -0.12998452],
       [ 0.88406714,  0.46728612, -0.00830465,  0.34151545],
       [ 0.00939328, -0.        ,  0.99995588,  0.08299229],
       [ 0.        ,  0.        ,  0.        ,  1.        ]])]","[array([[ 0.46726551, -0.88410615, -0.00438935, -0.12998452],
       [ 0.88406714,  0.46728612, -0.00830465,  0.34151545],
       [ 0.00939328, -0.        ,  0.99995588,  0.08299229],
       [ 0.        ,  0.        ,  0.        ,  1.        ]])]","[array([[ 0.38012631, -0.9249135 , -0.00624568, -0.05667044],
       [ 0.92478868,  0.38017762, -0.01519479,  0.27880781],
       [ 0.01642833,  0.        ,  0.99986505,  0.08634701],
       [ 0.        ,  0.        ,  0.        ,  1.        ]])]","[array([[-0.46739962, -0.88396504,  0.01197511, -0.03439021],
       [ 0.88367506, -0.467553  , -0.02264039,  0.33124028],
       [ 0.02561231, -0.        ,  0.99967195,  0.08698053],
       [ 0.        ,  0.        ,  0.        ,  1.        ]])]","[array([[-0.46739962, -0.88396504,  0.01197511, -0.03439021],
       [ 0.88367506, -0.467553  , -0.02264039,  0.33124028],
       [ 0.02561231, -0.        ,  0.99967195,  0.08698053],
       [ 0.        ,  0.        ,  0.        ,  1.        ]])]"
4,"[array([[-0.30029886, -0.95375614, -0.01303151, -0.11525928],
       [ 0.95285938, -0.30058148,  0.04134945,  0.27166484],
       [-0.04335432,  0.        ,  0.99905976,  0.08550614],
       [ 0.        ,  0.        ,  0.        ,  1.        ]])]","[array([[ 0.46722201, -0.88412914, -0.00438806, -0.12999724],
       [ 0.88409015,  0.46724262, -0.00830321,  0.34151253],
       [ 0.0093914 , -0.        ,  0.9999559 ,  0.08299535],
       [ 0.        ,  0.        ,  0.        ,  1.        ]])]","[array([[ 0.46722201, -0.88412914, -0.00438806, -0.12999724],
       [ 0.88409015,  0.46724262, -0.00830321,  0.34151253],
       [ 0.0093914 , -0.        ,  0.9999559 ,  0.08299535],
       [ 0.        ,  0.        ,  0.        ,  1.        ]])]","[array([[ 0.3801497 , -0.92490436, -0.00617436, -0.05667688],
       [ 0.92478239,  0.38019984, -0.01502024,  0.27881115],
       [ 0.01623977,  0.        ,  0.99986813,  0.08635423],
       [ 0.        ,  0.        ,  0.        ,  1.        ]])]","[array([[-0.46727197, -0.88403472,  0.01181181, -0.03441123],
       [ 0.88375241, -0.46742124, -0.0223397 ,  0.33123963],
       [ 0.02527016, -0.        ,  0.99968066,  0.08699541],
       [ 0.        ,  0.        ,  0.        ,  1.        ]])]","[array([[-0.46727197, -0.88403472,  0.01181181, -0.03441123],
       [ 0.88375241, -0.46742124, -0.0223397 ,  0.33123963],
       [ 0.02527016, -0.        ,  0.99968066,  0.08699541],
       [ 0.        ,  0.        ,  0.        ,  1.        ]])]"
5,"[array([[-0.30023295, -0.95376049, -0.01418116, -0.11527481],
       [ 0.95269833, -0.30056767,  0.04499961,  0.2716686 ],
       [-0.04718125,  0.        ,  0.99888634,  0.08559486],
       [ 0.        ,  0.        ,  0.        ,  1.        ]])]","[array([[ 0.46698612, -0.88425411, -0.00431598, -0.1300253 ],
       [ 0.88421635,  0.46700607, -0.00817211,  0.34150745],
       [ 0.00924181, -0.        ,  0.99995729,  0.08299711],
       [ 0.        ,  0.        ,  0.        ,  1.        ]])]","[array([[ 0.46698612, -0.88425411, -0.00431598, -0.1300253 ],
       [ 0.88421635,  0.46700607, -0.00817211,  0.34150745],
       [ 0.00924181, -0.        ,  0.99995729,  0.08299711],
       [ 0.        ,  0.        ,  0.        ,  1.        ]])]","[array([[ 0.37803442, -0.92576267, -0.00731159, -0.05658111],
       [ 0.92558957,  0.37810512, -0.01790189,  0.27886348],
       [ 0.01933745,  0.        ,  0.99981301,  0.08623084],
       [ 0.        ,  0.        ,  0.        ,  1.        ]])]","[array([[-0.46766167, -0.88382824,  0.01184105, -0.034427  ],
       [ 0.88354507, -0.46781155, -0.02237109,  0.33124386],
       [ 0.02531159, -0.        ,  0.99967961,  0.08698509],
       [ 0.        ,  0.        ,  0.        ,  1.        ]])]","[array([[-0.46766167, -0.88382824,  0.01184105, -0.034427  ],
       [ 0.88354507, -0.46781155, -0.02237109,  0.33124386],
       [ 0.02531159, -0.        ,  0.99967961,  0.08698509],
       [ 0.        ,  0.        ,  0.        ,  1.        ]])]"
6,"[array([[-0.3016766 , -0.95331034, -0.01380651, -0.11524335],
       [ 0.95231355, -0.30199237,  0.0435835 ,  0.27166001],
       [-0.04571806,  0.        ,  0.99895438,  0.08555908],
       [ 0.        ,  0.        ,  0.        ,  1.        ]])]","[array([[ 0.46657195, -0.88447239, -0.00438242, -0.13003111],
       [ 0.88443338,  0.46659253, -0.00830731,  0.34149369],
       [ 0.00939239, -0.        ,  0.99995589,  0.08298632],
       [ 0.        ,  0.        ,  0.        ,  1.        ]])]","[array([[ 0.46657195, -0.88447239, -0.00438242, -0.13003111],
       [ 0.88443338,  0.46659253, -0.00830731,  0.34149369],
       [ 0.00939239, -0.        ,  0.99995589,  0.08298632],
       [ 0.        ,  0.        ,  0.        ,  1.        ]])]","[array([[ 0.37928122, -0.92526078, -0.00618449, -0.05667159],
       [ 0.9251378 ,  0.37933164, -0.01508514,  0.27880148],
       [ 0.01630366,  0.        ,  0.99986709,  0.0863488 ],
       [ 0.        ,  0.        ,  0.        ,  1.        ]])]","[array([[-0.46780061, -0.8837537 ,  0.0119161 , -0.03444855],
       [ 0.88346712, -0.46795235, -0.02250421,  0.3312484 ],
       [ 0.02546435, -0.        ,  0.99967573,  0.08697223],
       [ 0.        ,  0.        ,  0.        ,  1.        ]])]","[array([[-0.46780061, -0.8837537 ,  0.0119161 , -0.03444855],
       [ 0.88346712, -0.46795235, -0.02250421,  0.3312484 ],
       [ 0.02546435, -0.        ,  0.99967573,  0.08697223],
       [ 0.        ,  0.        ,  0.        ,  1.        ]])]"
7,"[array([[-0.30069058, -0.95361578, -0.01421665, -0.11527691],
       [ 0.95255171, -0.30102647,  0.04503665,  0.27165967],
       [-0.04722725,  0.        ,  0.99888417,  0.08559389],
       [ 0.        ,  0.        ,  0.        ,  1.        ]])]","[array([[ 4.69889479e-01, -8.82725256e-01,  2.35994146e-05,
        -1.30171749e-01],
       [ 8.82725255e-01,  4.69889480e-01,  4.43334021e-05,
         3.41560840e-01],
       [-5.02233304e-05, -0.00000000e+00,  9.99999999e-01,
         8.32885971e-02],
       [ 0.00000000e+00,  0.00000000e+00,  0.00000000e+00,
         1.00000000e+00]])]","[array([[ 4.69889479e-01, -8.82725256e-01,  2.35994146e-05,
        -1.30171749e-01],
       [ 8.82725255e-01,  4.69889480e-01,  4.43334021e-05,
         3.41560840e-01],
       [-5.02233304e-05, -0.00000000e+00,  9.99999999e-01,
         8.32885971e-02],
       [ 0.00000000e+00,  0.00000000e+00,  0.00000000e+00,
         1.00000000e+00]])]","[array([[ 0.37830587, -0.92565503, -0.00688699, -0.05663124],
       [ 0.92550168,  0.37836855, -0.0168486 ,  0.27883378],
       [ 0.01820181,  0.        ,  0.99983433,  0.08628028],
       [ 0.        ,  0.        ,  0.        ,  1.        ]])]","[array([[-0.46836078, -0.88345769,  0.0118612 , -0.03446567],
       [ 0.88317452, -0.46851095, -0.02236632,  0.33125702],
       [ 0.0253168 , -0.        ,  0.99967948,  0.08697593],
       [ 0.        ,  0.        ,  0.        ,  1.        ]])]","[array([[-0.46836078, -0.88345769,  0.0118612 , -0.03446567],
       [ 0.88317452, -0.46851095, -0.02236632,  0.33125702],
       [ 0.0253168 , -0.        ,  0.99967948,  0.08697593],
       [ 0.        ,  0.        ,  0.        ,  1.        ]])]"
8,"[array([[-0.30184855, -0.9532553 , -0.01384869, -0.11523987],
       [ 0.95225361, -0.30216607,  0.04368902,  0.27165838],
       [-0.04583139,  0.        ,  0.99894919,  0.08555962],
       [ 0.        ,  0.        ,  0.        ,  1.        ]])]","[array([[ 4.69832027e-01, -8.82755831e-01, -9.43947566e-05,
        -1.30157060e-01],
       [ 8.82755813e-01,  4.69832037e-01, -1.77355981e-04,
         3.41564609e-01],
       [ 2.00911707e-04, -0.00000000e+00,  9.99999980e-01,
         8.32786110e-02],
       [ 0.00000000e+00,  0.00000000e+00,  0.00000000e+00,
         1.00000000e+00]])]","[array([[ 4.69832027e-01, -8.82755831e-01, -9.43947566e-05,
        -1.30157060e-01],
       [ 8.82755813e-01,  4.69832037e-01, -1.77355981e-04,
         3.41564609e-01],
       [ 2.00911707e-04, -0.00000000e+00,  9.99999980e-01,
         8.32786110e-02],
       [ 0.00000000e+00,  0.00000000e+00,  0.00000000e+00,
         1.00000000e+00]])]","[array([[ 0.37848308, -0.92558433, -0.00664872, -0.05662858],
       [ 0.92544155,  0.37854148, -0.01625701,  0.27883966],
       [ 0.01756405,  0.        ,  0.99984574,  0.08629557],
       [ 0.        ,  0.        ,  0.        ,  1.        ]])]","[array([[-0.46818668, -0.8835519 ,  0.01171622, -0.0344535 ],
       [ 0.88327537, -0.46833326, -0.02210368,  0.33125926],
       [ 0.02501684, -0.        ,  0.99968703,  0.08697446],
       [ 0.        ,  0.        ,  0.        ,  1.        ]])]","[array([[-0.46818668, -0.8835519 ,  0.01171622, -0.0344535 ],
       [ 0.88327537, -0.46833326, -0.02210368,  0.33125926],
       [ 0.02501684, -0.        ,  0.99968703,  0.08697446],
       [ 0.        ,  0.        ,  0.        ,  1.        ]])]"
9,"[array([[-0.3058103 , -0.95198749, -0.0141378 , -0.11522971],
       [ 0.95097179, -0.30613693,  0.04396402,  0.27160292],
       [-0.0461813 ,  0.        ,  0.99893307,  0.08557446],
       [ 0.        ,  0.        ,  0.        ,  1.        ]])]","[array([[ 0.46186617, -0.88694095, -0.00392317, -0.13036658],
       [ 0.88690896,  0.46188283, -0.00753355,  0.34136577],
       [ 0.00849386, -0.        ,  0.99996393,  0.0830209 ],
       [ 0.        ,  0.        ,  0.        ,  1.        ]])]","[array([[ 0.46186617, -0.88694095, -0.00392317, -0.13036658],
       [ 0.88690896,  0.46188283, -0.00753355,  0.34136577],
       [ 0.00849386, -0.        ,  0.99996393,  0.0830209 ],
       [ 0.        ,  0.        ,  0.        ,  1.        ]])]","[array([[ 0.37411317, -0.92736125, -0.00636061, -0.05664047],
       [ 0.92722724,  0.37416723, -0.01576456,  0.27881484],
       [ 0.01699938,  0.        ,  0.9998555 ,  0.08627221],
       [ 0.        ,  0.        ,  0.        ,  1.        ]])]","[array([[-0.47159786, -0.88173604,  0.01170537, -0.03473006],
       [ 0.88146456, -0.4717431 , -0.02187852,  0.33133596],
       [ 0.02481301, -0.        ,  0.99969211,  0.08686695],
       [ 0.        ,  0.        ,  0.        ,  1.        ]])]","[array([[-0.47159786, -0.88173604,  0.01170537, -0.03473006],
       [ 0.88146456, -0.4717431 , -0.02187852,  0.33133596],
       [ 0.02481301, -0.        ,  0.99969211,  0.08686695],
       [ 0.        ,  0.        ,  0.        ,  1.        ]])]"
10,"[array([[-0.31595741, -0.94865825, -0.01478002, -0.11519554],
       [ 0.94762201, -0.31630291,  0.04432835,  0.27154132],
       [-0.04672742,  0.        ,  0.99890768,  0.08557769],
       [ 0.        ,  0.        ,  0.        ,  1.        ]])]","[array([[ 0.45181005, -0.89210694, -0.0035893 , -0.13107304],
       [ 0.89207879,  0.45182431, -0.00708692,  0.3411311 ],
       [ 0.00794402, -0.        ,  0.99996845,  0.08300038],
       [ 0.        ,  0.        ,  0.        ,  1.        ]])]","[array([[ 0.45181005, -0.89210694, -0.0035893 , -0.13107304],
       [ 0.89207879,  0.45182431, -0.00708692,  0.3411311 ],
       [ 0.00794402, -0.        ,  0.99996845,  0.08300038],
       [ 0.        ,  0.        ,  0.        ,  1.        ]])]","[array([[ 0.36569588, -0.93072604, -0.00394449, -0.05665778],
       [ 0.9306719 ,  0.36571715, -0.01003846,  0.27881469],
       [ 0.01078562,  0.        ,  0.99994183,  0.0862354 ],
       [ 0.        ,  0.        ,  0.        ,  1.        ]])]","[array([[-0.47590341, -0.87943831,  0.01020799, -0.03526855],
       [ 0.87923607, -0.47601288, -0.01885936,  0.33155312],
       [ 0.02144478, -0.        ,  0.99977003,  0.08638806],
       [ 0.        ,  0.        ,  0.        ,  1.        ]])]","[array([[-0.47590341, -0.87943831,  0.01020799, -0.03526855],
       [ 0.87923607, -0.47601288, -0.01885936,  0.33155312],
       [ 0.02144478, -0.        ,  0.99977003,  0.08638806],
       [ 0.        ,  0.        ,  0.        ,  1.        ]])]"
11,"[array([[-0.32594607, -0.94527722, -0.01449615, -0.11514134],
       [ 0.94434375, -0.32626826,  0.04199881,  0.2715924 ],
       [-0.04443015,  0.        ,  0.99901249,  0.08541424],
       [ 0.        ,  0.        ,  0.        ,  1.        ]])]","[array([[ 0.44052002, -0.8977402 , -0.0021572 , -0.13172437],
       [ 0.89772943,  0.4405253 , -0.00439613,  0.34100757],
       [ 0.00489689, -0.        ,  0.99998801,  0.08274128],
       [ 0.        ,  0.        ,  0.        ,  1.        ]])]","[array([[ 0.44052002, -0.8977402 , -0.0021572 , -0.13172437],
       [ 0.89772943,  0.4405253 , -0.00439613,  0.34100757],
       [ 0.00489689, -0.        ,  0.99998801,  0.08274128],
       [ 0.        ,  0.        ,  0.        ,  1.        ]])]","[array([[ 0.36298216, -0.93179245, -0.00260385, -0.05676246],
       [ 0.93176848,  0.3629915 , -0.00668404,  0.27895294],
       [ 0.00717331,  0.        ,  0.99997427,  0.08608732],
       [ 0.        ,  0.        ,  0.        ,  1.        ]])]","[array([[-0.47395044, -0.88051944,  0.00751633, -0.03566452],
       [ 0.88040873, -0.47401004, -0.0139623 ,  0.33181636],
       [ 0.01585689, -0.        ,  0.99987427,  0.08585275],
       [ 0.        ,  0.        ,  0.        ,  1.        ]])]","[array([[-0.47395044, -0.88051944,  0.00751633, -0.03566452],
       [ 0.88040873, -0.47401004, -0.0139623 ,  0.33181636],
       [ 0.01585689, -0.        ,  0.99987427,  0.08585275],
       [ 0.        ,  0.        ,  0.        ,  1.        ]])]"
12,"[array([[-0.35311224, -0.93542501, -0.01708232, -0.11503475],
       [ 0.93433234, -0.35352519,  0.0451997 ,  0.27146461],
       [-0.04831996,  0.        ,  0.99883191,  0.08537837],
       [ 0.        ,  0.        ,  0.        ,  1.        ]])]","[array([[ 4.05609377e-01, -9.14046510e-01,  1.01429699e-04,
        -1.33594587e-01],
       [ 9.14046482e-01,  4.05609389e-01,  2.28573265e-04,
         3.40327564e-01],
       [-2.50067433e-04, -0.00000000e+00,  9.99999969e-01,
         8.25129521e-02],
       [ 0.00000000e+00,  0.00000000e+00,  0.00000000e+00,
         1.00000000e+00]])]","[array([[ 4.05609377e-01, -9.14046510e-01,  1.01429699e-04,
        -1.33594587e-01],
       [ 9.14046482e-01,  4.05609389e-01,  2.28573265e-04,
         3.40327564e-01],
       [-2.50067433e-04, -0.00000000e+00,  9.99999969e-01,
         8.25129521e-02],
       [ 0.00000000e+00,  0.00000000e+00,  0.00000000e+00,
         1.00000000e+00]])]","[array([[ 0.34552565, -0.93840608, -0.00246122, -0.05697013],
       [ 0.93838227,  0.34553441, -0.0066842 ,  0.27899585],
       [ 0.00712293,  0.        ,  0.99997463,  0.08579345],
       [ 0.        ,  0.        ,  0.        ,  1.        ]])]","[array([[-0.4882409 , -0.87269151,  0.00550875, -0.03703745],
       [ 0.87263597, -0.48827198, -0.00984583,  0.33225744],
       [ 0.01128214, -0.        ,  0.99993635,  0.08528323],
       [ 0.        ,  0.        ,  0.        ,  1.        ]])]","[array([[-0.4882409 , -0.87269151,  0.00550875, -0.03703745],
       [ 0.87263597, -0.48827198, -0.00984583,  0.33225744],
       [ 0.01128214, -0.        ,  0.99993635,  0.08528323],
       [ 0.        ,  0.        ,  0.        ,  1.        ]])]"
13,"[array([[-0.38171117, -0.92408727, -0.01895519, -0.11492416],
       [ 0.92294999, -0.38218153,  0.04583227,  0.27136461],
       [-0.04959734,  0.        ,  0.99876929,  0.08521598],
       [ 0.        ,  0.        ,  0.        ,  1.        ]])]","[array([[ 0.36867057, -0.92955632,  0.00265645, -0.13566573],
       [ 0.92953219,  0.36868014,  0.00669772,  0.33954194],
       [-0.00720529, -0.        ,  0.99997404,  0.08220513],
       [ 0.        ,  0.        ,  0.        ,  1.        ]])]","[array([[ 0.36867057, -0.92955632,  0.00265645, -0.13566573],
       [ 0.92953219,  0.36868014,  0.00669772,  0.33954194],
       [-0.00720529, -0.        ,  0.99997404,  0.08220513],
       [ 0.        ,  0.        ,  0.        ,  1.        ]])]","[array([[ 0.3399989 , -0.94041134, -0.00522067, -0.05731113],
       [ 0.9403005 ,  0.34003898, -0.01443827,  0.27920111],
       [ 0.01535315,  0.        ,  0.99988213,  0.08534309],
       [ 0.        ,  0.        ,  0.        ,  1.        ]])]","[array([[-0.49899443, -0.86659688,  0.00379585, -0.03819268],
       [ 0.86657181, -0.49900886, -0.00659201,  0.33259864],
       [ 0.00760677, -0.        ,  0.99997107,  0.0845801 ],
       [ 0.        ,  0.        ,  0.        ,  1.        ]])]","[array([[-0.49899443, -0.86659688,  0.00379585, -0.03819268],
       [ 0.86657181, -0.49900886, -0.00659201,  0.33259864],
       [ 0.00760677, -0.        ,  0.99997107,  0.0845801 ],
       [ 0.        ,  0.        ,  0.        ,  1.        ]])]"
14,"[array([[-0.40185014, -0.91547526, -0.02053059, -0.11478909],
       [ 0.91428281, -0.40237425,  0.04671085,  0.27132206],
       [-0.05102361,  0.        ,  0.99869745,  0.08507993],
       [ 0.        ,  0.        ,  0.        ,  1.        ]])]","[array([[ 0.3458587 , -0.93825642,  0.0075268 , -0.13708246],
       [ 0.93803431,  0.34594059,  0.02041411,  0.33908024],
       [-0.02175749, -0.        ,  0.99976328,  0.08215289],
       [ 0.        ,  0.        ,  0.        ,  1.        ]])]","[array([[ 0.3458587 , -0.93825642,  0.0075268 , -0.13708246],
       [ 0.93803431,  0.34594059,  0.02041411,  0.33908024],
       [-0.02175749, -0.        ,  0.99976328,  0.08215289],
       [ 0.        ,  0.        ,  0.        ,  1.        ]])]","[array([[ 0.33101531, -0.94361987, -0.00322469, -0.05729037],
       [ 0.9435751 ,  0.33103102, -0.00919214,  0.27912882],
       [ 0.00974136,  0.        ,  0.99995255,  0.08540779],
       [ 0.        ,  0.        ,  0.        ,  1.        ]])]","[array([[-5.09100721e-01, -8.60706768e-01, -5.61777482e-04,
        -3.84563151e-02],
       [ 8.60706244e-01, -5.09101031e-01,  9.49763704e-04,
         3.32697402e-01],
       [-1.10346954e-03, -0.00000000e+00,  9.99999391e-01,
         8.46240903e-02],
       [ 0.00000000e+00,  0.00000000e+00,  0.00000000e+00,
         1.00000000e+00]])]","[array([[-5.09100721e-01, -8.60706768e-01, -5.61777482e-04,
        -3.84563151e-02],
       [ 8.60706244e-01, -5.09101031e-01,  9.49763704e-04,
         3.32697402e-01],
       [-1.10346954e-03, -0.00000000e+00,  9.99999391e-01,
         8.46240903e-02],
       [ 0.00000000e+00,  0.00000000e+00,  0.00000000e+00,
         1.00000000e+00]])]"
15,"[array([[-0.4212485 , -0.90670824, -0.02073334, -0.11477084],
       [ 0.90561198, -0.42175843,  0.04457312,  0.27113779],
       [-0.04915928,  0.        ,  0.99879095,  0.08502517],
       [ 0.        ,  0.        ,  0.        ,  1.        ]])]","[array([[ 0.32146653, -0.94689401,  0.00714208, -0.13855366],
       [ 0.9466604 ,  0.32154586,  0.02103212,  0.33835916],
       [-0.02221169, -0.        ,  0.99975329,  0.08216333],
       [ 0.        ,  0.        ,  0.        ,  1.        ]])]","[array([[ 0.32146653, -0.94689401,  0.00714208, -0.13855366],
       [ 0.9466604 ,  0.32154586,  0.02103212,  0.33835916],
       [-0.02221169, -0.        ,  0.99975329,  0.08216333],
       [ 0.        ,  0.        ,  0.        ,  1.        ]])]","[array([[ 0.31660468, -0.94855607, -0.00169079, -0.05734738],
       [ 0.94854254,  0.3166092 , -0.00506559,  0.27885255],
       [ 0.00534032,  0.        ,  0.99998574,  0.08556038],
       [ 0.        ,  0.        ,  0.        ,  1.        ]])]","[array([[-5.22032406e-01, -8.52925632e-01,  1.83372580e-04,
        -3.92150969e-02],
       [ 8.52925579e-01, -5.22032438e-01, -2.99604320e-04,
         3.32706021e-01],
       [ 3.51266639e-04, -0.00000000e+00,  9.99999938e-01,
         8.47428297e-02],
       [ 0.00000000e+00,  0.00000000e+00,  0.00000000e+00,
         1.00000000e+00]])]","[array([[-5.22032406e-01, -8.52925632e-01,  1.83372580e-04,
        -3.92150969e-02],
       [ 8.52925579e-01, -5.22032438e-01, -2.99604320e-04,
         3.32706021e-01],
       [ 3.51266639e-04, -0.00000000e+00,  9.99999938e-01,
         8.47428297e-02],
       [ 0.00000000e+00,  0.00000000e+00,  0.00000000e+00,
         1.00000000e+00]])]"
16,"[array([[-0.45543187, -0.89002721, -0.02081781, -0.11462639],
       [ 0.88909885, -0.45590741,  0.04064074,  0.27084824],
       [-0.04566236,  0.        ,  0.99895693,  0.08496784],
       [ 0.        ,  0.        ,  0.        ,  1.        ]])]","[array([[ 0.27223896, -0.96220928,  0.00626559, -0.14106414],
       [ 0.96195454,  0.27231105,  0.02213942,  0.33705225],
       [-0.02300894, -0.        ,  0.99973526,  0.08222768],
       [ 0.        ,  0.        ,  0.        ,  1.        ]])]","[array([[ 0.27223896, -0.96220928,  0.00626559, -0.14106414],
       [ 0.96195454,  0.27231105,  0.02213942,  0.33705225],
       [-0.02300894, -0.        ,  0.99973526,  0.08222768],
       [ 0.        ,  0.        ,  0.        ,  1.        ]])]","[array([[ 2.92566924e-01, -9.56244954e-01, -4.27605650e-04,
        -5.73761731e-02],
       [ 9.56243933e-01,  2.92567236e-01, -1.39761291e-03,
         2.78519670e-01],
       [ 1.46156369e-03,  0.00000000e+00,  9.99998932e-01,
         8.56692610e-02],
       [ 0.00000000e+00,  0.00000000e+00,  0.00000000e+00,
         1.00000000e+00]])]","[array([[-0.54121025, -0.84088661,  0.00108595, -0.04047171],
       [ 0.84088492, -0.54121134, -0.00168726,  0.3327912 ],
       [ 0.00200653, -0.        ,  0.99999799,  0.08477119],
       [ 0.        ,  0.        ,  0.        ,  1.        ]])]","[array([[-0.54121025, -0.84088661,  0.00108595, -0.04047171],
       [ 0.84088492, -0.54121134, -0.00168726,  0.3327912 ],
       [ 0.00200653, -0.        ,  0.99999799,  0.08477119],
       [ 0.        ,  0.        ,  0.        ,  1.        ]])]"
17,"[array([[-0.4803329 , -0.87677989, -0.02318042, -0.11452091],
       [ 0.87576069, -0.48089191,  0.0422634 ,  0.27063782],
       [-0.04820297,  0.        ,  0.99883756,  0.08503775],
       [ 0.        ,  0.        ,  0.        ,  1.        ]])]","[array([[ 0.22762114, -0.97373496,  0.00537156, -0.14292516],
       [ 0.97346393,  0.22768451,  0.02297247,  0.33595343],
       [-0.02359211, -0.        ,  0.99972167,  0.08231023],
       [ 0.        ,  0.        ,  0.        ,  1.        ]])]","[array([[ 0.22762114, -0.97373496,  0.00537156, -0.14292516],
       [ 0.97346393,  0.22768451,  0.02297247,  0.33595343],
       [-0.02359211, -0.        ,  0.99972167,  0.08231023],
       [ 0.        ,  0.        ,  0.        ,  1.        ]])]","[array([[ 2.81702801e-01, -9.59501291e-01, -8.97093265e-04,
        -5.73827167e-02],
       [ 9.59496426e-01,  2.81704229e-01, -3.05555280e-03,
         2.78357405e-01],
       [ 3.18452182e-03,  0.00000000e+00,  9.99994929e-01,
         8.56996667e-02],
       [ 0.00000000e+00,  0.00000000e+00,  0.00000000e+00,
         1.00000000e+00]])]","[array([[-0.55571645, -0.83136966,  0.00192595, -0.04105155],
       [ 0.83136467, -0.55571979, -0.00288127,  0.33277446],
       [ 0.00346569, -0.        ,  0.99999399,  0.08482679],
       [ 0.        ,  0.        ,  0.        ,  1.        ]])]","[array([[-0.55571645, -0.83136966,  0.00192595, -0.04105155],
       [ 0.83136467, -0.55571979, -0.00288127,  0.33277446],
       [ 0.00346569, -0.        ,  0.99999399,  0.08482679],
       [ 0.        ,  0.        ,  0.        ,  1.        ]])]"
18,"[array([[-0.49518589, -0.86847138, -0.0234179 , -0.1144717 ],
       [ 0.86750186, -0.49573931,  0.04102514,  0.27051392],
       [-0.04723833,  0.        ,  0.99888365,  0.08504314],
       [ 0.        ,  0.        ,  0.        ,  1.        ]])]","[array([[ 0.19799802, -0.9801909 ,  0.00475206, -0.1442132 ],
       [ 0.97990872,  0.19805503,  0.02351836,  0.33530515],
       [-0.02399365, -0.        ,  0.99971211,  0.08241   ],
       [ 0.        ,  0.        ,  0.        ,  1.        ]])]","[array([[ 0.19799802, -0.9801909 ,  0.00475206, -0.1442132 ],
       [ 0.97990872,  0.19805503,  0.02351836,  0.33530515],
       [-0.02399365, -0.        ,  0.99971211,  0.08241   ],
       [ 0.        ,  0.        ,  0.        ,  1.        ]])]","[array([[ 2.73390548e-01, -9.61902813e-01, -7.66234422e-04,
        -5.73938357e-02],
       [ 9.61899035e-01,  2.73391621e-01, -2.69592405e-03,
         2.78256812e-01],
       [ 2.80269900e-03,  0.00000000e+00,  9.99996072e-01,
         8.56642195e-02],
       [ 0.00000000e+00,  0.00000000e+00,  0.00000000e+00,
         1.00000000e+00]])]","[array([[-0.56681318, -0.82384394,  0.00199375, -0.04135219],
       [ 0.82383884, -0.56681669, -0.00289784,  0.3328042 ],
       [ 0.00351746, -0.        ,  0.99999381,  0.08490214],
       [ 0.        ,  0.        ,  0.        ,  1.        ]])]","[array([[-0.56681318, -0.82384394,  0.00199375, -0.04135219],
       [ 0.82383884, -0.56681669, -0.00289784,  0.3328042 ],
       [ 0.00351746, -0.        ,  0.99999381,  0.08490214],
       [ 0.        ,  0.        ,  0.        ,  1.        ]])]"
19,"[array([[-0.50445818, -0.86290989, -0.03014066, -0.11451274],
       [ 0.86137376, -0.50535781,  0.05146587,  0.27033278],
       [-0.05964222,  0.        ,  0.99821982,  0.08554399],
       [ 0.        ,  0.        ,  0.        ,  1.        ]])]","[array([[ 0.17862149, -0.98390714,  0.00459304, -0.14531175],
       [ 0.98358203,  0.17868053,  0.02529163,  0.33483215],
       [-0.0257053 , -0.        ,  0.99966956,  0.08254843],
       [ 0.        ,  0.        ,  0.        ,  1.        ]])]","[array([[ 0.17862149, -0.98390714,  0.00459304, -0.14531175],
       [ 0.98358203,  0.17868053,  0.02529163,  0.33483215],
       [-0.0257053 , -0.        ,  0.99966956,  0.08254843],
       [ 0.        ,  0.        ,  0.        ,  1.        ]])]","[array([[ 0.2671285 , -0.96366016, -0.00120831, -0.05740716],
       [ 0.9636503 ,  0.26713123, -0.00435891,  0.27817502],
       [ 0.00452328,  0.        ,  0.99998977,  0.08561068],
       [ 0.        ,  0.        ,  0.        ,  1.        ]])]","[array([[-0.57627434, -0.81725358,  0.00211636, -0.04160471],
       [ 0.81724807, -0.57627822, -0.00300133,  0.33283669],
       [ 0.00367246, -0.        ,  0.99999326,  0.08492122],
       [ 0.        ,  0.        ,  0.        ,  1.        ]])]","[array([[-0.57627434, -0.81725358,  0.00211636, -0.04160471],
       [ 0.81724807, -0.57627822, -0.00300133,  0.33283669],
       [ 0.00367246, -0.        ,  0.99999326,  0.08492122],
       [ 0.        ,  0.        ,  0.        ,  1.        ]])]"
20,"[array([[-0.52401938, -0.85142054, -0.02206236, -0.11418387],
       [ 0.85066693, -0.52448361,  0.03581493,  0.27026706],
       [-0.04206491,  0.        ,  0.99911488,  0.08509025],
       [ 0.        ,  0.        ,  0.        ,  1.        ]])]","[array([[ 0.15750852, -0.98750744,  0.0044866 , -0.14600755],
       [ 0.98710706,  0.15757241,  0.02811757,  0.33417007],
       [-0.02847327, -0.        ,  0.99959455,  0.08277545],
       [ 0.        ,  0.        ,  0.        ,  1.        ]])]","[array([[ 0.15750852, -0.98750744,  0.0044866 , -0.14600755],
       [ 0.98710706,  0.15757241,  0.02811757,  0.33417007],
       [-0.02847327, -0.        ,  0.99959455,  0.08277545],
       [ 0.        ,  0.        ,  0.        ,  1.        ]])]","[array([[ 0.26328229, -0.9647182 , -0.00110775, -0.0574354 ],
       [ 0.96470966,  0.26328462, -0.00405897,  0.27813715],
       [ 0.00420742,  0.        ,  0.99999115,  0.08562375],
       [ 0.        ,  0.        ,  0.        ,  1.        ]])]","[array([[-0.57630273, -0.81722564,  0.00417377, -0.04213443],
       [ 0.81720421, -0.57631784, -0.00591846,  0.33273954],
       [ 0.00724213, -0.        ,  0.99997378,  0.0847597 ],
       [ 0.        ,  0.        ,  0.        ,  1.        ]])]","[array([[-0.57630273, -0.81722564,  0.00417377, -0.04213443],
       [ 0.81720421, -0.57631784, -0.00591846,  0.33273954],
       [ 0.00724213, -0.        ,  0.99997378,  0.0847597 ],
       [ 0.        ,  0.        ,  0.        ,  1.        ]])]"
21,"[array([[-0.53374498, -0.845453  , -0.01804219, -0.11430914],
       [ 0.84497039, -0.53404983,  0.02856254,  0.27035185],
       [-0.03378372,  0.        ,  0.99942917,  0.08481276],
       [ 0.        ,  0.        ,  0.        ,  1.        ]])]","[array([[ 0.14185294, -0.98987676,  0.00466316, -0.14723937],
       [ 0.98934234,  0.14192956,  0.03252285,  0.3338456 ],
       [-0.03285546, -0.        ,  0.99946011,  0.0831138 ],
       [ 0.        ,  0.        ,  0.        ,  1.        ]])]","[array([[ 0.14185294, -0.98987676,  0.00466316, -0.14723937],
       [ 0.98934234,  0.14192956,  0.03252285,  0.3338456 ],
       [-0.03285546, -0.        ,  0.99946011,  0.0831138 ],
       [ 0.        ,  0.        ,  0.        ,  1.        ]])]","[array([[ 0.2635675 , -0.96463711, -0.00272371, -0.05768107],
       [ 0.96458561,  0.26358157, -0.00996806,  0.27841357],
       [ 0.01033348,  0.        ,  0.99994661,  0.08549253],
       [ 0.        ,  0.        ,  0.        ,  1.        ]])]","[array([[-0.58050449, -0.81424939,  0.00353069, -0.04243789],
       [ 0.81423433, -0.58051523, -0.00495227,  0.33299426],
       [ 0.006082  , -0.        ,  0.9999815 ,  0.08474359],
       [ 0.        ,  0.        ,  0.        ,  1.        ]])]","[array([[-0.58050449, -0.81424939,  0.00353069, -0.04243789],
       [ 0.81423433, -0.58051523, -0.00495227,  0.33299426],
       [ 0.006082  , -0.        ,  0.9999815 ,  0.08474359],
       [ 0.        ,  0.        ,  0.        ,  1.        ]])]"
22,"[array([[-0.53704453, -0.84331079, -0.0202506 , -0.11433286],
       [ 0.8427119 , -0.53742619,  0.03177654,  0.27030103],
       [-0.0376807 ,  0.        ,  0.99928983,  0.08488405],
       [ 0.        ,  0.        ,  0.        ,  1.        ]])]","[array([[ 0.13907689, -0.9902695 ,  0.00489291, -0.14774886],
       [ 0.98965722,  0.13916293,  0.03481748,  0.33361213],
       [-0.0351596 , -0.        ,  0.99938171,  0.08334608],
       [ 0.        ,  0.        ,  0.        ,  1.        ]])]","[array([[ 0.13907689, -0.9902695 ,  0.00489291, -0.14774886],
       [ 0.98965722,  0.13916293,  0.03481748,  0.33361213],
       [-0.0351596 , -0.        ,  0.99938171,  0.08334608],
       [ 0.        ,  0.        ,  0.        ,  1.        ]])]","[array([[ 0.26511312, -0.96421559, -0.00182651, -0.05765695],
       [ 0.9641927 ,  0.26511942, -0.00664284,  0.27841902],
       [ 0.00688937,  0.        ,  0.99997627,  0.08555668],
       [ 0.        ,  0.        ,  0.        ,  1.        ]])]","[array([[-0.57999204, -0.81461548,  0.003294  , -0.04226722],
       [ 0.81460234, -0.5800014 , -0.00462644,  0.33299263],
       [ 0.0056793 , -0.        ,  0.99998387,  0.0847504 ],
       [ 0.        ,  0.        ,  0.        ,  1.        ]])]","[array([[-0.57999204, -0.81461548,  0.003294  , -0.04226722],
       [ 0.81460234, -0.5800014 , -0.00462644,  0.33299263],
       [ 0.0056793 , -0.        ,  0.99998387,  0.0847504 ],
       [ 0.        ,  0.        ,  0.        ,  1.        ]])]"
23,"[array([[-0.53549459, -0.84428066, -0.02087377, -0.11434661],
       [ 0.84363996, -0.53590127,  0.03288539,  0.27025859],
       [-0.03895078,  0.        ,  0.99924113,  0.0849295 ],
       [ 0.        ,  0.        ,  0.        ,  1.        ]])]","[array([[ 0.14588839, -0.98928774,  0.00513295, -0.14767105],
       [ 0.98867598,  0.14597867,  0.03478566,  0.33364501],
       [-0.03516233, -0.        ,  0.99938161,  0.08339616],
       [ 0.        ,  0.        ,  0.        ,  1.        ]])]","[array([[ 0.14588839, -0.98928774,  0.00513295, -0.14767105],
       [ 0.98867598,  0.14597867,  0.03478566,  0.33364501],
       [-0.03516233, -0.        ,  0.99938161,  0.08339616],
       [ 0.        ,  0.        ,  0.        ,  1.        ]])]","[array([[ 0.26751214, -0.9635517 , -0.00231957, -0.05761079],
       [ 0.96351548,  0.26752219, -0.00835453,  0.27840851],
       [ 0.00867056,  0.        ,  0.99996241,  0.08547978],
       [ 0.        ,  0.        ,  0.        ,  1.        ]])]","[array([[-0.57728745, -0.81653417,  0.00333876, -0.0420846 ],
       [ 0.81652052, -0.5772971 , -0.00472237,  0.33295081],
       [ 0.00578344, -0.        ,  0.99998328,  0.08473609],
       [ 0.        ,  0.        ,  0.        ,  1.        ]])]","[array([[-0.57728745, -0.81653417,  0.00333876, -0.0420846 ],
       [ 0.81652052, -0.5772971 , -0.00472237,  0.33295081],
       [ 0.00578344, -0.        ,  0.99998328,  0.08473609],
       [ 0.        ,  0.        ,  0.        ,  1.        ]])]"
24,"[array([[-0.53553816, -0.84425216, -0.02090849, -0.11435731],
       [ 0.84360946, -0.53594616,  0.03293622,  0.27025476],
       [-0.0390123 ,  0.        ,  0.99923873,  0.08492688],
       [ 0.        ,  0.        ,  0.        ,  1.        ]])]","[array([[ 0.14542211, -0.98935636,  0.00513811, -0.14773653],
       [ 0.98873939,  0.14551285,  0.03493449,  0.3336189 ],
       [-0.03531032, -0.        ,  0.9993764 ,  0.08342087],
       [ 0.        ,  0.        ,  0.        ,  1.        ]])]","[array([[ 0.14542211, -0.98935636,  0.00513811, -0.14773653],
       [ 0.98873939,  0.14551285,  0.03493449,  0.3336189 ],
       [-0.03531032, -0.        ,  0.9993764 ,  0.08342087],
       [ 0.        ,  0.        ,  0.        ,  1.        ]])]","[array([[ 0.26748294, -0.96355989, -0.00228386, -0.05759721],
       [ 0.96352477,  0.26749269, -0.00822692,  0.27840404],
       [ 0.00853805,  0.        ,  0.99996355,  0.08548475],
       [ 0.        ,  0.        ,  0.        ,  1.        ]])]","[array([[-0.57725953, -0.8165538 ,  0.00336688, -0.04205876],
       [ 0.81653991, -0.57726934, -0.00476249,  0.33294558],
       [ 0.00583243, -0.        ,  0.99998299,  0.08473553],
       [ 0.        ,  0.        ,  0.        ,  1.        ]])]","[array([[-0.57725953, -0.8165538 ,  0.00336688, -0.04205876],
       [ 0.81653991, -0.57726934, -0.00476249,  0.33294558],
       [ 0.00583243, -0.        ,  0.99998299,  0.08473553],
       [ 0.        ,  0.        ,  0.        ,  1.        ]])]"
25,"[array([[-0.53959343, -0.84162774, -0.02239802, -0.11436462],
       [ 0.84090361, -0.54005809,  0.03490512,  0.2702086 ],
       [-0.04147335,  0.        ,  0.99913961,  0.084986  ],
       [ 0.        ,  0.        ,  0.        ,  1.        ]])]","[array([[ 0.13665149, -0.990607  ,  0.00491257, -0.14813625],
       [ 0.9899675 ,  0.13673977,  0.03558899,  0.33335736],
       [-0.03592644, -0.        ,  0.99935444,  0.08348046],
       [ 0.        ,  0.        ,  0.        ,  1.        ]])]","[array([[ 0.13665149, -0.990607  ,  0.00491257, -0.14813625],
       [ 0.9899675 ,  0.13673977,  0.03558899,  0.33335736],
       [-0.03592644, -0.        ,  0.99935444,  0.08348046],
       [ 0.        ,  0.        ,  0.        ,  1.        ]])]","[array([[ 0.26595729, -0.96398416, -0.00111926, -0.0576198 ],
       [ 0.96397563,  0.26595965, -0.00405682,  0.27840534],
       [ 0.00420839,  0.        ,  0.99999114,  0.08561473],
       [ 0.        ,  0.        ,  0.        ,  1.        ]])]","[array([[-0.57949534, -0.81497115,  0.00267956, -0.0420899 ],
       [ 0.81496244, -0.57950153, -0.00376835,  0.33298305],
       [ 0.0046239 , -0.        ,  0.99998931,  0.08477896],
       [ 0.        ,  0.        ,  0.        ,  1.        ]])]","[array([[-0.57949534, -0.81497115,  0.00267956, -0.0420899 ],
