,LP,LD1,LD2,RP,RD1,RD2
0,"[array([[-0.80457777, -0.59321863, -0.02731776, -0.01227032],
       [ 0.592877  , -0.8050414 ,  0.0201299 ,  0.24030921],
       [-0.03393336,  0.        ,  0.9994241 ,  0.08556811],
       [ 0.        ,  0.        ,  0.        ,  1.        ]])]","[array([[-0.49028049, -0.87153271, -0.00746883, -0.06596198],
       [ 0.8714316 , -0.49033737,  0.0132752 ,  0.28526096],
       [-0.01523202,  0.        ,  0.99988399,  0.08315038],
       [ 0.        ,  0.        ,  0.        ,  1.        ]])]","[array([[-0.49028049, -0.87153271, -0.00746883, -0.06596198],
       [ 0.8714316 , -0.49033737,  0.0132752 ,  0.28526096],
       [-0.01523202,  0.        ,  0.99988399,  0.08315038],
       [ 0.        ,  0.        ,  0.        ,  1.        ]])]","[array([[-0.17455796, -0.98463515, -0.00481061,  0.04230046],
       [ 0.98426145, -0.17462423,  0.02712505,  0.24961475],
       [-0.02754833, -0.        ,  0.99962047,  0.08644908],
       [ 0.        ,  0.        ,  0.        ,  1.        ]])]","[array([[-0.65513571, -0.75504032,  0.02667041,  0.03095951],
       [ 0.75441544, -0.65567836, -0.03071207,  0.30941401],
       [ 0.04067606, -0.        ,  0.99917239,  0.0833675 ],
       [ 0.        ,  0.        ,  0.        ,  1.        ]])]","[array([[-0.65513571, -0.75504032,  0.02667041,  0.03095951],
       [ 0.75441544, -0.65567836, -0.03071207,  0.30941401],
       [ 0.04067606, -0.        ,  0.99917239,  0.0833675 ],
       [ 0.        ,  0.        ,  0.        ,  1.        ]])]"
1,"[array([[-0.80458644, -0.59321863, -0.0270613 , -0.01227013],
       [ 0.59288338, -0.8050414 ,  0.01994092,  0.24030707],
       [-0.0336148 ,  0.        ,  0.99943486,  0.08555897],
       [ 0.        ,  0.        ,  0.        ,  1.        ]])]","[array([[-0.49010853, -0.87162904, -0.0075127 , -0.06596988],
       [ 0.87152666, -0.4901661 ,  0.01335933,  0.2852547 ],
       [-0.01532685,  0.        ,  0.99988254,  0.08315639],
       [ 0.        ,  0.        ,  0.        ,  1.        ]])]","[array([[-0.49010853, -0.87162904, -0.0075127 , -0.06596988],
       [ 0.87152666, -0.4901661 ,  0.01335933,  0.2852547 ],
       [-0.01532685,  0.        ,  0.99988254,  0.08315639],
       [ 0.        ,  0.        ,  0.        ,  1.        ]])]","[array([[-0.1748687 , -0.98458013, -0.00478536,  0.04231191],
       [ 0.98421168, -0.17493417,  0.02693338,  0.24961212],
       [-0.02735519, -0.        ,  0.99962578,  0.08644376],
       [ 0.        ,  0.        ,  0.        ,  1.        ]])]","[array([[-0.6548174 , -0.75531076,  0.02682983,  0.03094467],
       [ 0.75467755, -0.65536681, -0.0309214 ,  0.30940896],
       [ 0.04093865, -0.        ,  0.99916166,  0.08335915],
       [ 0.        ,  0.        ,  0.        ,  1.        ]])]","[array([[-0.6548174 , -0.75531076,  0.02682983,  0.03094467],
       [ 0.75467755, -0.65536681, -0.0309214 ,  0.30940896],
       [ 0.04093865, -0.        ,  0.99916166,  0.08335915],
       [ 0.        ,  0.        ,  0.        ,  1.        ]])]"
2,"[array([[-0.80466012, -0.59311631, -0.02711338, -0.01226831],
       [ 0.59277989, -0.80511679,  0.01997398,  0.24030753],
       [-0.03367633,  0.        ,  0.99943279,  0.08556035],
       [ 0.        ,  0.        ,  0.        ,  1.        ]])]","[array([[-0.49038074, -0.87147653, -0.00744273, -0.06595754],
       [ 0.87137617, -0.49043722,  0.01322527,  0.28525827],
       [-0.01517571,  0.        ,  0.99988484,  0.08314959],
       [ 0.        ,  0.        ,  0.        ,  1.        ]])]","[array([[-0.49038074, -0.87147653, -0.00744273, -0.06595754],
       [ 0.87137617, -0.49043722,  0.01322527,  0.28525827],
       [-0.01517571,  0.        ,  0.99988484,  0.08314959],
       [ 0.        ,  0.        ,  0.        ,  1.        ]])]","[array([[-0.17473485, -0.98460697, -0.00410481,  0.04230767],
       [ 0.9843354 , -0.17478306,  0.02312367,  0.24960869],
       [-0.02348518, -0.        ,  0.99972419,  0.08635807],
       [ 0.        ,  0.        ,  0.        ,  1.        ]])]","[array([[-0.65505875, -0.75510841,  0.02663322,  0.03095513],
       [ 0.75448507, -0.65559995, -0.03067567,  0.30941088],
       [ 0.04062419, -0.        ,  0.9991745 ,  0.08336715],
       [ 0.        ,  0.        ,  0.        ,  1.        ]])]","[array([[-0.65505875, -0.75510841,  0.02663322,  0.03095513],
       [ 0.75448507, -0.65559995, -0.03067567,  0.30941088],
       [ 0.04062419, -0.        ,  0.9991745 ,  0.08336715],
       [ 0.        ,  0.        ,  0.        ,  1.        ]])]"
3,"[array([[-0.80461514, -0.59317727, -0.02711465, -0.01226901],
       [ 0.59284074, -0.80507188,  0.01997808,  0.24030767],
       [-0.03367978,  0.        ,  0.99943268,  0.08555843],
       [ 0.        ,  0.        ,  0.        ,  1.        ]])]","[array([[-0.4907887 , -0.87124763, -0.00734993, -0.06593853],
       [ 0.87114995, -0.49084373,  0.01304612,  0.28526863],
       [-0.01497406,  0.        ,  0.99988788,  0.08313918],
       [ 0.        ,  0.        ,  0.        ,  1.        ]])]","[array([[-0.4907887 , -0.87124763, -0.00734993, -0.06593853],
       [ 0.87114995, -0.49084373,  0.01304612,  0.28526863],
       [-0.01497406,  0.        ,  0.99988788,  0.08313918],
       [ 0.        ,  0.        ,  0.        ,  1.        ]])]","[array([[-0.17454636, -0.9846371 , -0.0048323 ,  0.04229918],
       [ 0.98425998, -0.17461324,  0.02724916,  0.24961388],
       [-0.02767432, -0.        ,  0.99961699,  0.0864529 ],
       [ 0.        ,  0.        ,  0.        ,  1.        ]])]","[array([[-0.65508239, -0.75509008,  0.02657122,  0.03095813],
       [ 0.7544697 , -0.65562105, -0.03060254,  0.30941407],
       [ 0.04052833, -0.        ,  0.99917839,  0.0833762 ],
       [ 0.        ,  0.        ,  0.        ,  1.        ]])]","[array([[-0.65508239, -0.75509008,  0.02657122,  0.03095813],
       [ 0.7544697 , -0.65562105, -0.03060254,  0.30941407],
       [ 0.04052833, -0.        ,  0.99917839,  0.0833762 ],
       [ 0.        ,  0.        ,  0.        ,  1.        ]])]"
4,"[array([[-0.8045723 , -0.59324039, -0.02700466, -0.01226769],
       [ 0.59290652, -0.80502536,  0.01990031,  0.24030773],
       [-0.0335451 ,  0.        ,  0.9994372 ,  0.08555741],
       [ 0.        ,  0.        ,  0.        ,  1.        ]])]","[array([[-0.49033355, -0.8715033 , -0.00741598, -0.06595416],
       [ 0.87140365, -0.49038963,  0.01317942,  0.28525861],
       [-0.01512262,  0.        ,  0.99988565,  0.0831469 ],
       [ 0.        ,  0.        ,  0.        ,  1.        ]])]","[array([[-0.49033355, -0.8715033 , -0.00741598, -0.06595416],
       [ 0.87140365, -0.49038963,  0.01317942,  0.28525861],
       [-0.01512262,  0.        ,  0.99988565,  0.0831469 ],
       [ 0.        ,  0.        ,  0.        ,  1.        ]])]","[array([[-0.17435517, -0.98467407, -0.00415317,  0.04229657],
       [ 0.98439484, -0.17440462,  0.02344847,  0.24961671],
       [-0.02381343, -0.        ,  0.99971642,  0.08636542],
       [ 0.        ,  0.        ,  0.        ,  1.        ]])]","[array([[-0.65499601, -0.75516664,  0.02652513,  0.03095833],
       [ 0.75454817, -0.65553288, -0.03055666,  0.30940679],
       [ 0.04046346, -0.        ,  0.99918102,  0.08338026],
       [ 0.        ,  0.        ,  0.        ,  1.        ]])]","[array([[-0.65499601, -0.75516664,  0.02652513,  0.03095833],
       [ 0.75454817, -0.65553288, -0.03055666,  0.30940679],
       [ 0.04046346, -0.        ,  0.99918102,  0.08338026],
       [ 0.        ,  0.        ,  0.        ,  1.        ]])]"
5,"[array([[-0.804466  , -0.59338192, -0.02706179, -0.01227368],
       [ 0.59304647, -0.80492105,  0.01994975,  0.24030678],
       [-0.03362043,  0.        ,  0.99943467,  0.0855581 ],
       [ 0.        ,  0.        ,  0.        ,  1.        ]])]","[array([[-0.48997333, -0.87170528, -0.00748631, -0.06597352],
       [ 0.87160355, -0.49003052,  0.01331724,  0.28525387],
       [-0.01527723,  0.        ,  0.9998833 ,  0.08315282],
       [ 0.        ,  0.        ,  0.        ,  1.        ]])]","[array([[-0.48997333, -0.87170528, -0.00748631, -0.06597352],
       [ 0.87160355, -0.49003052,  0.01331724,  0.28525387],
       [-0.01527723,  0.        ,  0.9998833 ,  0.08315282],
       [ 0.        ,  0.        ,  0.        ,  1.        ]])]","[array([[-0.17476492, -0.98459824, -0.00485028,  0.04230842],
       [ 0.98421927, -0.17483221,  0.02731521,  0.24961485],
       [-0.02774249, -0.        ,  0.9996151 ,  0.08645343],
       [ 0.        ,  0.        ,  0.        ,  1.        ]])]","[array([[-0.65500793, -0.75515489,  0.02656518,  0.03095787],
       [ 0.75453459, -0.65554641, -0.03060168,  0.30941104],
       [ 0.04052372, -0.        ,  0.99917858,  0.08337435],
       [ 0.        ,  0.        ,  0.        ,  1.        ]])]","[array([[-0.65500793, -0.75515489,  0.02656518,  0.03095787],
       [ 0.75453459, -0.65554641, -0.03060168,  0.30941104],
       [ 0.04052372, -0.        ,  0.99917858,  0.08337435],
       [ 0.        ,  0.        ,  0.        ,  1.        ]])]"
6,"[array([[-0.80460721, -0.59318815, -0.02711196, -0.01226531],
       [ 0.59285168, -0.80506386,  0.01997667,  0.24030952],
       [-0.03367678,  0.        ,  0.99943278,  0.08555936],
       [ 0.        ,  0.        ,  0.        ,  1.        ]])]","[array([[-0.4902293 , -0.87156216, -0.00739205, -0.06596274],
       [ 0.87146309, -0.49028502,  0.01314058,  0.28525719],
       [-0.01507704,  0.        ,  0.99988633,  0.08314345],
       [ 0.        ,  0.        ,  0.        ,  1.        ]])]","[array([[-0.4902293 , -0.87156216, -0.00739205, -0.06596274],
       [ 0.87146309, -0.49028502,  0.01314058,  0.28525719],
       [-0.01507704,  0.        ,  0.99988633,  0.08314345],
       [ 0.        ,  0.        ,  0.        ,  1.        ]])]","[array([[-0.17456863, -0.9846332 , -0.00482237,  0.04230272],
       [ 0.98425772, -0.17463523,  0.02718959,  0.24961474],
       [-0.02761393, -0.        ,  0.99961866,  0.08644955],
       [ 0.        ,  0.        ,  0.        ,  1.        ]])]","[array([[-0.65507319, -0.75509336,  0.02670445,  0.03095379],
       [ 0.75446672, -0.65561728, -0.03075628,  0.30941322],
       [ 0.04073176, -0.        ,  0.99917012,  0.08336573],
       [ 0.        ,  0.        ,  0.        ,  1.        ]])]","[array([[-0.65507319, -0.75509336,  0.02670445,  0.03095379],
       [ 0.75446672, -0.65561728, -0.03075628,  0.30941322],
       [ 0.04073176, -0.        ,  0.99917012,  0.08336573],
       [ 0.        ,  0.        ,  0.        ,  1.        ]])]"
7,"[array([[-0.80444815, -0.59339491, -0.02730678, -0.01227423],
       [ 0.59305333, -0.80491148,  0.02013104,  0.24030274],
       [-0.0339252 ,  0.        ,  0.99942437,  0.08556492],
       [ 0.        ,  0.        ,  0.        ,  1.        ]])]","[array([[-0.49019449, -0.87158089, -0.00749077, -0.06596593],
       [ 0.87147914, -0.49025172,  0.01331727,  0.28525983],
       [-0.01527944,  0.        ,  0.99988326,  0.08314889],
       [ 0.        ,  0.        ,  0.        ,  1.        ]])]","[array([[-0.49019449, -0.87158089, -0.00749077, -0.06596593],
       [ 0.87147914, -0.49025172,  0.01331727,  0.28525983],
       [-0.01527944,  0.        ,  0.99988326,  0.08314889],
       [ 0.        ,  0.        ,  0.        ,  1.        ]])]","[array([[-0.17471662, -0.98461015, -0.00411662,  0.04230824],
       [ 0.98433696, -0.17476511,  0.02319264,  0.24960981],
       [-0.02355515, -0.        ,  0.99972254,  0.08635564],
       [ 0.        ,  0.        ,  0.        ,  1.        ]])]","[array([[-0.65512406, -0.75505865,  0.02643658,  0.03095889],
       [ 0.75444463, -0.65565725, -0.03044452,  0.30941037],
       [ 0.04032073, -0.        ,  0.99918679,  0.0833758 ],
       [ 0.        ,  0.        ,  0.        ,  1.        ]])]","[array([[-0.65512406, -0.75505865,  0.02643658,  0.03095889],
       [ 0.75444463, -0.65565725, -0.03044452,  0.30941037],
       [ 0.04032073, -0.        ,  0.99918679,  0.0833758 ],
       [ 0.        ,  0.        ,  0.        ,  1.        ]])]"
8,"[array([[-0.80431977, -0.59356901, -0.02730456, -0.01228208],
       [ 0.59322728, -0.8047831 ,  0.02013852,  0.2402963 ],
       [-0.03392786,  0.        ,  0.99942428,  0.08556598],
       [ 0.        ,  0.        ,  0.        ,  1.        ]])]","[array([[-0.49065728, -0.87132124, -0.00739816, -0.06594204],
       [ 0.87122221, -0.49071305,  0.01313634,  0.28526193],
       [-0.01507634,  0.        ,  0.99988635,  0.08314043],
       [ 0.        ,  0.        ,  0.        ,  1.        ]])]","[array([[-0.49065728, -0.87132124, -0.00739816, -0.06594204],
       [ 0.87122221, -0.49071305,  0.01313634,  0.28526193],
       [-0.01507634,  0.        ,  0.99988635,  0.08314043],
       [ 0.        ,  0.        ,  0.        ,  1.        ]])]","[array([[-0.17495113, -0.9845652 , -0.0048441 ,  0.04231689],
       [ 0.98418801, -0.17501818,  0.02725049,  0.2496119 ],
       [-0.02767769, -0.        ,  0.9996169 ,  0.08645198],
       [ 0.        ,  0.        ,  0.        ,  1.        ]])]","[array([[-0.65503681, -0.75512481,  0.02670763,  0.0309552 ],
       [ 0.75449792, -0.65558106, -0.03076293,  0.30941073],
       [ 0.04073887, -0.        ,  0.99916983,  0.0833655 ],
       [ 0.        ,  0.        ,  0.        ,  1.        ]])]","[array([[-0.65503681, -0.75512481,  0.02670763,  0.0309552 ],
       [ 0.75449792, -0.65558106, -0.03076293,  0.30941073],
       [ 0.04073887, -0.        ,  0.99916983,  0.0833655 ],
       [ 0.        ,  0.        ,  0.        ,  1.        ]])]"
9,"[array([[-0.80443751, -0.59341663, -0.0271476 , -0.01227071],
       [ 0.593079  , -0.80489546,  0.02001482,  0.24030134],
       [-0.0337281 ,  0.        ,  0.99943105,  0.08556051],
       [ 0.        ,  0.        ,  0.        ,  1.        ]])]","[array([[-0.49041204, -0.8714591 , -0.00742063, -0.06595346],
       [ 0.87135935, -0.49046818,  0.0131849 ,  0.28525967],
       [-0.01512968,  0.        ,  0.99988554,  0.08314312],
       [ 0.        ,  0.        ,  0.        ,  1.        ]])]","[array([[-0.49041204, -0.8714591 , -0.00742063, -0.06595346],
       [ 0.87135935, -0.49046818,  0.0131849 ,  0.28525967],
       [-0.01512968,  0.        ,  0.99988554,  0.08314312],
       [ 0.        ,  0.        ,  0.        ,  1.        ]])]","[array([[-0.17459205, -0.98463212, -0.00414722,  0.04230925],
       [ 0.98435445, -0.1746413 ,  0.02338213,  0.24961352],
       [-0.02374707, -0.        ,  0.999718  ,  0.08636393],
       [ 0.        ,  0.        ,  0.        ,  1.        ]])]","[array([[-0.6551032 , -0.75506848,  0.02667186,  0.03095909],
       [ 0.75444344, -0.65564594, -0.0307164 ,  0.30941057],
       [ 0.04068028, -0.        ,  0.99917221,  0.08336937],
       [ 0.        ,  0.        ,  0.        ,  1.        ]])]","[array([[-0.6551032 , -0.75506848,  0.02667186,  0.03095909],
       [ 0.75444344, -0.65564594, -0.0307164 ,  0.30941057],
       [ 0.04068028, -0.        ,  0.99917221,  0.08336937],
       [ 0.        ,  0.        ,  0.        ,  1.        ]])]"
10,"[array([[-0.80437714, -0.59348634, -0.02741124, -0.01227986],
       [ 0.59314204, -0.80484406,  0.02021286,  0.24030052],
       [-0.03405783,  0.        ,  0.99941986,  0.0855689 ],
       [ 0.        ,  0.        ,  0.        ,  1.        ]])]","[array([[-0.49033444, -0.87150193, -0.00751809, -0.06595912],
       [ 0.87139951, -0.49039208,  0.0133608 ,  0.28525773],
       [-0.01533078,  0.        ,  0.99988248,  0.08315152],
       [ 0.        ,  0.        ,  0.        ,  1.        ]])]","[array([[-0.49033444, -0.87150193, -0.00751809, -0.06595912],
       [ 0.87139951, -0.49039208,  0.0133608 ,  0.28525773],
       [-0.01533078,  0.        ,  0.99988248,  0.08315152],
       [ 0.        ,  0.        ,  0.        ,  1.        ]])]","[array([[-0.17488248, -0.98458036, -0.00419966,  0.04231422],
       [ 0.98429659, -0.1749329 ,  0.02363705,  0.24961223],
       [-0.02400723, -0.        ,  0.99971178,  0.08637176],
       [ 0.        ,  0.        ,  0.        ,  1.        ]])]","[array([[-0.65493752, -0.75521122,  0.02669953,  0.03094686],
       [ 0.75458445, -0.65548151, -0.03076179,  0.30940534],
       [ 0.04073269, -0.        ,  0.99917008,  0.0833647 ],
       [ 0.        ,  0.        ,  0.        ,  1.        ]])]","[array([[-0.65493752, -0.75521122,  0.02669953,  0.03094686],
       [ 0.75458445, -0.65548151, -0.03076179,  0.30940534],
       [ 0.04073269, -0.        ,  0.99917008,  0.0833647 ],
       [ 0.        ,  0.        ,  0.        ,  1.        ]])]"
11,"[array([[-0.80437663, -0.59348426, -0.02747132, -0.01228285],
       [ 0.59313845, -0.8048456 ,  0.02025705,  0.24030058],
       [-0.03413242,  0.        ,  0.99941732,  0.08557357],
       [ 0.        ,  0.        ,  0.        ,  1.        ]])]","[array([[-0.49023896, -0.87155547, -0.00753819, -0.0659664 ],
       [ 0.87145246, -0.49029691,  0.01339994,  0.28525448],
       [-0.01537474,  0.        ,  0.9998818 ,  0.08315292],
       [ 0.        ,  0.        ,  0.        ,  1.        ]])]","[array([[-0.49023896, -0.87155547, -0.00753819, -0.0659664 ],
       [ 0.87145246, -0.49029691,  0.01339994,  0.28525448],
       [-0.01537474,  0.        ,  0.9998818 ,  0.08315292],
       [ 0.        ,  0.        ,  0.        ,  1.        ]])]","[array([[-0.17460833, -0.9846261 , -0.00483396,  0.04230067],
       [ 0.98424899, -0.17467523,  0.02724856,  0.24961258],
       [-0.02767401, -0.        ,  0.999617  ,  0.0864489 ],
       [ 0.        ,  0.        ,  0.        ,  1.        ]])]","[array([[-0.65495963, -0.75519808,  0.02652829,  0.03094974],
       [ 0.75457937, -0.65549665, -0.03056326,  0.3094043 ],
       [ 0.04047052, -0.        ,  0.99918073,  0.08337404],
       [ 0.        ,  0.        ,  0.        ,  1.        ]])]","[array([[-0.65495963, -0.75519808,  0.02652829,  0.03094974],
       [ 0.75457937, -0.65549665, -0.03056326,  0.3094043 ],
       [ 0.04047052, -0.        ,  0.99918073,  0.08337404],
       [ 0.        ,  0.        ,  0.        ,  1.        ]])]"
12,"[array([[-0.8045511 , -0.59326871, -0.02701395, -0.01227049],
       [ 0.59293458, -0.80500449,  0.01990863,  0.24030434],
       [-0.03355752,  0.        ,  0.99943679,  0.08555669],
       [ 0.        ,  0.        ,  0.        ,  1.        ]])]","[array([[-0.49036008, -0.87148857, -0.00739297, -0.06595725],
       [ 0.87138954, -0.49041581,  0.01313761,  0.28525694],
       [-0.0150749 ,  0.        ,  0.99988637,  0.08314138],
       [ 0.        ,  0.        ,  0.        ,  1.        ]])]","[array([[-0.49036008, -0.87148857, -0.00739297, -0.06595725],
       [ 0.87138954, -0.49041581,  0.01313761,  0.28525694],
       [-0.0150749 ,  0.        ,  0.99988637,  0.08314138],
       [ 0.        ,  0.        ,  0.        ,  1.        ]])]","[array([[-0.17464586, -0.98462238, -0.00419442,  0.04230654],
       [ 0.98433854, -0.17469622,  0.0236406 ,  0.24961339],
       [-0.02400981, -0.        ,  0.99971172,  0.08637182],
       [ 0.        ,  0.        ,  0.        ,  1.        ]])]","[array([[-0.65489946, -0.75524454,  0.02669027,  0.03094319],
       [ 0.75461811, -0.65544312, -0.03075428,  0.3094068 ],
       [ 0.04072096, -0.        ,  0.99917056,  0.08336107],
       [ 0.        ,  0.        ,  0.        ,  1.        ]])]","[array([[-0.65489946, -0.75524454,  0.02669027,  0.03094319],
       [ 0.75461811, -0.65544312, -0.03075428,  0.3094068 ],
       [ 0.04072096, -0.        ,  0.99917056,  0.08336107],
       [ 0.        ,  0.        ,  0.        ,  1.        ]])]"
13,"[array([[-0.80803848, -0.58840287, -0.02925542, -0.01319002],
       [ 0.5880176 , -0.80856791,  0.02128946,  0.24078295],
       [-0.03618178,  0.        ,  0.99934523,  0.08562147],
       [ 0.        ,  0.        ,  0.        ,  1.        ]])]","[array([[-0.49682052, -0.86782397, -0.00713615, -0.06713932],
       [ 0.86773447, -0.49687177,  0.01246382,  0.28538212],
       [-0.01436216,  0.        ,  0.99989686,  0.08309672],
       [ 0.        ,  0.        ,  0.        ,  1.        ]])]","[array([[-0.49682052, -0.86782397, -0.00713615, -0.06713932],
       [ 0.86773447, -0.49687177,  0.01246382,  0.28538212],
       [-0.01436216,  0.        ,  0.99989686,  0.08309672],
       [ 0.        ,  0.        ,  0.        ,  1.        ]])]","[array([[-0.18196902, -0.98329471, -0.00433493,  0.04135437],
       [ 0.98301581, -0.18202065,  0.02341775,  0.25048001],
       [-0.02381559, -0.        ,  0.99971637,  0.08634747],
       [ 0.        ,  0.        ,  0.        ,  1.        ]])]","[array([[-0.66053733, -0.75032633,  0.02647329,  0.0295931 ],
       [ 0.74972444, -0.66106762, -0.03004777,  0.31021108],
       [ 0.04004627, -0.        ,  0.99919783,  0.08337353],
       [ 0.        ,  0.        ,  0.        ,  1.        ]])]","[array([[-0.66053733, -0.75032633,  0.02647329,  0.0295931 ],
       [ 0.74972444, -0.66106762, -0.03004777,  0.31021108],
       [ 0.04004627, -0.        ,  0.99919783,  0.08337353],
       [ 0.        ,  0.        ,  0.        ,  1.        ]])]"
14,"[array([[-0.82053528, -0.57076533, -0.03080249, -0.01639847],
       [ 0.57036359, -0.82111323,  0.02141117,  0.24303969],
       [-0.03751308,  0.        ,  0.99929614,  0.08563129],
       [ 0.        ,  0.        ,  0.        ,  1.        ]])]","[array([[-0.51814564, -0.85526514, -0.00682931, -0.07139566],
       [ 0.85519086, -0.51819064,  0.01127166,  0.28631407],
       [-0.01317914,  0.        ,  0.99991315,  0.0831431 ],
       [ 0.        ,  0.        ,  0.        ,  1.        ]])]","[array([[-0.51814564, -0.85526514, -0.00682931, -0.07139566],
       [ 0.85519086, -0.51819064,  0.01127166,  0.28631407],
       [-0.01317914,  0.        ,  0.99991315,  0.0831431 ],
       [ 0.        ,  0.        ,  0.        ,  1.        ]])]","[array([[-0.20776724, -0.97816453, -0.00518858,  0.03795178],
       [ 0.97785966, -0.20783202,  0.02442014,  0.25436143],
       [-0.02496527, -0.        ,  0.99968832,  0.08633722],
       [ 0.        ,  0.        ,  0.        ,  1.        ]])]","[array([[-0.67953032, -0.73314638,  0.02710964,  0.0246103 ],
       [ 0.73256364, -0.68007087, -0.02922539,  0.3137705 ],
       [ 0.03986296, -0.        ,  0.99920516,  0.08333236],
       [ 0.        ,  0.        ,  0.        ,  1.        ]])]","[array([[-0.67953032, -0.73314638,  0.02710964,  0.0246103 ],
       [ 0.73256364, -0.68007087, -0.02922539,  0.3137705 ],
       [ 0.03986296, -0.        ,  0.99920516,  0.08333236],
       [ 0.        ,  0.        ,  0.        ,  1.        ]])]"
15,"[array([[-0.82653986, -0.56196224, -0.03209829, -0.01722583],
       [ 0.56153897, -0.82716288,  0.0218071 ,  0.24379755],
       [-0.03880528,  0.        ,  0.99924679,  0.08566224],
       [ 0.        ,  0.        ,  0.        ,  1.        ]])]","[array([[-0.52675588, -0.84998397, -0.00744859, -0.07273209],
       [ 0.84989901, -0.52680854,  0.01201799,  0.28643557],
       [-0.01413908,  0.        ,  0.99990004,  0.08315262],
       [ 0.        ,  0.        ,  0.        ,  1.        ]])]","[array([[-0.52675588, -0.84998397, -0.00744859, -0.07273209],
       [ 0.84989901, -0.52680854,  0.01201799,  0.28643557],
       [-0.01413908,  0.        ,  0.99990004,  0.08315262],
       [ 0.        ,  0.        ,  0.        ,  1.        ]])]","[array([[-0.21794869, -0.97594432, -0.00557223,  0.03700354],
       [ 0.97562551, -0.21801991,  0.02494351,  0.25568006],
       [-0.02555833, -0.        ,  0.99967333,  0.08633251],
       [ 0.        ,  0.        ,  0.        ,  1.        ]])]","[array([[-0.68793032, -0.72529182,  0.02652629,  0.02305242],
       [ 0.72475323, -0.68844155, -0.02794617,  0.31493378],
       [ 0.03853093, -0.        ,  0.99925741,  0.08334272],
       [ 0.        ,  0.        ,  0.        ,  1.        ]])]","[array([[-0.68793032, -0.72529182,  0.02652629,  0.02305242],
       [ 0.72475323, -0.68844155, -0.02794617,  0.31493378],
       [ 0.03853093, -0.        ,  0.99925741,  0.08334272],
       [ 0.        ,  0.        ,  0.        ,  1.        ]])]"
16,"[array([[-0.82698217, -0.56129266, -0.03241985, -0.0172263 ],
       [ 0.56086185, -0.82761739,  0.02198724,  0.24379255],
       [-0.03917251,  0.        ,  0.99923246,  0.08565346],
       [ 0.        ,  0.        ,  0.        ,  1.        ]])]","[array([[-0.52758607, -0.84946746, -0.00761443, -0.07276737],
       [ 0.849379  , -0.52764102,  0.01225873,  0.28637636],
       [-0.01443107,  0.        ,  0.99989587,  0.08310391],
       [ 0.        ,  0.        ,  0.        ,  1.        ]])]","[array([[-0.52758607, -0.84946746, -0.00761443, -0.07276737],
       [ 0.849379  , -0.52764102,  0.01225873,  0.28637636],
       [-0.01443107,  0.        ,  0.99989587,  0.08310391],
       [ 0.        ,  0.        ,  0.        ,  1.        ]])]","[array([[-0.21899335, -0.97570956, -0.00572391,  0.03701303],
       [ 0.97537645, -0.21906814,  0.02549377,  0.25568234],
       [-0.02612844, -0.        ,  0.99965859,  0.08634528],
       [ 0.        ,  0.        ,  0.        ,  1.        ]])]","[array([[-0.68855468, -0.7247081 ,  0.02627962,  0.0230023 ],
       [ 0.72418084, -0.689056  , -0.02763934,  0.31492053],
       [ 0.03813858, -0.        ,  0.99927246,  0.08333519],
       [ 0.        ,  0.        ,  0.        ,  1.        ]])]","[array([[-0.68855468, -0.7247081 ,  0.02627962,  0.0230023 ],
       [ 0.72418084, -0.689056  , -0.02763934,  0.31492053],
       [ 0.03813858, -0.        ,  0.99927246,  0.08333519],
       [ 0.        ,  0.        ,  0.        ,  1.        ]])]"
17,"[array([[-0.8269174 , -0.56137927, -0.03257186, -0.01722774],
       [ 0.56094428, -0.82755865,  0.02209531,  0.24379437],
       [-0.03935897,  0.        ,  0.99922514,  0.08565764],
       [ 0.        ,  0.        ,  0.        ,  1.        ]])]","[array([[-0.5275358 , -0.84950079, -0.00737432, -0.07276012],
       [ 0.84941781, -0.52758734,  0.01187385,  0.28638437],
       [-0.01397744,  0.        ,  0.99990231,  0.08308548],
       [ 0.        ,  0.        ,  0.        ,  1.        ]])]","[array([[-0.5275358 , -0.84950079, -0.00737432, -0.07276012],
       [ 0.84941781, -0.52758734,  0.01187385,  0.28638437],
       [-0.01397744,  0.        ,  0.99990231,  0.08308548],
       [ 0.        ,  0.        ,  0.        ,  1.        ]])]","[array([[-0.21827048, -0.9758718 , -0.00567657,  0.0369944 ],
       [ 0.97554194, -0.21834429,  0.02537098,  0.25568305],
       [-0.02599827, -0.        ,  0.99966199,  0.08634236],
       [ 0.        ,  0.        ,  0.        ,  1.        ]])]","[array([[-0.68854003, -0.72470933,  0.02662719,  0.02301182],
       [ 0.72416803, -0.6890547 , -0.02800499,  0.31491995],
       [ 0.03864307, -0.        ,  0.99925308,  0.08331915],
       [ 0.        ,  0.        ,  0.        ,  1.        ]])]","[array([[-0.68854003, -0.72470933,  0.02662719,  0.02301182],
       [ 0.72416803, -0.6890547 , -0.02800499,  0.31491995],
       [ 0.03864307, -0.        ,  0.99925308,  0.08331915],
       [ 0.        ,  0.        ,  0.        ,  1.        ]])]"
18,"[array([[-0.83469482, -0.54969053, -0.03353914, -0.01850757],
       [ 0.54924732, -0.83536838,  0.02206948,  0.24788854],
       [-0.04014892,  0.        ,  0.99919371,  0.08566934],
       [ 0.        ,  0.        ,  0.        ,  1.        ]])]","[array([[-0.54040787, -0.84136882, -0.00760556, -0.07463119],
       [ 0.8412855 , -0.54046139,  0.01184003,  0.28964704],
       [-0.01407234,  0.        ,  0.99990098,  0.0830835 ],
       [ 0.        ,  0.        ,  0.        ,  1.        ]])]","[array([[-0.54040787, -0.84136882, -0.00760556, -0.07463119],
       [ 0.8412855 , -0.54046139,  0.01184003,  0.28964704],
       [-0.01407234,  0.        ,  0.99990098,  0.0830835 ],
       [ 0.        ,  0.        ,  0.        ,  1.        ]])]","[array([[-0.23281812, -0.97250417, -0.00560025,  0.03555215],
       [ 0.97222294, -0.23288546,  0.02338604,  0.26065935],
       [-0.02404724, -0.        ,  0.99971082,  0.08626866],
       [ 0.        ,  0.        ,  0.        ,  1.        ]])]","[array([[-0.69950926, -0.71411029,  0.02707939,  0.02066838],
       [ 0.7135758 , -0.70003321, -0.02762393,  0.31968083],
       [ 0.038683  , -0.        ,  0.99925153,  0.08328588],
       [ 0.        ,  0.        ,  0.        ,  1.        ]])]","[array([[-0.69950926, -0.71411029,  0.02707939,  0.02066838],
       [ 0.7135758 , -0.70003321, -0.02762393,  0.31968083],
       [ 0.038683  , -0.        ,  0.99925153,  0.08328588],
       [ 0.        ,  0.        ,  0.        ,  1.        ]])]"
19,"[array([[-0.83427722, -0.55059568, -0.02873878, -0.01930622],
       [ 0.55026929, -0.83477207,  0.01895541,  0.26510444],
       [-0.0344271 ,  0.        ,  0.99940721,  0.08567217],
       [ 0.        ,  0.        ,  0.        ,  1.        ]])]","[array([[-0.53944487, -0.84200749, -0.00475563, -0.07545669],
       [ 0.84197477, -0.53946583,  0.00742267,  0.30689661],
       [-0.00881544,  0.        ,  0.99996114,  0.08349133],
       [ 0.        ,  0.        ,  0.        ,  1.        ]])]","[array([[-0.53944487, -0.84200749, -0.00475563, -0.07545669],
       [ 0.84197477, -0.53946583,  0.00742267,  0.30689661],
       [-0.00881544,  0.        ,  0.99996114,  0.08349133],
       [ 0.        ,  0.        ,  0.        ,  1.        ]])]","[array([[-0.22628167, -0.97404518, -0.00570865,  0.03441106],
       [ 0.97373536, -0.22635366,  0.02456547,  0.27823344],
       [-0.02522005, -0.        ,  0.99968192,  0.08633893],
       [ 0.        ,  0.        ,  0.        ,  1.        ]])]","[array([[-0.69975243, -0.71386331,  0.02730774,  0.01974751],
       [ 0.71332034, -0.70028507, -0.02783723,  0.33727649],
       [ 0.03899518, -0.        ,  0.9992394 ,  0.08333795],
       [ 0.        ,  0.        ,  0.        ,  1.        ]])]","[array([[-0.69975243, -0.71386331,  0.02730774,  0.01974751],
       [ 0.71332034, -0.70028507, -0.02783723,  0.33727649],
       [ 0.03899518, -0.        ,  0.9992394 ,  0.08333795],
       [ 0.        ,  0.        ,  0.        ,  1.        ]])]"
20,"[array([[-0.82745674, -0.5606583 , -0.0312668 , -0.02255346],
       [ 0.56025847, -0.82804726,  0.02117028,  0.29816217],
       [-0.03775968,  0.        ,  0.99928685,  0.08576282],
       [ 0.        ,  0.        ,  0.        ,  1.        ]])]","[array([[-0.52818085, -0.849122  , -0.00410075, -0.0781339 ],
       [ 0.84909641, -0.52819676,  0.00659231,  0.34070685],
       [-0.00776368,  0.        ,  0.99996986,  0.08355489],
       [ 0.        ,  0.        ,  0.        ,  1.        ]])]","[array([[-0.52818085, -0.849122  , -0.00410075, -0.0781339 ],
       [ 0.84909641, -0.52819676,  0.00659231,  0.34070685],
       [-0.00776368,  0.        ,  0.99996986,  0.08355489],
       [ 0.        ,  0.        ,  0.        ,  1.        ]])]","[array([[-0.21583024, -0.97642024, -0.0045631 ,  0.03139687],
       [ 0.97620209, -0.21587847,  0.02063894,  0.31065515],
       [-0.02113736, -0.        ,  0.99977658,  0.08617848],
       [ 0.        ,  0.        ,  0.        ,  1.        ]])]","[array([[-0.68985188, -0.7234491 ,  0.02694036,  0.01743886],
       [ 0.72289807, -0.69037772, -0.02823089,  0.36985515],
       [ 0.03902263, -0.        ,  0.99923833,  0.08334908],
       [ 0.        ,  0.        ,  0.        ,  1.        ]])]","[array([[-0.68985188, -0.7234491 ,  0.02694036,  0.01743886],
       [ 0.72289807, -0.69037772, -0.02823089,  0.36985515],
       [ 0.03902263, -0.        ,  0.99923833,  0.08334908],
       [ 0.        ,  0.        ,  0.        ,  1.        ]])]"
21,"[array([[-0.80883879, -0.58741643, -0.02686524, -0.02831387],
       [ 0.58709268, -0.80928483,  0.01950004,  0.32783751],
       [-0.03319627,  0.        ,  0.99944885,  0.0856716 ],
       [ 0.        ,  0.        ,  0.        ,  1.        ]])]","[array([[-0.50278612, -0.86440494, -0.00319807, -0.08251922],
       [ 0.86438745, -0.50279629,  0.00549811,  0.3720939 ],
       [-0.00636058,  0.        ,  0.99997977,  0.08353727],
       [ 0.        ,  0.        ,  0.        ,  1.        ]])]","[array([[-0.50278612, -0.86440494, -0.00319807, -0.08251922],
       [ 0.86438745, -0.50279629,  0.00549811,  0.3720939 ],
       [-0.00636058,  0.        ,  0.99997977,  0.08353727],
       [ 0.        ,  0.        ,  0.        ,  1.        ]])]","[array([[-0.18477027, -0.98277894, -0.00234452,  0.02599769],
       [ 0.98269984, -0.18478514,  0.01246932,  0.33873856],
       [-0.01268781, -0.        ,  0.99991951,  0.08598421],
       [ 0.        ,  0.        ,  0.        ,  1.        ]])]","[array([[-0.66791856, -0.74377127,  0.02625048,  0.01386496],
       [ 0.74319751, -0.66843421, -0.02920909,  0.39834135],
       [ 0.0392716 , -0.        ,  0.99922857,  0.08334216],
       [ 0.        ,  0.        ,  0.        ,  1.        ]])]","[array([[-0.66791856, -0.74377127,  0.02625048,  0.01386496],
       [ 0.74319751, -0.66843421, -0.02920909,  0.39834135],
       [ 0.0392716 , -0.        ,  0.99922857,  0.08334216],
       [ 0.        ,  0.        ,  0.        ,  1.        ]])]"
22,"[array([[-0.81348963, -0.5812086 , -0.02076484, -0.03436608],
       [ 0.58101935, -0.81375461,  0.01483089,  0.33252571],
       [-0.02551732,  0.        ,  0.99967438,  0.08570159],
       [ 0.        ,  0.        ,  0.        ,  1.        ]])]","[array([[-5.08923332e-01, -8.60811827e-01,  2.03939353e-04,
        -8.88918913e-02],
       [ 8.60811757e-01, -5.08923373e-01, -3.44950569e-04,
         3.76410031e-01],
       [ 4.00727033e-04,  0.00000000e+00,  9.99999920e-01,
         8.41732569e-02],
       [ 0.00000000e+00,  0.00000000e+00,  0.00000000e+00,
         1.00000000e+00]])]","[array([[-5.08923332e-01, -8.60811827e-01,  2.03939353e-04,
        -8.88918913e-02],
       [ 8.60811757e-01, -5.08923373e-01, -3.44950569e-04,
         3.76410031e-01],
       [ 4.00727033e-04,  0.00000000e+00,  9.99999920e-01,
         8.41732569e-02],
       [ 0.00000000e+00,  0.00000000e+00,  0.00000000e+00,
         1.00000000e+00]])]","[array([[-0.19264318, -0.98126604, -0.00235802,  0.01973947],
       [ 0.98119254, -0.19265761,  0.01201012,  0.34440045],
       [-0.01223941, -0.        ,  0.9999251 ,  0.08595316],
       [ 0.        ,  0.        ,  0.        ,  1.        ]])]","[array([[-0.67542734, -0.73691393,  0.0274913 ,  0.00718802],
       [ 0.73630428, -0.67598659, -0.02996912,  0.40391971],
       [ 0.04066841, -0.        ,  0.9991727 ,  0.08336274],
       [ 0.        ,  0.        ,  0.        ,  1.        ]])]","[array([[-0.67542734, -0.73691393,  0.0274913 ,  0.00718802],
       [ 0.73630428, -0.67598659, -0.02996912,  0.40391971],
       [ 0.04066841, -0.        ,  0.9991727 ,  0.08336274],
       [ 0.        ,  0.        ,  0.        ,  1.        ]])]"
23,"[array([[-0.83240245, -0.55366334, -0.02372892, -0.05066811],
       [ 0.55343852, -0.8327406 ,  0.01577662,  0.33674055],
       [-0.02849498,  0.        ,  0.99959394,  0.08561929],
       [ 0.        ,  0.        ,  0.        ,  1.        ]])]","[array([[-0.53141288, -0.84711131,  0.00166523, -0.10678707],
       [ 0.84710715, -0.53141549, -0.00265448,  0.37859962],
       [ 0.00313357,  0.        ,  0.99999509,  0.08373835],
       [ 0.        ,  0.        ,  0.        ,  1.        ]])]","[array([[-0.53141288, -0.84711131,  0.00166523, -0.10678707],
       [ 0.84710715, -0.53141549, -0.00265448,  0.37859962],
       [ 0.00313357,  0.        ,  0.99999509,  0.08373835],
       [ 0.        ,  0.        ,  0.        ,  1.        ]])]","[array([[-0.22441321, -0.97448119, -0.00501168,  0.00304134],
       [ 0.97423828, -0.22446916,  0.02175707,  0.3501999 ],
       [-0.02232682, -0.        ,  0.99975073,  0.08607012],
       [ 0.        ,  0.        ,  0.        ,  1.        ]])]","[array([[-0.69891602, -0.71465914,  0.02790546, -0.01136903],
       [ 0.71409018, -0.69947288, -0.02851132,  0.40928018],
       [ 0.03989499, -0.        ,  0.99920388,  0.08323334],
       [ 0.        ,  0.        ,  0.        ,  1.        ]])]","[array([[-0.69891602, -0.71465914,  0.02790546, -0.01136903],
       [ 0.71409018, -0.69947288, -0.02851132,  0.40928018],
       [ 0.03989499, -0.        ,  0.99920388,  0.08323334],
       [ 0.        ,  0.        ,  0.        ,  1.        ]])]"
24,"[array([[-0.87022123, -0.49173246, -0.03023585, -0.0814535 ],
       [ 0.49143591, -0.87074634,  0.01707495,  0.3369191 ],
       [-0.03472406,  0.        ,  0.99939694,  0.08541982],
       [ 0.        ,  0.        ,  0.        ,  1.        ]])]","[array([[-0.57951266, -0.81492343, -0.00805527, -0.14125365],
       [ 0.81484471, -0.57956864,  0.01132641,  0.37419388],
       [-0.01389874,  0.        ,  0.99990341,  0.08369098],
       [ 0.        ,  0.        ,  0.        ,  1.        ]])]","[array([[-0.57951266, -0.81492343, -0.00805527, -0.14125365],
       [ 0.81484471, -0.57956864,  0.01132641,  0.37419388],
       [-0.01389874,  0.        ,  0.99990341,  0.08369098],
       [ 0.        ,  0.        ,  0.        ,  1.        ]])]","[array([[-0.29399397, -0.95577351, -0.00803367, -0.02875503],
       [ 0.95541687, -0.29410371,  0.02610769,  0.35389249],
       [-0.02731577, -0.        ,  0.99962685,  0.08598287],
       [ 0.        ,  0.        ,  0.        ,  1.        ]])]","[array([[-0.749716  , -0.6610751 ,  0.03009356, -0.04742481],
       [ 0.66054318, -0.75031974, -0.02651416,  0.41177283],
       [ 0.04010764, -0.        ,  0.99919536,  0.08289158],
       [ 0.        ,  0.        ,  0.        ,  1.        ]])]","[array([[-0.749716  , -0.6610751 ,  0.03009356, -0.04742481],
       [ 0.66054318, -0.75031974, -0.02651416,  0.41177283],
       [ 0.04010764, -0.        ,  0.99919536,  0.08289158],
       [ 0.        ,  0.        ,  0.        ,  1.        ]])]"
25,"[array([[-0.90647932, -0.4212271 , -0.02937618, -0.12229032],
       [ 0.42100609, -0.9069552 ,  0.0136435 ,  0.32934285],
       [-0.03238989,  0.        ,  0.99947531,  0.08501053],
       [ 0.        ,  0.        ,  0.        ,  1.        ]])]","[array([[-0.64495906, -0.76412706, -0.01173176, -0.18465587],
       [ 0.76400068, -0.64506576,  0.01389711,  0.36206998],
       [-0.01818691,  0.        ,  0.9998346 ,  0.08338734],
       [ 0.        ,  0.        ,  0.        ,  1.        ]])]","[array([[-0.64495906, -0.76412706, -0.01173176, -0.18465587],
       [ 0.76400068, -0.64506576,  0.01389711,  0.36206998],
       [-0.01818691,  0.        ,  0.9998346 ,  0.08338734],
       [ 0.        ,  0.        ,  0.        ,  1.        ]])]","[array([[-0.36712582, -0.93013006, -0.00875756, -0.07107229],
       [ 0.92986554, -0.36723026,  0.02218137,  0.35043984],
       [-0.0238476 , -0.        ,  0.99971561,  0.08552319],
       [ 0.        ,  0.        ,  0.        ,  1.        ]])]","[array([[-0.79932829, -0.60004834,  0.0318791 , -0.09416203],
       [ 0.59957169, -0.79996374, -0.02391234,  0.40667812],
       [ 0.03985069, -0.        ,  0.99920565,  0.08248575],
       [ 0.        ,  0.        ,  0.        ,  1.        ]])]","[array([[-0.79932829, -0.60004834,  0.0318791 , -0.09416203],
       [ 0.59957169, -0.79996374, -0.02391234,  0.40667812],
       [ 0.03985069, -0.        ,  0.99920565,  0.08248575],
       [ 0.        ,  0.        ,  0.        ,  1.        ]])]"
26,"[array([[-0.93606529, -0.34996925, -0.03610125, -0.16616704],
       [ 0.34970926, -0.93676119,  0.01348724,  0.31428285],
       [-0.03853837,  0.        ,  0.99925712,  0.08481626],
       [ 0.        ,  0.        ,  0.        ,  1.        ]])]","[array([[-0.70508401, -0.70901069, -0.01266406, -0.23077988],
       [ 0.70889636, -0.70519773,  0.01273254,  0.34221771],
       [-0.01795817,  0.        ,  0.99983874,  0.08300107],
       [ 0.        ,  0.        ,  0.        ,  1.        ]])]","[array([[-0.70508401, -0.70901069, -0.01266406, -0.23077988],
       [ 0.70889636, -0.70519773,  0.01273254,  0.34221771],
       [-0.01795817,  0.        ,  0.99983874,  0.08300107],
       [ 0.        ,  0.        ,  0.        ,  1.        ]])]","[array([[-0.43448673, -0.90057392, -0.01370761, -0.11692709],
