,LP,LD1,LD2,RP,RD1,RD2
0,"[array([[-0.48253941, -0.87567548, -0.01865961, -0.11575593],
       [ 0.87502149, -0.48290005,  0.03383674,  0.27014453],
       [-0.03864073,  0.        ,  0.99925317,  0.08518055],
       [ 0.        ,  0.        ,  0.        ,  1.        ]])]","[array([[ 2.83223651e-01, -9.59053694e-01,  6.11900023e-04,
        -1.43835254e-01],
       [ 9.59051456e-01,  2.83224312e-01,  2.07201484e-03,
         3.35904673e-01],
       [-2.16047845e-03, -0.00000000e+00,  9.99997666e-01,
         8.30467032e-02],
       [ 0.00000000e+00,  0.00000000e+00,  0.00000000e+00,
         1.00000000e+00]])]","[array([[ 2.83223651e-01, -9.59053694e-01,  6.11900023e-04,
        -1.43835254e-01],
       [ 9.59051456e-01,  2.83224312e-01,  2.07201484e-03,
         3.35904673e-01],
       [-2.16047845e-03, -0.00000000e+00,  9.99997666e-01,
         8.30467032e-02],
       [ 0.00000000e+00,  0.00000000e+00,  0.00000000e+00,
         1.00000000e+00]])]","[array([[ 0.31549617, -0.94891756, -0.00419944, -0.05858076],
       [ 0.94883351,  0.31552412, -0.01262952,  0.27864741],
       [ 0.0133094 ,  0.        ,  0.99991143,  0.08568887],
       [ 0.        ,  0.        ,  0.        ,  1.        ]])]","[array([[-0.41148882, -0.91131959,  0.01317448, -0.0400823 ],
       [ 0.91085286, -0.41169966, -0.02916243,  0.33419001],
       [ 0.03200023, -0.        ,  0.99948786,  0.08552439],
       [ 0.        ,  0.        ,  0.        ,  1.        ]])]","[array([[-0.41148882, -0.91131959,  0.01317448, -0.0400823 ],
       [ 0.91085286, -0.41169966, -0.02916243,  0.33419001],
       [ 0.03200023, -0.        ,  0.99948786,  0.08552439],
       [ 0.        ,  0.        ,  0.        ,  1.        ]])]"
1,"[array([[-0.48206858, -0.87593124, -0.01882414, -0.11577438],
       [ 0.87526419, -0.48243597,  0.0341779 ,  0.27014337],
       [-0.03901893,  0.        ,  0.99923847,  0.08519402],
       [ 0.        ,  0.        ,  0.        ,  1.        ]])]","[array([[ 2.83079677e-01, -9.59096192e-01,  6.25938076e-04,
        -1.43828867e-01],
       [ 9.59093847e-01,  2.83080369e-01,  2.12072220e-03,
         3.35900677e-01],
       [-2.21116737e-03, -0.00000000e+00,  9.99997555e-01,
         8.30483151e-02],
       [ 0.00000000e+00,  0.00000000e+00,  0.00000000e+00,
         1.00000000e+00]])]","[array([[ 2.83079677e-01, -9.59096192e-01,  6.25938076e-04,
        -1.43828867e-01],
       [ 9.59093847e-01,  2.83080369e-01,  2.12072220e-03,
         3.35900677e-01],
       [-2.21116737e-03, -0.00000000e+00,  9.99997555e-01,
         8.30483151e-02],
       [ 0.00000000e+00,  0.00000000e+00,  0.00000000e+00,
         1.00000000e+00]])]","[array([[ 0.31557629, -0.94889235, -0.00386217, -0.05858033],
       [ 0.94882129,  0.31559992, -0.01161211,  0.27865435],
       [ 0.01223754,  0.        ,  0.99992512,  0.08573188],
       [ 0.        ,  0.        ,  0.        ,  1.        ]])]","[array([[-0.41149892, -0.91131595,  0.01310992, -0.04008193],
       [ 0.91085382, -0.4117077 , -0.02901883,  0.33418487],
       [ 0.03184278, -0.        ,  0.99949289,  0.0855314 ],
       [ 0.        ,  0.        ,  0.        ,  1.        ]])]","[array([[-0.41149892, -0.91131595,  0.01310992, -0.04008193],
       [ 0.91085382, -0.4117077 , -0.02901883,  0.33418487],
       [ 0.03184278, -0.        ,  0.99949289,  0.0855314 ],
       [ 0.        ,  0.        ,  0.        ,  1.        ]])]"
2,"[array([[-0.48201926, -0.87596041, -0.01872952, -0.11577582],
       [ 0.87529989, -0.482383  ,  0.03401097,  0.27013918],
       [-0.03882707,  0.        ,  0.99924595,  0.08518873],
       [ 0.        ,  0.        ,  0.        ,  1.        ]])]","[array([[ 2.83435832e-01, -9.58991017e-01,  5.98141124e-04,
        -1.43841719e-01],
       [ 9.58988882e-01,  2.83436463e-01,  2.02377619e-03,
         3.35904618e-01],
       [-2.11031819e-03, -0.00000000e+00,  9.99997773e-01,
         8.30441081e-02],
       [ 0.00000000e+00,  0.00000000e+00,  0.00000000e+00,
         1.00000000e+00]])]","[array([[ 2.83435832e-01, -9.58991017e-01,  5.98141124e-04,
        -1.43841719e-01],
       [ 9.58988882e-01,  2.83436463e-01,  2.02377619e-03,
         3.35904618e-01],
       [-2.11031819e-03, -0.00000000e+00,  9.99997773e-01,
         8.30441081e-02],
       [ 0.00000000e+00,  0.00000000e+00,  0.00000000e+00,
         1.00000000e+00]])]","[array([[ 0.3156906 , -0.9488544 , -0.00384416, -0.05858055],
       [ 0.94878406,  0.315714  , -0.01155334,  0.2786552 ],
       [ 0.01217609,  0.        ,  0.99992587,  0.08573526],
       [ 0.        ,  0.        ,  0.        ,  1.        ]])]","[array([[-0.41170115, -0.91122362,  0.01317844, -0.04007223],
       [ 0.91075715, -0.41191201, -0.02915309,  0.33418713],
       [ 0.03199334, -0.        ,  0.99948808,  0.08552061],
       [ 0.        ,  0.        ,  0.        ,  1.        ]])]","[array([[-0.41170115, -0.91122362,  0.01317844, -0.04007223],
       [ 0.91075715, -0.41191201, -0.02915309,  0.33418713],
       [ 0.03199334, -0.        ,  0.99948808,  0.08552061],
       [ 0.        ,  0.        ,  0.        ,  1.        ]])]"
3,"[array([[-0.4814809 , -0.87628582, -0.01730023, -0.11579458],
       [ 0.8757207 , -0.48179161,  0.03146577,  0.27013848],
       [-0.03590811,  0.        ,  0.9993551 ,  0.08512334],
       [ 0.        ,  0.        ,  0.        ,  1.        ]])]","[array([[ 2.83476716e-01, -9.58978905e-01,  6.41050599e-04,
        -1.43845965e-01],
       [ 9.58976453e-01,  2.83477441e-01,  2.16861702e-03,
         3.35908197e-01],
       [-2.26138135e-03, -0.00000000e+00,  9.99997443e-01,
         8.30489119e-02],
       [ 0.00000000e+00,  0.00000000e+00,  0.00000000e+00,
         1.00000000e+00]])]","[array([[ 2.83476716e-01, -9.58978905e-01,  6.41050599e-04,
        -1.43845965e-01],
       [ 9.58976453e-01,  2.83477441e-01,  2.16861702e-03,
         3.35908197e-01],
       [-2.26138135e-03, -0.00000000e+00,  9.99997443e-01,
         8.30489119e-02],
       [ 0.00000000e+00,  0.00000000e+00,  0.00000000e+00,
         1.00000000e+00]])]","[array([[ 0.31581981, -0.94880997, -0.00418297, -0.05859405],
       [ 0.94872675,  0.31584751, -0.0125657 ,  0.27864967],
       [ 0.01324365,  0.        ,  0.9999123 ,  0.08569134],
       [ 0.        ,  0.        ,  0.        ,  1.        ]])]","[array([[-0.41134436, -0.91138457,  0.01319071, -0.04009179],
       [ 0.91091633, -0.4115558 , -0.02921065,  0.33418797],
       [ 0.03205085, -0.        ,  0.99948624,  0.08551878],
       [ 0.        ,  0.        ,  0.        ,  1.        ]])]","[array([[-0.41134436, -0.91138457,  0.01319071, -0.04009179],
       [ 0.91091633, -0.4115558 , -0.02921065,  0.33418797],
       [ 0.03205085, -0.        ,  0.99948624,  0.08551878],
       [ 0.        ,  0.        ,  0.        ,  1.        ]])]"
4,"[array([[-0.48216473, -0.87587826, -0.01882675, -0.11577263],
       [ 0.87521134, -0.48253215,  0.03417377,  0.27014246],
       [-0.03901658,  0.        ,  0.99923856,  0.08519297],
       [ 0.        ,  0.        ,  0.        ,  1.        ]])]","[array([[ 2.83232090e-01, -9.59051220e-01,  5.83577727e-04,
        -1.43834511e-01],
       [ 9.59049184e-01,  2.83232691e-01,  1.97604637e-03,
         3.35906783e-01],
       [-2.06041797e-03, -0.00000000e+00,  9.99997877e-01,
         8.30405213e-02],
       [ 0.00000000e+00,  0.00000000e+00,  0.00000000e+00,
         1.00000000e+00]])]","[array([[ 2.83232090e-01, -9.59051220e-01,  5.83577727e-04,
        -1.43834511e-01],
       [ 9.59049184e-01,  2.83232691e-01,  1.97604637e-03,
         3.35906783e-01],
       [-2.06041797e-03, -0.00000000e+00,  9.99997877e-01,
         8.30405213e-02],
       [ 0.00000000e+00,  0.00000000e+00,  0.00000000e+00,
         1.00000000e+00]])]","[array([[ 0.31585805, -0.94879732, -0.00416396, -0.0585898 ],
       [ 0.94871488,  0.31588549, -0.01250693,  0.27865327],
       [ 0.01318188,  0.        ,  0.99991312,  0.08569273],
       [ 0.        ,  0.        ,  0.        ,  1.        ]])]","[array([[-0.41147463, -0.91132504,  0.01324043, -0.04009283],
       [ 0.9108536 , -0.4116876 , -0.02930944,  0.33419015],
       [ 0.03216135, -0.        ,  0.99948269,  0.08550727],
       [ 0.        ,  0.        ,  0.        ,  1.        ]])]","[array([[-0.41147463, -0.91132504,  0.01324043, -0.04009283],
       [ 0.9108536 , -0.4116876 , -0.02930944,  0.33419015],
       [ 0.03216135, -0.        ,  0.99948269,  0.08550727],
       [ 0.        ,  0.        ,  0.        ,  1.        ]])]"
5,"[array([[-0.48212262, -0.87590206, -0.01879809, -0.11577384],
       [ 0.87523702, -0.48248895,  0.03412573,  0.27014138],
       [-0.03896067,  0.        ,  0.99924074,  0.08518972],
       [ 0.        ,  0.        ,  0.        ,  1.        ]])]","[array([[ 2.83375967e-01, -9.59008709e-01,  5.97994490e-04,
        -1.43842895e-01],
       [ 9.59006574e-01,  2.83376598e-01,  2.02374483e-03,
         3.35905786e-01],
       [-2.11024656e-03, -0.00000000e+00,  9.99997773e-01,
         8.30431058e-02],
       [ 0.00000000e+00,  0.00000000e+00,  0.00000000e+00,
         1.00000000e+00]])]","[array([[ 2.83375967e-01, -9.59008709e-01,  5.97994490e-04,
        -1.43842895e-01],
       [ 9.59006574e-01,  2.83376598e-01,  2.02374483e-03,
         3.35905786e-01],
       [-2.11024656e-03, -0.00000000e+00,  9.99997773e-01,
         8.30431058e-02],
       [ 0.00000000e+00,  0.00000000e+00,  0.00000000e+00,
         1.00000000e+00]])]","[array([[ 0.31587659, -0.94879097, -0.00420366, -0.05859116],
       [ 0.94870697,  0.31590456, -0.01262531,  0.27865262],
       [ 0.01330674,  0.        ,  0.99991146,  0.08568793],
       [ 0.        ,  0.        ,  0.        ,  1.        ]])]","[array([[-0.41161314, -0.9112631 ,  0.0131983 , -0.04008457],
       [ 0.910795  , -0.41182468, -0.02920448,  0.33418513],
       [ 0.03204835, -0.        ,  0.99948632,  0.08550786],
       [ 0.        ,  0.        ,  0.        ,  1.        ]])]","[array([[-0.41161314, -0.9112631 ,  0.0131983 , -0.04008457],
       [ 0.910795  , -0.41182468, -0.02920448,  0.33418513],
       [ 0.03204835, -0.        ,  0.99948632,  0.08550786],
       [ 0.        ,  0.        ,  0.        ,  1.        ]])]"
6,"[array([[-0.48127749, -0.87639657, -0.01735031, -0.1157994 ],
       [ 0.87582762, -0.48159013,  0.03157405,  0.27013637],
       [-0.03602713,  0.        ,  0.99935081,  0.08512501],
       [ 0.        ,  0.        ,  0.        ,  1.        ]])]","[array([[ 2.83305559e-01, -9.59029502e-01,  6.12253995e-04,
        -1.43840750e-01],
       [ 9.59027262e-01,  2.83306221e-01,  2.07256178e-03,
         3.35906811e-01],
       [-2.16110325e-03, -0.00000000e+00,  9.99997665e-01,
         8.30437231e-02],
       [ 0.00000000e+00,  0.00000000e+00,  0.00000000e+00,
         1.00000000e+00]])]","[array([[ 2.83305559e-01, -9.59029502e-01,  6.12253995e-04,
        -1.43840750e-01],
       [ 9.59027262e-01,  2.83306221e-01,  2.07256178e-03,
         3.35906811e-01],
       [-2.16110325e-03, -0.00000000e+00,  9.99997665e-01,
         8.30437231e-02],
       [ 0.00000000e+00,  0.00000000e+00,  0.00000000e+00,
         1.00000000e+00]])]","[array([[ 0.31576727, -0.94882904, -0.00380443, -0.05858304],
       [ 0.94876019,  0.31579019, -0.01143087,  0.27865641],
       [ 0.01204735,  0.        ,  0.99992743,  0.08573614],
       [ 0.        ,  0.        ,  0.        ,  1.        ]])]","[array([[-0.41154796, -0.91129225,  0.01321801, -0.04008404],
       [ 0.91082259, -0.41176017, -0.02925361,  0.33418714],
       [ 0.03210124, -0.        ,  0.99948462,  0.08551218],
       [ 0.        ,  0.        ,  0.        ,  1.        ]])]","[array([[-0.41154796, -0.91129225,  0.01321801, -0.04008404],
       [ 0.91082259, -0.41176017, -0.02925361,  0.33418714],
       [ 0.03210124, -0.        ,  0.99948462,  0.08551218],
       [ 0.        ,  0.        ,  0.        ,  1.        ]])]"
7,"[array([[-0.48104464, -0.87652322, -0.01740951, -0.11580505],
       [ 0.87594975, -0.48135958,  0.03170153,  0.27014126],
       [-0.03616736,  0.        ,  0.99934575,  0.08513115],
       [ 0.        ,  0.        ,  0.        ,  1.        ]])]","[array([[ 2.83680361e-01, -9.58918664e-01,  6.69910424e-04,
        -1.43841169e-01],
       [ 9.58915990e-01,  2.83681152e-01,  2.26447758e-03,
         3.35915037e-01],
       [-2.36149078e-03, -0.00000000e+00,  9.99997212e-01,
         8.30600954e-02],
       [ 0.00000000e+00,  0.00000000e+00,  0.00000000e+00,
         1.00000000e+00]])]","[array([[ 2.83680361e-01, -9.58918664e-01,  6.69910424e-04,
        -1.43841169e-01],
       [ 9.58915990e-01,  2.83681152e-01,  2.26447758e-03,
         3.35915037e-01],
       [-2.36149078e-03, -0.00000000e+00,  9.99997212e-01,
         8.30600954e-02],
       [ 0.00000000e+00,  0.00000000e+00,  0.00000000e+00,
         1.00000000e+00]])]","[array([[ 0.31593436, -0.948772  , -0.00414511, -0.05858328],
       [ 0.94869035,  0.31596155, -0.01244698,  0.27864749],
       [ 0.01311904,  0.        ,  0.99991394,  0.08569813],
       [ 0.        ,  0.        ,  0.        ,  1.        ]])]","[array([[-0.4115728 , -0.91128193,  0.01315597, -0.04006411],
       [ 0.91081672, -0.41178301, -0.02911437,  0.33418101],
       [ 0.0319488 , -0.        ,  0.99948951,  0.08552203],
       [ 0.        ,  0.        ,  0.        ,  1.        ]])]","[array([[-0.4115728 , -0.91128193,  0.01315597, -0.04006411],
       [ 0.91081672, -0.41178301, -0.02911437,  0.33418101],
       [ 0.0319488 , -0.        ,  0.99948951,  0.08552203],
       [ 0.        ,  0.        ,  0.        ,  1.        ]])]"
8,"[array([[-0.48052671, -0.87680646, -0.01745025, -0.11580888],
       [ 0.87622888, -0.48084346,  0.03182011,  0.27014588],
       [-0.03629092,  0.        ,  0.99934127,  0.08513692],
       [ 0.        ,  0.        ,  0.        ,  1.        ]])]","[array([[ 2.83965990e-01, -9.58834098e-01,  6.99205358e-04,
        -1.43798872e-01],
       [ 9.58831191e-01,  2.83966851e-01,  2.36091620e-03,
         3.35931019e-01],
       [-2.46227810e-03, -0.00000000e+00,  9.99996969e-01,
         8.30693004e-02],
       [ 0.00000000e+00,  0.00000000e+00,  0.00000000e+00,
         1.00000000e+00]])]","[array([[ 2.83965990e-01, -9.58834098e-01,  6.99205358e-04,
        -1.43798872e-01],
       [ 9.58831191e-01,  2.83966851e-01,  2.36091620e-03,
         3.35931019e-01],
       [-2.46227810e-03, -0.00000000e+00,  9.99996969e-01,
         8.30693004e-02],
       [ 0.00000000e+00,  0.00000000e+00,  0.00000000e+00,
         1.00000000e+00]])]","[array([[ 0.3162067 , -0.9486833 , -0.00364998, -0.05856159],
       [ 0.9486201 ,  0.31622777, -0.01094993,  0.27866543],
       [ 0.01154224,  0.        ,  0.99993339,  0.08574645],
       [ 0.        ,  0.        ,  0.        ,  1.        ]])]","[array([[-0.41109758, -0.91149748,  0.01308127, -0.04001719],
       [ 0.91103637, -0.41130565, -0.0289895 ,  0.33418659],
       [ 0.03180425, -0.        ,  0.99949412,  0.08550362],
       [ 0.        ,  0.        ,  0.        ,  1.        ]])]","[array([[-0.41109758, -0.91149748,  0.01308127, -0.04001719],
       [ 0.91103637, -0.41130565, -0.0289895 ,  0.33418659],
       [ 0.03180425, -0.        ,  0.99949412,  0.08550362],
       [ 0.        ,  0.        ,  0.        ,  1.        ]])]"
9,"[array([[-0.47256256, -0.88109596, -0.01882915, -0.11582807],
       [ 0.88039738, -0.47293753,  0.03507924,  0.27026843],
       [-0.03981319,  0.        ,  0.99920714,  0.08517982],
       [ 0.        ,  0.        ,  0.        ,  1.        ]])]","[array([[ 0.29388956, -0.95583874,  0.00110752, -0.14312096],
       [ 0.95583195,  0.29389165,  0.00360204,  0.33632206],
       [-0.00376846, -0.        ,  0.9999929 ,  0.08300484],
       [ 0.        ,  0.        ,  0.        ,  1.        ]])]","[array([[ 0.29388956, -0.95583874,  0.00110752, -0.14312096],
       [ 0.95583195,  0.29389165,  0.00360204,  0.33632206],
       [-0.00376846, -0.        ,  0.9999929 ,  0.08300484],
       [ 0.        ,  0.        ,  0.        ,  1.        ]])]","[array([[ 0.32509643, -0.94567258, -0.00395972, -0.058506  ],
       [ 0.94560244,  0.32512055, -0.01151756,  0.27876395],
       [ 0.01217922,  0.        ,  0.99992583,  0.08574119],
       [ 0.        ,  0.        ,  0.        ,  1.        ]])]","[array([[-0.40130417, -0.91585525,  0.0128112 , -0.03948954],
       [ 0.91538891, -0.40150861, -0.02922281,  0.33411289],
       [ 0.03190767, -0.        ,  0.99949082,  0.08556334],
       [ 0.        ,  0.        ,  0.        ,  1.        ]])]","[array([[-0.40130417, -0.91585525,  0.0128112 , -0.03948954],
       [ 0.91538891, -0.40150861, -0.02922281,  0.33411289],
       [ 0.03190767, -0.        ,  0.99949082,  0.08556334],
       [ 0.        ,  0.        ,  0.        ,  1.        ]])]"
10,"[array([[-0.45249561, -0.8915387 , -0.02016094, -0.11590535],
       [ 0.8906551 , -0.45294452,  0.03968314,  0.27058508],
       [-0.04451084,  0.        ,  0.9990089 ,  0.08519204],
       [ 0.        ,  0.        ,  0.        ,  1.        ]])]","[array([[ 0.31558667, -0.94889409,  0.00225133, -0.14171168],
       [ 0.94886994,  0.3155947 ,  0.00676904,  0.33723411],
       [-0.00713361, -0.        ,  0.99997456,  0.08269185],
       [ 0.        ,  0.        ,  0.        ,  1.        ]])]","[array([[ 0.31558667, -0.94889409,  0.00225133, -0.14171168],
       [ 0.94886994,  0.3155947 ,  0.00676904,  0.33723411],
       [-0.00713361, -0.        ,  0.99997456,  0.08269185],
       [ 0.        ,  0.        ,  0.        ,  1.        ]])]","[array([[ 0.34710708, -0.93782059, -0.00303529, -0.05833036],
       [ 0.93778474,  0.34712035, -0.0082005 ,  0.27916732],
       [ 0.00874421,  0.        ,  0.99996177,  0.08574713],
       [ 0.        ,  0.        ,  0.        ,  1.        ]])]","[array([[-0.37704653, -0.92613001,  0.01091409, -0.03810121],
       [ 0.92574226, -0.37720446, -0.02679678,  0.33408683],
       [ 0.02893415, -0.        ,  0.99958132,  0.08534289],
       [ 0.        ,  0.        ,  0.        ,  1.        ]])]","[array([[-0.37704653, -0.92613001,  0.01091409, -0.03810121],
       [ 0.92574226, -0.37720446, -0.02679678,  0.33408683],
       [ 0.02893415, -0.        ,  0.99958132,  0.08534289],
       [ 0.        ,  0.        ,  0.        ,  1.        ]])]"
11,"[array([[-0.42247983, -0.90614788, -0.02016983, -0.11589188],
       [ 0.90511697, -0.42296102,  0.04321166,  0.2710732 ],
       [-0.04768721,  0.        ,  0.99886232,  0.08513019],
       [ 0.        ,  0.        ,  0.        ,  1.        ]])]","[array([[ 0.35221546, -0.93590516,  0.00507956, -0.13932202],
       [ 0.93580785,  0.35225209,  0.01349597,  0.33863444],
       [-0.01442023, -0.        ,  0.99989602,  0.08235256],
       [ 0.        ,  0.        ,  0.        ,  1.        ]])]","[array([[ 0.35221546, -0.93590516,  0.00507956, -0.13932202],
       [ 0.93580785,  0.35225209,  0.01349597,  0.33863444],
       [-0.01442023, -0.        ,  0.99989602,  0.08235256],
       [ 0.        ,  0.        ,  0.        ,  1.        ]])]","[array([[ 0.38457139, -0.92308254, -0.00484422, -0.05809376],
       [ 0.92300932,  0.3846019 , -0.0116266 ,  0.27963793],
       [ 0.01259541,  0.        ,  0.99992067,  0.08568586],
       [ 0.        ,  0.        ,  0.        ,  1.        ]])]","[array([[-0.3354937 , -0.94198918,  0.01001805, -0.03566765],
       [ 0.9415695 , -0.33564324, -0.02811584,  0.333758  ],
       [ 0.0298473 , -0.        ,  0.99955447,  0.08554686],
       [ 0.        ,  0.        ,  0.        ,  1.        ]])]","[array([[-0.3354937 , -0.94198918,  0.01001805, -0.03566765],
       [ 0.9415695 , -0.33564324, -0.02811584,  0.333758  ],
       [ 0.0298473 , -0.        ,  0.99955447,  0.08554686],
       [ 0.        ,  0.        ,  0.        ,  1.        ]])]"
12,"[array([[-0.3911364 , -0.92015464, -0.01810417, -0.1159333 ],
       [ 0.91917055, -0.39155516,  0.0425448 ,  0.27143064],
       [-0.04623657,  0.        ,  0.99893052,  0.0850527 ],
       [ 0.        ,  0.        ,  0.        ,  1.        ]])]","[array([[ 0.38697298, -0.92206956,  0.00629538, -0.13700705],
       [ 0.92194757,  0.38702419,  0.01499849,  0.33977068],
       [-0.01626612, -0.        ,  0.9998677 ,  0.08223826],
       [ 0.        ,  0.        ,  0.        ,  1.        ]])]","[array([[ 0.38697298, -0.92206956,  0.00629538, -0.13700705],
       [ 0.92194757,  0.38702419,  0.01499849,  0.33977068],
       [-0.01626612, -0.        ,  0.9998677 ,  0.08223826],
       [ 0.        ,  0.        ,  0.        ,  1.        ]])]","[array([[ 0.42517735, -0.9050742 , -0.00805688, -0.05778751],
       [ 0.90491174,  0.42525368, -0.01714759,  0.2801481 ],
       [ 0.01894605,  0.        ,  0.99982051,  0.08562961],
       [ 0.        ,  0.        ,  0.        ,  1.        ]])]","[array([[-0.28972498, -0.95706069,  0.0097099 , -0.03301033],
       [ 0.95652365, -0.28988764, -0.03205711,  0.33322459],
       [ 0.03349538, -0.        ,  0.99943887,  0.08583485],
       [ 0.        ,  0.        ,  0.        ,  1.        ]])]","[array([[-0.28972498, -0.95706069,  0.0097099 , -0.03301033],
       [ 0.95652365, -0.28988764, -0.03205711,  0.33322459],
       [ 0.03349538, -0.        ,  0.99943887,  0.08583485],
       [ 0.        ,  0.        ,  0.        ,  1.        ]])]"
13,"[array([[-0.38072829, -0.9244963 , -0.0187765 , -0.11597083],
       [ 0.92337407, -0.38119101,  0.04553834,  0.27151537],
       [-0.04925747,  0.        ,  0.99878611,  0.08512537],
       [ 0.        ,  0.        ,  0.        ,  1.        ]])]","[array([[ 0.40696412, -0.91342322,  0.00618254, -0.13627986],
       [ 0.91331783,  0.40701108,  0.013875  ,  0.34020904],
       [-0.01519011, -0.        ,  0.99988462,  0.08227905],
       [ 0.        ,  0.        ,  0.        ,  1.        ]])]","[array([[ 0.40696412, -0.91342322,  0.00618254, -0.13627986],
       [ 0.91331783,  0.40701108,  0.013875  ,  0.34020904],
       [-0.01519011, -0.        ,  0.99988462,  0.08227905],
       [ 0.        ,  0.        ,  0.        ,  1.        ]])]","[array([[ 0.45137379, -0.89228803, -0.00915223, -0.05760983],
       [ 0.89210467,  0.45146657, -0.01808867,  0.28047062],
       [ 0.02027223,  0.        ,  0.9997945 ,  0.0856859 ],
       [ 0.        ,  0.        ,  0.        ,  1.        ]])]","[array([[-0.25707133, -0.96635248,  0.00878728, -0.03124748],
       [ 0.96578842, -0.25722147, -0.03301283,  0.33292913],
       [ 0.0341623 , -0.        ,  0.9994163 ,  0.08610364],
       [ 0.        ,  0.        ,  0.        ,  1.        ]])]","[array([[-0.25707133, -0.96635248,  0.00878728, -0.03124748],
       [ 0.96578842, -0.25722147, -0.03301283,  0.33292913],
       [ 0.0341623 , -0.        ,  0.9994163 ,  0.08610364],
       [ 0.        ,  0.        ,  0.        ,  1.        ]])]"
14,"[array([[-0.37527924, -0.92672218, -0.0187481 , -0.11601121],
       [ 0.9255679 , -0.37574725,  0.04623927,  0.27157315],
       [-0.04989551,  0.        ,  0.99875444,  0.08512966],
       [ 0.        ,  0.        ,  0.        ,  1.        ]])]","[array([[ 0.41667139, -0.90903456,  0.00641304, -0.13614381],
       [ 0.90892691,  0.41672074,  0.0139894 ,  0.34054437],
       [-0.01538929, -0.        ,  0.99988158,  0.08229538],
       [ 0.        ,  0.        ,  0.        ,  1.        ]])]","[array([[ 0.41667139, -0.90903456,  0.00641304, -0.13614381],
       [ 0.90892691,  0.41672074,  0.0139894 ,  0.34054437],
       [-0.01538929, -0.        ,  0.99988158,  0.08229538],
       [ 0.        ,  0.        ,  0.        ,  1.        ]])]","[array([[ 0.47034273, -0.88239329, -0.01264073, -0.05747492],
       [ 0.88207479,  0.47051257, -0.02370626,  0.28073032],
       [ 0.02686587,  0.        ,  0.99963905,  0.0855332 ],
       [ 0.        ,  0.        ,  0.        ,  1.        ]])]","[array([[-0.22940653, -0.97329534,  0.00829564, -0.03011468],
       [ 0.97265961, -0.22955647, -0.03517262,  0.33262302],
       [ 0.03613767, -0.        ,  0.99934682,  0.08624882],
       [ 0.        ,  0.        ,  0.        ,  1.        ]])]","[array([[-0.22940653, -0.97329534,  0.00829564, -0.03011468],
       [ 0.97265961, -0.22955647, -0.03517262,  0.33262302],
       [ 0.03613767, -0.        ,  0.99934682,  0.08624882],
       [ 0.        ,  0.        ,  0.        ,  1.        ]])]"
15,"[array([[-0.37303703, -0.92762351, -0.01892066, -0.11601369],
       [ 0.92643262, -0.37351656,  0.04698922,  0.27162116],
       [-0.05065549,  0.        ,  0.99871619,  0.08513968],
       [ 0.        ,  0.        ,  0.        ,  1.        ]])]","[array([[ 0.42312647, -0.90604228,  0.0071676 , -0.13616361],
       [ 0.90591231,  0.42318718,  0.01534581,  0.34079633],
       [-0.01693719, -0.        ,  0.99985656,  0.0823176 ],
       [ 0.        ,  0.        ,  0.        ,  1.        ]])]","[array([[ 0.42312647, -0.90604228,  0.0071676 , -0.13616361],
       [ 0.90591231,  0.42318718,  0.01534581,  0.34079633],
       [-0.01693719, -0.        ,  0.99985656,  0.0823176 ],
       [ 0.        ,  0.        ,  0.        ,  1.        ]])]","[array([[ 0.49338965, -0.86976784, -0.00839976, -0.05738812],
       [ 0.86964182,  0.49346115, -0.0148053 ,  0.28101149],
       [ 0.01702213,  0.        ,  0.99985511,  0.0859627 ],
       [ 0.        ,  0.        ,  0.        ,  1.        ]])]","[array([[-0.1960444 , -0.98057102,  0.00686063, -0.02866064],
       [ 0.97997113, -0.19616441, -0.03429437,  0.33242066],
       [ 0.03497388, -0.        ,  0.99938823,  0.08638683],
       [ 0.        ,  0.        ,  0.        ,  1.        ]])]","[array([[-0.1960444 , -0.98057102,  0.00686063, -0.02866064],
       [ 0.97997113, -0.19616441, -0.03429437,  0.33242066],
       [ 0.03497388, -0.        ,  0.99938823,  0.08638683],
       [ 0.        ,  0.        ,  0.        ,  1.        ]])]"
16,"[array([[-0.3730048 , -0.92763647, -0.01892057, -0.11601256],
       [ 0.92644537, -0.37348437,  0.0469937 ,  0.27162924],
       [-0.05065961,  0.        ,  0.99871598,  0.08512878],
       [ 0.        ,  0.        ,  0.        ,  1.        ]])]","[array([[ 0.42575615, -0.90480607,  0.0075945 , -0.13626767],
       [ 0.90466216,  0.42582388,  0.01613707,  0.34091295],
       [-0.01783484, -0.        ,  0.99984095,  0.08234115],
       [ 0.        ,  0.        ,  0.        ,  1.        ]])]","[array([[ 0.42575615, -0.90480607,  0.0075945 , -0.13626767],
       [ 0.90466216,  0.42582388,  0.01613707,  0.34091295],
       [-0.01783484, -0.        ,  0.99984095,  0.08234115],
       [ 0.        ,  0.        ,  0.        ,  1.        ]])]","[array([[ 0.50512803, -0.86299838, -0.00891396, -0.05732198],
       [ 0.86286404,  0.50520668, -0.01522691,  0.28116955],
       [ 0.01764419,  0.        ,  0.99984433,  0.08598677],
       [ 0.        ,  0.        ,  0.        ,  1.        ]])]","[array([[-0.18239739, -0.98320372,  0.00645205, -0.02778681],
       [ 0.98258916, -0.18251147, -0.03475768,  0.33230913],
       [ 0.03535146, -0.        ,  0.99937494,  0.08650582],
       [ 0.        ,  0.        ,  0.        ,  1.        ]])]","[array([[-0.18239739, -0.98320372,  0.00645205, -0.02778681],
       [ 0.98258916, -0.18251147, -0.03475768,  0.33230913],
       [ 0.03535146, -0.        ,  0.99937494,  0.08650582],
       [ 0.        ,  0.        ,  0.        ,  1.        ]])]"
17,"[array([[-0.37181217, -0.9281178 , -0.01878982, -0.11600275],
       [ 0.92693492, -0.37228664,  0.0468434 ,  0.2716529 ],
       [-0.05047139,  0.        ,  0.99872551,  0.08512256],
       [ 0.        ,  0.        ,  0.        ,  1.        ]])]","[array([[ 0.42904758, -0.90324751,  0.00788091, -0.13623433],
       [ 0.90309517,  0.42911995,  0.0165884 ,  0.34104361],
       [-0.01836529, -0.        ,  0.99983134,  0.08235802],
       [ 0.        ,  0.        ,  0.        ,  1.        ]])]","[array([[ 0.42904758, -0.90324751,  0.00788091, -0.13623433],
       [ 0.90309517,  0.42911995,  0.0165884 ,  0.34104361],
       [-0.01836529, -0.        ,  0.99983134,  0.08235802],
       [ 0.        ,  0.        ,  0.        ,  1.        ]])]","[array([[ 0.52612476, -0.85028536, -0.01440616, -0.05709748],
       [ 0.84996679,  0.52632196, -0.02327349,  0.28147085],
       [ 0.02737138,  0.        ,  0.99962533,  0.08573988],
       [ 0.        ,  0.        ,  0.        ,  1.        ]])]","[array([[-0.14360455, -0.98961642,  0.00608954, -0.0265946 ],
       [ 0.98872786, -0.1437336 , -0.04192694,  0.33194712],
       [ 0.04236686, -0.        ,  0.99910212,  0.08654173],
       [ 0.        ,  0.        ,  0.        ,  1.        ]])]","[array([[-0.14360455, -0.98961642,  0.00608954, -0.0265946 ],
       [ 0.98872786, -0.1437336 , -0.04192694,  0.33194712],
       [ 0.04236686, -0.        ,  0.99910212,  0.08654173],
       [ 0.        ,  0.        ,  0.        ,  1.        ]])]"
18,"[array([[-0.37171164, -0.92815679, -0.01885282, -0.11599844],
       [ 0.92696529, -0.37218943,  0.04701471,  0.27166532],
       [-0.05065384,  0.        ,  0.99871627,  0.08512165],
       [ 0.        ,  0.        ,  0.        ,  1.        ]])]","[array([[ 0.41395214, -0.91026389,  0.00795472, -0.13562087],
       [ 0.91009587,  0.41402857,  0.01748887,  0.34033008],
       [-0.01921297, -0.        ,  0.99981541,  0.08239197],
       [ 0.        ,  0.        ,  0.        ,  1.        ]])]","[array([[ 0.41395214, -0.91026389,  0.00795472, -0.13562087],
       [ 0.91009587,  0.41402857,  0.01748887,  0.34033008],
       [-0.01921297, -0.        ,  0.99981541,  0.08239197],
       [ 0.        ,  0.        ,  0.        ,  1.        ]])]","[array([[ 0.54354779, -0.83921181, -0.01671364, -0.05694248],
       [ 0.83881534,  0.54380469, -0.02579287,  0.2816768 ],
       [ 0.03073464,  0.        ,  0.99952758,  0.08575454],
       [ 0.        ,  0.        ,  0.        ,  1.        ]])]","[array([[-0.11161813, -0.99373865,  0.00498842, -0.02533245],
       [ 0.99274771, -0.11172954, -0.0443677 ,  0.33163734],
       [ 0.04464725, -0.        ,  0.99900281,  0.08685722],
       [ 0.        ,  0.        ,  0.        ,  1.        ]])]","[array([[-0.11161813, -0.99373865,  0.00498842, -0.02533245],
       [ 0.99274771, -0.11172954, -0.0443677 ,  0.33163734],
       [ 0.04464725, -0.        ,  0.99900281,  0.08685722],
       [ 0.        ,  0.        ,  0.        ,  1.        ]])]"
19,"[array([[-0.37208778, -0.928005  , -0.01890486, -0.11599529],
       [ 0.92680954, -0.37256773,  0.04708891,  0.27167151],
       [-0.05074209,  0.        ,  0.99871179,  0.08512562],
       [ 0.        ,  0.        ,  0.        ,  1.        ]])]","[array([[ 0.44501761, -0.89547363,  0.00928983, -0.13691419],
       [ 0.89527858,  0.44511456,  0.01868911,  0.34175916],
       [-0.02087064, -0.        ,  0.99978218,  0.08245769],
       [ 0.        ,  0.        ,  0.        ,  1.        ]])]","[array([[ 0.44501761, -0.89547363,  0.00928983, -0.13691419],
       [ 0.89527858,  0.44511456,  0.01868911,  0.34175916],
       [-0.02087064, -0.        ,  0.99978218,  0.08245769],
       [ 0.        ,  0.        ,  0.        ,  1.        ]])]","[array([[ 0.55183707, -0.83371953, -0.01968752, -0.05681641],
       [ 0.83318945,  0.55218815, -0.02972514,  0.28182823],
       [ 0.03565364,  0.        ,  0.99936421,  0.08566736],
       [ 0.        ,  0.        ,  0.        ,  1.        ]])]","[array([[-0.09473048, -0.99549276,  0.00450631, -0.0247466 ],
       [ 0.99436832, -0.0948376 , -0.04730192,  0.33146007],
       [ 0.04751608, -0.        ,  0.99887047,  0.08700499],
       [ 0.        ,  0.        ,  0.        ,  1.        ]])]","[array([[-0.09473048, -0.99549276,  0.00450631, -0.0247466 ],
       [ 0.99436832, -0.0948376 , -0.04730192,  0.33146007],
       [ 0.04751608, -0.        ,  0.99887047,  0.08700499],
       [ 0.        ,  0.        ,  0.        ,  1.        ]])]"
20,"[array([[-0.37199913, -0.92803978, -0.01894256, -0.11599667],
       [ 0.92683893, -0.37248111,  0.04719556,  0.27167484],
       [-0.0508551 ,  0.        ,  0.99870604,  0.08512315],
       [ 0.        ,  0.        ,  0.        ,  1.        ]])]","[array([[ 0.41419368, -0.91015269,  0.00810397, -0.13563705],
       [ 0.90997853,  0.41427295,  0.01780433,  0.34033791],
       [-0.01956192, -0.        ,  0.99980865,  0.08238807],
       [ 0.        ,  0.        ,  0.        ,  1.        ]])]","[array([[ 0.41419368, -0.91015269,  0.00810397, -0.13563705],
       [ 0.90997853,  0.41427295,  0.01780433,  0.34033791],
       [-0.01956192, -0.        ,  0.99980865,  0.08238807],
       [ 0.        ,  0.        ,  0.        ,  1.        ]])]","[array([[ 0.56820548, -0.82253556, -0.02403716, -0.05675981],
       [ 0.82180054,  0.56871368, -0.03476516,  0.282059  ],
       [ 0.04226584,  0.        ,  0.9991064 ,  0.08556525],
       [ 0.        ,  0.        ,  0.        ,  1.        ]])]","[array([[-0.06990883, -0.99754707,  0.00354966, -0.02374517],
       [ 0.99626363, -0.06999889, -0.0505859 ,  0.33112733],
       [ 0.05071029, -0.        ,  0.99871341,  0.08728641],
       [ 0.        ,  0.        ,  0.        ,  1.        ]])]","[array([[-0.06990883, -0.99754707,  0.00354966, -0.02374517],
       [ 0.99626363, -0.06999889, -0.0505859 ,  0.33112733],
       [ 0.05071029, -0.        ,  0.99871341,  0.08728641],
       [ 0.        ,  0.        ,  0.        ,  1.        ]])]"
21,"[array([[-0.37164214, -0.92818261, -0.01895186, -0.11600829],
       [ 0.92697809, -0.37212505,  0.04727117,  0.27167077],
       [-0.05092874,  0.        ,  0.99870229,  0.0851348 ],
       [ 0.        ,  0.        ,  0.        ,  1.        ]])]","[array([[ 0.41411459, -0.91019033,  0.00791673, -0.1356147 ],
       [ 0.91002405,  0.41419026,  0.01739715,  0.34033109],
       [-0.01911375, -0.        ,  0.99981732,  0.08237782],
       [ 0.        ,  0.        ,  0.        ,  1.        ]])]","[array([[ 0.41411459, -0.91019033,  0.00791673, -0.1356147 ],
       [ 0.91002405,  0.41419026,  0.01739715,  0.34033109],
       [-0.01911375, -0.        ,  0.99981732,  0.08237782],
       [ 0.        ,  0.        ,  0.        ,  1.        ]])]","[array([[ 0.58664998, -0.80939011, -0.02700833, -0.0568313 ],
       [ 0.80853371,  0.58727136, -0.03722347,  0.28219188],
       [ 0.04598953,  0.        ,  0.99894192,  0.08563683],
       [ 0.        ,  0.        ,  0.        ,  1.        ]])]","[array([[-0.04858658, -0.99881514,  0.00276788, -0.02286365],
       [ 0.99719832, -0.04866535, -0.05680837,  0.33066794],
       [ 0.05687576, -0.        ,  0.99838126,  0.08765435],
       [ 0.        ,  0.        ,  0.        ,  1.        ]])]","[array([[-0.04858658, -0.99881514,  0.00276788, -0.02286365],
       [ 0.99719832, -0.04866535, -0.05680837,  0.33066794],
       [ 0.05687576, -0.        ,  0.99838126,  0.08765435],
       [ 0.        ,  0.        ,  0.        ,  1.        ]])]"
22,"[array([[-0.37166494, -0.92817403, -0.01892445, -0.11600168],
       [ 0.92697315, -0.37214643,  0.04719966,  0.27166664],
       [-0.05085217,  0.        ,  0.99870619,  0.08513709],
       [ 0.        ,  0.        ,  0.        ,  1.        ]])]","[array([[ 0.4108853 , -0.91165327,  0.00784813, -0.13550959],
       [ 0.91148701,  0.41096024,  0.0174099 ,  0.34026503],
       [-0.01909707, -0.        ,  0.99981763,  0.08239229],
       [ 0.        ,  0.        ,  0.        ,  1.        ]])]","[array([[ 0.4108853 , -0.91165327,  0.00784813, -0.13550959],
       [ 0.91148701,  0.41096024,  0.0174099 ,  0.34026503],
       [-0.01909707, -0.        ,  0.99981763,  0.08239229],
       [ 0.        ,  0.        ,  0.        ,  1.        ]])]","[array([[ 0.59432726, -0.80350167, -0.03406133, -0.05634401],
       [ 0.80218535,  0.5953025 , -0.04597383,  0.28218836],
       [ 0.05721685,  0.        ,  0.99836177,  0.08546534],
       [ 0.        ,  0.        ,  0.        ,  1.        ]])]","[array([[-0.03792674, -0.999278  ,  0.00224499, -0.021175  ],
       [ 0.99753195, -0.03799313, -0.05904681,  0.32956508],
       [ 0.05908947, -0.        ,  0.99825269,  0.08825095],
       [ 0.        ,  0.        ,  0.        ,  1.        ]])]","[array([[-0.03792674, -0.999278  ,  0.00224499, -0.021175  ],
       [ 0.99753195, -0.03799313, -0.05904681,  0.32956508],
       [ 0.05908947, -0.        ,  0.99825269,  0.08825095],
       [ 0.        ,  0.        ,  0.        ,  1.        ]])]"
23,"[array([[-0.37188291, -0.92808748, -0.01888721, -0.11598982],
       [ 0.92689283, -0.37236222,  0.04707508,  0.27165798],
       [-0.05072268,  0.        ,  0.99871278,  0.08513819],
       [ 0.        ,  0.        ,  0.        ,  1.        ]])]","[array([[ 0.42057266, -0.90719425,  0.01082755, -0.13598158],
       [ 0.90689376,  0.42071201,  0.02334777,  0.34029198],
       [-0.02573624, -0.        ,  0.99966877,  0.08276941],
       [ 0.        ,  0.        ,  0.        ,  1.        ]])]","[array([[ 0.42057266, -0.90719425,  0.01082755, -0.13598158],
       [ 0.90689376,  0.42071201,  0.02334777,  0.34029198],
       [-0.02573624, -0.        ,  0.99966877,  0.08276941],
       [ 0.        ,  0.        ,  0.        ,  1.        ]])]","[array([[ 0.60145979, -0.79822124, -0.03299948, -0.05628491],
       [ 0.79702253,  0.60236438, -0.04372916,  0.28218968],
       [ 0.05478326,  0.        ,  0.99849827,  0.08567286],
       [ 0.        ,  0.        ,  0.        ,  1.        ]])]","[array([[-0.03019365, -0.99954228,  0.0018917 , -0.02075255],
       [ 0.99758627, -0.03025285, -0.06250113,  0.32937278],
       [ 0.06252976, -0.        ,  0.9980431 ,  0.08850355],
       [ 0.        ,  0.        ,  0.        ,  1.        ]])]","[array([[-0.03019365, -0.99954228,  0.0018917 , -0.02075255],
       [ 0.99758627, -0.03025285, -0.06250113,  0.32937278],
       [ 0.06252976, -0.        ,  0.9980431 ,  0.08850355],
       [ 0.        ,  0.        ,  0.        ,  1.        ]])]"
24,"[array([[-0.37949464, -0.92505029, -0.01630271, -0.11564277],
       [ 0.92419789, -0.37984465,  0.03970261,  0.27155423],
       [-0.04291941,  0.        ,  0.99907854,  0.08489039],
       [ 0.        ,  0.        ,  0.        ,  1.        ]])]","[array([[ 0.41993021, -0.90750917,  0.00925913, -0.13583357],
       [ 0.90728865,  0.42003228,  0.02000499,  0.34043337],
       [-0.02204384, -0.        ,  0.999757  ,  0.08258999],
       [ 0.        ,  0.        ,  0.        ,  1.        ]])]","[array([[ 0.41993021, -0.90750917,  0.00925913, -0.13583357],
       [ 0.90728865,  0.42003228,  0.02000499,  0.34043337],
       [-0.02204384, -0.        ,  0.999757  ,  0.08258999],
       [ 0.        ,  0.        ,  0.        ,  1.        ]])]","[array([[ 0.60949121, -0.7918902 , -0.03782047, -0.05616763],
       [ 0.79036999,  0.61066351, -0.04904446,  0.28227835],
       [ 0.06193341,  0.        ,  0.99808028,  0.08549469],
       [ 0.        ,  0.        ,  0.        ,  1.        ]])]","[array([[-0.02455276, -0.99969726,  0.00159534, -0.02045606],
       [ 0.99759362, -0.02460453, -0.0648197 ,  0.32912121],
       [ 0.06483933, -0.        ,  0.99789572,  0.08875011],
       [ 0.        ,  0.        ,  0.        ,  1.        ]])]","[array([[-0.02455276, -0.99969726,  0.00159534, -0.02045606],
       [ 0.99759362, -0.02460453, -0.0648197 ,  0.32912121],
       [ 0.06483933, -0.        ,  0.99789572,  0.08875011],
       [ 0.        ,  0.        ,  0.        ,  1.        ]])]"
25,"[array([[-0.36460438, -0.93101113, -0.01679033, -0.11611511],
       [ 0.93002551, -0.36499078,  0.04282845,  0.27174566],
       [-0.04600208,  0.        ,  0.99894134,  0.08497845],
       [ 0.        ,  0.        ,  0.        ,  1.        ]])]","[array([[ 0.42130179, -0.90688089,  0.0084769 , -0.13550536],
       [ 0.90669737,  0.42138707,  0.01824342,  0.34044827],
       [-0.02011666, -0.        ,  0.99979764,  0.08255071],
       [ 0.        ,  0.        ,  0.        ,  1.        ]])]","[array([[ 0.42130179, -0.90688089,  0.0084769 , -0.13550536],
       [ 0.90669737,  0.42138707,  0.01824342,  0.34044827],
       [-0.02011666, -0.        ,  0.99979764,  0.08255071],
       [ 0.        ,  0.        ,  0.        ,  1.        ]])]","[array([[ 0.62686394, -0.77805391, -0.0409111 , -0.05618798],
