,transforms
0,"[array([[-0.22360248, -0.97367688, -0.01058615,  0.0545435 ],
       [ 0.97467965, -0.22765995, -0.00368948,  0.394356  ],
       [ 0.00122905, -0.01114814,  0.99993716,  0.237271  ],
       [ 0.        ,  0.        ,  0.        ,  1.        ]])]"
1,"[array([[-0.22343805, -0.97368416, -0.01053681,  0.0545445 ],
       [ 0.97471725, -0.22763034, -0.00376349,  0.3943555 ],
       [ 0.00131409, -0.0111169 ,  0.9999374 ,  0.2372715 ],
       [ 0.        ,  0.        ,  0.        ,  1.        ]])]"
2,"[array([[-0.22345989, -0.97366693, -0.01052458,  0.0545415 ],
       [ 0.97471235, -0.22770561, -0.00367385,  0.394356  ],
       [ 0.0012292 , -0.01108468,  0.99993787,  0.237271  ],
       [ 0.        ,  0.        ,  0.        ,  1.        ]])]"
3,"[array([[-0.22339437, -0.97366625, -0.01052778,  0.0545405 ],
       [ 0.97472701, -0.22770545, -0.00393513,  0.394357  ],
       [ 0.00148393, -0.0111473 ,  0.99993684,  0.23727   ],
       [ 0.        ,  0.        ,  0.        ,  1.        ]])]"
4,"[array([[-0.22342882, -0.97367782, -0.01062797,  0.054543  ],
       [ 0.97471936, -0.22765285, -0.00378422,  0.394354  ],
       [ 0.00131404, -0.01121042,  0.99993636,  0.237272  ],
       [ 0.        ,  0.        ,  0.        ,  1.        ]])]"
5,"[array([[-0.22343804, -0.97368321, -0.01046644,  0.054544  ],
       [ 0.97471719, -0.22763744, -0.00379084,  0.3943515 ],
       [ 0.00135648, -0.01105462,  0.99993804,  0.2372715 ],
       [ 0.        ,  0.        ,  0.        ,  1.        ]])]"
6,"[array([[-0.22329538, -0.97367516, -0.01051664,  0.054541  ],
       [ 0.97474982, -0.2276689 , -0.00384434,  0.3943535 ],
       [ 0.00139904, -0.01111573,  0.99993731,  0.2372705 ],
       [ 0.        ,  0.        ,  0.        ,  1.        ]])]"
7,"[array([[-0.22345647, -0.97367062, -0.01046737,  0.0545435 ],
       [ 0.97471278, -0.2276898 , -0.00392186,  0.3943535 ],
       [ 0.00148377, -0.01108543,  0.99993752,  0.237268  ],
       [ 0.        ,  0.        ,  0.        ,  1.        ]])]"
8,"[array([[-0.22365454, -0.97368176, -0.01053666,  0.054541  ],
       [ 0.97466741, -0.22763913, -0.00389676,  0.394355  ],
       [ 0.00144156, -0.01114712,  0.99993689,  0.237267  ],
       [ 0.        ,  0.        ,  0.        ,  1.        ]])]"
9,"[array([[-0.22337592, -0.97367156, -0.01053795,  0.054541  ],
       [ 0.97473131, -0.2276827 , -0.00389363,  0.3943515 ],
       [ 0.00144141, -0.01114772,  0.99993689,  0.237268  ],
       [ 0.        ,  0.        ,  0.        ,  1.        ]])]"
10,"[array([[-0.22342544, -0.97366591, -0.01056789,  0.0545475 ],
       [ 0.97471996, -0.22770537, -0.00390112,  0.394351  ],
       [ 0.00144145, -0.01117861,  0.99993655,  0.2372685 ],
       [ 0.        ,  0.        ,  0.        ,  1.        ]])]"
11,"[array([[-0.22360504, -0.97366659, -0.01051602,  0.0545465 ],
       [ 0.97467883, -0.22770553, -0.0038479 ,  0.394352  ],
       [ 0.00139912, -0.01111599,  0.9999373 ,  0.2372685 ],
       [ 0.        ,  0.        ,  0.        ,  1.        ]])]"
12,"[array([[-0.2234414 , -0.97367498, -0.01044582,  0.0545425 ],
       [ 0.97471648, -0.22767415, -0.00374243,  0.394349  ],
       [ 0.00131386, -0.01102356,  0.99993844,  0.23727   ],
       [ 0.        ,  0.        ,  0.        ,  1.        ]])]"
13,"[array([[-0.22344389, -0.97365433, -0.01049656,  0.054544  ],
       [ 0.97471566, -0.22775796, -0.0039286 ,  0.394347  ],
       [ 0.00148397, -0.01111549,  0.99993719,  0.2372685 ],
       [ 0.        ,  0.        ,  0.        ,  1.        ]])]"
14,"[array([[-0.24072906, -0.96959183, -0.01023234,  0.0464905 ],
       [ 0.97059141, -0.24448564, -0.00393582,  0.3971915 ],
       [ 0.00135694, -0.0108841 ,  0.9999399 ,  0.23721   ],
       [ 0.        ,  0.        ,  0.        ,  1.        ]])]"
15,"[array([[-2.48830903e-01, -9.67410183e-01, -1.05969386e-02,
         3.75835000e-02],
       [ 9.68546643e-01, -2.52969236e-01, -3.50982935e-03,
         3.99686000e-01],
       [ 7.62635152e-04, -1.11401593e-02,  9.99937691e-01,
         2.37147000e-01],
       [ 0.00000000e+00,  0.00000000e+00,  0.00000000e+00,
         1.00000000e+00]])]"
16,"[array([[-0.24868079, -0.96690139, -0.01126517,  0.030805  ],
       [ 0.96858416, -0.25490411, -0.00123033,  0.3978915 ],
       [-0.00160986, -0.01120664,  0.99993579,  0.237093  ],
       [ 0.        ,  0.        ,  0.        ,  1.        ]])]"
17,"[array([[-2.76383192e-01, -9.60134172e-01, -1.03012427e-02,
         1.14460000e-02],
       [ 9.61047215e-01, -2.79325399e-01, -3.75626556e-03,
         3.88862000e-01],
       [ 7.62904073e-04, -1.09404532e-02,  9.99939886e-01,
         2.36945000e-01],
       [ 0.00000000e+00,  0.00000000e+00,  0.00000000e+00,
         1.00000000e+00]])]"
18,"[array([[-0.29115451, -0.95571824, -0.00983506, -0.008333  ],
       [ 0.95667476, -0.2940864 , -0.00463173,  0.374753  ],
       [ 0.00156762, -0.01076231,  0.99994091,  0.23679   ],
       [ 0.        ,  0.        ,  0.        ,  1.        ]])]"
19,"[array([[-2.79122949e-01, -9.57950411e-01, -1.00015600e-02,
        -8.81450000e-03],
       [ 9.60252631e-01, -2.86768786e-01, -5.17852803e-04,
         3.55985000e-01],
       [-2.29451047e-03, -9.72999046e-03,  9.99949849e-01,
         2.36827500e-01],
       [ 0.00000000e+00,  0.00000000e+00,  0.00000000e+00,
         1.00000000e+00]])]"
20,"[array([[-2.73600753e-01, -9.60027642e-01, -1.20095085e-02,
         3.47500000e-03],
       [ 9.61843191e-01, -2.79619398e-01, -3.98925614e-03,
         3.32406500e-01],
       [ 5.51272440e-04, -1.26459461e-02,  9.99919926e-01,
         2.36848000e-01],
       [ 0.00000000e+00,  0.00000000e+00,  0.00000000e+00,
         1.00000000e+00]])]"
21,"[array([[-0.25744577, -0.96503263, -0.01221738,  0.0256595 ],
       [ 0.96629111, -0.26180093, -0.00509835,  0.3099155 ],
       [ 0.00178134, -0.01312607,  0.99991237,  0.2369935 ],
       [ 0.        ,  0.        ,  0.        ,  1.        ]])]"
22,"[array([[-0.24818654, -0.96762317, -0.01204415,  0.048967  ],
       [ 0.96871168, -0.25207911, -0.0041796 ,  0.2917675 ],
       [ 0.00105972, -0.01270882,  0.99991873,  0.237161  ],
       [ 0.        ,  0.        ,  0.        ,  1.        ]])]"
23,"[array([[-2.37610540e-01, -9.70026920e-01, -1.25364708e-02,
         6.94220000e-02],
       [ 9.71360372e-01, -2.42647713e-01, -3.59075770e-03,
         2.74965500e-01],
       [ 5.09165442e-04, -1.30331115e-02,  9.99914968e-01,
         2.37297000e-01],
       [ 0.00000000e+00,  0.00000000e+00,  0.00000000e+00,
         1.00000000e+00]])]"
24,"[array([[-0.21559144, -0.97484134, -0.01167585,  0.0888675 ],
       [ 0.97648246, -0.22259738, -0.00101395,  0.25977   ],
       [-0.00152721, -0.01160861,  0.99993132,  0.2374635 ],
       [ 0.        ,  0.        ,  0.        ,  1.        ]])]"
25,"[array([[-2.05826513e-01, -9.77463985e-01, -1.11908174e-02,
         1.05585500e-01],
       [ 9.78588364e-01, -2.10786302e-01, -2.87413432e-03,
         2.47828500e-01],
       [ 5.09261476e-04, -1.15452198e-02,  9.99933250e-01,
         2.37587500e-01],
       [ 0.00000000e+00,  0.00000000e+00,  0.00000000e+00,
         1.00000000e+00]])]"
26,"[array([[-2.04371282e-01, -9.77605682e-01, -1.15836813e-02,
         1.07162500e-01],
       [ 9.78893438e-01, -2.10110584e-01, -2.54851378e-03,
         2.46929000e-01],
       [ 1.27360583e-04, -1.18605766e-02,  9.99929659e-01,
         2.37599500e-01],
       [ 0.00000000e+00,  0.00000000e+00,  0.00000000e+00,
         1.00000000e+00]])]"
27,"[array([[-2.09752405e-01, -9.76435457e-01, -1.17994332e-02,
         1.04875000e-01],
       [ 9.77754530e-01, -2.15473017e-01, -2.44440541e-03,
         2.48955500e-01],
       [-8.49371959e-05, -1.20489632e-02,  9.99927396e-01,
         2.37581500e-01],
       [ 0.00000000e+00,  0.00000000e+00,  0.00000000e+00,
         1.00000000e+00]])]"
28,"[array([[-0.22024892, -0.97375176, -0.01080545,  0.0933535 ],
       [ 0.97544269, -0.22732675, -0.00387705,  0.261219  ],
       [ 0.00140205, -0.01140393,  0.9999341 ,  0.237491  ],
       [ 0.        ,  0.        ,  0.        ,  1.        ]])]"
29,"[array([[-0.25042941, -0.96624528, -0.00994761,  0.07207   ],
       [ 0.96813173, -0.25739191, -0.00511676,  0.2798285 ],
       [ 0.00246268, -0.01092953,  0.99993743,  0.2373375 ],
       [ 0.        ,  0.        ,  0.        ,  1.        ]])]"
30,"[array([[-0.29827287, -0.95267192, -0.00883599,  0.049572  ],
       [ 0.95447317, -0.30382036, -0.00671726,  0.299039  ],
       [ 0.00377614, -0.01045929,  0.9999384 ,  0.237182  ],
       [ 0.        ,  0.        ,  0.        ,  1.        ]])]"
31,"[array([[-0.34990501, -0.93465858, -0.01152862,  0.030572  ],
       [ 0.93678228, -0.35536302, -0.0018174 ,  0.317037  ],
       [-0.00233157, -0.01142194,  0.99993189,  0.2370775 ],
       [ 0.        ,  0.        ,  0.        ,  1.        ]])]"
32,"[array([[-3.76648073e-01, -9.23583308e-01, -9.73740789e-03,
         1.43200000e-02],
       [ 9.26356402e-01, -3.83256084e-01, -3.72998520e-03,
         3.34608000e-01],
       [-2.12291778e-04, -1.04234136e-02,  9.99945634e-01,
         2.36943500e-01],
       [ 0.00000000e+00,  0.00000000e+00,  0.00000000e+00,
         1.00000000e+00]])]"
33,"[array([[-4.32568713e-01, -8.98800280e-01, -1.09987615e-02,
        -7.90150000e-03],
       [ 9.01588414e-01, -4.38246870e-01,  1.80764094e-07,
         3.52282000e-01],
       [-4.75817088e-03, -9.88620866e-03,  9.99939512e-01,
         2.36854000e-01],
       [ 0.00000000e+00,  0.00000000e+00,  0.00000000e+00,
         1.00000000e+00]])]"
34,"[array([[-0.4998131 , -0.86306125, -0.01066193, -0.0310765 ],
       [ 0.86613047, -0.50497898, -0.00360439,  0.370253  ],
       [-0.00220724, -0.01102273,  0.99993666,  0.236575  ],
       [ 0.        ,  0.        ,  0.        ,  1.        ]])]"
35,"[array([[-0.56473758, -0.82164936, -0.01236785, -0.055856  ],
       [ 0.82525854, -0.56986876, -0.0030716 ,  0.3859195 ],
       [-0.00445009, -0.01191341,  0.9999188 ,  0.236416  ],
       [ 0.        ,  0.        ,  0.        ,  1.        ]])]"
36,"[array([[-0.5979289 , -0.79795778, -0.0096863 , -0.0777865 ],
       [ 0.80154609, -0.60262323, -0.0044681 ,  0.399844  ],
       [-0.00221046, -0.01042243,  0.9999431 ,  0.2362255 ],
       [ 0.        ,  0.        ,  0.        ,  1.        ]])]"
37,"[array([[-0.59878329, -0.79867243, -0.01061736, -0.094073  ],
       [ 0.80090817, -0.6016536 , -0.00523749,  0.410555  ],
       [-0.0021629 , -0.01163176,  0.99992992,  0.2361325 ],
       [ 0.        ,  0.        ,  0.        ,  1.        ]])]"
38,"[array([[-0.58678611, -0.80557228, -0.01069492, -0.1082875 ],
       [ 0.80974096, -0.59237041, -0.00617059,  0.421427  ],
       [-0.00127914, -0.01227174,  0.99992377,  0.2360395 ],
       [ 0.        ,  0.        ,  0.        ,  1.        ]])]"
39,"[array([[-0.55681521, -0.82681768, -0.0117675 , -0.115275  ],
       [ 0.83063438, -0.56232139, -0.00568915,  0.433321  ],
       [-0.00182688, -0.01292981,  0.99991458,  0.236002  ],
       [ 0.        ,  0.        ,  0.        ,  1.        ]])]"
40,"[array([[-0.45151581, -0.88850722, -0.01268604, -0.1099195 ],
       [ 0.89226097, -0.45867243, -0.00422502,  0.4443965 ],
       [-0.0019583 , -0.01321072,  0.9999106 ,  0.2360355 ],
       [ 0.        ,  0.        ,  0.        ,  1.        ]])]"
41,"[array([[-0.27732964, -0.95910832, -0.00916359, -0.0992425 ],
       [ 0.9607628 , -0.28282727, -0.00764831,  0.452349  ],
       [ 0.00480722, -0.01095281,  0.99992876,  0.2361325 ],
       [ 0.        ,  0.        ,  0.        ,  1.        ]])]"
42,"[array([[-0.12242614, -0.99161011, -0.00925028, -0.0908115 ],
       [ 0.99247468, -0.12890525, -0.00357726,  0.4535285 ],
       [ 0.00241798, -0.00963427,  0.99995082,  0.236169  ],
       [ 0.        ,  0.        ,  0.        ,  1.        ]])]"
43,"[array([[ 0.01724974, -0.99985974, -0.01188084, -0.083043  ],
       [ 0.99984914,  0.01182711, -0.00182955,  0.449364  ],
       [ 0.00203437, -0.01185839,  0.99992775,  0.2362155 ],
       [ 0.        ,  0.        ,  0.        ,  1.        ]])]"
44,"[array([[ 0.13180014, -0.99154872, -0.01226271, -0.0771255 ],
       [ 0.99125926,  0.12921404, -0.00423375,  0.444662  ],
       [ 0.00581346, -0.01161299,  0.99991585,  0.2362595 ],
       [ 0.        ,  0.        ,  0.        ,  1.        ]])]"
45,"[array([[ 0.18476534, -0.98385606, -0.01041777, -0.075944  ],
       [ 0.98277544,  0.17868673, -0.00187626,  0.4401455 ],
       [ 0.00376899, -0.00991488,  0.99994397,  0.2362925 ],
       [ 0.        ,  0.        ,  0.        ,  1.        ]])]"
46,"[array([[ 0.22606319, -0.97530637, -0.00986866, -0.081351  ],
       [ 0.97410067,  0.22067128, -0.00266665,  0.4289925 ],
       [ 0.00482878, -0.00903698,  0.99994775,  0.2362355 ],
       [ 0.        ,  0.        ,  0.        ,  1.        ]])]"
47,"[array([[ 2.40719894e-01, -9.71773793e-01, -1.14288118e-02,
        -9.61415000e-02],
       [ 9.70588713e-01,  2.35660230e-01, -6.56577644e-04,
         4.10258500e-01],
       [ 3.38863128e-03, -1.09522083e-02,  9.99934473e-01,
         2.36116000e-01],
       [ 0.00000000e+00,  0.00000000e+00,  0.00000000e+00,
         1.00000000e+00]])]"
48,"[array([[ 0.22420118, -0.97543629, -0.01241717, -0.116726  ],
       [ 0.97452551,  0.21998509, -0.00311333,  0.389136  ],
       [ 0.00581844, -0.0114282 ,  0.99991806,  0.2359465 ],
       [ 0.        ,  0.        ,  0.        ,  1.        ]])]"
49,"[array([[ 2.14421705e-01, -9.76962300e-01, -1.29857880e-02,
        -1.37252500e-01],
       [ 9.76734701e-01,  2.13044446e-01, -7.91130646e-04,
         3.63789500e-01],
       [ 3.55746065e-03, -1.25191389e-02,  9.99915368e-01,
         2.35812000e-01],
       [ 0.00000000e+00,  0.00000000e+00,  0.00000000e+00,
         1.00000000e+00]])]"
50,"[array([[ 2.24787492e-01, -9.74789039e-01, -1.35336497e-02,
        -1.50900000e-01],
       [ 9.74403440e-01,  2.22736413e-01,  1.26943103e-04,
         3.36266500e-01],
       [ 2.91876872e-03, -1.32219393e-02,  9.99908408e-01,
         2.35703000e-01],
       [ 0.00000000e+00,  0.00000000e+00,  0.00000000e+00,
         1.00000000e+00]])]"
51,"[array([[ 0.21783935, -0.97617752, -0.01467831, -0.160243  ],
       [ 0.97596952,  0.21653187, -0.00228909,  0.310479  ],
       [ 0.00543219, -0.0138345 ,  0.99988965,  0.235624  ],
       [ 0.        ,  0.        ,  0.        ,  1.        ]])]"
52,"[array([[ 2.42236079e-01, -9.70688130e-01, -1.37342514e-02,
        -1.60671000e-01],
       [ 9.70213676e-01,  2.39963325e-01,  6.81838018e-04,
         2.88439500e-01],
       [ 2.66565467e-03, -1.34965670e-02,  9.99905448e-01,
         2.35616500e-01],
       [ 0.00000000e+00,  0.00000000e+00,  0.00000000e+00,
         1.00000000e+00]])]"
53,"[array([[ 3.57522143e-01, -9.33906729e-01, -1.34256929e-02,
        -1.46462000e-01],
       [ 9.33896557e-01,  3.57284387e-01,  9.74013648e-04,
         2.74994000e-01],
       [ 3.89070703e-03, -1.28875125e-02,  9.99909397e-01,
         2.35721000e-01],
       [ 0.00000000e+00,  0.00000000e+00,  0.00000000e+00,
         1.00000000e+00]])]"
54,"[array([[ 0.45939103, -0.88819592, -0.01198426, -0.131432  ],
       [ 0.88823184,  0.4592963 ,  0.00392126,  0.2680005 ],
       [ 0.00202264, -0.01244638,  0.9999205 ,  0.235829  ],
       [ 0.        ,  0.        ,  0.        ,  1.        ]])]"
55,"[array([[ 5.96108743e-01, -8.05730738e-01, -1.09201585e-02,
        -1.07351500e-01],
       [ 8.02876152e-01,  5.92218191e-01, -1.77050294e-04,
         2.57388000e-01],
       [ 6.65214818e-03, -8.69437353e-03,  9.99940358e-01,
         2.35971000e-01],
       [ 0.00000000e+00,  0.00000000e+00,  0.00000000e+00,
         1.00000000e+00]])]"
56,"[array([[ 5.99515080e-01, -8.03046281e-01, -1.05881067e-02,
        -9.62065000e-02],
       [ 8.00341203e-01,  5.95851899e-01,  4.73748369e-04,
         2.60619000e-01],
       [ 5.96890456e-03, -8.78551703e-03,  9.99943832e-01,
         2.36061500e-01],
       [ 0.00000000e+00,  0.00000000e+00,  0.00000000e+00,
         1.00000000e+00]])]"
57,"[array([[ 5.97516711e-01, -8.04901151e-01, -1.09192777e-02,
        -7.99385000e-02],
       [ 8.01828876e-01,  5.93345188e-01, -1.57133674e-04,
         2.67649000e-01],
       [ 6.65084180e-03, -8.69622323e-03,  9.99940371e-01,
         2.36172000e-01],
       [ 0.00000000e+00,  0.00000000e+00,  0.00000000e+00,
         1.00000000e+00]])]"
58,"[array([[ 6.02094024e-01, -8.02193242e-01, -1.12883448e-02,
        -5.09825000e-02],
       [ 7.98399556e-01,  5.96991204e-01,  4.99762220e-04,
         2.77252000e-01],
       [ 6.39804346e-03, -9.35438475e-03,  9.99936160e-01,
         2.36396500e-01],
       [ 0.00000000e+00,  0.00000000e+00,  0.00000000e+00,
         1.00000000e+00]])]"
59,"[array([[ 6.29217356e-01, -7.81524692e-01, -1.03889876e-02,
        -7.68050000e-03],
       [ 7.77198621e-01,  6.23825346e-01, -4.86495425e-04,
         2.87156500e-01],
       [ 6.91540887e-03, -7.81618486e-03,  9.99945915e-01,
         2.36747000e-01],
       [ 0.00000000e+00,  0.00000000e+00,  0.00000000e+00,
         1.00000000e+00]])]"
60,"[array([[ 6.45147263e-01, -7.68733496e-01, -1.03435126e-02,
         3.05755000e-02],
       [ 7.64026997e-01,  6.39522242e-01, -3.10417938e-04,
         2.96185000e-01],
       [ 6.91062652e-03, -7.75330055e-03,  9.99946456e-01,
         2.37042000e-01],
       [ 0.00000000e+00,  0.00000000e+00,  0.00000000e+00,
         1.00000000e+00]])]"
61,"[array([[ 0.65803705, -0.7591766 , -0.01145535,  0.065404  ],
       [ 0.75290184,  0.65086139, -0.00489963,  0.3049505 ],
       [ 0.01122786, -0.00550808,  0.99992238,  0.237281  ],
       [ 0.        ,  0.        ,  0.        ,  1.        ]])]"
62,"[array([[ 6.79103724e-01, -7.44932310e-01, -8.96320271e-03,
         1.01523000e-01],
       [ 7.34041878e-01,  6.67014464e-01,  9.39461758e-03,
         3.12414000e-01],
       [-8.09166609e-04, -1.29444164e-02,  9.99915698e-01,
         2.37746000e-01],
       [ 0.00000000e+00,  0.00000000e+00,  0.00000000e+00,
         1.00000000e+00]])]"
63,"[array([[ 0.68226642, -0.7383856 , -0.01103897,  0.1351845 ],
       [ 0.73109965,  0.67425594,  0.00699699,  0.320875  ],
       [ 0.00241623, -0.01286988,  0.99991459,  0.237824  ],
       [ 0.        ,  0.        ,  0.        ,  1.        ]])]"
64,"[array([[ 0.68773304, -0.73507957, -0.00945234,  0.1685755 ],
       [ 0.72595223,  0.67791825,  0.00333931,  0.3319285 ],
       [ 0.00407671, -0.00921247,  0.99994975,  0.2380915 ],
       [ 0.        ,  0.        ,  0.        ,  1.        ]])]"
65,"[array([[ 0.65908743, -0.76115308, -0.01140611,  0.194497  ],
       [ 0.75205309,  0.6484735 ,  0.00406437,  0.349399  ],
       [ 0.00446133, -0.01131826,  0.99992669,  0.238248  ],
       [ 0.        ,  0.        ,  0.        ,  1.        ]])]"
66,"[array([[ 0.61623346, -0.79594679, -0.0112523 ,  0.2125545 ],
       [ 0.78755341,  0.60526266,  0.00373341,  0.364458  ],
       [ 0.00399407, -0.01121671,  0.99992972,  0.2383905 ],
       [ 0.        ,  0.        ,  0.        ,  1.        ]])]"
67,"[array([[ 0.54367929, -0.84647679, -0.01169709,  0.217632  ],
       [ 0.83928471,  0.53230005,  0.00311985,  0.3785975 ],
       [ 0.0037413 , -0.01156286,  0.99992672,  0.238429  ],
       [ 0.        ,  0.        ,  0.        ,  1.        ]])]"
68,"[array([[ 4.27049490e-01, -9.09255074e-01, -9.73644954e-03,
         2.13313000e-01],
       [ 9.04219963e-01,  4.16142378e-01,  3.16631940e-04,
         3.89878000e-01],
       [ 3.87182461e-03, -8.98510646e-03,  9.99952550e-01,
         2.38434000e-01],
       [ 0.00000000e+00,  0.00000000e+00,  0.00000000e+00,
         1.00000000e+00]])]"
69,"[array([[ 0.25172636, -0.97027511, -0.01102957,  0.1980365 ],
       [ 0.96777633,  0.24180763, -0.00389127,  0.396842  ],
       [ 0.00654276, -0.00976145,  0.9999316 ,  0.2383205 ],
       [ 0.        ,  0.        ,  0.        ,  1.        ]])]"
70,"[array([[-0.02802199, -0.99937991, -0.00905657,  0.167707  ],
       [ 0.99959235, -0.03397503, -0.00572454,  0.399823  ],
       [ 0.00546874, -0.00924597,  0.9999426 ,  0.2380735 ],
       [ 0.        ,  0.        ,  0.        ,  1.        ]])]"
71,"[array([[-0.32577542, -0.94414591, -0.00707914,  0.135698  ],
       [ 0.94543898, -0.32940856, -0.00660465,  0.394188  ],
       [ 0.00393827, -0.00885978,  0.99995313,  0.2378275 ],
       [ 0.        ,  0.        ,  0.        ,  1.        ]])]"
72,"[array([[-5.18660588e-01, -8.53827537e-01, -8.59137166e-03,
         1.14711500e-01],
       [ 8.54980226e-01, -5.20457994e-01, -5.31099017e-03,
         3.83073000e-01],
       [ 8.47900259e-05, -1.01002122e-02,  9.99948990e-01,
         2.37710500e-01],
       [ 0.00000000e+00,  0.00000000e+00,  0.00000000e+00,
         1.00000000e+00]])]"
73,"[array([[-0.56429052, -0.82466151, -0.00908293,  0.111498  ],
       [ 0.82557531, -0.56553579, -0.00467077,  0.37975   ],
       [-0.0012694 , -0.01013236,  0.99994784,  0.237688  ],
       [ 0.        ,  0.        ,  0.        ,  1.        ]])]"
74,"[array([[-0.64937429, -0.75990681, -0.00847004,  0.108861  ],
       [ 0.76046707, -0.64995979, -0.00500675,  0.3719025 ],
       [-0.00169284, -0.00969109,  0.99995159,  0.237662  ],
       [ 0.        ,  0.        ,  0.        ,  1.        ]])]"
75,"[array([[-0.71803336, -0.69575364, -0.00752728,  0.1086735 ],
       [ 0.69600573, -0.71822755, -0.00484982,  0.365147  ],
       [-0.00202942, -0.00872075,  0.99995991,  0.2376595 ],
       [ 0.        ,  0.        ,  0.        ,  1.        ]])]"
76,"[array([[-0.74826747, -0.66324531, -0.0072116 ,  0.109554  ],
       [ 0.66339366, -0.74835449, -0.00488492,  0.3615775 ],
       [-0.00215566, -0.00843903,  0.99996206,  0.237664  ],
       [ 0.        ,  0.        ,  0.        ,  1.        ]])]"
77,"[array([[-0.74823719, -0.66308664, -0.00743298,  0.1095515 ],
       [ 0.66342739, -0.74849293, -0.00494207,  0.3615785 ],
       [-0.00228302, -0.00862816,  0.99996016,  0.237665  ],
       [ 0.        ,  0.        ,  0.        ,  1.        ]])]"
78,"[array([[-0.73120278, -0.68177626, -0.00732739,  0.110925  ],
       [ 0.68215715, -0.73151061, -0.00487924,  0.3636905 ],
       [-0.00202947, -0.00856519,  0.99996125,  0.237672  ],
       [ 0.        ,  0.        ,  0.        ,  1.        ]])]"
79,"[array([[-0.64857489, -0.76080527, -0.00796444,  0.113882  ],
       [ 0.76114972, -0.64891295, -0.00506291,  0.373735  ],
       [-0.00131196, -0.0093452 ,  0.99995547,  0.2377005 ],
       [ 0.        ,  0.        ,  0.        ,  1.        ]])]"
80,"[array([[-5.55706992e-01, -8.30745806e-01, -8.69968745e-03,
         1.15906000e-01],
       [ 8.31378005e-01, -5.56560923e-01, -5.10142285e-03,
         3.82279000e-01],
       [-5.93296568e-04, -1.00669934e-02,  9.99949144e-01,
         2.37721000e-01],
       [ 0.00000000e+00,  0.00000000e+00,  0.00000000e+00,
         1.00000000e+00]])]"
81,"[array([[-4.34033378e-01, -8.99556510e-01, -9.84203133e-03,
         1.24538000e-01],
       [ 9.00896726e-01, -4.36671844e-01, -4.36553894e-03,
         3.90439000e-01],
       [-3.38890009e-04, -1.07603950e-02,  9.99942037e-01,
         2.37790000e-01],
       [ 0.00000000e+00,  0.00000000e+00,  0.00000000e+00,
         1.00000000e+00]])]"
82,"[array([[-0.33331437, -0.94145619, -0.00543365,  0.135859  ],
       [ 0.94280109, -0.33704871, -0.00749604,  0.3967635 ],
       [ 0.00525639, -0.0076424 ,  0.99995714,  0.237824  ],
       [ 0.        ,  0.        ,  0.        ,  1.        ]])]"
83,"[array([[-0.16816898, -0.98483688, -0.00796889,  0.153513  ],
       [ 0.98574655, -0.17325312, -0.00621758,  0.405459  ],
       [ 0.00478909, -0.00892573,  0.99994892,  0.2379735 ],
       [ 0.        ,  0.        ,  0.        ,  1.        ]])]"
84,"[array([[ 0.03431043, -0.99949839, -0.00912703,  0.1739165 ],
       [ 0.99940766,  0.03034857, -0.00235671,  0.4095465 ],
       [ 0.00266859, -0.00905133,  0.99995557,  0.2381225 ],
       [ 0.        ,  0.        ,  0.        ,  1.        ]])]"
85,"[array([[ 2.67177875e-01, -9.66113085e-01, -9.88425656e-03,
         1.96984000e-01],
       [ 9.63642504e-01,  2.57946166e-01, -3.90970777e-04,
         4.09318500e-01],
       [ 3.01775837e-03, -9.44892249e-03,  9.99951073e-01,
         2.38310500e-01],
       [ 0.00000000e+00,  0.00000000e+00,  0.00000000e+00,
         1.00000000e+00]])]"
86,"[array([[ 0.46679773, -0.88846766, -0.01202483,  0.2192835 ],
       [ 0.88436056,  0.45877444,  0.00351573,  0.405107  ],
       [ 0.00250419, -0.01229756,  0.99992152,  0.238464  ],
       [ 0.        ,  0.        ,  0.        ,  1.        ]])]"
87,"[array([[ 0.63395044, -0.7820744 , -0.01158408,  0.238414  ],
       [ 0.77336006,  0.62308298,  0.00356257,  0.39804   ],
       [ 0.00458892, -0.01128022,  0.99992656,  0.2385885 ],
       [ 0.        ,  0.        ,  0.        ,  1.        ]])]"
88,"[array([[ 0.77288729, -0.64657686, -0.01062287,  0.256221  ],
       [ 0.63451861,  0.76278322,  0.00411289,  0.3883675 ],
       [ 0.00560094, -0.0100064 ,  0.99993512,  0.238727  ],
       [ 0.        ,  0.        ,  0.        ,  1.        ]])]"
89,"[array([[ 0.8726104 , -0.49599558, -0.01088449,  0.2698075 ],
       [ 0.48835557,  0.86828321,  0.00359879,  0.3770145 ],
       [ 0.00774093, -0.00852399,  0.99993429,  0.2388085 ],
       [ 0.        ,  0.        ,  0.        ,  1.        ]])]"
90,"[array([[ 0.89119884, -0.46125761, -0.01051918,  0.272476  ],
       [ 0.453549  ,  0.88722741,  0.00388901,  0.374131  ],
       [ 0.0076113 , -0.00830301,  0.99993711,  0.238835  ],
       [ 0.        ,  0.        ,  0.        ,  1.        ]])]"
91,"[array([[ 0.89132296, -0.46381005, -0.01054801,  0.272457  ],
       [ 0.45330623,  0.88589356,  0.00411047,  0.3742425 ],
       [ 0.00753887, -0.00853426,  0.99993592,  0.2388355 ],
       [ 0.        ,  0.        ,  0.        ,  1.        ]])]"
92,"[array([[ 0.89121185, -0.46364661, -0.01049784,  0.272456  ],
       [ 0.45352536,  0.88597942,  0.00410196,  0.374245  ],
       [ 0.00749594, -0.00850208,  0.99993648,  0.238834  ],
       [ 0.        ,  0.        ,  0.        ,  1.        ]])]"
93,"[array([[ 0.91662618, -0.40321062, -0.00983561,  0.2673585 ],
       [ 0.39967179,  0.91508016,  0.0033541 ,  0.3657945 ],
       [ 0.00767545, -0.00703547,  0.999946  ,  0.2388075 ],
       [ 0.        ,  0.        ,  0.        ,  1.        ]])]"
94,"[array([[ 0.93751984, -0.35775636, -0.01005719,  0.2518155 ],
       [ 0.34784559,  0.93377966,  0.00484222,  0.3590975 ],
       [ 0.00774495, -0.0081201 ,  0.9999377 ,  0.23868   ],
       [ 0.        ,  0.        ,  0.        ,  1.        ]])]"
95,"[array([[ 0.94388303, -0.33964238, -0.00968967,  0.2232935 ],
       [ 0.33019409,  0.9405215 ,  0.00489697,  0.3574645 ],
       [ 0.00752941, -0.0078972 ,  0.99994106,  0.2384755 ],
       [ 0.        ,  0.        ,  0.        ,  1.        ]])]"
96,"[array([[ 0.93237027, -0.37406512, -0.00832618,  0.187146  ],
       [ 0.36146223,  0.9273606 ,  0.00613993,  0.3654375 ],
       [ 0.00554403, -0.00880893,  0.99994649,  0.23822   ],
       [ 0.        ,  0.        ,  0.        ,  1.        ]])]"
97,"[array([[ 0.92365783, -0.39533255, -0.00533315,  0.151139  ],
       [ 0.3832058 ,  0.91851491,  0.00480464,  0.370981  ],
       [ 0.00308492, -0.00652166,  0.99997424,  0.2380025 ],
       [ 0.        ,  0.        ,  0.        ,  1.        ]])]"
98,"[array([[ 0.90735083, -0.42765923, -0.00894684,  0.1155405 ],
       [ 0.42030509,  0.90392679,  0.00117907,  0.374648  ],
       [ 0.00762266, -0.00489219,  0.99995928,  0.237703  ],
       [ 0.        ,  0.        ,  0.        ,  1.        ]])]"
99,"[array([[ 0.87550175, -0.48874209, -0.00855646,  0.077272  ],
       [ 0.48317425,  0.87240495,  0.00252561,  0.3812565 ],
       [ 0.00627114, -0.00638551,  0.9999602 ,  0.237442  ],
       [ 0.        ,  0.        ,  0.        ,  1.        ]])]"
100,"[array([[ 0.84471659, -0.54078204, -0.01271827,  0.0328505 ],
       [ 0.53509039,  0.84114347, -0.0014047 ,  0.3828475 ],
       [ 0.01149592, -0.00569673,  0.99991813,  0.23709   ],
       [ 0.        ,  0.        ,  0.        ,  1.        ]])]"
101,"[array([[ 8.09501423e-01, -5.92378025e-01, -1.09823503e-02,
        -4.23900000e-03],
       [ 5.87048516e-01,  8.05635366e-01, -2.31971936e-04,
         3.85767500e-01],
       [ 9.02695163e-03, -6.31919947e-03,  9.99939665e-01,
         2.36818000e-01],
       [ 0.00000000e+00,  0.00000000e+00,  0.00000000e+00,
         1.00000000e+00]])]"
102,"[array([[ 7.52472919e-01, -6.63532301e-01, -1.04153464e-02,
        -4.13045000e-02],
       [ 6.58572849e-01,  7.48118837e-01, -4.63710006e-04,
         3.89792500e-01],
       [ 8.14309550e-03, -6.56436535e-03,  9.99945651e-01,
         2.36531000e-01],
       [ 0.00000000e+00,  0.00000000e+00,  0.00000000e+00,
         1.00000000e+00]])]"
103,"[array([[ 6.45215236e-01, -7.68235247e-01, -9.95213956e-03,
        -8.42485000e-02],
       [ 7.63968066e-01,  6.40128307e-01, -8.58775954e-04,
         3.97362500e-01],
       [ 7.07770260e-03, -7.09621164e-03,  9.99950107e-01,
         2.36214500e-01],
       [ 0.00000000e+00,  0.00000000e+00,  0.00000000e+00,
         1.00000000e+00]])]"
104,"[array([[ 0.50851847, -0.86291723, -0.00989524, -0.122242  ],
       [ 0.86104112,  0.50526403,  0.00103394,  0.404068  ],
       [ 0.00414186, -0.00906163,  0.99995051,  0.23595   ],
       [ 0.        ,  0.        ,  0.        ,  1.        ]])]"
105,"[array([[ 0.32879053, -0.94485709, -0.01248499, -0.1546175 ],
       [ 0.94438751,  0.32728606, -0.00135587,  0.408644  ],
       [ 0.00538584, -0.01135367,  0.99992114,  0.2356995 ],
       [ 0.        ,  0.        ,  0.        ,  1.        ]])]"
106,"[array([[ 0.0763316 , -0.99719421, -0.01137968, -0.189637  ],
       [ 0.99706298,  0.07405279, -0.0053839 ,  0.4123315 ],
       [ 0.00623721, -0.01094993,  0.99992076,  0.235476  ],
       [ 0.        ,  0.        ,  0.        ,  1.        ]])]"
107,"[array([[-8.36071461e-02, -9.95717892e-01, -1.29513816e-02,
        -2.07579000e-01],
       [ 9.96498771e-01, -9.15285602e-02, -8.73812122e-04,
         4.08448000e-01],
       [-2.12093217e-04, -1.29769945e-02,  9.99915746e-01,
         2.35345000e-01],
       [ 0.00000000e+00,  0.00000000e+00,  0.00000000e+00,
         1.00000000e+00]])]"
108,"[array([[-0.26768627, -0.9617735 , -0.01230804, -0.222071  ],
       [ 0.96350117, -0.27350571, -0.00662826,  0.4009815 ],
       [ 0.00309195, -0.01365175,  0.99990228,  0.2352525 ],
       [ 0.        ,  0.        ,  0.        ,  1.        ]])]"
109,"[array([[-0.47232881, -0.87670906, -0.01274957, -0.237632  ],
       [ 0.88141712, -0.4808508 , -0.00336309,  0.389157  ],
       [-0.00305797, -0.01279593,  0.99991307,  0.235151  ],
       [ 0.        ,  0.        ,  0.        ,  1.        ]])]"
110,"[array([[-0.59688311, -0.79529613, -0.01360219, -0.245026  ],
       [ 0.80231385, -0.60607462, -0.0041383 ,  0.378638  ],
       [-0.00479919, -0.01332723,  0.99989892,  0.235086  ],
       [ 0.        ,  0.        ,  0.        ,  1.        ]])]"
111,"[array([[-0.69185979, -0.71496478, -0.01201811, -0.242327  ],
       [ 0.72200526, -0.69907947, -0.00293127,  0.36926   ],
       [-0.00619893, -0.01064253,  0.99992348,  0.2351445 ],
       [ 0.        ,  0.        ,  0.        ,  1.        ]])]"
112,"[array([[-0.73886106, -0.66436529, -0.01400529, -0.226309  ],
       [ 0.67382227, -0.74729306, -0.00508859,  0.360154  ],
       [-0.00691992, -0.01310875,  0.99988897,  0.2352225 ],
       [ 0.        ,  0.        ,  0.        ,  1.        ]])]"
113,"[array([[-0.79170696, -0.60657383, -0.00806977, -0.204429  ],
       [ 0.61089574, -0.79496558, -0.00628977,  0.344421  ],
       [-0.00254664, -0.00989558,  0.99994766,  0.235365  ],
       [ 0.        ,  0.        ,  0.        ,  1.        ]])]"
114,"[array([[-0.81387772, -0.56408492, -0.02117721, -0.177777  ],
       [ 0.58088577, -0.82552788, -0.00691811,  0.3277415 ],
       [-0.01322031, -0.01766122,  0.9997518 ,  0.2356745 ],
       [ 0.        ,  0.        ,  0.        ,  1.        ]])]"
115,"[array([[-0.83564838, -0.53941004, -0.01395923, -0.1481085 ],
       [ 0.54919731, -0.84195458, -0.0055674 ,  0.3098355 ],
       [-0.00860837, -0.01221863,  0.99988707,  0.2357975 ],
       [ 0.        ,  0.        ,  0.        ,  1.        ]])]"
116,"[array([[-0.84287588, -0.52743498, -0.01481495, -0.119045  ],
       [ 0.53803295, -0.84949064, -0.00650503,  0.2930815 ],
       [-0.00898841, -0.01334163,  0.99986909,  0.235991  ],
       [ 0.        ,  0.        ,  0.        ,  1.        ]])]"
117,"[array([[-0.83743299, -0.53856702, -0.01519511, -0.088894  ],
       [ 0.5464418 , -0.84249959, -0.00432889,  0.276461  ],
       [-0.0103607 , -0.01183215,  0.99987518,  0.2361635 ],
       [ 0.        ,  0.        ,  0.        ,  1.        ]])]"
118,"[array([[-0.82691156, -0.55857418, -0.00959275, -0.059421  ],
       [ 0.56230495, -0.82940656, -0.00429904,  0.2585785 ],
       [-0.00551529, -0.00892441,  0.99994475,  0.2363155 ],
       [ 0.        ,  0.        ,  0.        ,  1.        ]])]"
119,"[array([[-0.82649343, -0.56014844, -0.01010273, -0.0342115 ],
       [ 0.56291247, -0.8283449 , -0.00386061,  0.232194  ],
       [-0.00617702, -0.00885746,  0.99994151,  0.2364875 ],
       [ 0.        ,  0.        ,  0.        ,  1.        ]])]"
120,"[array([[-0.81820585, -0.57140504, -0.010181  , -0.010968  ],
       [ 0.5748947 , -0.82061626, -0.00416069,  0.2113255 ],
       [-0.00593856, -0.00923236,  0.99993952,  0.2366495 ],
       [ 0.        ,  0.        ,  0.        ,  1.        ]])]"
121,"[array([[-0.79833349, -0.59930278, -0.01050585,  0.012568  ],
       [ 0.60218484, -0.80046779, -0.00381972,  0.195284  ],
       [-0.00608737, -0.00935433,  0.99993752,  0.2368115 ],
       [ 0.        ,  0.        ,  0.        ,  1.        ]])]"
122,"[array([[-0.74779562, -0.66067971, -0.01166185,  0.033824  ],
       [ 0.66389866, -0.750596  , -0.00357726,  0.1928495 ],
       [-0.00634621, -0.0103906 ,  0.9999256 ,  0.236977  ],
       [ 0.        ,  0.        ,  0.        ,  1.        ]])]"
123,"[array([[-0.65521856, -0.75232453, -0.01160433,  0.0488765 ],
       [ 0.75542198, -0.65870262, -0.00328191,  0.196972  ],
       [-0.00512452, -0.01089282,  0.99992728,  0.237081  ],
       [ 0.        ,  0.        ,  0.        ,  1.        ]])]"
124,"[array([[-0.51141767, -0.85662249, -0.01209014,  0.059712  ],
       [ 0.85932401, -0.51580862, -0.0028084 ,  0.2055105 ],
       [-0.00377008, -0.0118062 ,  0.99992297,  0.2371735 ],
       [ 0.        ,  0.        ,  0.        ,  1.        ]])]"
125,"[array([[-0.42894928, -0.90046844, -0.01236846,  0.057851  ],
       [ 0.90332121, -0.43475752, -0.00183583,  0.2139905 ],
       [-0.00364738, -0.01193649,  0.99992182,  0.2371695 ],
       [ 0.        ,  0.        ,  0.        ,  1.        ]])]"
126,"[array([[-0.35044822, -0.93380966, -0.0122198 ,  0.051198  ],
       [ 0.93657998, -0.35755922, -0.00244268,  0.2272145 ],
       [-0.0019948 , -0.01228532,  0.99992235,  0.237128  ],
       [ 0.        ,  0.        ,  0.        ,  1.        ]])]"
127,"[array([[-0.37426329, -0.92440259, -0.01207776,  0.0278015 ],
       [ 0.9273191 , -0.38122955, -0.00217465,  0.2471165 ],
       [-0.00250386, -0.01199465,  0.9999247 ,  0.2369585 ],
       [ 0.        ,  0.        ,  0.        ,  1.        ]])]"
128,"[array([[-0.38868244, -0.91842369, -0.01158285,  0.006477  ],
       [ 0.92137006, -0.39542198, -0.00295171,  0.2736215 ],
       [-0.00178256, -0.01180598,  0.99992856,  0.2368135 ],
       [ 0.        ,  0.        ,  0.        ,  1.        ]])]"
129,"[array([[-0.36767491, -0.92674574, -0.01150277, -0.004862  ],
       [ 0.92995378, -0.37549937, -0.00340616,  0.300205  ],
       [-0.00106179, -0.01194002,  0.99992804,  0.2367445 ],
       [ 0.        ,  0.        ,  0.        ,  1.        ]])]"
130,"[array([[-3.35702710e-01, -9.39455451e-01, -1.12285997e-02,
        -1.04595000e-02],
       [ 9.41967987e-01, -3.42463136e-01, -4.04668709e-03,
         3.23970000e-01],
       [ 4.23813546e-05, -1.19354606e-02,  9.99928769e-01,
         2.36713500e-01],
       [ 0.00000000e+00,  0.00000000e+00,  0.00000000e+00,
         1.00000000e+00]])]"
131,"[array([[-0.30414377, -0.95127127, -0.01277194, -0.011181  ],
       [ 0.95262447, -0.30808822, -0.00220661,  0.3471025 ],
       [-0.00178259, -0.01283049,  0.999916  ,  0.236812  ],
       [ 0.        ,  0.        ,  0.        ,  1.        ]])]"
132,"[array([[-1.77570644e-01, -9.82773377e-01, -1.08136261e-02,
         7.82250000e-03],
       [ 9.84108055e-01, -1.84487342e-01, -1.99431392e-03,
         3.58834500e-01],
       [ 4.24404026e-05, -1.09959343e-02,  9.99939542e-01,
         2.36960500e-01],
       [ 0.00000000e+00,  0.00000000e+00,  0.00000000e+00,
         1.00000000e+00]])]"
133,"[array([[-0.01581177, -0.99969977, -0.01081394,  0.0331985 ],
       [ 0.99987186, -0.02195938, -0.00267223,  0.3640715 ],
       [ 0.00250106, -0.01087005,  0.99993796,  0.2371255 ],
       [ 0.        ,  0.        ,  0.        ,  1.        ]])]"
134,"[array([[ 0.09913787, -0.99560818, -0.01138299,  0.0508735 ],
       [ 0.99506778,  0.09295558, -0.00231734,  0.36831   ],
       [ 0.00343463, -0.01111834,  0.99993253,  0.2372455 ],
       [ 0.        ,  0.        ,  0.        ,  1.        ]])]"
135,"[array([[ 0.21980473, -0.9768103 , -0.01154882,  0.0691335 ],
       [ 0.97553449,  0.21382897, -0.00178657,  0.3716845 ],
       [ 0.00428163, -0.01089973,  0.99993171,  0.237378  ],
       [ 0.        ,  0.        ,  0.        ,  1.        ]])]"
136,"[array([[ 0.36208096, -0.93420765, -0.01169703,  0.0895    ],
       [ 0.93213158,  0.3565745 , -0.00114295,  0.370773  ],
       [ 0.00530102, -0.01052064,  0.99993093,  0.237527  ],
       [ 0.        ,  0.        ,  0.        ,  1.        ]])]"
137,"[array([[ 0.45234246, -0.89489464, -0.01155892,  0.102554  ],
       [ 0.89180201,  0.44619432, -0.00387782,  0.367884  ],
       [ 0.00868748, -0.00861439,  0.99992567,  0.2375935 ],
       [ 0.        ,  0.        ,  0.        ,  1.        ]])]"
138,"[array([[ 0.43767952, -0.90165716, -0.01131315,  0.1010565 ],
       [ 0.8990907 ,  0.4323683 , -0.00396603,  0.3683645 ],
       [ 0.00851797, -0.00848641,  0.99992814,  0.2375815 ],
       [ 0.        ,  0.        ,  0.        ,  1.        ]])]"
139,"[array([[ 0.3396243 , -0.94260712, -0.01083109,  0.090011  ],
       [ 0.94052414,  0.33379433, -0.00496372,  0.371469  ],
       [ 0.0083476 , -0.00855321,  0.99992902,  0.2374955 ],
       [ 0.        ,  0.        ,  0.        ,  1.        ]])]"
140,"[array([[ 0.13390917, -0.99171562, -0.01169501,  0.065442  ],
       [ 0.99098721,  0.12795118, -0.00201256,  0.374115  ],
       [ 0.00356074, -0.01134141,  0.99992959,  0.237354  ],
       [ 0.        ,  0.        ,  0.        ,  1.        ]])]"
141,"[array([[-0.05663038, -0.99796373, -0.01114727,  0.046415  ],
       [ 0.99839141, -0.06276817, -0.00339383,  0.371895  ],
       [ 0.00275728, -0.01133836,  0.99993211,  0.237212  ],
       [ 0.        ,  0.        ,  0.        ,  1.        ]])]"
142,"[array([[-0.24520958, -0.96819417, -0.00963452,  0.0356695 ],
       [ 0.96946875, -0.24998571, -0.00409966,  0.367096  ],
       [ 0.0016121 , -0.01035351,  0.99994518,  0.2371315 ],
       [ 0.        ,  0.        ,  0.        ,  1.        ]])]"
143,"[array([[-3.93781050e-01, -9.17913513e-01, -9.12777533e-03,
         3.01355000e-02],
       [ 9.19204266e-01, -3.96656703e-01, -3.86412793e-03,
         3.64492000e-01],
       [-4.24241596e-05, -9.91172748e-03,  9.99950875e-01,
         2.37095500e-01],
       [ 0.00000000e+00,  0.00000000e+00,  0.00000000e+00,
         1.00000000e+00]])]"
144,"[array([[-0.48822306, -0.87041866, -0.01048411,  0.024591  ],
       [ 0.87271144, -0.49221109, -0.00173476,  0.3639765 ],
       [-0.00360484, -0.00998   ,  0.99994354,  0.2370575 ],
       [ 0.        ,  0.        ,  0.        ,  1.        ]])]"
145,"[array([[-0.59007678, -0.80652644, -0.00802333,  0.0165445 ],
       [ 0.80734638, -0.5911275 , -0.00449971,  0.3606485 ],
