,LP,LD1,LD2,RP,RD1,RD2
0,"[array([[-0.3022659 , -0.95311367, -0.01447935, -0.11581591],
       [ 0.95202201, -0.3026125 ,  0.04560443,  0.08004249],
       [-0.04784784,  0.        ,  0.99885464,  0.08535079],
       [ 0.        ,  0.        ,  0.        ,  1.        ]])]","[array([[ 0.39833862, -0.91722824,  0.00432553, -0.1310817 ],
       [ 0.91717416,  0.3983621 ,  0.00995954,  0.14965149],
       [-0.0108583 , -0.        ,  0.99994105,  0.08284729],
       [ 0.        ,  0.        ,  0.        ,  1.        ]])]","[array([[ 0.39833862, -0.91722824,  0.00432553, -0.1310817 ],
       [ 0.91717416,  0.3983621 ,  0.00995954,  0.14965149],
       [-0.0108583 , -0.        ,  0.99994105,  0.08284729],
       [ 0.        ,  0.        ,  0.        ,  1.        ]])]","[array([[ 0.50215117, -0.86464464,  0.01529216, -0.05636991],
       [ 0.86424398,  0.50238397,  0.02631907,  0.08887959],
       [-0.03043918,  0.        ,  0.99953662,  0.08587684],
       [ 0.        ,  0.        ,  0.        ,  1.        ]])]","[array([[-0.2368804 , -0.97150627,  0.00795274, -0.02761741],
       [ 0.97095922, -0.23701386, -0.03259781,  0.13928156],
       [ 0.03355388, -0.        ,  0.99943691,  0.08272199],
       [ 0.        ,  0.        ,  0.        ,  1.        ]])]","[array([[-0.2368804 , -0.97150627,  0.00795274, -0.02761741],
       [ 0.97095922, -0.23701386, -0.03259781,  0.13928156],
       [ 0.03355388, -0.        ,  0.99943691,  0.08272199],
       [ 0.        ,  0.        ,  0.        ,  1.        ]])]"
1,"[array([[-0.3019993 , -0.95319724, -0.01454149, -0.11582383],
       [ 0.95209416, -0.30234919,  0.04584405,  0.08004487],
       [-0.04809503,  0.        ,  0.99884276,  0.08536033],
       [ 0.        ,  0.        ,  0.        ,  1.        ]])]","[array([[ 0.39854451, -0.91713878,  0.00432782, -0.13109184],
       [ 0.91708471,  0.39856801,  0.00995869,  0.14965726],
       [-0.01085843, -0.        ,  0.99994105,  0.0828473 ],
       [ 0.        ,  0.        ,  0.        ,  1.        ]])]","[array([[ 0.39854451, -0.91713878,  0.00432782, -0.13109184],
       [ 0.91708471,  0.39856801,  0.00995869,  0.14965726],
       [-0.01085843, -0.        ,  0.99994105,  0.0828473 ],
       [ 0.        ,  0.        ,  0.        ,  1.        ]])]","[array([[ 0.50233565, -0.86453675,  0.01533344, -0.05637508],
       [ 0.86413427,  0.50256961,  0.02637708,  0.0888877 ],
       [-0.03051007,  0.        ,  0.99953446,  0.08588043],
       [ 0.        ,  0.        ,  0.        ,  1.        ]])]","[array([[-0.23663132, -0.97156674,  0.00798003, -0.02762917],
       [ 0.97101475, -0.23676584, -0.03274599,  0.1392892 ],
       [ 0.03370431, -0.        ,  0.99943185,  0.0827192 ],
       [ 0.        ,  0.        ,  0.        ,  1.        ]])]","[array([[-0.23663132, -0.97156674,  0.00798003, -0.02762917],
       [ 0.97101475, -0.23676584, -0.03274599,  0.1392892 ],
       [ 0.03370431, -0.        ,  0.99943185,  0.0827192 ],
       [ 0.        ,  0.        ,  0.        ,  1.        ]])]"
2,"[array([[-0.30217048, -0.95314316, -0.01453001, -0.11581738],
       [ 0.95204313, -0.30251962,  0.04577946,  0.08004607],
       [-0.04802999,  0.        ,  0.99884589,  0.08535687],
       [ 0.        ,  0.        ,  0.        ,  1.        ]])]","[array([[ 0.39845994, -0.91717553,  0.00432708, -0.13108932],
       [ 0.91712145,  0.39848343,  0.00995948,  0.14965871],
       [-0.01085886, -0.        ,  0.99994104,  0.08284931],
       [ 0.        ,  0.        ,  0.        ,  1.        ]])]","[array([[ 0.39845994, -0.91717553,  0.00432708, -0.13108932],
       [ 0.91712145,  0.39848343,  0.00995948,  0.14965871],
       [-0.01085886, -0.        ,  0.99994104,  0.08284931],
       [ 0.        ,  0.        ,  0.        ,  1.        ]])]","[array([[ 0.50220448, -0.86461702,  0.01510173, -0.05637186],
       [ 0.86422637,  0.50243149,  0.02598804,  0.08888341],
       [-0.03005728,  0.        ,  0.99954818,  0.08586328],
       [ 0.        ,  0.        ,  0.        ,  1.        ]])]","[array([[-0.23675089, -0.97153806,  0.00792533, -0.02762397],
       [ 0.97099417, -0.2368835 , -0.03250441,  0.13928724],
       [ 0.03345665, -0.        ,  0.99944017,  0.08273008],
       [ 0.        ,  0.        ,  0.        ,  1.        ]])]","[array([[-0.23675089, -0.97153806,  0.00792533, -0.02762397],
       [ 0.97099417, -0.2368835 , -0.03250441,  0.13928724],
       [ 0.03345665, -0.        ,  0.99944017,  0.08273008],
       [ 0.        ,  0.        ,  0.        ,  1.        ]])]"
3,"[array([[-0.30211463, -0.95316119, -0.01450871, -0.11582084],
       [ 0.95206395, -0.30246281,  0.04572179,  0.08004425],
       [-0.04796858,  0.        ,  0.99884884,  0.0853535 ],
       [ 0.        ,  0.        ,  0.        ,  1.        ]])]","[array([[ 0.39840035, -0.91720189,  0.00422617, -0.13108454],
       [ 0.91715029,  0.39842277,  0.00972899,  0.14965452],
       [-0.01060725, -0.        ,  0.99994374,  0.08283631],
       [ 0.        ,  0.        ,  0.        ,  1.        ]])]","[array([[ 0.39840035, -0.91720189,  0.00422617, -0.13108454],
       [ 0.91715029,  0.39842277,  0.00972899,  0.14965452],
       [-0.01060725, -0.        ,  0.99994374,  0.08283631],
       [ 0.        ,  0.        ,  0.        ,  1.        ]])]","[array([[ 0.50214273, -0.86465174,  0.01516767, -0.05637278],
       [ 0.86425755,  0.50237175,  0.02610567,  0.08887918],
       [-0.03019213,  0.        ,  0.99954411,  0.0858713 ],
       [ 0.        ,  0.        ,  0.        ,  1.        ]])]","[array([[-0.23695149, -0.97148882,  0.00796603, -0.02761391],
       [ 0.97094029, -0.23708536, -0.03264187,  0.13928318],
       [ 0.03359984, -0.        ,  0.99943537,  0.08272353],
       [ 0.        ,  0.        ,  0.        ,  1.        ]])]","[array([[-0.23695149, -0.97148882,  0.00796603, -0.02761391],
       [ 0.97094029, -0.23708536, -0.03264187,  0.13928318],
       [ 0.03359984, -0.        ,  0.99943537,  0.08272353],
       [ 0.        ,  0.        ,  0.        ,  1.        ]])]"
4,"[array([[-0.30211554, -0.95316119, -0.01448986, -0.11581882],
       [ 0.9520668 , -0.30246281,  0.04566239,  0.08004419],
       [-0.04790627,  0.        ,  0.99885184,  0.0853531 ],
       [ 0.        ,  0.        ,  0.        ,  1.        ]])]","[array([[ 0.39839971, -0.91720189,  0.00428625, -0.13108452],
       [ 0.91714881,  0.39842277,  0.0098673 ,  0.14965257],
       [-0.01075805, -0.        ,  0.99994213,  0.08284211],
       [ 0.        ,  0.        ,  0.        ,  1.        ]])]","[array([[ 0.39839971, -0.91720189,  0.00428625, -0.13108452],
       [ 0.91714881,  0.39842277,  0.0098673 ,  0.14965257],
       [-0.01075805, -0.        ,  0.99994213,  0.08284211],
       [ 0.        ,  0.        ,  0.        ,  1.        ]])]","[array([[ 0.50223682, -0.86459649,  0.01520148, -0.0563744 ],
       [ 0.86420072,  0.50246683,  0.02615724,  0.0888803 ],
       [-0.0302537 ,  0.        ,  0.99954225,  0.08586968],
       [ 0.        ,  0.        ,  0.        ,  1.        ]])]","[array([[-0.23682317, -0.9715209 ,  0.00786908, -0.02761744],
       [ 0.97098503, -0.23695387, -0.03226357,  0.13928456],
       [ 0.03320934, -0.        ,  0.99944842,  0.08273894],
       [ 0.        ,  0.        ,  0.        ,  1.        ]])]","[array([[-0.23682317, -0.9715209 ,  0.00786908, -0.02761744],
       [ 0.97098503, -0.23695387, -0.03226357,  0.13928456],
       [ 0.03320934, -0.        ,  0.99944842,  0.08273894],
       [ 0.        ,  0.        ,  0.        ,  1.        ]])]"
5,"[array([[-0.30214979, -0.95314888, -0.01458483, -0.11581891],
       [ 0.95204039, -0.30250159,  0.04595518,  0.08004434],
       [-0.04821406,  0.        ,  0.99883703,  0.085364  ],
       [ 0.        ,  0.        ,  0.        ,  1.        ]])]","[array([[ 0.3984469 , -0.9171811 ,  0.00434628, -0.13108793],
       [ 0.91712654,  0.3984706 ,  0.01000406,  0.14965549],
       [-0.0109074 , -0.        ,  0.99994051,  0.08284986],
       [ 0.        ,  0.        ,  0.        ,  1.        ]])]","[array([[ 0.3984469 , -0.9171811 ,  0.00434628, -0.13108793],
       [ 0.91712654,  0.3984706 ,  0.01000406,  0.14965549],
       [-0.0109074 , -0.        ,  0.99994051,  0.08284986],
       [ 0.        ,  0.        ,  0.        ,  1.        ]])]","[array([[ 0.50240027, -0.86450205,  0.01517171, -0.05637922],
       [ 0.86410813,  0.5026293 ,  0.02609472,  0.08888681],
       [-0.03018469,  0.        ,  0.99954434,  0.08586714],
       [ 0.        ,  0.        ,  0.        ,  1.        ]])]","[array([[-0.23676203, -0.97153497,  0.0079719 , -0.02762457],
       [ 0.97098472, -0.2368962 , -0.03269357,  0.13928636],
       [ 0.03365146, -0.        ,  0.99943363,  0.08271888],
       [ 0.        ,  0.        ,  0.        ,  1.        ]])]","[array([[-0.23676203, -0.97153497,  0.0079719 , -0.02762457],
       [ 0.97098472, -0.2368962 , -0.03269357,  0.13928636],
       [ 0.03365146, -0.        ,  0.99943363,  0.08271888],
       [ 0.        ,  0.        ,  0.        ,  1.        ]])]"
6,"[array([[-0.30207961, -0.95317263, -0.01448641, -0.11582576],
       [ 0.95207849, -0.30242676,  0.04565751,  0.08004534],
       [-0.04790057,  0.        ,  0.99885211,  0.08535397],
       [ 0.        ,  0.        ,  0.        ,  1.        ]])]","[array([[ 0.39844222, -0.91718351,  0.00426659, -0.13108679],
       [ 0.91713093,  0.39846506,  0.00982081,  0.14965333],
       [-0.01070757, -0.        ,  0.99994267,  0.0828405 ],
       [ 0.        ,  0.        ,  0.        ,  1.        ]])]","[array([[ 0.39844222, -0.91718351,  0.00426659, -0.13108679],
       [ 0.91713093,  0.39846506,  0.00982081,  0.14965333],
       [-0.01070757, -0.        ,  0.99994267,  0.0828405 ],
       [ 0.        ,  0.        ,  0.        ,  1.        ]])]","[array([[ 0.50240601, -0.86449755,  0.01523792, -0.05637731],
       [ 0.8641002 ,  0.50263703,  0.02620807,  0.08888906],
       [-0.03031596,  0.        ,  0.99954037,  0.08587408],
       [ 0.        ,  0.        ,  0.        ,  1.        ]])]","[array([[-0.23682161, -0.97152062,  0.00795047, -0.02762048],
       [ 0.97097361, -0.23695503, -0.03259709,  0.13928191],
       [ 0.03355265, -0.        ,  0.99943695,  0.08272303],
       [ 0.        ,  0.        ,  0.        ,  1.        ]])]","[array([[-0.23682161, -0.97152062,  0.00795047, -0.02762048],
       [ 0.97097361, -0.23695503, -0.03259709,  0.13928191],
       [ 0.03355265, -0.        ,  0.99943695,  0.08272303],
       [ 0.        ,  0.        ,  0.        ,  1.        ]])]"
7,"[array([[-0.30201907, -0.95319152, -0.01450554, -0.11582533],
       [ 0.95209403, -0.30236721,  0.04572769,  0.08004367],
       [-0.04797325,  0.        ,  0.99884862,  0.0853566 ],
       [ 0.        ,  0.        ,  0.        ,  1.        ]])]","[array([[ 0.39841808, -0.9171939 ,  0.00428665, -0.13108307],
       [ 0.91714082,  0.39844114,  0.00986767,  0.14965091],
       [-0.01075854, -0.        ,  0.99994213,  0.08284412],
       [ 0.        ,  0.        ,  0.        ,  1.        ]])]","[array([[ 0.39841808, -0.9171939 ,  0.00428665, -0.13108307],
       [ 0.91714082,  0.39844114,  0.00986767,  0.14965091],
       [-0.01075854, -0.        ,  0.99994213,  0.08284412],
       [ 0.        ,  0.        ,  0.        ,  1.        ]])]","[array([[ 0.50220063, -0.86461702,  0.01522932, -0.05637377],
       [ 0.86421974,  0.50243149,  0.02620761,  0.08888056],
       [-0.03031124,  0.        ,  0.99954051,  0.08587297],
       [ 0.        ,  0.        ,  0.        ,  1.        ]])]","[array([[-0.23659714, -0.97157546,  0.00793193, -0.02762937],
       [ 0.97102993, -0.23673006, -0.03255384,  0.13928321],
       [ 0.03350624, -0.        ,  0.99943851,  0.0827265 ],
       [ 0.        ,  0.        ,  0.        ,  1.        ]])]","[array([[-0.23659714, -0.97157546,  0.00793193, -0.02762937],
       [ 0.97102993, -0.23673006, -0.03255384,  0.13928321],
       [ 0.03350624, -0.        ,  0.99943851,  0.0827265 ],
       [ 0.        ,  0.        ,  0.        ,  1.        ]])]"
8,"[array([[-0.30202483, -0.95318978, -0.01450008, -0.11582318],
       [ 0.95209316, -0.3023727 ,  0.04570957,  0.08004062],
       [-0.04795432,  0.        ,  0.99884953,  0.08535618],
       [ 0.        ,  0.        ,  0.        ,  1.        ]])]","[array([[ 0.39859255, -0.917118  ,  0.00430774, -0.13108927],
       [ 0.91706444,  0.39861583,  0.00991105,  0.14965512],
       [-0.01080673, -0.        ,  0.99994161,  0.08284465],
       [ 0.        ,  0.        ,  0.        ,  1.        ]])]","[array([[ 0.39859255, -0.917118  ,  0.00430774, -0.13108927],
       [ 0.91706444,  0.39861583,  0.00991105,  0.14965512],
       [-0.01080673, -0.        ,  0.99994161,  0.08284465],
       [ 0.        ,  0.        ,  0.        ,  1.        ]])]","[array([[ 0.50223124, -0.86460358,  0.01498119, -0.05637134],
       [ 0.86421918,  0.50245463,  0.02577903,  0.08888378],
       [-0.02981601,  0.        ,  0.9995554 ,  0.08585588],
       [ 0.        ,  0.        ,  0.        ,  1.        ]])]","[array([[-0.23676243, -0.97153497,  0.00796005, -0.02762056],
       [ 0.97098635, -0.2368962 , -0.03264497,  0.13928031],
       [ 0.03360144, -0.        ,  0.99943531,  0.08272147],
       [ 0.        ,  0.        ,  0.        ,  1.        ]])]","[array([[-0.23676243, -0.97153497,  0.00796005, -0.02762056],
       [ 0.97098635, -0.2368962 , -0.03264497,  0.13928031],
       [ 0.03360144, -0.        ,  0.99943531,  0.08272147],
       [ 0.        ,  0.        ,  0.        ,  1.        ]])]"
9,"[array([[-0.30234345, -0.95308905, -0.01448079, -0.11581289],
       [ 0.95199776, -0.30269003,  0.0455961 ,  0.08004215],
       [-0.04784034,  0.        ,  0.998855  ,  0.08535162],
       [ 0.        ,  0.        ,  0.        ,  1.        ]])]","[array([[ 0.39844157, -0.91718351,  0.00432668, -0.13108677],
       [ 0.91712944,  0.39846506,  0.00995911,  0.14965238],
       [-0.01085836, -0.        ,  0.99994105,  0.0828473 ],
       [ 0.        ,  0.        ,  0.        ,  1.        ]])]","[array([[ 0.39844157, -0.91718351,  0.00432668, -0.13108677],
       [ 0.91712944,  0.39846506,  0.00995911,  0.14965238],
       [-0.01085836, -0.        ,  0.99994105,  0.0828473 ],
       [ 0.        ,  0.        ,  0.        ,  1.        ]])]","[array([[ 0.50220633, -0.86461254,  0.01529552, -0.05637286],
       [ 0.86421181,  0.5024392 ,  0.02632099,  0.0888808 ],
       [-0.03044253,  0.        ,  0.99953652,  0.08587491],
       [ 0.        ,  0.        ,  0.        ,  1.        ]])]","[array([[-0.23670241, -0.97154959,  0.00795939, -0.02762567],
       [ 0.97100079, -0.2368362 , -0.032651  ,  0.13928468],
       [ 0.03360714, -0.        ,  0.99943512,  0.08272129],
       [ 0.        ,  0.        ,  0.        ,  1.        ]])]","[array([[-0.23670241, -0.97154959,  0.00795939, -0.02762567],
       [ 0.97100079, -0.2368362 , -0.032651  ,  0.13928468],
       [ 0.03360714, -0.        ,  0.99943512,  0.08272129],
       [ 0.        ,  0.        ,  0.        ,  1.        ]])]"
10,"[array([[-0.30203916, -0.95318406, -0.01457716, -0.11582279],
       [ 0.95207589, -0.30239072,  0.04594955,  0.08004581],
       [-0.04820637,  0.        ,  0.9988374 ,  0.08536282],
       [ 0.        ,  0.        ,  0.        ,  1.        ]])]","[array([[ 0.39856864, -0.91712839,  0.00430776, -0.13109456],
       [ 0.91707483,  0.39859192,  0.00991182,  0.14966068],
       [-0.01080745, -0.        ,  0.9999416 ,  0.08284568],
       [ 0.        ,  0.        ,  0.        ,  1.        ]])]","[array([[ 0.39856864, -0.91712839,  0.00430776, -0.13109456],
       [ 0.91707483,  0.39859192,  0.00991182,  0.14966068],
       [-0.01080745, -0.        ,  0.9999416 ,  0.08284568],
       [ 0.        ,  0.        ,  0.        ,  1.        ]])]","[array([[ 0.50230621, -0.8645573 ,  0.0151379 , -0.05637361],
       [ 0.86416496,  0.50253426,  0.02604316,  0.0888867 ],
       [-0.03012312,  0.        ,  0.9995462 ,  0.08586776],
       [ 0.        ,  0.        ,  0.        ,  1.        ]])]","[array([[-0.23685576, -0.97151218,  0.00796465, -0.02762028],
       [ 0.97096338, -0.23698964, -0.03265017,  0.13928976],
       [ 0.03360757, -0.        ,  0.99943511,  0.08272328],
       [ 0.        ,  0.        ,  0.        ,  1.        ]])]","[array([[-0.23685576, -0.97151218,  0.00796465, -0.02762028],
       [ 0.97096338, -0.23698964, -0.03265017,  0.13928976],
       [ 0.03360757, -0.        ,  0.99943511,  0.08272328],
       [ 0.        ,  0.        ,  0.        ,  1.        ]])]"
11,"[array([[-0.3021184 , -0.95316032, -0.01448714, -0.11581875],
       [ 0.95206637, -0.30246554,  0.04565335,  0.08004317],
       [-0.04789682,  0.        ,  0.99885229,  0.08535389],
       [ 0.        ,  0.        ,  0.        ,  1.        ]])]","[array([[ 0.39837513, -0.91721228,  0.00434636, -0.13108378],
       [ 0.91715769,  0.39839884,  0.01000639,  0.14965618],
       [-0.01090957, -0.        ,  0.99994049,  0.08285092],
       [ 0.        ,  0.        ,  0.        ,  1.        ]])]","[array([[ 0.39837513, -0.91721228,  0.00434636, -0.13108378],
       [ 0.91715769,  0.39839884,  0.01000639,  0.14965618],
       [-0.01090957, -0.        ,  0.99994049,  0.08285092],
       [ 0.        ,  0.        ,  0.        ,  1.        ]])]","[array([[ 0.50219966, -0.86461702,  0.01526122, -0.05637475],
       [ 0.86421807,  0.50243149,  0.0262625 ,  0.08888159],
       [-0.03037472,  0.        ,  0.99953858,  0.08587539],
       [ 0.        ,  0.        ,  0.        ,  1.        ]])]","[array([[-0.23663337, -0.97156645,  0.00795474, -0.0276271 ],
       [ 0.97101796, -0.23676703, -0.03264204,  0.13928408],
       [ 0.03359733, -0.        ,  0.99943545,  0.0827246 ],
       [ 0.        ,  0.        ,  0.        ,  1.        ]])]","[array([[-0.23663337, -0.97156645,  0.00795474, -0.0276271 ],
       [ 0.97101796, -0.23676703, -0.03264204,  0.13928408],
       [ 0.03359733, -0.        ,  0.99943545,  0.0827246 ],
       [ 0.        ,  0.        ,  0.        ,  1.        ]])]"
12,"[array([[-0.30196718, -0.95320779, -0.01451646, -0.11582367],
       [ 0.95210826, -0.3023159 ,  0.04577068,  0.08004093],
       [-0.04801753,  0.        ,  0.99884649,  0.08535759],
       [ 0.        ,  0.        ,  0.        ,  1.        ]])]","[array([[ 0.39841786, -0.9171939 ,  0.00430668, -0.13108306],
       [ 0.91714033,  0.39844114,  0.00991378,  0.14965592],
       [-0.01080881, -0.        ,  0.99994158,  0.08284472],
       [ 0.        ,  0.        ,  0.        ,  1.        ]])]","[array([[ 0.39841786, -0.9171939 ,  0.00430668, -0.13108306],
       [ 0.91714033,  0.39844114,  0.00991378,  0.14965592],
       [-0.01080881, -0.        ,  0.99994158,  0.08284472],
       [ 0.        ,  0.        ,  0.        ,  1.        ]])]","[array([[ 0.50224447, -0.864592  ,  0.01520387, -0.05637453],
       [ 0.86419613,  0.50247454,  0.02616082,  0.08888347],
       [-0.03025799,  0.        ,  0.99954212,  0.08587178],
       [ 0.        ,  0.        ,  0.        ,  1.        ]])]","[array([[-0.23681129, -0.97152343,  0.00791414, -0.02761885],
       [ 0.97098135, -0.23694349, -0.03244981,  0.13928382],
       [ 0.03340096, -0.        ,  0.99944203,  0.08273185],
       [ 0.        ,  0.        ,  0.        ,  1.        ]])]","[array([[-0.23681129, -0.97152343,  0.00791414, -0.02761885],
       [ 0.97098135, -0.23694349, -0.03244981,  0.13928382],
       [ 0.03340096, -0.        ,  0.99944203,  0.08273185],
       [ 0.        ,  0.        ,  0.        ,  1.        ]])]"
13,"[array([[-0.30211373, -0.95316119, -0.01452756, -0.11582086],
       [ 0.9520611 , -0.30246281,  0.04578119,  0.08004432],
       [-0.0480309 ,  0.        ,  0.99884585,  0.08535789],
       [ 0.        ,  0.        ,  0.        ,  1.        ]])]","[array([[ 0.39846635, -0.91717312,  0.00424654, -0.13108751],
       [ 0.91712104,  0.39848897,  0.00977395,  0.14965675],
       [-0.0106566 , -0.        ,  0.99994322,  0.08283888],
       [ 0.        ,  0.        ,  0.        ,  1.        ]])]","[array([[ 0.39846635, -0.91717312,  0.00424654, -0.13108751],
       [ 0.91712104,  0.39848897,  0.00977395,  0.14965675],
       [-0.0106566 , -0.        ,  0.99994322,  0.08283888],
       [ 0.        ,  0.        ,  0.        ,  1.        ]])]","[array([[ 0.5023271 , -0.86454573,  0.01510528, -0.05637597],
       [ 0.86415512,  0.50255416,  0.02598567,  0.08888209],
       [-0.03005702,  0.        ,  0.99954819,  0.08586628],
       [ 0.        ,  0.        ,  0.        ,  1.        ]])]","[array([[-0.23672667, -0.97154369,  0.00795933, -0.02762482],
       [ 0.970995  , -0.23686044, -0.03264724,  0.13928553],
       [ 0.03360347, -0.        ,  0.99943524,  0.08272341],
       [ 0.        ,  0.        ,  0.        ,  1.        ]])]","[array([[-0.23672667, -0.97154369,  0.00795933, -0.02762482],
       [ 0.970995  , -0.23686044, -0.03264724,  0.13928553],
       [ 0.03360347, -0.        ,  0.99943524,  0.08272341],
       [ 0.        ,  0.        ,  0.        ,  1.        ]])]"
14,"[array([[-0.30198513, -0.95320208, -0.01451819, -0.11582321],
       [ 0.95210242, -0.30233392,  0.04577313,  0.08004286],
       [-0.04802038,  0.        ,  0.99884636,  0.08535566],
       [ 0.        ,  0.        ,  0.        ,  1.        ]])]","[array([[ 0.39839906, -0.91720189,  0.00434633, -0.1310865 ],
       [ 0.91714731,  0.39842277,  0.01000561,  0.14965862],
       [-0.01090884, -0.        ,  0.9999405 ,  0.0828509 ],
       [ 0.        ,  0.        ,  0.        ,  1.        ]])]","[array([[ 0.39839906, -0.91720189,  0.00434633, -0.1310865 ],
       [ 0.91714731,  0.39842277,  0.01000561,  0.14965862],
       [-0.01090884, -0.        ,  0.9999405 ,  0.0828509 ],
       [ 0.        ,  0.        ,  0.        ,  1.        ]])]","[array([[ 0.50232324, -0.86454573,  0.0152329 , -0.05637888],
       [ 0.86414849,  0.50255416,  0.02620522,  0.08888424],
       [-0.03031097,  0.        ,  0.99954052,  0.08587397],
       [ 0.        ,  0.        ,  0.        ,  1.        ]])]","[array([[-0.23657373, -0.97158108,  0.00794223, -0.0276332 ],
       [ 0.97103402, -0.23670701, -0.03259947,  0.1392874 ],
       [ 0.03355301, -0.        ,  0.99943694,  0.08272501],
       [ 0.        ,  0.        ,  0.        ,  1.        ]])]","[array([[-0.23657373, -0.97158108,  0.00794223, -0.0276332 ],
       [ 0.97103402, -0.23670701, -0.03259947,  0.1392874 ],
       [ 0.03355301, -0.        ,  0.99943694,  0.08272501],
       [ 0.        ,  0.        ,  0.        ,  1.        ]])]"
15,"[array([[-0.30220551, -0.95313171, -0.01455233, -0.11581747],
       [ 0.95202857, -0.30255569,  0.04584375,  0.08004699],
       [-0.04809803,  0.        ,  0.99884262,  0.0853594 ],
       [ 0.        ,  0.        ,  0.        ,  1.        ]])]","[array([[ 0.39831425, -0.91723863,  0.00436561, -0.13108297],
       [ 0.91718354,  0.39833817,  0.01005252,  0.14965609],
       [-0.01095955, -0.        ,  0.99993994,  0.08285251],
       [ 0.        ,  0.        ,  0.        ,  1.        ]])]","[array([[ 0.39831425, -0.91723863,  0.00436561, -0.13108297],
       [ 0.91718354,  0.39833817,  0.01005252,  0.14965609],
       [-0.01095955, -0.        ,  0.99993994,  0.08285251],
       [ 0.        ,  0.        ,  0.        ,  1.        ]])]","[array([[ 0.50228531, -0.86456886,  0.01517052, -0.05637424],
       [ 0.86417479,  0.50251436,  0.02610067,  0.0888863 ],
       [-0.03018923,  0.        ,  0.9995442 ,  0.08586924],
       [ 0.        ,  0.        ,  0.        ,  1.        ]])]","[array([[-0.23676322, -0.97153497,  0.00793635, -0.02762354],
       [ 0.97098962, -0.2368962 , -0.03254778,  0.13928821],
       [ 0.0335014 , -0.        ,  0.99943867,  0.08272866],
       [ 0.        ,  0.        ,  0.        ,  1.        ]])]","[array([[-0.23676322, -0.97153497,  0.00793635, -0.02762354],
       [ 0.97098962, -0.2368962 , -0.03254778,  0.13928821],
       [ 0.0335014 , -0.        ,  0.99943867,  0.08272866],
       [ 0.        ,  0.        ,  0.        ,  1.        ]])]"
16,"[array([[-0.30203991, -0.95318493, -0.01450453, -0.11582078],
       [ 0.95208776, -0.30238798,  0.04572107,  0.08004457],
       [-0.04796664,  0.        ,  0.99884894,  0.08535245],
       [ 0.        ,  0.        ,  0.        ,  1.        ]])]","[array([[ 0.39880422, -0.91702529,  0.00445161, -0.13110259],
       [ 0.91696816,  0.39882907,  0.01023555,  0.14966714],
       [-0.01116169, -0.        ,  0.99993771,  0.08286494],
       [ 0.        ,  0.        ,  0.        ,  1.        ]])]","[array([[ 0.39880422, -0.91702529,  0.00445161, -0.13110259],
       [ 0.91696816,  0.39882907,  0.01023555,  0.14966714],
       [-0.01116169, -0.        ,  0.99993771,  0.08286494],
       [ 0.        ,  0.        ,  0.        ,  1.        ]])]","[array([[ 0.50227206, -0.86457595,  0.01520554, -0.05637101],
       [ 0.86418003,  0.50250217,  0.02616177,  0.08888407],
       [-0.03025965,  0.        ,  0.99954207,  0.08587482],
       [ 0.        ,  0.        ,  0.        ,  1.        ]])]","[array([[-0.23664283, -0.97156393,  0.00798081, -0.02762876],
       [ 0.97101188, -0.23677737, -0.03274749,  0.13928813],
       [ 0.03370595, -0.        ,  0.99943179,  0.08272015],
       [ 0.        ,  0.        ,  0.        ,  1.        ]])]","[array([[-0.23664283, -0.97156393,  0.00798081, -0.02762876],
       [ 0.97101188, -0.23677737, -0.03274749,  0.13928813],
       [ 0.03370595, -0.        ,  0.99943179,  0.08272015],
       [ 0.        ,  0.        ,  0.        ,  1.        ]])]"
17,"[array([[-0.3021326 , -0.95315547, -0.01451044, -0.11582037],
       [ 0.9520581 , -0.30248084,  0.04572424,  0.08004318],
       [-0.04797144,  0.        ,  0.99884871,  0.08535656],
       [ 0.        ,  0.        ,  0.        ,  1.        ]])]","[array([[ 0.3984796 , -0.91716755,  0.00420728, -0.13109091],
       [ 0.91711643,  0.39850181,  0.00968322,  0.14965696],
       [-0.01055775, -0.        ,  0.99994427,  0.08284274],
       [ 0.        ,  0.        ,  0.        ,  1.        ]])]","[array([[ 0.3984796 , -0.91716755,  0.00420728, -0.13109091],
       [ 0.91711643,  0.39850181,  0.00968322,  0.14965696],
       [-0.01055775, -0.        ,  0.99994427,  0.08284274],
       [ 0.        ,  0.        ,  0.        ,  1.        ]])]","[array([[ 0.50241082, -0.86449755,  0.01507834, -0.05637642],
       [ 0.86410848,  0.50263703,  0.0259336 ,  0.08888387],
       [-0.02999847,  0.        ,  0.99954994,  0.08586997],
       [ 0.        ,  0.        ,  0.        ,  1.        ]])]","[array([[-0.23716951, -0.971437  ,  0.00779551, -0.02759727],
       [ 0.97091268, -0.23729759, -0.03191285,  0.13928214],
       [ 0.03285118, -0.        ,  0.99946025,  0.08276033],
       [ 0.        ,  0.        ,  0.        ,  1.        ]])]","[array([[-0.23716951, -0.971437  ,  0.00779551, -0.02759727],
       [ 0.97091268, -0.23729759, -0.03191285,  0.13928214],
       [ 0.03285118, -0.        ,  0.99946025,  0.08276033],
       [ 0.        ,  0.        ,  0.        ,  1.        ]])]"
18,"[array([[-0.30159114, -0.95332903, -0.01437201, -0.11581848],
       [ 0.95224841, -0.30193339,  0.04537839,  0.08004414],
       [-0.04759993,  0.        ,  0.99886648,  0.08535524],
       [ 0.        ,  0.        ,  0.        ,  1.        ]])]","[array([[ 0.39949202, -0.91672524,  0.00457906, -0.13107011],
       [ 0.91666502,  0.39951826,  0.010507  ,  0.14967788],
       [-0.01146145, -0.        ,  0.99993432,  0.08289947],
       [ 0.        ,  0.        ,  0.        ,  1.        ]])]","[array([[ 0.39949202, -0.91672524,  0.00457906, -0.13107011],
       [ 0.91666502,  0.39951826,  0.010507  ,  0.14967788],
       [-0.01146145, -0.        ,  0.99993432,  0.08289947],
       [ 0.        ,  0.        ,  0.        ,  1.        ]])]","[array([[ 0.50275006, -0.86429959,  0.01511925, -0.05637726],
       [ 0.86390903,  0.50297735,  0.02598042,  0.08888836],
       [-0.03005951,  0.        ,  0.99954811,  0.08587233],
       [ 0.        ,  0.        ,  0.        ,  1.        ]])]","[array([[-0.23656938, -0.97158359,  0.0077623 , -0.02759837],
       [ 0.971061  , -0.2366967 , -0.03186238,  0.13927068],
       [ 0.03279427, -0.        ,  0.99946212,  0.08276414],
       [ 0.        ,  0.        ,  0.        ,  1.        ]])]","[array([[-0.23656938, -0.97158359,  0.0077623 , -0.02759837],
       [ 0.971061  , -0.2366967 , -0.03186238,  0.13927068],
       [ 0.03279427, -0.        ,  0.99946212,  0.08276414],
       [ 0.        ,  0.        ,  0.        ,  1.        ]])]"
19,"[array([[-0.30103285, -0.95350704, -0.01426715, -0.11582101],
       [ 0.95243796, -0.30137075,  0.04513983,  0.0800453 ],
       [-0.04734085,  0.        ,  0.99887879,  0.08537044],
       [ 0.        ,  0.        ,  0.        ,  1.        ]])]","[array([[ 0.39985306, -0.91656887,  0.00436325, -0.13103789],
       [ 0.9165143 ,  0.39987687,  0.01000113,  0.14968929],
       [-0.01091148, -0.        ,  0.99994047,  0.08295699],
       [ 0.        ,  0.        ,  0.        ,  1.        ]])]","[array([[ 0.39985306, -0.91656887,  0.00436325, -0.13103789],
       [ 0.9165143 ,  0.39987687,  0.01000113,  0.14968929],
       [-0.01091148, -0.        ,  0.99994047,  0.08295699],
       [ 0.        ,  0.        ,  0.        ,  1.        ]])]","[array([[ 0.50254949, -0.86441466,  0.01520886, -0.05637079],
       [ 0.86401908,  0.50277958,  0.02614817,  0.08888514],
       [-0.03024956,  0.        ,  0.99954238,  0.08587359],
       [ 0.        ,  0.        ,  0.        ,  1.        ]])]","[array([[-0.23671156, -0.97154902,  0.00775483, -0.02758737],
       [ 0.97102808, -0.23683855, -0.03181152,  0.13926978],
       [ 0.0327431 , -0.        ,  0.9994638 ,  0.08275977],
       [ 0.        ,  0.        ,  0.        ,  1.        ]])]","[array([[-0.23671156, -0.97154902,  0.00775483, -0.02758737],
       [ 0.97102808, -0.23683855, -0.03181152,  0.13926978],
       [ 0.0327431 , -0.        ,  0.9994638 ,  0.08275977],
       [ 0.        ,  0.        ,  0.        ,  1.        ]])]"
20,"[array([[-0.30121721, -0.95344836, -0.01429759, -0.11583221],
       [ 0.9523761 , -0.30155634,  0.04520553,  0.08005057],
       [-0.04741266,  0.        ,  0.99887539,  0.08535904],
       [ 0.        ,  0.        ,  0.        ,  1.        ]])]","[array([[ 0.39936595, -0.91678047,  0.00451766, -0.13107235],
       [ 0.91672182,  0.3993915 ,  0.01037002,  0.14968351],
       [-0.01131135, -0.        ,  0.99993602,  0.0829297 ],
       [ 0.        ,  0.        ,  0.        ,  1.        ]])]","[array([[ 0.39936595, -0.91678047,  0.00451766, -0.13107235],
       [ 0.91672182,  0.3993915 ,  0.01037002,  0.14968351],
       [-0.01131135, -0.        ,  0.99993602,  0.0829297 ],
       [ 0.        ,  0.        ,  0.        ,  1.        ]])]","[array([[ 0.50114897, -0.86523034,  0.01503884, -0.05640166],
       [ 0.86484102,  0.50137457,  0.02595278,  0.08887926],
       [-0.02999522,  0.        ,  0.99955004,  0.08588089],
       [ 0.        ,  0.        ,  0.        ,  1.        ]])]","[array([[-0.23839042, -0.97113886,  0.00770148, -0.02768934],
       [ 0.97063248, -0.23851479, -0.03135743,  0.13930831],
       [ 0.03228934, -0.        ,  0.99947856,  0.0827802 ],
       [ 0.        ,  0.        ,  0.        ,  1.        ]])]","[array([[-0.23839042, -0.97113886,  0.00770148, -0.02768934],
       [ 0.97063248, -0.23851479, -0.03135743,  0.13930831],
       [ 0.03228934, -0.        ,  0.99947856,  0.0827802 ],
       [ 0.        ,  0.        ,  0.        ,  1.        ]])]"
21,"[array([[-0.30108697, -0.95348907, -0.01432592, -0.11583759],
       [ 0.95241159, -0.30142759,  0.04531638,  0.08005324],
       [-0.0475269 ,  0.        ,  0.99886996,  0.0853476 ],
       [ 0.        ,  0.        ,  0.        ,  1.        ]])]","[array([[ 0.39933071, -0.91679651,  0.00437632, -0.1310603 ],
       [ 0.91674146,  0.39935469,  0.01004669,  0.14968772],
       [-0.01095847, -0.        ,  0.99993995,  0.08289948],
       [ 0.        ,  0.        ,  0.        ,  1.        ]])]","[array([[ 0.39933071, -0.91679651,  0.00437632, -0.1310603 ],
       [ 0.91674146,  0.39935469,  0.01004669,  0.14968772],
       [-0.01095847, -0.        ,  0.99993995,  0.08289948],
       [ 0.        ,  0.        ,  0.        ,  1.        ]])]","[array([[ 0.50110791, -0.86525354,  0.01507209, -0.05640894],
       [ 0.86486243,  0.50133453,  0.02601292,  0.08888343],
       [-0.03006393,  0.        ,  0.99954798,  0.08588243],
       [ 0.        ,  0.        ,  0.        ,  1.        ]])]","[array([[-0.23836648, -0.97114456,  0.00772384, -0.02771318],
       [ 0.97063513, -0.23849159, -0.03145169,  0.13930954],
       [ 0.03238621, -0.        ,  0.99947543,  0.08278612],
       [ 0.        ,  0.        ,  0.        ,  1.        ]])]","[array([[-0.23836648, -0.97114456,  0.00772384, -0.02771318],
       [ 0.97063513, -0.23849159, -0.03145169,  0.13930954],
       [ 0.03238621, -0.        ,  0.99947543,  0.08278612],
       [ 0.        ,  0.        ,  0.        ,  1.        ]])]"
22,"[array([[-0.30756168, -0.95141651, -0.0145752 , -0.11579598],
       [ 0.95034998, -0.30790684,  0.04503663,  0.07999972],
       [-0.0473364 ,  0.        ,  0.998879  ,  0.08533434],
       [ 0.        ,  0.        ,  0.        ,  1.        ]])]","[array([[ 0.39167071, -0.92009412,  0.00456843, -0.13139955],
       [ 0.92003153,  0.39169735,  0.0107312 ,  0.14949964],
       [-0.01166315, -0.        ,  0.99993198,  0.08287589],
       [ 0.        ,  0.        ,  0.        ,  1.        ]])]","[array([[ 0.39167071, -0.92009412,  0.00456843, -0.13139955],
       [ 0.92003153,  0.39169735,  0.0107312 ,  0.14949964],
       [-0.01166315, -0.        ,  0.99993198,  0.08287589],
       [ 0.        ,  0.        ,  0.        ,  1.        ]])]","[array([[ 0.49425049, -0.8691756 ,  0.01581892, -0.05648014],
       [ 0.86873076,  0.49450357,  0.02780449,  0.08886815],
       [-0.0319895 ,  0.        ,  0.9994882 ,  0.08586656],
       [ 0.        ,  0.        ,  0.        ,  1.        ]])]","[array([[-0.24545629, -0.96938062,  0.00724087, -0.02819947],
       [ 0.9689591 , -0.24556307, -0.02858393,  0.13952861],
       [ 0.02948679, -0.        ,  0.99956517,  0.08266232],
       [ 0.        ,  0.        ,  0.        ,  1.        ]])]","[array([[-0.24545629, -0.96938062,  0.00724087, -0.02819947],
       [ 0.9689591 , -0.24556307, -0.02858393,  0.13952861],
       [ 0.02948679, -0.        ,  0.99956517,  0.08266232],
       [ 0.        ,  0.        ,  0.        ,  1.        ]])]"
23,"[array([[-0.36683038, -0.93004724, -0.02115674, -0.11577829],
       [ 0.92850426, -0.36743997,  0.05355096,  0.07945187],
       [-0.05757875,  0.        ,  0.99834097,  0.08564576],
       [ 0.        ,  0.        ,  0.        ,  1.        ]])]","[array([[ 0.33537608, -0.94206706,  0.00570398, -0.13585226],
       [ 0.94193084,  0.33542458,  0.0160201 ,  0.14777201],
       [-0.01700527, -0.        ,  0.9998554 ,  0.08272777],
       [ 0.        ,  0.        ,  0.        ,  1.        ]])]","[array([[ 0.33537608, -0.94206706,  0.00570398, -0.13585226],
       [ 0.94193084,  0.33542458,  0.0160201 ,  0.14777201],
       [-0.01700527, -0.        ,  0.9998554 ,  0.08272777],
       [ 0.        ,  0.        ,  0.        ,  1.        ]])]","[array([[ 0.42869852, -0.90326397,  0.01821512, -0.05720731],
       [ 0.90244972,  0.42908532,  0.03834451,  0.08853526],
       [-0.04245105,  0.        ,  0.99909855,  0.0859079 ],
       [ 0.        ,  0.        ,  0.        ,  1.        ]])]","[array([[-0.29919488, -0.95417709,  0.00533981, -0.03277454],
       [ 0.95402516, -0.29924253, -0.01702674,  0.14136842],
       [ 0.01784443, -0.        ,  0.99984078,  0.08211455],
       [ 0.        ,  0.        ,  0.        ,  1.        ]])]","[array([[-0.29919488, -0.95417709,  0.00533981, -0.03277454],
       [ 0.95402516, -0.29924253, -0.01702674,  0.14136842],
       [ 0.01784443, -0.        ,  0.99984078,  0.08211455],
       [ 0.        ,  0.        ,  0.        ,  1.        ]])]"
24,"[array([[-0.48834531, -0.87231765, -0.02409955, -0.11522068],
       [ 0.87125738, -0.48893959,  0.04299603,  0.07825515],
       [-0.04928941,  0.        ,  0.99878454,  0.08558708],
       [ 0.        ,  0.        ,  0.        ,  1.        ]])]","[array([[ 0.30394627, -0.9526744 ,  0.00530563, -0.14360353],
       [ 0.95252929,  0.30399258,  0.01662716,  0.14383454],
       [-0.01745315, -0.        ,  0.99984768,  0.08301101],
       [ 0.        ,  0.        ,  0.        ,  1.        ]])]","[array([[ 0.30394627, -0.9526744 ,  0.00530563, -0.14360353],
       [ 0.95252929,  0.30399258,  0.01662716,  0.14383454],
       [-0.01745315, -0.        ,  0.99984768,  0.08301101],
       [ 0.        ,  0.        ,  0.        ,  1.        ]])]","[array([[ 0.30603101, -0.95194046,  0.01242491, -0.05796057],
       [ 0.95115685,  0.30628314,  0.03861713,  0.08721935],
       [-0.04056675,  0.        ,  0.99917683,  0.0858367 ],
       [ 0.        ,  0.        ,  0.        ,  1.        ]])]","[array([[-0.32939664, -0.944169  ,  0.00653915, -0.04060051],
       [ 0.943983  , -0.32946154, -0.01873987,  0.14410424],
       [ 0.019848  , -0.        ,  0.99980301,  0.08204283],
       [ 0.        ,  0.        ,  0.        ,  1.        ]])]","[array([[-0.32939664, -0.944169  ,  0.00653915, -0.04060051],
       [ 0.943983  , -0.32946154, -0.01873987,  0.14410424],
       [ 0.019848  , -0.        ,  0.99980301,  0.08204283],
       [ 0.        ,  0.        ,  0.        ,  1.        ]])]"
25,"[array([[-0.62754784, -0.77819243, -0.02449997, -0.11434087],
       [ 0.77760006, -0.6280259 ,  0.03035813,  0.07691296],
       [-0.03901108,  0.        ,  0.99923878,  0.08550485],
       [ 0.        ,  0.        ,  0.        ,  1.        ]])]","[array([[ 0.24406679, -0.96975328,  0.00315809, -0.15264921],
       [ 0.96967211,  0.24408722,  0.01254702,  0.13736982],
       [-0.01293836, -0.        ,  0.9999163 ,  0.08347844],
       [ 0.        ,  0.        ,  0.        ,  1.        ]])]","[array([[ 0.24406679, -0.96975328,  0.00315809, -0.15264921],
       [ 0.96967211,  0.24408722,  0.01254702,  0.13736982],
       [-0.01293836, -0.        ,  0.9999163 ,  0.08347844],
       [ 0.        ,  0.        ,  0.        ,  1.        ]])]","[array([[ 0.1404231 , -0.99007983,  0.00482456, -0.05851744],
       [ 0.98949599,  0.14050596,  0.03399641,  0.08519928],
       [-0.03433704,  0.        ,  0.99941031,  0.08596415],
       [ 0.        ,  0.        ,  0.        ,  1.        ]])]","[array([[-0.3466925 , -0.93793616,  0.00894834, -0.0510478 ],
       [ 0.9376239 , -0.34680796, -0.02420064,  0.14616395],
       [ 0.02580201, -0.        ,  0.99966707,  0.0829025 ],
       [ 0.        ,  0.        ,  0.        ,  1.        ]])]","[array([[-0.3466925 , -0.93793616,  0.00894834, -0.0510478 ],
       [ 0.9376239 , -0.34680796, -0.02420064,  0.14616395],
       [ 0.02580201, -0.        ,  0.99966707,  0.0829025 ],
       [ 0.        ,  0.        ,  0.        ,  1.        ]])]"
26,"[array([[-0.6732066 , -0.73906014, -0.02414508, -0.11394798],
       [ 0.73858525, -0.67363945,  0.02648994,  0.07644604],
       [-0.03584274,  0.        ,  0.99935744,  0.08551488],
       [ 0.        ,  0.        ,  0.        ,  1.        ]])]","[array([[ 0.24327186, -0.96995567,  0.00219199, -0.15539085],
       [ 0.9699163 ,  0.24328173,  0.00873937,  0.13480943],
       [-0.00901007, -0.        ,  0.99995941,  0.08374252],
       [ 0.        ,  0.        ,  0.        ,  1.        ]])]","[array([[ 0.24327186, -0.96995567,  0.00219199, -0.15539085],
       [ 0.9699163 ,  0.24328173,  0.00873937,  0.13480943],
       [-0.00901007, -0.        ,  0.99995941,  0.08374252],
       [ 0.        ,  0.        ,  0.        ,  1.        ]])]","[array([[ 0.09128825, -0.99582164,  0.00239275, -0.05840777],
       [ 0.99547974,  0.09131961,  0.02609244,  0.08447272],
       [-0.02620192,  0.        ,  0.99965667,  0.08593792],
       [ 0.        ,  0.        ,  0.        ,  1.        ]])]","[array([[-0.34115911, -0.93993141,  0.01180724, -0.0539962 ],
