,LP,LD1,LD2,RP,RD1,RD2
0,"[array([[-0.2467017 , -0.96905263, -0.00867569, -0.06609486],
       [ 0.96845398, -0.2468542 ,  0.03405736,  0.15875866],
       [-0.035145  ,  0.        ,  0.99938222,  0.08604325],
       [ 0.        ,  0.        ,  0.        ,  1.        ]])]","[array([[ 4.38384261e-01, -8.98787157e-01, -9.41099160e-04,
        -7.72791617e-02],
       [ 8.98785086e-01,  4.38385271e-01, -1.92946227e-03,
         2.28923368e-01],
       [ 2.14673992e-03, -0.00000000e+00,  9.99997696e-01,
         8.45197337e-02],
       [ 0.00000000e+00,  0.00000000e+00,  0.00000000e+00,
         1.00000000e+00]])]","[array([[ 4.38384261e-01, -8.98787157e-01, -9.41099160e-04,
        -7.72791617e-02],
       [ 8.98785086e-01,  4.38385271e-01, -1.92946227e-03,
         2.28923368e-01],
       [ 2.14673992e-03, -0.00000000e+00,  9.99997696e-01,
         8.45197337e-02],
       [ 0.00000000e+00,  0.00000000e+00,  0.00000000e+00,
         1.00000000e+00]])]","[array([[ 0.53065483, -0.84742147,  0.01680198, -0.00706053],
       [ 0.84699701,  0.53092076,  0.02681824,  0.17840919],
       [-0.03164688,  0.        ,  0.99949911,  0.08608689],
       [ 0.        ,  0.        ,  0.        ,  1.        ]])]","[array([[ 0.11682694, -0.99314683, -0.00329173,  0.02520813],
       [ 0.99275284,  0.1168733 , -0.02797196,  0.23130047],
       [ 0.02816498,  0.        ,  0.99960329,  0.08282135],
       [ 0.        ,  0.        ,  0.        ,  1.        ]])]","[array([[ 0.11682694, -0.99314683, -0.00329173,  0.02520813],
       [ 0.99275284,  0.1168733 , -0.02797196,  0.23130047],
       [ 0.02816498,  0.        ,  0.99960329,  0.08282135],
       [ 0.        ,  0.        ,  0.        ,  1.        ]])]"
1,"[array([[-0.24630179, -0.96915336, -0.00878619, -0.06610896],
       [ 0.96853731, -0.24645845,  0.03455009,  0.1587573 ],
       [-0.03564976,  0.        ,  0.99936435,  0.08605955],
       [ 0.        ,  0.        ,  0.        ,  1.        ]])]","[array([[ 0.43774041, -0.89910074, -0.00109283, -0.0772531 ],
       [ 0.89909794,  0.43774178, -0.00224463,  0.22890752],
       [ 0.00249652, -0.        ,  0.99999688,  0.08450561],
       [ 0.        ,  0.        ,  0.        ,  1.        ]])]","[array([[ 0.43774041, -0.89910074, -0.00109283, -0.0772531 ],
       [ 0.89909794,  0.43774178, -0.00224463,  0.22890752],
       [ 0.00249652, -0.        ,  0.99999688,  0.08450561],
       [ 0.        ,  0.        ,  0.        ,  1.        ]])]","[array([[ 0.53045831, -0.84754262,  0.01689643, -0.00705421],
       [ 0.847113  ,  0.53072734,  0.02698267,  0.17840287],
       [-0.03183636,  0.        ,  0.99949309,  0.08608913],
       [ 0.        ,  0.        ,  0.        ,  1.        ]])]","[array([[ 0.11760234, -0.99305503, -0.00337636,  0.02516674],
       [ 0.99264601,  0.1176508 , -0.02849887,  0.23130056],
       [ 0.02869818,  0.        ,  0.99958812,  0.0827944 ],
       [ 0.        ,  0.        ,  0.        ,  1.        ]])]","[array([[ 0.11760234, -0.99305503, -0.00337636,  0.02516674],
       [ 0.99264601,  0.1176508 , -0.02849887,  0.23130056],
       [ 0.02869818,  0.        ,  0.99958812,  0.0827944 ],
       [ 0.        ,  0.        ,  0.        ,  1.        ]])]"
2,"[array([[-0.24644792, -0.96911618, -0.00878993, -0.06610526],
       [ 0.96850036, -0.24660462,  0.03454299,  0.15875546],
       [-0.03564381,  0.        ,  0.99936456,  0.08605342],
       [ 0.        ,  0.        ,  0.        ,  1.        ]])]","[array([[ 0.43812232, -0.89891475, -0.00104999, -0.07726641],
       [ 0.89891217,  0.43812358, -0.00215431,  0.22891515],
       [ 0.00239657, -0.        ,  0.99999713,  0.08450479],
       [ 0.        ,  0.        ,  0.        ,  1.        ]])]","[array([[ 0.43812232, -0.89891475, -0.00104999, -0.07726641],
       [ 0.89891217,  0.43812358, -0.00215431,  0.22891515],
       [ 0.00239657, -0.        ,  0.99999713,  0.08450479],
       [ 0.        ,  0.        ,  0.        ,  1.        ]])]","[array([[ 0.5306139 , -0.84744652,  0.01683101, -0.00706184],
       [ 0.84702051,  0.53088077,  0.0268674 ,  0.17840331],
       [-0.03170394,  0.        ,  0.9994973 ,  0.08608217],
       [ 0.        ,  0.        ,  0.        ,  1.        ]])]","[array([[ 0.11893085, -0.99289697, -0.00332452,  0.02512867],
       [ 0.99250928,  0.11897731, -0.02774402,  0.23132214],
       [ 0.02794249,  0.        ,  0.99960953,  0.08281343],
       [ 0.        ,  0.        ,  0.        ,  1.        ]])]","[array([[ 0.11893085, -0.99289697, -0.00332452,  0.02512867],
       [ 0.99250928,  0.11897731, -0.02774402,  0.23132214],
       [ 0.02794249,  0.        ,  0.99960953,  0.08281343],
       [ 0.        ,  0.        ,  0.        ,  1.        ]])]"
3,"[array([[-0.24623152, -0.96917207, -0.00869099, -0.06610975],
       [ 0.96856893, -0.24638486,  0.03418661,  0.15875743],
       [-0.03527404,  0.        ,  0.99937768,  0.08604614],
       [ 0.        ,  0.        ,  0.        ,  1.        ]])]","[array([[ 4.38324307e-01, -8.98816420e-01, -9.19066293e-04,
        -7.72753869e-02],
       [ 8.98814444e-01,  4.38325270e-01, -1.88460929e-03,
         2.28917164e-01],
       [ 2.09676776e-03, -0.00000000e+00,  9.99997802e-01,
         8.45203228e-02],
       [ 0.00000000e+00,  0.00000000e+00,  0.00000000e+00,
         1.00000000e+00]])]","[array([[ 4.38324307e-01, -8.98816420e-01, -9.19066293e-04,
        -7.72753869e-02],
       [ 8.98814444e-01,  4.38325270e-01, -1.88460929e-03,
         2.28917164e-01],
       [ 2.09676776e-03, -0.00000000e+00,  9.99997802e-01,
         8.45203228e-02],
       [ 0.00000000e+00,  0.00000000e+00,  0.00000000e+00,
         1.00000000e+00]])]","[array([[ 0.53064389, -0.8474249 ,  0.01697353, -0.00705932],
       [ 0.84699171,  0.53091528,  0.02709244,  0.17841026],
       [-0.03197031,  0.        ,  0.99948882,  0.08609114],
       [ 0.        ,  0.        ,  0.        ,  1.        ]])]","[array([[ 0.11832856, -0.99296743, -0.0037463 ,  0.02515085],
       [ 0.99247015,  0.11838785, -0.03142173,  0.23132228],
       [ 0.03164427,  0.        ,  0.99949919,  0.08269971],
       [ 0.        ,  0.        ,  0.        ,  1.        ]])]","[array([[ 0.11832856, -0.99296743, -0.0037463 ,  0.02515085],
       [ 0.99247015,  0.11838785, -0.03142173,  0.23132228],
       [ 0.03164427,  0.        ,  0.99949919,  0.08269971],
       [ 0.        ,  0.        ,  0.        ,  1.        ]])]"
4,"[array([[-0.24627528, -0.96916095, -0.00869187, -0.06610964],
       [ 0.96855791, -0.24642861,  0.03418363,  0.15875018],
       [-0.03527136,  0.        ,  0.99937777,  0.08604908],
       [ 0.        ,  0.        ,  0.        ,  1.        ]])]","[array([[ 4.38002556e-01, -8.98973235e-01, -9.40317710e-04,
        -7.72768608e-02],
       [ 8.98971163e-01,  4.38003565e-01, -1.92993967e-03,
         2.28907733e-01],
       [ 2.14682661e-03, -0.00000000e+00,  9.99997696e-01,
         8.45277309e-02],
       [ 0.00000000e+00,  0.00000000e+00,  0.00000000e+00,
         1.00000000e+00]])]","[array([[ 4.38002556e-01, -8.98973235e-01, -9.40317710e-04,
        -7.72768608e-02],
       [ 8.98971163e-01,  4.38003565e-01, -1.92993967e-03,
         2.28907733e-01],
       [ 2.14682661e-03, -0.00000000e+00,  9.99997696e-01,
         8.45277309e-02],
       [ 0.00000000e+00,  0.00000000e+00,  0.00000000e+00,
         1.00000000e+00]])]","[array([[ 0.53053116, -0.84749629,  0.01693268, -0.00706043],
       [ 0.84706497,  0.53080131,  0.02703532,  0.17840361],
       [-0.03190023,  0.        ,  0.99949106,  0.08609457],
       [ 0.        ,  0.        ,  0.        ,  1.        ]])]","[array([[ 0.11840476, -0.99296009, -0.00325251,  0.02514953],
       [ 0.99258567,  0.11844943, -0.02726577,  0.23132346],
       [ 0.02745908,  0.        ,  0.99962293,  0.0828418 ],
       [ 0.        ,  0.        ,  0.        ,  1.        ]])]","[array([[ 0.11840476, -0.99296009, -0.00325251,  0.02514953],
       [ 0.99258567,  0.11844943, -0.02726577,  0.23132346],
       [ 0.02745908,  0.        ,  0.99962293,  0.0828418 ],
       [ 0.        ,  0.        ,  0.        ,  1.        ]])]"
5,"[array([[-0.24625876, -0.96916474, -0.00873691, -0.06611105],
       [ 0.96855536, -0.2464137 ,  0.03436296,  0.1587534 ],
       [-0.03545627,  0.        ,  0.99937123,  0.08605022],
       [ 0.        ,  0.        ,  0.        ,  1.        ]])]","[array([[ 0.43820189, -0.89887591, -0.00109401, -0.07726676],
       [ 0.89887311,  0.43820326, -0.00224413,  0.22891475],
       [ 0.00249659, -0.        ,  0.99999688,  0.08449861],
       [ 0.        ,  0.        ,  0.        ,  1.        ]])]","[array([[ 0.43820189, -0.89887591, -0.00109401, -0.07726676],
       [ 0.89887311,  0.43820326, -0.00224413,  0.22891475],
       [ 0.00249659, -0.        ,  0.99999688,  0.08449861],
       [ 0.        ,  0.        ,  0.        ,  1.        ]])]","[array([[ 0.5308401 , -0.8473041 ,  0.01686896, -0.00706764],
       [ 0.8468766 ,  0.53110806,  0.02691193,  0.17840855],
       [-0.03176183,  0.        ,  0.99949547,  0.08608346],
       [ 0.        ,  0.        ,  0.        ,  1.        ]])]","[array([[ 0.11864539, -0.99293128, -0.0032767 ,  0.02514027],
       [ 0.99255283,  0.11869063, -0.02741195,  0.23132582],
       [ 0.0276071 ,  0.        ,  0.99961885,  0.08283009],
       [ 0.        ,  0.        ,  0.        ,  1.        ]])]","[array([[ 0.11864539, -0.99293128, -0.0032767 ,  0.02514027],
       [ 0.99255283,  0.11869063, -0.02741195,  0.23132582],
       [ 0.0276071 ,  0.        ,  0.99961885,  0.08283009],
       [ 0.        ,  0.        ,  0.        ,  1.        ]])]"
6,"[array([[-0.24617125, -0.96918699, -0.00873513, -0.06611627],
       [ 0.9685774 , -0.24632618,  0.03436897,  0.15875591],
       [-0.03546165,  0.        ,  0.99937104,  0.08604834],
       [ 0.        ,  0.        ,  0.        ,  1.        ]])]","[array([[ 0.43806334, -0.8989435 , -0.00104971, -0.07726366],
       [ 0.89894092,  0.4380646 , -0.00215409,  0.22891197],
       [ 0.00239624, -0.        ,  0.99999713,  0.0845078 ],
       [ 0.        ,  0.        ,  0.        ,  1.        ]])]","[array([[ 0.43806334, -0.8989435 , -0.00104971, -0.07726366],
       [ 0.89894092,  0.4380646 , -0.00215409,  0.22891197],
       [ 0.00239624, -0.        ,  0.99999713,  0.0845078 ],
       [ 0.        ,  0.        ,  0.        ,  1.        ]])]","[array([[ 0.53055564, -0.84748565,  0.01669682, -0.00705988],
       [ 0.84706629,  0.53081831,  0.02665755,  0.17840273],
       [-0.03145487,  0.        ,  0.99950517,  0.08607659],
       [ 0.        ,  0.        ,  0.        ,  1.        ]])]","[array([[ 0.11729153, -0.99309187, -0.00335092,  0.02518312],
       [ 0.99268684,  0.11733939, -0.02836022,  0.23130297],
       [ 0.0285575 ,  0.        ,  0.99959215,  0.08280187],
       [ 0.        ,  0.        ,  0.        ,  1.        ]])]","[array([[ 0.11729153, -0.99309187, -0.00335092,  0.02518312],
       [ 0.99268684,  0.11733939, -0.02836022,  0.23130297],
       [ 0.0285575 ,  0.        ,  0.99959215,  0.08280187],
       [ 0.        ,  0.        ,  0.        ,  1.        ]])]"
7,"[array([[-0.24643737, -0.96911997, -0.00866588, -0.06610954],
       [ 0.96852135, -0.24658969,  0.0340577 ,  0.15875516],
       [-0.03514292,  0.        ,  0.9993823 ,  0.0860432 ],
       [ 0.        ,  0.        ,  0.        ,  1.        ]])]","[array([[ 4.38143250e-01, -8.98904671e-01, -9.40600256e-04,
        -7.72690264e-02],
       [ 8.98902600e-01,  4.38144260e-01, -1.92975246e-03,
         2.28915546e-01],
       [ 2.14678210e-03, -0.00000000e+00,  9.99997696e-01,
         8.45167323e-02],
       [ 0.00000000e+00,  0.00000000e+00,  0.00000000e+00,
         1.00000000e+00]])]","[array([[ 4.38143250e-01, -8.98904671e-01, -9.40600256e-04,
        -7.72690264e-02],
       [ 8.98902600e-01,  4.38144260e-01, -1.92975246e-03,
         2.28915546e-01],
       [ 2.14678210e-03, -0.00000000e+00,  9.99997696e-01,
         8.45167323e-02],
       [ 0.00000000e+00,  0.00000000e+00,  0.00000000e+00,
         1.00000000e+00]])]","[array([[ 0.53077498, -0.84735005,  0.01660768, -0.00706659],
       [ 0.84693556,  0.53103474,  0.02650019,  0.17841158],
       [-0.03127419,  0.        ,  0.99951084,  0.08606854],
       [ 0.        ,  0.        ,  0.        ,  1.        ]])]","[array([[ 0.11856651, -0.99294072, -0.00327373,  0.02514265],
       [ 0.99256244,  0.11861169, -0.02740556,  0.23132143],
       [ 0.0276004 ,  0.        ,  0.99961904,  0.08283131],
       [ 0.        ,  0.        ,  0.        ,  1.        ]])]","[array([[ 0.11856651, -0.99294072, -0.00327373,  0.02514265],
       [ 0.99256244,  0.11861169, -0.02740556,  0.23132143],
       [ 0.0276004 ,  0.        ,  0.99961904,  0.08283131],
       [ 0.        ,  0.        ,  0.        ,  1.        ]])]"
8,"[array([[-0.24634881, -0.96914223, -0.00869486, -0.06612678],
       [ 0.96853915, -0.24650221,  0.03418451,  0.15875876],
       [-0.03527295,  0.        ,  0.99937772,  0.08604711],
       [ 0.        ,  0.        ,  0.        ,  1.        ]])]","[array([[ 4.38284064e-01, -8.98836088e-01, -8.75240021e-04,
        -7.72781956e-02],
       [ 8.98834296e-01,  4.38284938e-01, -1.79494491e-03,
         2.28920352e-01],
       [ 1.99696578e-03, -0.00000000e+00,  9.99998006e-01,
         8.45234965e-02],
       [ 0.00000000e+00,  0.00000000e+00,  0.00000000e+00,
         1.00000000e+00]])]","[array([[ 4.38284064e-01, -8.98836088e-01, -8.75240021e-04,
        -7.72781956e-02],
       [ 8.98834296e-01,  4.38284938e-01, -1.79494491e-03,
         2.28920352e-01],
       [ 1.99696578e-03, -0.00000000e+00,  9.99998006e-01,
         8.45234965e-02],
       [ 0.00000000e+00,  0.00000000e+00,  0.00000000e+00,
         1.00000000e+00]])]","[array([[ 0.53091692, -0.84726114,  0.01660666, -0.00708298],
       [ 0.84684697,  0.53117657,  0.0264887 ,  0.17841782],
       [-0.03126391,  0.        ,  0.99951116,  0.08607431],
       [ 0.        ,  0.        ,  0.        ,  1.        ]])]","[array([[ 0.11875863, -0.9929178 , -0.00326094,  0.02512886],
       [ 0.99254369,  0.1188034 , -0.02725383,  0.23132166],
       [ 0.02744822,  0.        ,  0.99962323,  0.08284915],
       [ 0.        ,  0.        ,  0.        ,  1.        ]])]","[array([[ 0.11875863, -0.9929178 , -0.00326094,  0.02512886],
       [ 0.99254369,  0.1188034 , -0.02725383,  0.23132166],
       [ 0.02744822,  0.        ,  0.99962323,  0.08284915],
       [ 0.        ,  0.        ,  0.        ,  1.        ]])]"
9,"[array([[-0.22501334, -0.97432382, -0.00787951, -0.06961263],
       [ 0.97372698, -0.22515126,  0.03409795,  0.16908042],
       [-0.03499653,  0.        ,  0.99938743,  0.08604392],
       [ 0.        ,  0.        ,  0.        ,  1.        ]])]","[array([[ 4.58440463e-01, -8.88724992e-01, -4.80618887e-04,
        -7.92226692e-02],
       [ 8.88724504e-01,  4.58440715e-01, -9.31719201e-04,
         2.39482544e-01],
       [ 1.04837741e-03, -0.00000000e+00,  9.99999450e-01,
         8.45606616e-02],
       [ 0.00000000e+00,  0.00000000e+00,  0.00000000e+00,
         1.00000000e+00]])]","[array([[ 4.58440463e-01, -8.88724992e-01, -4.80618887e-04,
        -7.92226692e-02],
       [ 8.88724504e-01,  4.58440715e-01, -9.31719201e-04,
         2.39482544e-01],
       [ 1.04837741e-03, -0.00000000e+00,  9.99999450e-01,
         8.45606616e-02],
       [ 0.00000000e+00,  0.00000000e+00,  0.00000000e+00,
         1.00000000e+00]])]","[array([[ 0.55003211, -0.83500322,  0.01530696, -0.01015537],
       [ 0.83468007,  0.55024506,  0.02322849,  0.18747259],
       [-0.02781844,  0.        ,  0.99961299,  0.08593113],
       [ 0.        ,  0.        ,  0.        ,  1.        ]])]","[array([[ 0.15140444, -0.98844766, -0.00692284,  0.02269618],
       [ 0.987416  ,  0.15156263, -0.04514878,  0.23967716],
       [ 0.04567645,  0.        ,  0.99895629,  0.08210049],
       [ 0.        ,  0.        ,  0.        ,  1.        ]])]","[array([[ 0.15140444, -0.98844766, -0.00692284,  0.02269618],
       [ 0.987416  ,  0.15156263, -0.04514878,  0.23967716],
       [ 0.04567645,  0.        ,  0.99895629,  0.08210049],
       [ 0.        ,  0.        ,  0.        ,  1.        ]])]"
10,"[array([[-0.18829244, -0.9820909 , -0.00659003, -0.07850453],
       [ 0.98148995, -0.18840773,  0.03435109,  0.19134349],
       [-0.0349775 ,  0.        ,  0.9993881 ,  0.0860025 ],
       [ 0.        ,  0.        ,  0.        ,  1.        ]])]","[array([[ 4.92704463e-01, -8.70196283e-01, -8.60844180e-04,
        -8.55068852e-02],
       [ 8.70194955e-01,  4.92705215e-01, -1.52038863e-03,
         2.62103974e-01],
       [ 1.74717895e-03, -0.00000000e+00,  9.99998474e-01,
         8.45004397e-02],
       [ 0.00000000e+00,  0.00000000e+00,  0.00000000e+00,
         1.00000000e+00]])]","[array([[ 4.92704463e-01, -8.70196283e-01, -8.60844180e-04,
        -8.55068852e-02],
       [ 8.70194955e-01,  4.92705215e-01, -1.52038863e-03,
         2.62103974e-01],
       [ 1.74717895e-03, -0.00000000e+00,  9.99998474e-01,
         8.45004397e-02],
       [ 0.00000000e+00,  0.00000000e+00,  0.00000000e+00,
         1.00000000e+00]])]","[array([[ 0.58735431, -0.80906377,  0.02075397, -0.01869818],
       [ 0.80855917,  0.58772086,  0.02857017,  0.2075773 ],
       [-0.03531264,  0.        ,  0.99937631,  0.086192  ],
       [ 0.        ,  0.        ,  0.        ,  1.        ]])]","[array([[ 0.18951538, -0.98184332, -0.00822346,  0.01636207],
       [ 0.98092028,  0.18969371, -0.04256416,  0.25836502],
       [ 0.04335128,  0.        ,  0.99905989,  0.08217643],
       [ 0.        ,  0.        ,  0.        ,  1.        ]])]","[array([[ 0.18951538, -0.98184332, -0.00822346,  0.01636207],
       [ 0.98092028,  0.18969371, -0.04256416,  0.25836502],
       [ 0.04335128,  0.        ,  0.99905989,  0.08217643],
       [ 0.        ,  0.        ,  0.        ,  1.        ]])]"
11,"[array([[-0.1788414 , -0.98385793, -0.00627134, -0.09450634],
       [ 0.98325358, -0.17895133,  0.03447924,  0.20247455],
       [-0.03504493,  0.        ,  0.99938574,  0.08589301],
       [ 0.        ,  0.        ,  0.        ,  1.        ]])]","[array([[ 0.49983683, -0.86611825, -0.00152234, -0.10081534],
       [ 0.86611423,  0.49983915, -0.0026379 ,  0.27326684],
       [ 0.00304565, -0.        ,  0.99999536,  0.08432715],
       [ 0.        ,  0.        ,  0.        ,  1.        ]])]","[array([[ 0.49983683, -0.86611825, -0.00152234, -0.10081534],
       [ 0.86611423,  0.49983915, -0.0026379 ,  0.27326684],
       [ 0.00304565, -0.        ,  0.99999536,  0.08432715],
       [ 0.        ,  0.        ,  0.        ,  1.        ]])]","[array([[ 0.58977193, -0.80746934,  0.01274087, -0.03420718],
       [ 0.80728099,  0.58990953,  0.01743972,  0.21815035],
       [-0.021598  ,  0.        ,  0.99976674,  0.0855578 ],
       [ 0.        ,  0.        ,  0.        ,  1.        ]])]","[array([[ 0.19712789, -0.98034204, -0.00837116,  0.00109563],
       [ 0.9794593 ,  0.19730556, -0.04159334,  0.26865115],
       [ 0.04242738,  0.        ,  0.99909955,  0.08212081],
       [ 0.        ,  0.        ,  0.        ,  1.        ]])]","[array([[ 0.19712789, -0.98034204, -0.00837116,  0.00109563],
       [ 0.9794593 ,  0.19730556, -0.04159334,  0.26865115],
       [ 0.04242738,  0.        ,  0.99909955,  0.08212081],
       [ 0.        ,  0.        ,  0.        ,  1.        ]])]"
12,"[array([[-0.1765866 , -0.98426564, -0.00618973, -0.09585948],
       [ 0.98366154, -0.17669505,  0.03447941,  0.20302508],
       [-0.03503059,  0.        ,  0.99938624,  0.08588169],
       [ 0.        ,  0.        ,  0.        ,  1.        ]])]","[array([[ 0.50191775, -0.86491413, -0.00145374, -0.1020261 ],
       [ 0.8649105 ,  0.50191986, -0.0025051 ,  0.27384449],
       [ 0.00289635, -0.        ,  0.99999581,  0.0843349 ],
       [ 0.        ,  0.        ,  0.        ,  1.        ]])]","[array([[ 0.50191775, -0.86491413, -0.00145374, -0.1020261 ],
       [ 0.8649105 ,  0.50191986, -0.0025051 ,  0.27384449],
       [ 0.00289635, -0.        ,  0.99999581,  0.0843349 ],
       [ 0.        ,  0.        ,  0.        ,  1.        ]])]","[array([[ 0.5912048 , -0.80641108,  0.01334369, -0.03550789],
       [ 0.80620575,  0.59135537,  0.01819633,  0.21859227],
       [-0.02256458,  0.        ,  0.99974539,  0.08556845],
       [ 0.        ,  0.        ,  0.        ,  1.        ]])]","[array([[ 1.96542478e-01, -9.80469222e-01, -7.15253150e-03,
         1.04973925e-05],
       [ 9.79820618e-01,  1.96672582e-01, -3.56574207e-02,
         2.68933952e-01],
       [ 3.63677104e-02,  0.00000000e+00,  9.99338476e-01,
         8.24335068e-02],
       [ 0.00000000e+00,  0.00000000e+00,  0.00000000e+00,
         1.00000000e+00]])]","[array([[ 1.96542478e-01, -9.80469222e-01, -7.15253150e-03,
         1.04973925e-05],
       [ 9.79820618e-01,  1.96672582e-01, -3.56574207e-02,
         2.68933952e-01],
       [ 3.63677104e-02,  0.00000000e+00,  9.99338476e-01,
         8.24335068e-02],
       [ 0.00000000e+00,  0.00000000e+00,  0.00000000e+00,
         1.00000000e+00]])]"
13,"[array([[-0.17735187, -0.98412737, -0.0062947 , -0.09464277],
       [ 0.98350809, -0.17746355,  0.03490737,  0.20314277],
       [-0.03547037,  0.        ,  0.99937073,  0.08590654],
       [ 0.        ,  0.        ,  0.        ,  1.        ]])]","[array([[ 5.01620190e-01, -8.65087545e-01, -8.51855823e-04,
        -1.00861416e-01],
       [ 8.65086297e-01,  5.01620913e-01, -1.46909717e-03,
         2.73966550e-01],
       [ 1.69820636e-03, -0.00000000e+00,  9.99998558e-01,
         8.43999970e-02],
       [ 0.00000000e+00,  0.00000000e+00,  0.00000000e+00,
         1.00000000e+00]])]","[array([[ 5.01620190e-01, -8.65087545e-01, -8.51855823e-04,
        -1.00861416e-01],
       [ 8.65086297e-01,  5.01620913e-01, -1.46909717e-03,
         2.73966550e-01],
       [ 1.69820636e-03, -0.00000000e+00,  9.99998558e-01,
         8.43999970e-02],
       [ 0.00000000e+00,  0.00000000e+00,  0.00000000e+00,
         1.00000000e+00]])]","[array([[ 0.5934678 , -0.80468478,  0.01668478, -0.03442526],
       [ 0.80436695,  0.59370229,  0.022614  ,  0.21877529],
       [-0.02810293,  0.        ,  0.99960503,  0.08579251],
       [ 0.        ,  0.        ,  0.        ,  1.        ]])]","[array([[ 0.19544112, -0.98068282, -0.0079981 ,  0.00122758],
       [ 0.97986267,  0.19560471, -0.04009925,  0.26914393],
       [ 0.04088912,  0.        ,  0.99916369,  0.08223773],
       [ 0.        ,  0.        ,  0.        ,  1.        ]])]","[array([[ 0.19544112, -0.98068282, -0.0079981 ,  0.00122758],
       [ 0.97986267,  0.19560471, -0.04009925,  0.26914393],
       [ 0.04088912,  0.        ,  0.99916369,  0.08223773],
       [ 0.        ,  0.        ,  0.        ,  1.        ]])]"
14,"[array([[-0.17936992, -0.98376294, -0.00607587, -0.07700342],
       [ 0.98319903, -0.17947279,  0.03330428,  0.20486884],
       [-0.03385397,  0.        ,  0.99942679,  0.08598633],
       [ 0.        ,  0.        ,  0.        ,  1.        ]])]","[array([[ 0.49984269, -0.86611492, -0.00149757, -0.08332851],
       [ 0.86611103,  0.49984493, -0.00259493,  0.27566797],
       [ 0.00299606, -0.        ,  0.99999551,  0.08449473],
       [ 0.        ,  0.        ,  0.        ,  1.        ]])]","[array([[ 0.49984269, -0.86611492, -0.00149757, -0.08332851],
       [ 0.86611103,  0.49984493, -0.00259493,  0.27566797],
       [ 0.00299606, -0.        ,  0.99999551,  0.08449473],
       [ 0.        ,  0.        ,  0.        ,  1.        ]])]","[array([[ 0.59138444, -0.80622296,  0.01640074, -0.01680424],
       [ 0.8059131 ,  0.59161181,  0.02235023,  0.2206691 ],
       [-0.02772214,  0.        ,  0.99961567,  0.08590798],
       [ 0.        ,  0.        ,  0.        ,  1.        ]])]","[array([[ 0.18895341, -0.98195762, -0.00747272,  0.01895336],
       [ 0.98119061,  0.18910112, -0.03880408,  0.27111628],
       [ 0.03951706,  0.        ,  0.9992189 ,  0.08244536],
       [ 0.        ,  0.        ,  0.        ,  1.        ]])]","[array([[ 0.18895341, -0.98195762, -0.00747272,  0.01895336],
       [ 0.98119061,  0.18910112, -0.03880408,  0.27111628],
       [ 0.03951706,  0.        ,  0.9992189 ,  0.08244536],
       [ 0.        ,  0.        ,  0.        ,  1.        ]])]"
15,"[array([[-0.18050805, -0.98355417, -0.00616706, -0.07619755],
       [ 0.98298065, -0.18061336,  0.03358357,  0.20494776],
       [-0.03414512,  0.        ,  0.99941689,  0.08600285],
       [ 0.        ,  0.        ,  0.        ,  1.        ]])]","[array([[ 0.49877561, -0.86673039, -0.00114564, -0.08260635],
       [ 0.86672811,  0.49877693, -0.00199079,  0.27573354],
       [ 0.00229689, -0.        ,  0.99999736,  0.08453096],
       [ 0.        ,  0.        ,  0.        ,  1.        ]])]","[array([[ 0.49877561, -0.86673039, -0.00114564, -0.08260635],
       [ 0.86672811,  0.49877693, -0.00199079,  0.27573354],
       [ 0.00229689, -0.        ,  0.99999736,  0.08453096],
       [ 0.        ,  0.        ,  0.        ,  1.        ]])]","[array([[ 0.5919662 , -0.80580627,  0.01588277, -0.01607657],
       [ 0.80551639,  0.59217924,  0.02161244,  0.22080702],
       [-0.02682089,  0.        ,  0.99964026,  0.08589079],
       [ 0.        ,  0.        ,  0.        ,  1.        ]])]","[array([[ 0.19305443, -0.981145  , -0.00919162,  0.01935713],
       [ 0.98003482,  0.19327312, -0.04666097,  0.2712904 ],
       [ 0.04755767,  0.        ,  0.99886849,  0.08202967],
       [ 0.        ,  0.        ,  0.        ,  1.        ]])]","[array([[ 0.19305443, -0.981145  , -0.00919162,  0.01935713],
       [ 0.98003482,  0.19327312, -0.04666097,  0.2712904 ],
       [ 0.04755767,  0.        ,  0.99886849,  0.08202967],
       [ 0.        ,  0.        ,  0.        ,  1.        ]])]"
16,"[array([[-0.18030511, -0.98359144, -0.00615958, -0.07600952],
       [ 0.983018  , -0.18041029,  0.03358187,  0.20496423],
       [-0.03414209,  0.        ,  0.99941699,  0.08599778],
       [ 0.        ,  0.        ,  0.        ,  1.        ]])]","[array([[ 0.49846313, -0.86691008, -0.00119419, -0.08240522],
       [ 0.86690759,  0.49846456, -0.00207689,  0.27574043],
       [ 0.00239574, -0.        ,  0.99999713,  0.08451882],
       [ 0.        ,  0.        ,  0.        ,  1.        ]])]","[array([[ 0.49846313, -0.86691008, -0.00119419, -0.08240522],
       [ 0.86690759,  0.49846456, -0.00207689,  0.27574043],
       [ 0.00239574, -0.        ,  0.99999713,  0.08451882],
       [ 0.        ,  0.        ,  0.        ,  1.        ]])]","[array([[ 0.58810249, -0.80867821,  0.01322945, -0.01573951],
       [ 0.80847368,  0.58825127,  0.01818673,  0.22071792],
       [-0.02248946,  0.        ,  0.99974708,  0.08571076],
       [ 0.        ,  0.        ,  0.        ,  1.        ]])]","[array([[ 0.19296341, -0.98116336, -0.00914224,  0.01955177],
       [ 0.98006401,  0.19317986, -0.0464336 ,  0.27130019],
       [ 0.04732504,  0.        ,  0.99887954,  0.08203506],
       [ 0.        ,  0.        ,  0.        ,  1.        ]])]","[array([[ 0.19296341, -0.98116336, -0.00914224,  0.01955177],
       [ 0.98006401,  0.19317986, -0.0464336 ,  0.27130019],
       [ 0.04732504,  0.        ,  0.99887954,  0.08203506],
       [ 0.        ,  0.        ,  0.        ,  1.        ]])]"
17,"[array([[-0.17098987, -0.98525433, -0.00603046, -0.08143509],
       [ 0.98464216, -0.17109618,  0.03472627,  0.2041058 ],
       [-0.035246  ,  0.        ,  0.99937867,  0.08599951],
       [ 0.        ,  0.        ,  0.        ,  1.        ]])]","[array([[ 0.5061182 , -0.8624627 , -0.00156717, -0.08718664],
       [ 0.86245857,  0.50612062, -0.00267056,  0.27493336],
       [ 0.00309644, -0.        ,  0.99999521,  0.08444353],
       [ 0.        ,  0.        ,  0.        ,  1.        ]])]","[array([[ 0.5061182 , -0.8624627 , -0.00156717, -0.08718664],
       [ 0.86245857,  0.50612062, -0.00267056,  0.27493336],
       [ 0.00309644, -0.        ,  0.99999521,  0.08444353],
       [ 0.        ,  0.        ,  0.        ,  1.        ]])]","[array([[ 0.59519823, -0.80346905,  0.01328715, -0.02097423],
       [ 0.80326892,  0.59534652,  0.0179321 ,  0.21935248],
       [-0.02231834,  0.        ,  0.99975091,  0.08566293],
       [ 0.        ,  0.        ,  0.        ,  1.        ]])]","[array([[ 0.2014909 , -0.97945475, -0.00835576,  0.01478309],
       [ 0.97861363,  0.20166408, -0.04058276,  0.26953797],
       [ 0.04143403,  0.        ,  0.99914124,  0.0823084 ],
       [ 0.        ,  0.        ,  0.        ,  1.        ]])]","[array([[ 0.2014909 , -0.97945475, -0.00835576,  0.01478309],
       [ 0.97861363,  0.20166408, -0.04058276,  0.26953797],
       [ 0.04143403,  0.        ,  0.99914124,  0.0823084 ],
       [ 0.        ,  0.        ,  0.        ,  1.        ]])]"
18,"[array([[-0.08089137, -0.99671749, -0.00329209, -0.10697469],
       [ 0.99589308, -0.08095833,  0.04053049,  0.20373709],
       [-0.04066397,  0.        ,  0.99917288,  0.08604487],
       [ 0.        ,  0.        ,  0.        ,  1.        ]])]","[array([[ 0.58172162, -0.81338608, -0.0017415 , -0.10632998],
       [ 0.81338244,  0.58172423, -0.00243502,  0.2747972 ],
       [ 0.00299368, -0.        ,  0.99999552,  0.0843448 ],
       [ 0.        ,  0.        ,  0.        ,  1.        ]])]","[array([[ 0.58172162, -0.81338608, -0.0017415 , -0.10632998],
       [ 0.81338244,  0.58172423, -0.00243502,  0.2747972 ],
       [ 0.00299368, -0.        ,  0.99999552,  0.0843448 ],
       [ 0.        ,  0.        ,  0.        ,  1.        ]])]","[array([[ 0.66866649, -0.74343613,  0.01370609, -0.04551512],
       [ 0.74328   ,  0.66880694,  0.01523549,  0.21358919],
       [-0.02049334,  0.        ,  0.99978999,  0.08545405],
       [ 0.        ,  0.        ,  0.        ,  1.        ]])]","[array([[ 0.28814139, -0.95749965, -0.01299837, -0.00508452],
       [ 0.95652687,  0.28843443, -0.04314995,  0.26035542],
       [ 0.04506524,  0.        ,  0.99898405,  0.08209093],
       [ 0.        ,  0.        ,  0.        ,  1.        ]])]","[array([[ 0.28814139, -0.95749965, -0.01299837, -0.00508452],
       [ 0.95652687,  0.28843443, -0.04314995,  0.26035542],
       [ 0.04506524,  0.        ,  0.99898405,  0.08209093],
       [ 0.        ,  0.        ,  0.        ,  1.        ]])]"
19,"[array([[ 7.13601293e-03, -9.99974526e-01,  1.57720142e-04,
        -1.53004557e-01],
       [ 9.99730372e-01,  7.13775568e-03,  2.20960385e-02,
         2.01740232e-01],
       [-2.20966014e-02, -0.00000000e+00,  9.99755840e-01,
         8.50289639e-02],
       [ 0.00000000e+00,  0.00000000e+00,  0.00000000e+00,
         1.00000000e+00]])]","[array([[ 0.65383892, -0.75657125,  0.00972659, -0.14597965],
       [ 0.75648755,  0.65391126,  0.0112536 ,  0.2724693 ],
       [-0.01487448, -0.        ,  0.99988937,  0.08462401],
       [ 0.        ,  0.        ,  0.        ,  1.        ]])]","[array([[ 0.65383892, -0.75657125,  0.00972659, -0.14597965],
       [ 0.75648755,  0.65391126,  0.0112536 ,  0.2724693 ],
       [-0.01487448, -0.        ,  0.99988937,  0.08462401],
       [ 0.        ,  0.        ,  0.        ,  1.        ]])]","[array([[ 0.73396466, -0.67905912,  0.013213  , -0.09100846],
       [ 0.67894911,  0.73408358,  0.01222259,  0.20592453],
       [-0.01799931,  0.        ,  0.999838  ,  0.08505518],
       [ 0.        ,  0.        ,  0.        ,  1.        ]])]","[array([[ 0.38014259, -0.92464995, -0.02267318, -0.04659747],
       [ 0.92300966,  0.38081815, -0.05505187,  0.24890754],
       [ 0.05953807,  0.        ,  0.99822604,  0.08132269],
       [ 0.        ,  0.        ,  0.        ,  1.        ]])]","[array([[ 0.38014259, -0.92464995, -0.02267318, -0.04659747],
       [ 0.92300966,  0.38081815, -0.05505187,  0.24890754],
       [ 0.05953807,  0.        ,  0.99822604,  0.08132269],
       [ 0.        ,  0.        ,  0.        ,  1.        ]])]"
20,"[array([[ 0.10115018, -0.99486894,  0.00210374, -0.2005634 ],
       [ 0.99465384,  0.10117205,  0.02068703,  0.19377259],
       [-0.02079372, -0.        ,  0.99978379,  0.08464878],
       [ 0.        ,  0.        ,  0.        ,  1.        ]])]","[array([[ 0.72021566, -0.69374022,  0.00372894, -0.18692769],
       [ 0.69373092,  0.72022532,  0.00359182,  0.26348537],
       [-0.00517747, -0.        ,  0.9999866 ,  0.08406564],
       [ 0.        ,  0.        ,  0.        ,  1.        ]])]","[array([[ 0.72021566, -0.69374022,  0.00372894, -0.18692769],
       [ 0.69373092,  0.72022532,  0.00359182,  0.26348537],
       [-0.00517747, -0.        ,  0.9999866 ,  0.08406564],
       [ 0.        ,  0.        ,  0.        ,  1.        ]])]","[array([[ 0.79153504, -0.61099323,  0.01263118, -0.13840695],
       [ 0.61091545,  0.79163582,  0.00974888,  0.19200126],
       [-0.01595579,  0.        ,  0.9998727 ,  0.08464241],
       [ 0.        ,  0.        ,  0.        ,  1.        ]])]","[array([[ 0.45099429, -0.89233649, -0.01843213, -0.08992625],
       [ 0.89159216,  0.45137079, -0.03643936,  0.23026472],
       [ 0.0408359 ,  0.        ,  0.99916587,  0.08155642],
       [ 0.        ,  0.        ,  0.        ,  1.        ]])]","[array([[ 0.45099429, -0.89233649, -0.01843213, -0.08992625],
       [ 0.89159216,  0.45137079, -0.03643936,  0.23026472],
       [ 0.0408359 ,  0.        ,  0.99916587,  0.08155642],
       [ 0.        ,  0.        ,  0.        ,  1.        ]])]"
21,"[array([[ 0.21643558, -0.9762877 ,  0.00423833, -0.24058043],
       [ 0.97610057,  0.21647708,  0.01911441,  0.18982777],
       [-0.01957867, -0.        ,  0.99980832,  0.08433956],
       [ 0.        ,  0.        ,  0.        ,  1.        ]])]","[array([[ 7.95320597e-01, -6.06188932e-01, -3.56916253e-04,
        -2.19274045e-01],
       [ 6.06188871e-01,  7.95320677e-01, -2.72039554e-04,
         2.57590137e-01],
       [ 4.48770243e-04, -0.00000000e+00,  9.99999899e-01,
         8.36737291e-02],
       [ 0.00000000e+00,  0.00000000e+00,  0.00000000e+00,
         1.00000000e+00]])]","[array([[ 7.95320597e-01, -6.06188932e-01, -3.56916253e-04,
        -2.19274045e-01],
       [ 6.06188871e-01,  7.95320677e-01, -2.72039554e-04,
         2.57590137e-01],
       [ 4.48770243e-04, -0.00000000e+00,  9.99999899e-01,
         8.36737291e-02],
       [ 0.00000000e+00,  0.00000000e+00,  0.00000000e+00,
         1.00000000e+00]])]","[array([[ 0.85530956, -0.51799012,  0.01148002, -0.1787691 ],
       [ 0.51794346,  0.8553866 ,  0.00695187,  0.18113562],
       [-0.01342086,  0.        ,  0.99990994,  0.08428063],
       [ 0.        ,  0.        ,  0.        ,  1.        ]])]","[array([[ 0.5445345 , -0.83842306, -0.02299899, -0.12635351],
       [ 0.83767623,  0.54501997, -0.03538013,  0.21371392],
       [ 0.04219843,  0.        ,  0.99910925,  0.08124009],
       [ 0.        ,  0.        ,  0.        ,  1.        ]])]","[array([[ 0.5445345 , -0.83842306, -0.02299899, -0.12635351],
       [ 0.83767623,  0.54501997, -0.03538013,  0.21371392],
       [ 0.04219843,  0.        ,  0.99910925,  0.08124009],
       [ 0.        ,  0.        ,  0.        ,  1.        ]])]"
22,"[array([[ 0.25022801, -0.96817454,  0.0048998 , -0.25037409],
       [ 0.96798898,  0.25027598,  0.01895452,  0.19008894],
       [-0.01957759, -0.        ,  0.99980834,  0.08428954],
       [ 0.        ,  0.        ,  0.        ,  1.        ]])]","[array([[ 8.15696105e-01, -5.78480650e-01, -4.06674492e-05,
        -2.26743299e-01],
       [ 5.78480649e-01,  8.15696106e-01, -2.88408052e-05,
         2.57083948e-01],
       [ 4.98561277e-05, -0.00000000e+00,  9.99999999e-01,
         8.36364146e-02],
       [ 0.00000000e+00,  0.00000000e+00,  0.00000000e+00,
         1.00000000e+00]])]","[array([[ 8.15696105e-01, -5.78480650e-01, -4.06674492e-05,
        -2.26743299e-01],
       [ 5.78480649e-01,  8.15696106e-01, -2.88408052e-05,
         2.57083948e-01],
       [ 4.98561277e-05, -0.00000000e+00,  9.99999999e-01,
         8.36364146e-02],
       [ 0.00000000e+00,  0.00000000e+00,  0.00000000e+00,
         1.00000000e+00]])]","[array([[ 0.87564265, -0.48279049,  0.01277868, -0.18897816],
       [ 0.48273909,  0.87573589,  0.00704484,  0.1795168 ],
       [-0.01459193,  0.        ,  0.99989353,  0.08423886],
       [ 0.        ,  0.        ,  0.        ,  1.        ]])]","[array([[ 0.58951171, -0.80698597, -0.03534945, -0.13576253],
       [ 0.80553904,  0.59057061, -0.04830331,  0.2106952 ],
       [ 0.05985644,  0.        ,  0.998207  ,  0.08056957],
       [ 0.        ,  0.        ,  0.        ,  1.        ]])]","[array([[ 0.58951171, -0.80698597, -0.03534945, -0.13576253],
       [ 0.80553904,  0.59057061, -0.04830331,  0.2106952 ],
       [ 0.05985644,  0.        ,  0.998207  ,  0.08056957],
       [ 0.        ,  0.        ,  0.        ,  1.        ]])]"
23,"[array([[ 0.24852951, -0.96861217,  0.00485214, -0.25037802],
       [ 0.96842763,  0.24857687,  0.01890699,  0.19007278],
       [-0.01951967, -0.        ,  0.99980947,  0.08428324],
       [ 0.        ,  0.        ,  0.        ,  1.        ]])]","[array([[ 8.14339184e-01, -5.80389247e-01, -1.21760508e-04,
        -2.26842738e-01],
       [ 5.80389241e-01,  8.14339193e-01, -8.67801651e-05,
         2.57077149e-01],
       [ 1.49520629e-04, -0.00000000e+00,  9.99999989e-01,
         8.36242452e-02],
       [ 0.00000000e+00,  0.00000000e+00,  0.00000000e+00,
         1.00000000e+00]])]","[array([[ 8.14339184e-01, -5.80389247e-01, -1.21760508e-04,
        -2.26842738e-01],
       [ 5.80389241e-01,  8.14339193e-01, -8.67801651e-05,
         2.57077149e-01],
       [ 1.49520629e-04, -0.00000000e+00,  9.99999989e-01,
         8.36242452e-02],
       [ 0.00000000e+00,  0.00000000e+00,  0.00000000e+00,
         1.00000000e+00]])]","[array([[ 0.87448345, -0.48492054,  0.01143544, -0.1890211 ],
       [ 0.48487908,  0.87455822,  0.00634066,  0.17951641],
       [-0.01307568,  0.        ,  0.99991451,  0.0842319 ],
       [ 0.        ,  0.        ,  0.        ,  1.        ]])]","[array([[ 0.58842316, -0.80776798, -0.03562413, -0.13588967],
       [ 0.80629168,  0.58950055, -0.04881426,  0.21085056],
       [ 0.06043104,  0.        ,  0.99817237,  0.08063029],
       [ 0.        ,  0.        ,  0.        ,  1.        ]])]","[array([[ 0.58842316, -0.80776798, -0.03562413, -0.13588967],
       [ 0.80629168,  0.58950055, -0.04881426,  0.21085056],
       [ 0.06043104,  0.        ,  0.99817237,  0.08063029],
       [ 0.        ,  0.        ,  0.        ,  1.        ]])]"
24,"[array([[ 0.24956323, -0.96834609,  0.00490305, -0.25038115],
       [ 0.96815926,  0.24961139,  0.01902095,  0.19008356],
       [-0.01964272, -0.        ,  0.99980706,  0.084292  ],
       [ 0.        ,  0.        ,  0.        ,  1.        ]])]","[array([[ 8.14951122e-01, -5.79529673e-01, -1.62521802e-04,
        -2.26790329e-01],
       [ 5.79529661e-01,  8.14951139e-01, -1.15572827e-04,
         2.57078237e-01],
       [ 1.99425210e-04, -0.00000000e+00,  9.99999980e-01,
         8.36256583e-02],
       [ 0.00000000e+00,  0.00000000e+00,  0.00000000e+00,
         1.00000000e+00]])]","[array([[ 8.14951122e-01, -5.79529673e-01, -1.62521802e-04,
        -2.26790329e-01],
       [ 5.79529661e-01,  8.14951139e-01, -1.15572827e-04,
         2.57078237e-01],
       [ 1.99425210e-04, -0.00000000e+00,  9.99999980e-01,
         8.36256583e-02],
       [ 0.00000000e+00,  0.00000000e+00,  0.00000000e+00,
         1.00000000e+00]])]","[array([[ 0.87512786, -0.48373472,  0.01232676, -0.18899001],
       [ 0.48368674,  0.87521467,  0.00681305,  0.17951395],
       [-0.01408427,  0.        ,  0.99990081,  0.08423549],
       [ 0.        ,  0.        ,  0.        ,  1.        ]])]","[array([[ 0.58894327, -0.80739385, -0.0355106 , -0.13580206],
       [ 0.80593018,  0.59001286, -0.04859393,  0.2107731 ],
       [ 0.06018615,  0.        ,  0.99818717,  0.08060108],
       [ 0.        ,  0.        ,  0.        ,  1.        ]])]","[array([[ 0.58894327, -0.80739385, -0.0355106 , -0.13580206],
       [ 0.80593018,  0.59001286, -0.04859393,  0.2107731 ],
       [ 0.06018615,  0.        ,  0.99818717,  0.08060108],
