,transforms
0,"[array([[ 8.19566552e-01, -5.70711267e-01, -4.26753175e-03,
        -7.95415000e-02],
       [ 5.72973879e-01,  8.21146796e-01,  1.60035106e-04,
         1.70062500e-01],
       [ 3.40586141e-03, -2.56696418e-03,  9.99990881e-01,
         1.04550000e-01],
       [ 0.00000000e+00,  0.00000000e+00,  0.00000000e+00,
         1.00000000e+00]])]"
1,"[array([[ 8.19546931e-01, -5.70669048e-01, -4.30179649e-03,
        -7.95415000e-02],
       [ 5.73001696e-01,  8.21176137e-01,  1.36548065e-04,
         1.70060500e-01],
       [ 3.44731377e-03, -2.56705590e-03,  9.99990738e-01,
         1.04550000e-01],
       [ 0.00000000e+00,  0.00000000e+00,  0.00000000e+00,
         1.00000000e+00]])]"
2,"[array([[ 8.19633996e-01, -5.70662653e-01, -4.45370978e-03,
        -7.95450000e-02],
       [ 5.72875866e-01,  8.21180678e-01, -6.97770205e-06,
         1.70061000e-01],
       [ 3.65444554e-03, -2.53586103e-03,  9.99990082e-01,
         1.04547500e-01],
       [ 0.00000000e+00,  0.00000000e+00,  0.00000000e+00,
         1.00000000e+00]])]"
3,"[array([[ 8.19520832e-01, -5.70604107e-01, -4.43460854e-03,
        -7.95430000e-02],
       [ 5.73037472e-01,  8.21221645e-01, -1.08058701e-04,
         1.70057000e-01],
       [ 3.69621213e-03, -2.44168973e-03,  9.99990161e-01,
         1.04548000e-01],
       [ 0.00000000e+00,  0.00000000e+00,  0.00000000e+00,
         1.00000000e+00]])]"
4,"[array([[ 8.19595364e-01, -5.70605571e-01, -4.42331173e-03,
        -7.95440000e-02],
       [ 5.72931916e-01,  8.21219946e-01,  1.66973719e-04,
         1.70059500e-01],
       [ 3.52969580e-03, -2.66111454e-03,  9.99990203e-01,
         1.04546500e-01],
       [ 0.00000000e+00,  0.00000000e+00,  0.00000000e+00,
         1.00000000e+00]])]"
5,"[array([[ 8.19548354e-01, -5.70576418e-01, -4.42006932e-03,
        -7.95430000e-02],
       [ 5.72998641e-01,  8.21240599e-01,  1.67356104e-05,
         1.70062500e-01],
       [ 3.61290635e-03, -2.53575605e-03,  9.99990231e-01,
         1.04549500e-01],
       [ 0.00000000e+00,  0.00000000e+00,  0.00000000e+00,
         1.00000000e+00]])]"
6,"[array([[ 0.81852577, -0.57069007, -0.00650186, -0.079541  ],
       [ 0.57443765,  0.82116133, -0.00131641,  0.1700595 ],
       [ 0.00607826, -0.00262962,  0.999978  ,  0.104546  ],
       [ 0.        ,  0.        ,  0.        ,  1.        ]])]"
7,"[array([[ 8.19589253e-01, -5.70633357e-01, -4.40152311e-03,
        -7.95440000e-02],
       [ 5.72940142e-01,  8.21201132e-01, -8.83418165e-06,
         1.70060000e-01],
       [ 3.61253749e-03, -2.50442553e-03,  9.99990313e-01,
         1.04547000e-01],
       [ 0.00000000e+00,  0.00000000e+00,  0.00000000e+00,
         1.00000000e+00]])]"
8,"[array([[ 8.19614245e-01, -5.70534049e-01, -4.57604411e-03,
        -7.95500000e-02],
       [ 5.72903588e-01,  8.21269738e-01,  2.30737105e-05,
         1.70063500e-01],
       [ 3.73741106e-03, -2.62976625e-03,  9.99989530e-01,
         1.04546000e-01],
       [ 0.00000000e+00,  0.00000000e+00,  0.00000000e+00,
         1.00000000e+00]])]"
9,"[array([[ 8.19702125e-01, -5.70569834e-01, -4.50698530e-03,
        -7.95525000e-02],
       [ 5.72778382e-01,  8.21244877e-01,  7.08805889e-05,
         1.70065000e-01],
       [ 3.65382368e-03, -2.62978689e-03,  9.99989841e-01,
         1.04547000e-01],
       [ 0.00000000e+00,  0.00000000e+00,  0.00000000e+00,
         1.00000000e+00]])]"
10,"[array([[ 8.19604337e-01, -5.70513116e-01, -4.02797084e-03,
        -7.94525000e-02],
       [ 5.72921253e-01,  8.21284672e-01,  2.51501387e-04,
         1.70067500e-01],
       [ 3.15727759e-03, -2.50458483e-03,  9.99991856e-01,
         1.04545000e-01],
       [ 0.00000000e+00,  0.00000000e+00,  0.00000000e+00,
         1.00000000e+00]])]"
11,"[array([[ 8.20243854e-01, -5.69943607e-01, -4.54388994e-03,
        -7.91895000e-02],
       [ 5.72002323e-01,  8.21679398e-01,  1.25240368e-04,
         1.70110500e-01],
       [ 3.65549778e-03, -2.69269627e-03,  9.99989669e-01,
         1.04547000e-01],
       [ 0.00000000e+00,  0.00000000e+00,  0.00000000e+00,
         1.00000000e+00]])]"
12,"[array([[ 8.18905894e-01, -5.70892014e-01, -5.10155169e-03,
        -7.98430000e-02],
       [ 5.73910633e-01,  8.21021240e-01, -4.58481337e-04,
         1.70124500e-01],
       [ 4.44087632e-03, -2.53604547e-03,  9.99986882e-01,
         1.04533500e-01],
       [ 0.00000000e+00,  0.00000000e+00,  0.00000000e+00,
         1.00000000e+00]])]"
13,"[array([[ 0.8166427 , -0.57382428, -0.0066581 , -0.0816725 ],
       [ 0.5771075 ,  0.81897499, -0.00175895,  0.1700945 ],
       [ 0.00645255, -0.0023801 ,  0.99997629,  0.10453   ],
       [ 0.        ,  0.        ,  0.        ,  1.        ]])]"
14,"[array([[ 7.93249106e-01, -6.06491274e-01, -4.50986638e-03,
        -8.70425000e-02],
       [ 6.08885526e-01,  7.95086294e-01, -3.28938627e-04,
         1.70826000e-01],
       [ 3.77777207e-03, -2.47368530e-03,  9.99989776e-01,
         1.04524500e-01],
       [ 0.00000000e+00,  0.00000000e+00,  0.00000000e+00,
         1.00000000e+00]])]"
15,"[array([[ 7.70131310e-01, -6.35340044e-01, -3.81455740e-03,
        -9.21925000e-02],
       [ 6.37878568e-01,  7.72228737e-01, -1.78273550e-05,
         1.70934500e-01],
       [ 2.94910323e-03, -2.40979180e-03,  9.99992724e-01,
         1.04475500e-01],
       [ 0.00000000e+00,  0.00000000e+00,  0.00000000e+00,
         1.00000000e+00]])]"
16,"[array([[ 7.42835351e-01, -6.72103688e-01,  6.03987276e-05,
        -9.85105000e-02],
       [ 6.69469927e-01,  7.40452684e-01,  3.48613366e-03,
         1.70524000e-01],
       [-2.37874242e-03, -2.54073826e-03,  9.99993922e-01,
         1.04518500e-01],
       [ 0.00000000e+00,  0.00000000e+00,  0.00000000e+00,
         1.00000000e+00]])]"
17,"[array([[ 0.72168144, -0.69419143,  0.00105863, -0.10099   ],
       [ 0.69221824,  0.71978836,  0.0034179 ,  0.169693  ],
       [-0.00312994, -0.00172528,  0.9999936 ,  0.1045315 ],
       [ 0.        ,  0.        ,  0.        ,  1.        ]])]"
18,"[array([[ 7.17728450e-01, -6.98126935e-01,  2.43962378e-04,
        -1.00924000e-01],
       [ 6.96316803e-01,  7.15968932e-01,  4.00433085e-03,
         1.69530500e-01],
       [-2.96340544e-03, -2.69668148e-03,  9.99991953e-01,
         1.04510000e-01],
       [ 0.00000000e+00,  0.00000000e+00,  0.00000000e+00,
         1.00000000e+00]])]"
19,"[array([[ 7.11949658e-01, -7.04040686e-01, -3.94477443e-05,
        -1.01052000e-01],
       [ 7.02224939e-01,  7.10153783e-01,  4.02213121e-03,
         1.69218500e-01],
       [-2.79637866e-03, -2.88412784e-03,  9.99991910e-01,
         1.04499000e-01],
       [ 0.00000000e+00,  0.00000000e+00,  0.00000000e+00,
         1.00000000e+00]])]"
20,"[array([[ 0.71515241, -0.70105707,  0.00369865, -0.098196  ],
       [ 0.69895682,  0.71310423,  0.00200837,  0.169764  ],
       [-0.0040489 ,  0.00116079,  0.99999114,  0.1046515 ],
       [ 0.        ,  0.        ,  0.        ,  1.        ]])]"
21,"[array([[ 0.73706175, -0.67330657, -0.00401502, -0.0897495 ],
       [ 0.67577489,  0.73935692, -0.00784772,  0.1715755 ],
       [ 0.00826293,  0.00309904,  0.99996115,  0.1049005 ],
       [ 0.        ,  0.        ,  0.        ,  1.        ]])]"
22,"[array([[ 0.78827218, -0.61260811, -0.00804342, -0.079137  ],
       [ 0.61522164,  0.79038532, -0.00817519,  0.174197  ],
       [ 0.01137071,  0.00153418,  0.99993423,  0.1049305 ],
       [ 0.        ,  0.        ,  0.        ,  1.        ]])]"
23,"[array([[ 8.30035542e-01, -5.55121444e-01, -9.05215720e-03,
        -6.82595000e-02],
       [ 5.57654866e-01,  8.31757224e-01, -6.51173573e-04,
         1.75623000e-01],
       [ 7.87706673e-03, -4.48361290e-03,  9.99958816e-01,
         1.04787500e-01],
       [ 0.00000000e+00,  0.00000000e+00,  0.00000000e+00,
         1.00000000e+00]])]"
24,"[array([[ 8.55690442e-01, -5.15089521e-01, -7.12913995e-03,
        -6.00460000e-02],
       [ 5.17457811e-01,  8.57124507e-01,  9.80684721e-04,
         1.75483000e-01],
       [ 5.59301877e-03, -4.51283104e-03,  9.99974106e-01,
         1.04802000e-01],
       [ 0.00000000e+00,  0.00000000e+00,  0.00000000e+00,
         1.00000000e+00]])]"
25,"[array([[ 0.86833757, -0.49265526, -0.00859135, -0.0542875 ],
       [ 0.49592653,  0.87020826,  0.00125784,  0.1747305 ],
       [ 0.00683665, -0.00532736,  0.9999623 ,  0.104879  ],
       [ 0.        ,  0.        ,  0.        ,  1.        ]])]"
26,"[array([[ 0.87913523, -0.47960094, -0.01331648, -0.0497825 ],
       [ 0.47646038,  0.87744137,  0.00288686,  0.1732465 ],
       [ 0.01033247, -0.00892047,  0.99990716,  0.105087  ],
       [ 0.        ,  0.        ,  0.        ,  1.        ]])]"
27,"[array([[ 0.88147865, -0.47733142, -0.01041454, -0.0516465 ],
       [ 0.47218953,  0.87864865,  0.00738076,  0.1736775 ],
       [ 0.00569554, -0.01145721,  0.99991853,  0.105095  ],
       [ 0.        ,  0.        ,  0.        ,  1.        ]])]"
28,"[array([[ 0.87646569, -0.47909416, -0.0095483 , -0.0570265 ],
       [ 0.48140972,  0.87773861,  0.00232174,  0.1748305 ],
       [ 0.00725139, -0.00661273,  0.99995172,  0.1048915 ],
       [ 0.        ,  0.        ,  0.        ,  1.        ]])]"
29,"[array([[ 0.86573329, -0.49817271, -0.00674312, -0.0690675 ],
       [ 0.50048522,  0.86705945,  0.00263525,  0.1764735 ],
       [ 0.00451896, -0.00564431,  0.99997379,  0.104742  ],
       [ 0.        ,  0.        ,  0.        ,  1.        ]])]"
30,"[array([[ 8.41770477e-01, -5.36467031e-01, -4.88003342e-03,
        -7.93580000e-02],
       [ 5.39817974e-01,  8.43918353e-01, -4.68962135e-04,
         1.76081500e-01],
       [ 4.36107466e-03, -2.22223799e-03,  9.99987983e-01,
         1.04548500e-01],
       [ 0.00000000e+00,  0.00000000e+00,  0.00000000e+00,
         1.00000000e+00]])]"
31,"[array([[ 7.81391668e-01, -6.21169566e-01, -3.21559931e-03,
        -9.26870000e-02],
       [ 6.24033548e-01,  7.83675035e-01, -8.31764701e-04,
         1.73041500e-01],
       [ 3.03170831e-03, -1.34560662e-03,  9.99994484e-01,
         1.04482500e-01],
       [ 0.00000000e+00,  0.00000000e+00,  0.00000000e+00,
         1.00000000e+00]])]"
32,"[array([[ 7.05033665e-01, -7.11964371e-01, -1.81771367e-04,
        -1.02713000e-01],
       [ 7.09166924e-01,  7.02207566e-01,  4.59606615e-03,
         1.69465500e-01],
       [-3.13125629e-03, -3.35684268e-03,  9.99989422e-01,
         1.04491500e-01],
       [ 0.00000000e+00,  0.00000000e+00,  0.00000000e+00,
         1.00000000e+00]])]"
33,"[array([[ 0.64583947, -0.76137937,  0.00327067, -0.110288  ],
       [ 0.76346488,  0.6483054 ,  0.00191017,  0.1660325 ],
       [-0.0035707 ,  0.00125186,  0.99999283,  0.104511  ],
       [ 0.        ,  0.        ,  0.        ,  1.        ]])]"
34,"[array([[ 0.56592639, -0.82285979,  0.00474882, -0.1167745 ],
       [ 0.82443495,  0.56824186,  0.00384693,  0.1606645 ],
       [-0.00585914,  0.00172166,  0.99998132,  0.1045225 ],
       [ 0.        ,  0.        ,  0.        ,  1.        ]])]"
35,"[array([[ 0.55362684, -0.83135836,  0.00533775, -0.11685   ],
       [ 0.83274652,  0.55573003,  0.00308796,  0.1600915 ],
       [-0.00552671,  0.00272156,  0.99998099,  0.1045365 ],
       [ 0.        ,  0.        ,  0.        ,  1.        ]])]"
36,"[array([[ 0.55956422, -0.82726776,  0.00434514, -0.1137055 ],
       [ 0.82877323,  0.56180428,  0.00283091,  0.161423  ],
       [-0.00477763,  0.00200421,  0.99998655,  0.104542  ],
       [ 0.        ,  0.        ,  0.        ,  1.        ]])]"
37,"[array([[ 0.66991043, -0.7397753 , -0.00151106, -0.096788  ],
       [ 0.74238928,  0.67282745, -0.01054587,  0.1699485 ],
       [ 0.00884192,  0.00597805,  0.99994325,  0.1051925 ],
       [ 0.        ,  0.        ,  0.        ,  1.        ]])]"
38,"[array([[ 0.7491672 , -0.66024279, -0.00394264, -0.0834605 ],
       [ 0.6622982 ,  0.75102891, -0.01134639,  0.174811  ],
       [ 0.01046915,  0.00591879,  0.99992785,  0.1051155 ],
       [ 0.        ,  0.        ,  0.        ,  1.        ]])]"
39,"[array([[ 7.85202003e-01, -6.15954540e-01, -9.38999809e-03,
        -7.65915000e-02],
       [ 6.19138296e-01,  7.87781176e-01, -6.19044975e-03,
         1.76413000e-01],
       [ 1.12064986e-02, -9.07149544e-04,  9.99936751e-01,
         1.04804500e-01],
       [ 0.00000000e+00,  0.00000000e+00,  0.00000000e+00,
         1.00000000e+00]])]"
40,"[array([[ 8.20155248e-01, -5.69790046e-01, -8.10765217e-03,
        -6.71795000e-02],
       [ 5.72099200e-01,  8.21779403e-01, -4.70996373e-04,
         1.77163000e-01],
       [ 6.91921830e-03, -4.23274397e-03,  9.99967022e-01,
         1.04801500e-01],
       [ 0.00000000e+00,  0.00000000e+00,  0.00000000e+00,
         1.00000000e+00]])]"
41,"[array([[ 0.85807338, -0.51076178, -0.00472512, -0.0547    ],
       [ 0.51351818,  0.85971232,  0.00200566,  0.175589  ],
       [ 0.00302459, -0.00413775,  0.99998683,  0.104747  ],
       [ 0.        ,  0.        ,  0.        ,  1.        ]])]"
42,"[array([[ 8.75352144e-01, -4.87440112e-01, -3.38806374e-03,
        -4.78505000e-02],
       [ 4.83484958e-01,  8.73140485e-01,  4.15035156e-03,
         1.73366000e-01],
       [ 9.59130070e-04, -5.27539386e-03,  9.99985648e-01,
         1.04801000e-01],
       [ 0.00000000e+00,  0.00000000e+00,  0.00000000e+00,
         1.00000000e+00]])]"
43,"[array([[ 0.89146057, -0.45877807, -0.0060951 , -0.041976  ],
       [ 0.4530776 ,  0.88853704,  0.00243742,  0.171054  ],
       [ 0.0043293 , -0.00496214,  0.99997845,  0.104836  ],
       [ 0.        ,  0.        ,  0.        ,  1.        ]])]"
44,"[array([[ 0.89823833, -0.44578034, -0.01048758, -0.042034  ],
       [ 0.43943673,  0.89510958,  0.00333758,  0.1705415 ],
       [ 0.00795417, -0.00766313,  0.99993943,  0.104978  ],
       [ 0.        ,  0.        ,  0.        ,  1.        ]])]"
45,"[array([[ 0.90004427, -0.44223906, -0.01002071, -0.04344   ],
       [ 0.43574167,  0.8968568 ,  0.00455168,  0.170935  ],
       [ 0.00703615, -0.00851426,  0.99993943,  0.1049565 ],
       [ 0.        ,  0.        ,  0.        ,  1.        ]])]"
46,"[array([[ 8.95957054e-01, -4.48247569e-01, -9.15255249e-04,
        -5.13425000e-02],
       [ 4.44134377e-01,  8.93883376e-01,  7.17979741e-03,
         1.73030500e-01],
       [-2.36882750e-03, -6.82834135e-03,  9.99973806e-01,
         1.04797500e-01],
       [ 0.00000000e+00,  0.00000000e+00,  0.00000000e+00,
         1.00000000e+00]])]"
47,"[array([[ 0.88071812, -0.47087051, -0.00380223, -0.0661215 ],
       [ 0.47363358,  0.88219666,  0.00155846,  0.175397  ],
       [ 0.00261058, -0.00316525,  0.99999156,  0.1046585 ],
       [ 0.        ,  0.        ,  0.        ,  1.        ]])]"
48,"[array([[ 8.51347553e-01, -5.22765076e-01, -3.66931499e-03,
        -7.99820000e-02],
       [ 5.24589920e-01,  8.52475958e-01, -8.54270806e-04,
         1.75102500e-01],
       [ 3.57202954e-03, -1.18995285e-03,  9.99992903e-01,
         1.04544000e-01],
       [ 0.00000000e+00,  0.00000000e+00,  0.00000000e+00,
         1.00000000e+00]])]"
49,"[array([[ 8.06621009e-01, -5.88926653e-01, -3.10024341e-03,
        -9.06180000e-02],
       [ 5.91062437e-01,  8.08185204e-01, -4.77116371e-04,
         1.72950500e-01],
       [ 2.78274072e-03, -1.44022467e-03,  9.99995080e-01,
         1.04488000e-01],
       [ 0.00000000e+00,  0.00000000e+00,  0.00000000e+00,
         1.00000000e+00]])]"
50,"[array([[ 7.68534799e-01, -6.42603176e-01,  2.39719860e-04,
        -9.74400000e-02],
       [ 6.39799067e-01,  7.66190366e-01,  4.99332522e-03,
         1.70477000e-01],
       [-3.37900009e-03, -3.67183881e-03,  9.99987505e-01,
         1.04513500e-01],
       [ 0.00000000e+00,  0.00000000e+00,  0.00000000e+00,
         1.00000000e+00]])]"
51,"[array([[ 6.86414264e-01, -7.24989098e-01,  1.44520456e-03,
        -1.06253500e-01],
       [ 7.27209447e-01,  6.88759997e-01,  5.21042335e-04,
         1.66426000e-01],
       [-1.37091755e-03,  6.88885249e-04,  9.99998820e-01,
         1.04482000e-01],
       [ 0.00000000e+00,  0.00000000e+00,  0.00000000e+00,
         1.00000000e+00]])]"
52,"[array([[ 5.91518703e-01, -8.04687338e-01,  1.27988130e-03,
        -1.13531000e-01],
       [ 8.06287922e-01,  5.93698806e-01,  1.94569508e-03,
         1.61838000e-01],
       [-2.32587048e-03, -1.25252913e-04,  9.99997288e-01,
         1.04423000e-01],
       [ 0.00000000e+00,  0.00000000e+00,  0.00000000e+00,
         1.00000000e+00]])]"
53,"[array([[ 0.54048625, -0.84007267,  0.00287882, -0.1171265 ],
       [ 0.84134723,  0.54247196,  0.00180457,  0.1590095 ],
       [-0.00307425,  0.0014395 ,  0.99999423,  0.104456  ],
       [ 0.        ,  0.        ,  0.        ,  1.        ]])]"
54,"[array([[ 0.50193728, -0.86420688,  0.00400065, -0.119563  ],
       [ 0.86489764,  0.50312943,  0.00152123,  0.1565755 ],
       [-0.00332381,  0.00269204,  0.99999084,  0.104463  ],
       [ 0.        ,  0.        ,  0.        ,  1.        ]])]"
55,"[array([[ 0.49388383, -0.8688128 ,  0.00349005, -0.119532  ],
       [ 0.86952139,  0.49513627,  0.00188805,  0.1562515 ],
       [-0.00336541,  0.00209737,  0.99999213,  0.1044545 ],
       [ 0.        ,  0.        ,  0.        ,  1.        ]])]"
56,"[array([[ 0.49046733, -0.87063997,  0.00231093, -0.119606  ],
       [ 0.8714572 ,  0.49191847,  0.00103549,  0.156077  ],
       [-0.00203582,  0.00150261,  0.99999679,  0.104419  ],
       [ 0.        ,  0.        ,  0.        ,  1.        ]])]"
57,"[array([[ 4.88306268e-01, -8.71747836e-01,  2.62901905e-03,
        -1.19548000e-01],
       [ 8.72669854e-01,  4.89951325e-01,  9.09183883e-04,
         1.56000000e-01],
       [-2.07719188e-03,  1.84639296e-03,  9.99996131e-01,
         1.04428500e-01],
       [ 0.00000000e+00,  0.00000000e+00,  0.00000000e+00,
         1.00000000e+00]])]"
58,"[array([[ 0.48907504, -0.87104318,  0.00447412, -0.119122  ],
       [ 0.87222675,  0.49120129,  0.00334888,  0.1562845 ],
       [-0.00510924,  0.00225221,  0.99998438,  0.104501  ],
       [ 0.        ,  0.        ,  0.        ,  1.        ]])]"
59,"[array([[ 0.49005449, -0.8706458 ,  0.00696314, -0.1188335 ],
       [ 0.87167404,  0.49188657,  0.00246945,  0.1563745 ],
       [-0.00556503,  0.00484787,  0.99997271,  0.1045695 ],
       [ 0.        ,  0.        ,  0.        ,  1.        ]])]"
60,"[array([[ 4.92725571e-01, -8.69344043e-01,  8.49380055e-03,
        -1.18097500e-01],
       [ 8.70177435e-01,  4.94146864e-01, -7.07176277e-04,
         1.56597000e-01],
       [-3.56987356e-03,  7.73376476e-03,  9.99963677e-01,
         1.04606500e-01],
       [ 0.00000000e+00,  0.00000000e+00,  0.00000000e+00,
         1.00000000e+00]])]"
61,"[array([[ 4.98252161e-01, -8.66011690e-01,  3.16278752e-03,
        -1.16169500e-01],
       [ 8.67029375e-01,  5.00018096e-01,  7.21606135e-04,
         1.57786500e-01],
       [-2.20153102e-03,  2.37820735e-03,  9.99994738e-01,
         1.04456000e-01],
       [ 0.00000000e+00,  0.00000000e+00,  0.00000000e+00,
         1.00000000e+00]])]"
62,"[array([[ 0.56319115, -0.82767773, -0.00739419, -0.105621  ],
       [ 0.8263252 ,  0.56114807,  0.00317153,  0.163803  ],
       [ 0.00154368, -0.00789996,  0.99996763,  0.10454   ],
       [ 0.        ,  0.        ,  0.        ,  1.        ]])]"
63,"[array([[ 0.68517165, -0.72539288, -0.00202602, -0.091937  ],
       [ 0.72830886,  0.68829999, -0.01223039,  0.1712435 ],
       [ 0.01029647,  0.00694905,  0.99992315,  0.10511   ],
       [ 0.        ,  0.        ,  0.        ,  1.        ]])]"
64,"[array([[ 0.75112794, -0.65772616, -0.00569987, -0.0816285 ],
       [ 0.6600557 ,  0.75324344, -0.01100322,  0.174845  ],
       [ 0.01154495,  0.0045395 ,  0.99992322,  0.1049375 ],
       [ 0.        ,  0.        ,  0.        ,  1.        ]])]"
65,"[array([[ 0.80361656, -0.59287839, -0.00887148, -0.069136  ],
       [ 0.5951149 ,  0.80526584,  0.00153003,  0.176408  ],
       [ 0.00621898, -0.00649206,  0.99995948,  0.1048215 ],
       [ 0.        ,  0.        ,  0.        ,  1.        ]])]"
66,"[array([[ 0.85203494, -0.52094401, -0.0058081 , -0.056578  ],
       [ 0.52347163,  0.85357613,  0.00232844,  0.175099  ],
       [ 0.00372991, -0.00501329,  0.99998042,  0.104763  ],
       [ 0.        ,  0.        ,  0.        ,  1.        ]])]"
67,"[array([[ 0.88381245, -0.47155048, -0.00862899, -0.046921  ],
       [ 0.46781   ,  0.88180065,  0.00472059,  0.1723835 ],
       [ 0.00541833, -0.00823202,  0.99995163,  0.104963  ],
       [ 0.        ,  0.        ,  0.        ,  1.        ]])]"
68,"[array([[ 0.90012244, -0.44103567, -0.01121386, -0.041123  ],
       [ 0.4355458 ,  0.89745923,  0.00271177,  0.170159  ],
       [ 0.00891334, -0.0073799 ,  0.99993345,  0.1050025 ],
       [ 0.        ,  0.        ,  0.        ,  1.        ]])]"
69,"[array([[ 0.90982921, -0.41493653, -0.01497224, -0.0361915 ],
       [ 0.41472751,  0.90984082, -0.00224989,  0.1677275 ],
       [ 0.01455694, -0.00416597,  0.99988538,  0.1050185 ],
       [ 0.        ,  0.        ,  0.        ,  1.        ]])]"
70,"[array([[ 0.91742771, -0.39727975, -0.01474013, -0.0326085 ],
       [ 0.39763911,  0.91769025, -0.00239118,  0.165672  ],
       [ 0.01447544, -0.003662  ,  0.9998885 ,  0.1050385 ],
       [ 0.        ,  0.        ,  0.        ,  1.        ]])]"
71,"[array([[ 0.9224189 , -0.38551102, -0.01415193, -0.0301425 ],
       [ 0.38593788,  0.92269749, -0.00238535,  0.164171  ],
       [ 0.01397604, -0.00325511,  0.99989701,  0.10503   ],
       [ 0.        ,  0.        ,  0.        ,  1.        ]])]"
72,"[array([[ 0.92358333, -0.38029125, -0.01137557, -0.027685  ],
       [ 0.38323873,  0.9248618 , -0.00139335,  0.162754  ],
       [ 0.01104099, -0.00303757,  0.99993433,  0.1050365 ],
       [ 0.        ,  0.        ,  0.        ,  1.        ]])]"
73,"[array([[ 0.92499327, -0.37419132, -0.01511928, -0.0253505 ],
       [ 0.37965738,  0.92735051, -0.00461482,  0.161261  ],
       [ 0.01573925, -0.00137812,  0.99987505,  0.105056  ],
       [ 0.        ,  0.        ,  0.        ,  1.        ]])]"
74,"[array([[ 0.92533579, -0.37298759, -0.01622979, -0.025465  ],
       [ 0.37878294,  0.92783403, -0.00429696,  0.1612095 ],
       [ 0.01664797, -0.00206693,  0.99985906,  0.105078  ],
       [ 0.        ,  0.        ,  0.        ,  1.        ]])]"
75,"[array([[ 0.92718226, -0.36921314, -0.0155678 , -0.0262805 ],
       [ 0.37427961,  0.92934137, -0.00349014,  0.161445  ],
       [ 0.01574248, -0.00250463,  0.99987272,  0.10506   ],
       [ 0.        ,  0.        ,  0.        ,  1.        ]])]"
76,"[array([[ 9.28453202e-01, -3.65418792e-01, -1.57209740e-02,
        -2.71035000e-02],
       [ 3.71081552e-01,  9.30842781e-01, -5.19639834e-03,
         1.61628500e-01],
       [ 1.65267418e-02, -9.07833887e-04,  9.99862915e-01,
         1.05071500e-01],
       [ 0.00000000e+00,  0.00000000e+00,  0.00000000e+00,
         1.00000000e+00]])]"
77,"[array([[ 0.93043468, -0.36021815, -0.01554737, -0.0243225 ],
       [ 0.36610337,  0.93286703, -0.00449361,  0.159918  ],
       [ 0.01611305, -0.00140869,  0.99986903,  0.1050925 ],
       [ 0.        ,  0.        ,  0.        ,  1.        ]])]"
78,"[array([[ 9.32348884e-01, -3.55411909e-01, -1.69393636e-02,
        -2.24960000e-02],
       [ 3.61118702e-01,  9.34709527e-01, -5.70420937e-03,
         1.58548500e-01],
       [ 1.78561460e-02, -6.88782770e-04,  9.99840247e-01,
         1.05144000e-01],
       [ 0.00000000e+00,  0.00000000e+00,  0.00000000e+00,
         1.00000000e+00]])]"
79,"[array([[ 0.93321715, -0.35302851, -0.01714562, -0.0230925 ],
       [ 0.35889767,  0.93560851, -0.00352599,  0.158861  ],
       [ 0.0172687 , -0.00275437,  0.99984679,  0.105141  ],
       [ 0.        ,  0.        ,  0.        ,  1.        ]])]"
80,"[array([[ 0.93392336, -0.35127694, -0.01676772, -0.02474   ],
       [ 0.35711405,  0.93625854, -0.00100935,  0.159771  ],
       [ 0.01602248, -0.0049458 ,  0.9998589 ,  0.105112  ],
       [ 0.        ,  0.        ,  0.        ,  1.        ]])]"
81,"[array([[ 0.93477843, -0.35015587, -0.01729025, -0.028005  ],
       [ 0.35482831,  0.9366826 , -0.00211739,  0.1613445 ],
       [ 0.01691643, -0.00407158,  0.99984827,  0.105107  ],
       [ 0.        ,  0.        ,  0.        ,  1.        ]])]"
82,"[array([[ 0.93831097, -0.34540834, -0.01126482, -0.0313375 ],
       [ 0.3456128 ,  0.93844963, -0.00167677,  0.1629145 ],
       [ 0.01115014, -0.00231755,  0.99993514,  0.104942  ],
       [ 0.        ,  0.        ,  0.        ,  1.        ]])]"
83,"[array([[ 0.93991992, -0.34211219, -0.00838434, -0.0351715 ],
       [ 0.34129526,  0.93965729, -0.00108573,  0.164441  ],
       [ 0.00825146, -0.00184824,  0.99996426,  0.1048225 ],
       [ 0.        ,  0.        ,  0.        ,  1.        ]])]"
84,"[array([[ 0.93865862, -0.34481535, -0.00804745, -0.0403135 ],
       [ 0.34475501,  0.93866923, -0.00128847,  0.16597   ],
       [ 0.00799828, -0.00156549,  0.99996679,  0.104783  ],
       [ 0.        ,  0.        ,  0.        ,  1.        ]])]"
85,"[array([[ 0.93725397, -0.35538713,  0.00142716, -0.047552  ],
       [ 0.3486201 ,  0.93468832,  0.00867158,  0.168114  ],
       [-0.00436087, -0.00759832,  0.99996138,  0.1048385 ],
       [ 0.        ,  0.        ,  0.        ,  1.        ]])]"
86,"[array([[ 0.93669315, -0.35768217,  0.0016286 , -0.049339  ],
       [ 0.35012256,  0.93381472,  0.00845844,  0.1685595 ],
       [-0.00448715, -0.00731637,  0.9999629 ,  0.104831  ],
       [ 0.        ,  0.        ,  0.        ,  1.        ]])]"
87,"[array([[ 0.93675917, -0.35626773,  0.00152131, -0.048967  ],
       [ 0.34994999,  0.93435957,  0.00779957,  0.1684825 ],
       [-0.0041547 , -0.00674582,  0.99996843,  0.104833  ],
       [ 0.        ,  0.        ,  0.        ,  1.        ]])]"
88,"[array([[ 0.94013   , -0.33989441, -0.01375158, -0.0406775 ],
       [ 0.3405463 ,  0.94045901, -0.00184291,  0.1656345 ],
       [ 0.01355718, -0.00294118,  0.99990374,  0.104954  ],
       [ 0.        ,  0.        ,  0.        ,  1.        ]])]"
89,"[array([[ 0.94734841, -0.32016893, -0.01561848, -0.0352045 ],
       [ 0.31983112,  0.9473556 , -0.00207275,  0.1633985 ],
       [ 0.01546099, -0.0030373 ,  0.99987588,  0.1050485 ],
       [ 0.        ,  0.        ,  0.        ,  1.        ]])]"
90,"[array([[ 9.50038286e-01, -3.11674085e-01, -1.54359638e-02,
        -3.25070000e-02],
       [ 3.11788306e-01,  9.50176991e-01, -2.20066005e-05,
         1.62196000e-01],
       [ 1.46733662e-02, -4.79065049e-03,  9.99880858e-01,
         1.05084500e-01],
       [ 0.00000000e+00,  0.00000000e+00,  0.00000000e+00,
         1.00000000e+00]])]"
91,"[array([[ 0.95080633, -0.30718175, -0.02088069, -0.031011  ],
       [ 0.30912116,  0.95163718, -0.00137788,  0.1614815 ],
       [ 0.02028387, -0.00510404,  0.99978103,  0.1050975 ],
       [ 0.        ,  0.        ,  0.        ,  1.        ]])]"
92,"[array([[ 0.95090408, -0.30892036, -0.01780982, -0.0325335 ],
       [ 0.30905005,  0.95106135,  0.00168812,  0.1621795 ],
       [ 0.01641634, -0.00710846,  0.99983997,  0.1051555 ],
       [ 0.        ,  0.        ,  0.        ,  1.        ]])]"
93,"[array([[ 9.50440226e-01, -3.10847132e-01, -1.33545310e-02,
        -3.58580000e-02],
       [ 3.10648271e-01,  9.50450798e-01,  1.33204618e-05,
         1.63672000e-01],
       [ 1.26896771e-02, -4.16424945e-03,  9.99910824e-01,
         1.04993500e-01],
       [ 0.00000000e+00,  0.00000000e+00,  0.00000000e+00,
         1.00000000e+00]])]"
94,"[array([[ 9.48095817e-01, -3.15326073e-01, -5.19324985e-03,
        -4.18530000e-02],
       [ 3.17941749e-01,  9.48983113e-01, -9.66987264e-04,
         1.65670000e-01],
       [ 5.23121707e-03, -7.19922541e-04,  9.99986047e-01,
         1.04784500e-01],
       [ 0.00000000e+00,  0.00000000e+00,  0.00000000e+00,
         1.00000000e+00]])]"
95,"[array([[ 0.94677298, -0.3290485 ,  0.00181325, -0.048231  ],
       [ 0.32186955,  0.94428093,  0.00887584,  0.167439  ],
       [-0.00457378, -0.00778496,  0.99995896,  0.1048445 ],
       [ 0.        ,  0.        ,  0.        ,  1.        ]])]"
96,"[array([[ 9.40030450e-01, -3.45239991e-01,  7.69868210e-04,
        -5.56080000e-02],
       [ 3.41077409e-01,  9.38495409e-01,  6.65099758e-03,
         1.69516500e-01],
       [-2.99227165e-03, -5.97627535e-03,  9.99977586e-01,
         1.04780000e-01],
       [ 0.00000000e+00,  0.00000000e+00,  0.00000000e+00,
         1.00000000e+00]])]"
97,"[array([[ 0.92750268, -0.37114092, -0.00307951, -0.061952  ],
       [ 0.3738093 ,  0.92857325,  0.00143598,  0.1707285 ],
       [ 0.00231948, -0.00247636,  0.99999423,  0.1046845 ],
       [ 0.        ,  0.        ,  0.        ,  1.        ]])]"
98,"[array([[ 0.90323437, -0.4268609 , -0.00296853, -0.068694  ],
       [ 0.429143  ,  0.90431318,  0.00161435,  0.171901  ],
       [ 0.0019885 , -0.00272704,  0.99999429,  0.1046445 ],
       [ 0.        ,  0.        ,  0.        ,  1.        ]])]"
99,"[array([[ 0.87622121, -0.47901221, -0.00274065, -0.074148  ],
       [ 0.48190717,  0.87780241,  0.00214715,  0.1729485 ],
       [ 0.0013667 , -0.00319759,  0.99999394,  0.104602  ],
       [ 0.        ,  0.        ,  0.        ,  1.        ]])]"
100,"[array([[ 0.87232455, -0.48657622, -0.00180972, -0.0746265 ],
       [ 0.48892618,  0.87363617,  0.00110949,  0.172901  ],
       [ 0.00103621, -0.00184986,  0.99999775,  0.1046175 ],
       [ 0.        ,  0.        ,  0.        ,  1.        ]])]"
101,"[array([[ 8.72339072e-01, -4.86491506e-01, -1.11448963e-03,
        -7.44680000e-02],
       [ 4.88901067e-01,  8.73684314e-01,  8.86687107e-04,
         1.72859500e-01],
       [ 5.38711127e-04, -1.31687569e-03,  9.99998986e-01,
         1.04620000e-01],
       [ 0.00000000e+00,  0.00000000e+00,  0.00000000e+00,
         1.00000000e+00]])]"
102,"[array([[ 8.72104042e-01, -4.86336899e-01, -1.12602947e-03,
        -7.36035000e-02],
       [ 4.89320093e-01,  8.73770566e-01,  7.36142111e-04,
         1.72717000e-01],
       [ 6.21806285e-04, -1.19085007e-03,  9.99999095e-01,
         1.04628000e-01],
       [ 0.00000000e+00,  0.00000000e+00,  0.00000000e+00,
         1.00000000e+00]])]"
103,"[array([[ 8.71559721e-01, -4.87320761e-01, -1.37419891e-03,
        -7.31955000e-02],
       [ 4.90288585e-01,  8.73222139e-01,  6.68743607e-04,
         1.72578000e-01],
       [ 8.69820080e-04, -1.25363885e-03,  9.99998832e-01,
         1.04625000e-01],
       [ 0.00000000e+00,  0.00000000e+00,  0.00000000e+00,
         1.00000000e+00]])]"
104,"[array([[ 8.72386572e-01, -4.86565964e-01, -5.81108690e-04,
        -7.26180000e-02],
       [ 4.88816585e-01,  8.73642703e-01,  1.29140115e-03,
         1.72564500e-01],
       [-1.24307007e-04, -1.41097232e-03,  9.99998997e-01,
         1.04624500e-01],
       [ 0.00000000e+00,  0.00000000e+00,  0.00000000e+00,
         1.00000000e+00]])]"
105,"[array([[ 8.79025400e-01, -4.74122563e-01, -1.91922315e-03,
        -6.73435000e-02],
       [ 4.76774292e-01,  8.80455101e-01,  1.88672115e-03,
         1.72453000e-01],
       [ 7.87508610e-04, -2.57112957e-03,  9.99996378e-01,
         1.04652000e-01],
       [ 0.00000000e+00,  0.00000000e+00,  0.00000000e+00,
         1.00000000e+00]])]"
106,"[array([[ 0.90632627, -0.42713033, -0.00139676, -0.0552505 ],
       [ 0.42257519,  0.90416333,  0.00703067,  0.171776  ],
       [-0.00170511, -0.00695365,  0.99997431,  0.1048175 ],
       [ 0.        ,  0.        ,  0.        ,  1.        ]])]"
107,"[array([[ 0.92065985, -0.39632733, -0.00996128, -0.044892  ],
       [ 0.39029554,  0.91807351,  0.00452609,  0.1692145 ],
       [ 0.00740488, -0.0081037 ,  0.99994014,  0.104963  ],
       [ 0.        ,  0.        ,  0.        ,  1.        ]])]"
108,"[array([[ 0.92851833, -0.37048617, -0.01481173, -0.0362605 ],
       [ 0.37100929,  0.92882934, -0.00159452,  0.1658985 ],
       [ 0.01434613, -0.00400695,  0.99988903,  0.104991  ],
       [ 0.        ,  0.        ,  0.        ,  1.        ]])]"
109,"[array([[ 0.93437497, -0.35640241, -0.01387059, -0.029772  ],
       [ 0.35603137,  0.93432687, -0.00180467,  0.162665  ],
       [ 0.01360418, -0.00325768,  0.99990217,  0.105032  ],
       [ 0.        ,  0.        ,  0.        ,  1.        ]])]"
110,"[array([[ 0.93621807, -0.34556768, -0.01337734, -0.0252025 ],
       [ 0.35117023,  0.93838987, -0.00202375,  0.1599075 ],
       [ 0.013236  , -0.00272396,  0.99990847,  0.1050255 ],
       [ 0.        ,  0.        ,  0.        ,  1.        ]])]"
111,"[array([[ 0.93534902, -0.3405838 , -0.01907816, -0.0234305 ],
       [ 0.3531771 ,  0.94021286, -0.00524666,  0.158688  ],
       [ 0.0197016 , -0.00156504,  0.99980423,  0.105037  ],
       [ 0.        ,  0.        ,  0.        ,  1.        ]])]"
112,"[array([[ 0.93609583, -0.33915874, -0.02137828, -0.0245015 ],
       [ 0.35112919,  0.94071512, -0.00224672,  0.1592555 ],
       [ 0.02080581, -0.00513829,  0.99976893,  0.105092  ],
       [ 0.        ,  0.        ,  0.        ,  1.        ]])]"
113,"[array([[ 9.41322366e-01, -3.37086270e-01, -9.59070596e-03,
        -3.29080000e-02],
       [ 3.37387965e-01,  9.41468239e-01, -8.58949651e-06,
         1.63423500e-01],
       [ 9.03125939e-03, -3.22495689e-03,  9.99954008e-01,
         1.04901500e-01],
       [ 0.00000000e+00,  0.00000000e+00,  0.00000000e+00,
         1.00000000e+00]])]"
114,"[array([[ 0.93457566, -0.36269392, -0.00589244, -0.046169  ],
       [ 0.35573553,  0.93189657,  0.00272914,  0.168122  ],
       [ 0.00453617, -0.00468053,  0.99997892,  0.1048055 ],
       [ 0.        ,  0.        ,  0.        ,  1.        ]])]"
115,"[array([[ 0.92206071, -0.38425121, -0.00327183, -0.0589055 ],
       [ 0.38703783,  0.92322455,  0.00159148,  0.1710885 ],
       [ 0.00240088, -0.00272652,  0.99999338,  0.1047055 ],
       [ 0.        ,  0.        ,  0.        ,  1.        ]])]"
116,"[array([[ 0.90684575, -0.41836088, -0.00354475, -0.06581   ],
       [ 0.42145433,  0.90827689,  0.0013349 ,  0.1716545 ],
       [ 0.00265196, -0.00269546,  0.99999283,  0.104651  ],
       [ 0.        ,  0.        ,  0.        ,  1.        ]])]"
117,"[array([[ 0.89798445, -0.43732155, -0.0033276 , -0.068638  ],
       [ 0.44002108,  0.89930079,  0.00151736,  0.1716575 ],
       [ 0.00232048, -0.00281981,  0.99999331,  0.104638  ],
       [ 0.        ,  0.        ,  0.        ,  1.        ]])]"
118,"[array([[ 0.89794336, -0.43764837, -0.00310926, -0.0686365 ],
       [ 0.44010576,  0.89914226,  0.00144877,  0.1716335 ],
       [ 0.00215433, -0.00266343,  0.99999412,  0.1046385 ],
       [ 0.        ,  0.        ,  0.        ,  1.        ]])]"
119,"[array([[ 0.89802773, -0.43722198, -0.00176449, -0.0684715 ],
       [ 0.43993743,  0.89935197,  0.00105823,  0.1715985 ],
       [ 0.00111901, -0.0017232 ,  0.99999788,  0.1046475 ],
       [ 0.        ,  0.        ,  0.        ,  1.        ]])]"
120,"[array([[ 9.02250593e-01, -4.28254753e-01,  8.85382073e-04,
        -6.43525000e-02],
       [ 4.31210533e-01,  9.03657969e-01,  8.35884119e-04,
         1.71225000e-01],
       [-1.15927940e-03, -3.76184543e-04,  9.99999259e-01,
         1.04702000e-01],
       [ 0.00000000e+00,  0.00000000e+00,  0.00000000e+00,
         1.00000000e+00]])]"
121,"[array([[ 9.20821662e-01, -3.94183931e-01, -6.15556064e-04,
        -5.49850000e-02],
       [ 3.89977946e-01,  9.19007364e-01,  6.99407998e-03,
         1.70551000e-01],
       [-2.16077285e-03, -6.67041773e-03,  9.99975352e-01,
         1.04784000e-01],
       [ 0.00000000e+00,  0.00000000e+00,  0.00000000e+00,
         1.00000000e+00]])]"
122,"[array([[ 0.9350656 , -0.36090816, -0.0083503 , -0.043596  ],
       [ 0.35442204,  0.93257136,  0.00478988,  0.1677215 ],
       [ 0.00611072, -0.00748094,  0.99995366,  0.104928  ],
       [ 0.        ,  0.        ,  0.        ,  1.        ]])]"
123,"[array([[ 9.42923382e-01, -3.32513128e-01, -1.30519098e-02,
        -3.43640000e-02],
       [ 3.32774551e-01,  9.43091142e-01, -6.18224066e-04,
         1.63817500e-01],
       [ 1.25137485e-02, -3.75721049e-03,  9.99914629e-01,
         1.04971000e-01],
       [ 0.00000000e+00,  0.00000000e+00,  0.00000000e+00,
         1.00000000e+00]])]"
124,"[array([[ 0.94548589, -0.32255019, -0.01797246, -0.030357  ],
       [ 0.32516535,  0.94654798, -0.00308175,  0.161737  ],
       [ 0.01799778, -0.00288047,  0.99983373,  0.104984  ],
       [ 0.        ,  0.        ,  0.        ,  1.        ]])]"
125,"[array([[ 0.94902285, -0.31000057, -0.01345002, -0.024603  ],
       [ 0.31491118,  0.95073523, -0.00283742,  0.158195  ],
       [ 0.0136592 , -0.00147202,  0.99990552,  0.1050305 ],
       [ 0.        ,  0.        ,  0.        ,  1.        ]])]"
126,"[array([[ 0.94961164, -0.30795009, -0.01417461, -0.024143  ],
       [ 0.31309357,  0.95140173, -0.00330478,  0.157815  ],
       [ 0.01449662, -0.00122103,  0.99989407,  0.1050645 ],
       [ 0.        ,  0.        ,  0.        ,  1.        ]])]"
127,"[array([[ 9.50200127e-01, -3.05874192e-01, -1.48713151e-02,
        -2.69690000e-02],
       [ 3.11320553e-01,  9.52060817e-01,  5.56065591e-05,
         1.59371000e-01],
       [ 1.41149749e-02, -4.60220125e-03,  9.99889414e-01,
         1.05055500e-01],
       [ 0.00000000e+00,  0.00000000e+00,  0.00000000e+00,
         1.00000000e+00]])]"
128,"[array([[ 0.94875268, -0.31531618, -0.00794681, -0.038616  ],
       [ 0.31591935,  0.94898585, -0.00132067,  0.1646245 ],
       [ 0.00795704, -0.0012525 ,  0.99996755,  0.104804  ],
       [ 0.        ,  0.        ,  0.        ,  1.        ]])]"
129,"[array([[ 9.43040547e-01, -3.39652754e-01,  5.02321864e-04,
        -4.80675000e-02],
       [ 3.32659525e-01,  9.40513824e-01,  9.06114236e-03,
         1.67847000e-01],
       [-3.48812884e-03, -8.35185857e-03,  9.99958821e-01,
         1.04871500e-01],
       [ 0.00000000e+00,  0.00000000e+00,  0.00000000e+00,
         1.00000000e+00]])]"
130,"[array([[ 0.91933465, -0.39084664, -0.00366314, -0.0643705 ],
       [ 0.3934676 ,  0.92045058,  0.00181644,  0.1719    ],
       [ 0.00265296, -0.0031037 ,  0.99999164,  0.1046605 ],
       [ 0.        ,  0.        ,  0.        ,  1.        ]])]"
131,"[array([[ 0.89382719, -0.44633312, -0.00361772, -0.071574  ],
       [ 0.44840538,  0.8948606 ,  0.00194388,  0.173144  ],
       [ 0.00236199, -0.00335424,  0.99999157,  0.1046205 ],
       [ 0.        ,  0.        ,  0.        ,  1.        ]])]"
132,"[array([[ 8.59678725e-01, -5.08986965e-01, -4.81705792e-03,
        -7.92990000e-02],
       [ 5.10815766e-01,  8.60772034e-01, -5.91497180e-04,
         1.73979500e-01],
       [ 4.44332062e-03, -1.94269834e-03,  9.99988223e-01,
         1.04558000e-01],
       [ 0.00000000e+00,  0.00000000e+00,  0.00000000e+00,
         1.00000000e+00]])]"
133,"[array([[ 8.29308269e-01, -5.55905645e-01, -3.91143673e-03,
        -8.47365000e-02],
       [ 5.58779702e-01,  8.31243804e-01, -6.56978272e-04,
         1.73810000e-01],
       [ 3.61092135e-03, -1.62829345e-03,  9.99992134e-01,
         1.04519000e-01],
       [ 0.00000000e+00,  0.00000000e+00,  0.00000000e+00,
         1.00000000e+00]])]"
134,"[array([[ 7.92105941e-01, -6.07530232e-01, -9.43803399e-04,
        -9.16420000e-02],
       [ 6.10381903e-01,  7.94296481e-01, -1.15534585e-03,
         1.72871500e-01],
       [ 1.45279610e-03,  3.44298431e-04,  9.99998887e-01,
         1.04502500e-01],
       [ 0.00000000e+00,  0.00000000e+00,  0.00000000e+00,
         1.00000000e+00]])]"
135,"[array([[ 0.75283136, -0.66019251,  0.00202412, -0.0978085 ],
       [ 0.65819566,  0.75109245,  0.00503535,  0.171097  ],
       [-0.00483814, -0.00244574,  0.99998527,  0.104563  ],
       [ 0.        ,  0.        ,  0.        ,  1.        ]])]"
136,"[array([[ 6.93188761e-01, -7.18147167e-01,  2.67453540e-03,
        -1.04243500e-01],
       [ 7.20751929e-01,  6.95889958e-01,  8.25761808e-04,
         1.68431000e-01],
       [-2.44913689e-03,  1.34607594e-03,  9.99996082e-01,
         1.04513500e-01],
       [ 0.00000000e+00,  0.00000000e+00,  0.00000000e+00,
         1.00000000e+00]])]"
137,"[array([[ 6.50738514e-01, -7.57293309e-01,  2.10233145e-03,
        -1.08271500e-01],
       [ 7.59298719e-01,  6.53074327e-01,  1.09599812e-03,
