,transforms
0,"[array([[ 2.13971709e-01, -9.75946140e-01, -6.76933159e-04,
        -7.90615000e-02],
       [ 9.76821977e-01,  2.18010871e-01, -5.90221687e-03,
         1.63327000e-01],
       [ 5.91036400e-03,  6.26108189e-04,  9.99982353e-01,
         1.04468000e-01],
       [ 0.00000000e+00,  0.00000000e+00,  0.00000000e+00,
         1.00000000e+00]])]"
1,"[array([[ 2.13985282e-01, -9.75958767e-01, -8.20248906e-04,
        -7.90620000e-02],
       [ 9.76819258e-01,  2.17954731e-01, -5.82774007e-03,
         1.63323500e-01],
       [ 5.86827155e-03,  4.69662544e-04,  9.99982682e-01,
         1.04466500e-01],
       [ 0.00000000e+00,  0.00000000e+00,  0.00000000e+00,
         1.00000000e+00]])]"
2,"[array([[ 2.13971551e-01, -9.75978016e-01, -8.25393430e-04,
        -7.90610000e-02],
       [ 9.76821254e-01,  2.17868449e-01, -5.99662619e-03,
         1.63326500e-01],
       [ 6.03435318e-03,  5.00918979e-04,  9.99981679e-01,
         1.04462000e-01],
       [ 0.00000000e+00,  0.00000000e+00,  0.00000000e+00,
         1.00000000e+00]])]"
3,"[array([[ 2.13782868e-01, -9.75962517e-01, -8.74555481e-04,
        -7.90605000e-02],
       [ 9.76862048e-01,  2.17937936e-01, -6.07091842e-03,
         1.63325000e-01],
       [ 6.11752986e-03,  4.69558898e-04,  9.99981189e-01,
         1.04464500e-01],
       [ 0.00000000e+00,  0.00000000e+00,  0.00000000e+00,
         1.00000000e+00]])]"
4,"[array([[ 2.13985072e-01, -9.75966894e-01, -7.03319804e-04,
        -7.90620000e-02],
       [ 9.76818297e-01,  2.17917945e-01, -6.02257165e-03,
         1.63324000e-01],
       [ 6.03356904e-03,  6.26021099e-04,  9.99981617e-01,
         1.04464000e-01],
       [ 0.00000000e+00,  0.00000000e+00,  0.00000000e+00,
         1.00000000e+00]])]"
5,"[array([[ 2.13762055e-01, -9.75944736e-01, -8.47589534e-04,
        -7.90590000e-02],
       [ 9.76867382e-01,  2.18017551e-01, -5.94808808e-03,
         1.63324000e-01],
       [ 5.99178386e-03,  4.69595529e-04,  9.99981951e-01,
         1.04462500e-01],
       [ 0.00000000e+00,  0.00000000e+00,  0.00000000e+00,
         1.00000000e+00]])]"
6,"[array([[ 2.14077497e-01, -9.75970552e-01, -7.54990540e-04,
        -7.90635000e-02],
       [ 9.76798305e-01,  2.17901732e-01, -5.96809519e-03,
         1.63320500e-01],
       [ 5.99136016e-03,  5.63619941e-04,  9.99981906e-01,
         1.04464000e-01],
       [ 0.00000000e+00,  0.00000000e+00,  0.00000000e+00,
         1.00000000e+00]])]"
7,"[array([[ 2.14019576e-01, -9.75980988e-01, -8.34393869e-04,
        -7.90590000e-02],
       [ 9.76810475e-01,  2.17855135e-01, -6.03718438e-03,
         1.63316500e-01],
       [ 6.07587441e-03,  5.00888370e-04,  9.99981428e-01,
         1.04465000e-01],
       [ 0.00000000e+00,  0.00000000e+00,  0.00000000e+00,
         1.00000000e+00]])]"
8,"[array([[ 2.13779419e-01, -9.75949152e-01, -7.37862578e-04,
        -7.90495000e-02],
       [ 9.76864083e-01,  2.17997559e-01, -5.88799895e-03,
         1.63319000e-01],
       [ 5.90961857e-03,  5.63462961e-04,  9.99982393e-01,
         1.04466000e-01],
       [ 0.00000000e+00,  0.00000000e+00,  0.00000000e+00,
         1.00000000e+00]])]"
9,"[array([[ 2.13981680e-01, -9.75896549e-01, -7.02894272e-04,
        -7.90095000e-02],
       [ 9.76820791e-01,  2.18232921e-01, -5.72529389e-03,
         1.63317500e-01],
       [ 5.74308815e-03,  5.63504888e-04,  9.99983363e-01,
         1.04465000e-01],
       [ 0.00000000e+00,  0.00000000e+00,  0.00000000e+00,
         1.00000000e+00]])]"
10,"[array([[ 2.13936172e-01, -9.75956596e-01, -8.63938219e-04,
        -7.90305000e-02],
       [ 9.76830496e-01,  2.17964579e-01, -5.73561152e-03,
         1.63316000e-01],
       [ 5.78764524e-03,  4.07000794e-04,  9.99983178e-01,
         1.04468500e-01],
       [ 0.00000000e+00,  0.00000000e+00,  0.00000000e+00,
         1.00000000e+00]])]"
11,"[array([[ 2.14019468e-01, -9.76075608e-01, -1.00256953e-03,
        -7.91340000e-02],
       [ 9.76809981e-01,  2.17431113e-01, -6.08496008e-03,
         1.63321500e-01],
       [ 6.15853625e-03,  3.44482536e-04,  9.99980984e-01,
         1.04468500e-01],
       [ 0.00000000e+00,  0.00000000e+00,  0.00000000e+00,
         1.00000000e+00]])]"
12,"[array([[ 0.21370128, -0.97735849, -0.0056163 , -0.0803945 ],
       [ 0.97689639,  0.21149798,  0.00356658,  0.1634105 ],
       [-0.00228402, -0.0062436 ,  0.99997787,  0.1045595 ],
       [ 0.        ,  0.        ,  0.        ,  1.        ]])]"
13,"[array([[ 2.04022209e-01, -9.79072636e-01, -4.23049017e-03,
        -8.32705000e-02],
       [ 9.78966153e-01,  2.03463190e-01,  1.34817084e-03,
         1.63405000e-01],
       [-4.56704173e-04, -4.41630384e-03,  9.99990143e-01,
         1.04523500e-01],
       [ 0.00000000e+00,  0.00000000e+00,  0.00000000e+00,
         1.00000000e+00]])]"
14,"[array([[ 1.92368137e-01, -9.81386522e-01, -3.36967640e-03,
        -8.73925000e-02],
       [ 9.81322578e-01,  1.92009725e-01,  1.38015826e-03,
         1.63152000e-01],
       [-7.06166772e-04, -3.57198249e-03,  9.99993370e-01,
         1.04510000e-01],
       [ 0.00000000e+00,  0.00000000e+00,  0.00000000e+00,
         1.00000000e+00]])]"
15,"[array([[ 0.18153423, -0.98340727, -0.00279453, -0.0859305 ],
       [ 0.98338308,  0.18138394,  0.00228966,  0.1627795 ],
       [-0.00174432, -0.00316349,  0.99999347,  0.1045065 ],
       [ 0.        ,  0.        ,  0.        ,  1.        ]])]"
16,"[array([[ 1.79905188e-01, -9.83686919e-01, -3.24493654e-03,
        -8.67220000e-02],
       [ 9.83683849e-01,  1.79857179e-01,  1.05796867e-03,
         1.62623500e-01],
       [-4.56928438e-04, -3.38230459e-03,  9.99994176e-01,
         1.04494000e-01],
       [ 0.00000000e+00,  0.00000000e+00,  0.00000000e+00,
         1.00000000e+00]])]"
17,"[array([[ 1.71063575e-01, -9.85173237e-01, -8.08526692e-04,
        -9.18305000e-02],
       [ 9.85256406e-01,  1.71557702e-01,  2.83873995e-03,
         1.62092000e-01],
       [-2.65858883e-03, -1.28355215e-03,  9.99995644e-01,
         1.04493500e-01],
       [ 0.00000000e+00,  0.00000000e+00,  0.00000000e+00,
         1.00000000e+00]])]"
18,"[array([[ 1.54993082e-01, -9.87945167e-01, -6.10740158e-04,
        -9.49515000e-02],
       [ 9.87909538e-01,  1.54799889e-01,  3.58597714e-03,
         1.61439000e-01],
       [-3.44798333e-03, -1.15849432e-03,  9.99993384e-01,
         1.04491500e-01],
       [ 0.00000000e+00,  0.00000000e+00,  0.00000000e+00,
         1.00000000e+00]])]"
19,"[array([[ 1.37535999e-01, -9.90509167e-01, -6.82092739e-04,
        -9.76640000e-02],
       [ 9.90491741e-01,  1.37442066e-01,  3.28101058e-03,
         1.61181000e-01],
       [-3.15601930e-03, -1.12657431e-03,  9.99994385e-01,
         1.04469000e-01],
       [ 0.00000000e+00,  0.00000000e+00,  0.00000000e+00,
         1.00000000e+00]])]"
20,"[array([[ 1.24656677e-01, -9.92207324e-01,  9.00555237e-04,
        -9.92200000e-02],
       [ 9.92187423e-01,  1.24597536e-01,  4.90897458e-03,
         1.61191000e-01],
       [-4.98294512e-03,  2.81894877e-04,  9.99987545e-01,
         1.04505500e-01],
       [ 0.00000000e+00,  0.00000000e+00,  0.00000000e+00,
         1.00000000e+00]])]"
21,"[array([[ 1.27191381e-01, -9.91958659e-01,  1.65787253e-03,
        -9.72695000e-02],
       [ 9.91860158e-01,  1.26559055e-01,  5.81794787e-03,
         1.61778500e-01],
       [-5.98156725e-03,  9.08243649e-04,  9.99981701e-01,
         1.04549500e-01],
       [ 0.00000000e+00,  0.00000000e+00,  0.00000000e+00,
         1.00000000e+00]])]"
22,"[array([[ 0.14060511, -0.99003294,  0.00812281, -0.0899595 ],
       [ 0.99005278,  0.14063697,  0.00396623,  0.1631595 ],
       [-0.0050691 ,  0.00748435,  0.99995914,  0.1047515 ],
       [ 0.        ,  0.        ,  0.        ,  1.        ]])]"
23,"[array([[ 1.81870629e-01, -9.83317700e-01,  8.28181430e-03,
        -8.28430000e-02],
       [ 9.83322453e-01,  1.81702732e-01, -1.36282335e-03,
         1.64659500e-01],
       [-1.66129828e-04,  8.39157889e-03,  9.99964777e-01,
         1.04862000e-01],
       [ 0.00000000e+00,  0.00000000e+00,  0.00000000e+00,
         1.00000000e+00]])]"
24,"[array([[ 0.23117153, -0.97202959,  0.00844425, -0.075455  ],
       [ 0.97289859,  0.23464727, -0.00745083,  0.165928  ],
       [ 0.00529716,  0.00995701,  0.99993659,  0.104719  ],
       [ 0.        ,  0.        ,  0.        ,  1.        ]])]"
25,"[array([[ 0.23913613, -0.96986586,  0.00657835, -0.0718875 ],
       [ 0.97098123,  0.24352274, -0.00477259,  0.1659025 ],
       [ 0.00306107,  0.0075426 ,  0.99996697,  0.1046475 ],
       [ 0.        ,  0.        ,  0.        ,  1.        ]])]"
26,"[array([[ 0.28135464, -0.95833839,  0.00179868, -0.065124  ],
       [ 0.95957307,  0.28560499, -0.00853776,  0.166017  ],
       [ 0.00768683,  0.00416233,  0.99996193,  0.1046245 ],
       [ 0.        ,  0.        ,  0.        ,  1.        ]])]"
27,"[array([[ 0.2941716 , -0.95427666,  0.00107247, -0.062554  ],
       [ 0.95573727,  0.29891157, -0.00599707,  0.1660035 ],
       [ 0.00541623,  0.00281608,  0.99998144,  0.104581  ],
       [ 0.        ,  0.        ,  0.        ,  1.        ]])]"
28,"[array([[ 3.16799959e-01, -9.47961125e-01,  8.55425630e-04,
        -5.75975000e-02],
       [ 9.48490194e-01,  3.18386019e-01,  1.85898124e-03,
         1.65567500e-01],
       [-2.03422854e-03,  2.19037065e-04,  9.99997906e-01,
         1.04743500e-01],
       [ 0.00000000e+00,  0.00000000e+00,  0.00000000e+00,
         1.00000000e+00]])]"
29,"[array([[ 0.32878249, -0.94570729, -0.00281802, -0.0554555 ],
       [ 0.94439302,  0.32498608,  0.00615794,  0.1649285 ],
       [-0.00488911, -0.00466637,  0.99997707,  0.1047535 ],
       [ 0.        ,  0.        ,  0.        ,  1.        ]])]"
30,"[array([[ 0.34782315, -0.93858785, -0.00456158, -0.0517645 ],
       [ 0.93755212,  0.34498294,  0.0058351 ,  0.163522  ],
       [-0.00388419, -0.00629462,  0.99997257,  0.1047665 ],
       [ 0.        ,  0.        ,  0.        ,  1.        ]])]"
31,"[array([[ 0.35864218, -0.93443191, -0.00602   , -0.0503405 ],
       [ 0.93347228,  0.35606649,  0.00477423,  0.162898  ],
       [-0.00229765, -0.00732544,  0.99997048,  0.104774  ],
       [ 0.        ,  0.        ,  0.        ,  1.        ]])]"
32,"[array([[ 3.67590349e-01, -9.29805808e-01, -3.81979486e-03,
        -4.71315000e-02],
       [ 9.29987792e-01,  3.68026637e-01,  1.73323777e-03,
         1.61593500e-01],
       [-2.07772071e-04, -4.18958197e-03,  9.99991202e-01,
         1.04821000e-01],
       [ 0.00000000e+00,  0.00000000e+00,  0.00000000e+00,
         1.00000000e+00]])]"
33,"[array([[ 3.75247427e-01, -9.26809768e-01, -3.35032559e-03,
        -4.62010000e-02],
       [ 9.26923041e-01,  3.75519907e-01, -5.25983393e-04,
         1.61189500e-01],
       [ 1.74475721e-03, -2.90761397e-03,  9.99994249e-01,
         1.04783500e-01],
       [ 0.00000000e+00,  0.00000000e+00,  0.00000000e+00,
         1.00000000e+00]])]"
34,"[array([[ 0.37105763, -0.92964445, -0.00585701, -0.050229  ],
       [ 0.92860428,  0.36837984,  0.00580203,  0.1624605 ],
       [-0.00321461, -0.00758254,  0.99996602,  0.104782  ],
       [ 0.        ,  0.        ,  0.        ,  1.        ]])]"
35,"[array([[ 0.35329382, -0.93763177, -0.00904996, -0.060162  ],
       [ 0.935504  ,  0.34745129,  0.00765869,  0.1648165 ],
       [-0.00396772, -0.01114733,  0.99992972,  0.1047915 ],
       [ 0.        ,  0.        ,  0.        ,  1.        ]])]"
36,"[array([[ 0.32999108, -0.94211793, -0.00467806, -0.0680915 ],
       [ 0.94394818,  0.33527551, -0.00708205,  0.16599   ],
       [ 0.0082291 , -0.00203292,  0.99996398,  0.1046115 ],
       [ 0.        ,  0.        ,  0.        ,  1.        ]])]"
37,"[array([[ 2.95705171e-01, -9.53975169e-01, -1.59971287e-03,
        -7.73940000e-02],
       [ 9.55253395e-01,  2.99885136e-01, -6.86264858e-03,
         1.66610000e-01],
       [ 7.02878623e-03,  5.31933150e-04,  9.99975172e-01,
         1.04507500e-01],
       [ 0.00000000e+00,  0.00000000e+00,  0.00000000e+00,
         1.00000000e+00]])]"
38,"[array([[ 0.23616164, -0.97052131,  0.00157474, -0.0871915 ],
       [ 0.97169553,  0.24099543, -0.00651181,  0.166234  ],
       [ 0.00595574,  0.00309771,  0.99997756,  0.1044305 ],
       [ 0.        ,  0.        ,  0.        ,  1.        ]])]"
39,"[array([[ 0.18149654, -0.9833992 , -0.00214575, -0.0954765 ],
       [ 0.98339031,  0.18143839,  0.00200238,  0.1648415 ],
       [-0.00157968, -0.00247345,  0.99999569,  0.1044675 ],
       [ 0.        ,  0.        ,  0.        ,  1.        ]])]"
40,"[array([[ 0.13999047, -0.99017218, -0.00120188, -0.101498  ],
       [ 0.99015217,  0.13984687,  0.00134462,  0.1632535 ],
       [-0.00116313, -0.00137811,  0.99999837,  0.104482  ],
       [ 0.        ,  0.        ,  0.        ,  1.        ]])]"
41,"[array([[ 0.08467244, -0.99643261, -0.00150936, -0.108047  ],
       [ 0.99640795,  0.0843766 ,  0.00146321,  0.160328  ],
       [-0.00133015, -0.00162744,  0.99999779,  0.104434  ],
       [ 0.        ,  0.        ,  0.        ,  1.        ]])]"
42,"[array([[ 0.05563796, -0.99846591, -0.00133076, -0.111798  ],
       [ 0.99845007,  0.05535205,  0.00144749,  0.158867  ],
       [-0.00137121, -0.00140885,  0.99999807,  0.1044185 ],
       [ 0.        ,  0.        ,  0.        ,  1.        ]])]"
43,"[array([[ 0.05001424, -0.99875197, -0.00103626, -0.1121245 ],
       [ 0.99874783,  0.0499329 ,  0.00121647,  0.1586295 ],
       [-0.00116312, -0.00109571,  0.99999872,  0.1044555 ],
       [ 0.        ,  0.        ,  0.        ,  1.        ]])]"
44,"[array([[ 0.05498916, -0.99852183, -0.00199491, -0.109677  ],
       [ 0.99848528,  0.05431172,  0.00194006,  0.1595495 ],
       [-0.00182743, -0.00209734,  0.99999613,  0.1044265 ],
       [ 0.        ,  0.        ,  0.        ,  1.        ]])]"
45,"[array([[ 7.04674456e-02, -9.97552148e-01, -7.04441977e-04,
        -1.01876000e-01],
       [ 9.97506764e-01,  6.99250988e-02, -3.78003005e-03,
         1.61834500e-01],
       [ 3.82027401e-03, -4.38401873e-04,  9.99992608e-01,
         1.04629000e-01],
       [ 0.00000000e+00,  0.00000000e+00,  0.00000000e+00,
         1.00000000e+00]])]"
46,"[array([[ 1.21794693e-01, -9.92681059e-01, -9.34284246e-05,
        -9.25370000e-02],
       [ 9.92551973e-01,  1.20765338e-01, -2.58332053e-03,
         1.64923000e-01],
       [ 2.57546758e-03,  2.19231683e-04,  9.99996659e-01,
         1.04632500e-01],
       [ 0.00000000e+00,  0.00000000e+00,  0.00000000e+00,
         1.00000000e+00]])]"
47,"[array([[ 0.20948604, -0.9769613 ,  0.00326429, -0.0799835 ],
       [ 0.9777945 ,  0.21336692, -0.00661985,  0.16776   ],
       [ 0.00578919,  0.00460166,  0.99997276,  0.1045725 ],
       [ 0.        ,  0.        ,  0.        ,  1.        ]])]"
48,"[array([[ 2.93735472e-01, -9.54338357e-01,  6.54049463e-04,
        -6.49905000e-02],
       [ 9.55870211e-01,  2.98717828e-01, -6.08297548e-03,
         1.67285000e-01],
       [ 5.62252276e-03,  2.44132340e-03,  9.99981285e-01,
         1.04564000e-01],
       [ 0.00000000e+00,  0.00000000e+00,  0.00000000e+00,
         1.00000000e+00]])]"
49,"[array([[ 0.33648369, -0.94285701, -0.00331973, -0.0546045 ],
       [ 0.94167829,  0.33315805,  0.00601959,  0.1645935 ],
       [-0.00455159, -0.00513563,  0.99997637,  0.104757  ],
       [ 0.        ,  0.        ,  0.        ,  1.        ]])]"
50,"[array([[ 3.81104984e-01, -9.24163922e-01, -6.91724740e-04,
        -4.68000000e-02],
       [ 9.24531693e-01,  3.81995670e-01, -1.19301071e-04,
         1.61413500e-01],
       [ 3.73917460e-04, -5.93694703e-04,  9.99999754e-01,
         1.04776500e-01],
       [ 0.00000000e+00,  0.00000000e+00,  0.00000000e+00,
         1.00000000e+00]])]"
51,"[array([[ 0.38016585, -0.9262285 , -0.00555178, -0.0507105 ],
       [ 0.92491289,  0.37689193,  0.00571422,  0.162404  ],
       [-0.00317466, -0.0072961 ,  0.99996826,  0.1047775 ],
       [ 0.        ,  0.        ,  0.        ,  1.        ]])]"
52,"[array([[ 3.56307836e-01, -9.34207113e-01, -4.51190902e-03,
        -6.17130000e-02],
       [ 9.34368177e-01,  3.56702957e-01,  7.42436142e-04,
         1.64679000e-01],
       [ 9.13929393e-04, -4.47993351e-03,  9.99989546e-01,
         1.04663500e-01],
       [ 0.00000000e+00,  0.00000000e+00,  0.00000000e+00,
         1.00000000e+00]])]"
53,"[array([[ 0.32242199, -0.94492329, -0.00635829, -0.073698  ],
       [ 0.94655392,  0.32727176, -0.00726772,  0.1659085 ],
       [ 0.00892975, -0.00362975,  0.99995338,  0.104637  ],
       [ 0.        ,  0.        ,  0.        ,  1.        ]])]"
54,"[array([[ 0.2885246 , -0.95594747, -0.00640219, -0.07929   ],
       [ 0.95743534,  0.29350912, -0.00687897,  0.1660375 ],
       [ 0.00843373, -0.0041013 ,  0.99995584,  0.1046165 ],
       [ 0.        ,  0.        ,  0.        ,  1.        ]])]"
55,"[array([[ 2.85658955e-01, -9.56967322e-01, -1.48248991e-03,
        -7.82800000e-02],
       [ 9.58303698e-01,  2.90194957e-01, -7.15358618e-03,
         1.66049000e-01],
       [ 7.27898886e-03,  6.57257776e-04,  9.99973314e-01,
         1.04484500e-01],
       [ 0.00000000e+00,  0.00000000e+00,  0.00000000e+00,
         1.00000000e+00]])]"
56,"[array([[ 3.16482865e-01, -9.46882266e-01,  7.07538335e-05,
        -6.52685000e-02],
       [ 9.48580046e-01,  3.21573799e-01, -6.21489713e-03,
         1.65569500e-01],
       [ 5.87304846e-03,  2.06558352e-03,  9.99980685e-01,
         1.04559000e-01],
       [ 0.00000000e+00,  0.00000000e+00,  0.00000000e+00,
         1.00000000e+00]])]"
57,"[array([[ 3.59230914e-01, -9.34381562e-01,  4.79566073e-05,
        -5.17755000e-02],
       [ 9.33248497e-01,  3.56273858e-01,  6.52921402e-04,
         1.63269000e-01],
       [-6.26565547e-04, -1.87809098e-04,  9.99999786e-01,
         1.04948000e-01],
       [ 0.00000000e+00,  0.00000000e+00,  0.00000000e+00,
         1.00000000e+00]])]"
58,"[array([[ 0.37328724, -0.92738607,  0.00374397, -0.0452825 ],
       [ 0.9277133 ,  0.37407353, -0.00383515,  0.1612125 ],
       [ 0.00216037,  0.0049068 ,  0.99998564,  0.1049555 ],
       [ 0.        ,  0.        ,  0.        ,  1.        ]])]"
59,"[array([[ 0.38882135, -0.9210707 ,  0.00548925, -0.0407915 ],
       [ 0.92131227,  0.3893411 , -0.00371375,  0.1593785 ],
       [ 0.00128721,  0.00650204,  0.99997804,  0.105009  ],
       [ 0.        ,  0.        ,  0.        ,  1.        ]])]"
60,"[array([[ 3.85785815e-01, -9.22390415e-01,  1.58394885e-03,
        -4.59400000e-02],
       [ 9.22587291e-01,  3.86257239e-01,  8.68707862e-04,
         1.61174500e-01],
       [-1.41252614e-03,  1.12547637e-03,  9.99998368e-01,
         1.04805000e-01],
       [ 0.00000000e+00,  0.00000000e+00,  0.00000000e+00,
         1.00000000e+00]])]"
61,"[array([[ 3.52433585e-01, -9.35877590e-01, -3.79638567e-03,
        -6.09890000e-02],
       [ 9.35834961e-01,  3.52309373e-01, -5.67788195e-04,
         1.64713500e-01],
       [ 1.86934363e-03, -3.35293987e-03,  9.99992633e-01,
         1.04645500e-01],
       [ 0.00000000e+00,  0.00000000e+00,  0.00000000e+00,
         1.00000000e+00]])]"
62,"[array([[ 0.31920571, -0.94605644, -0.00127279, -0.0729975 ],
       [ 0.94765358,  0.32399922, -0.00777275,  0.165953  ],
       [ 0.0077724 ,  0.00131427,  0.99996898,  0.104517  ],
       [ 0.        ,  0.        ,  0.        ,  1.        ]])]"
63,"[array([[ 2.56268921e-01, -9.65082465e-01, -5.13626516e-04,
        -8.44385000e-02],
       [ 9.66579066e-01,  2.61942469e-01, -7.26279644e-03,
         1.65491500e-01],
       [ 7.15188309e-03,  1.40678018e-03,  9.99973494e-01,
         1.04439500e-01],
       [ 0.00000000e+00,  0.00000000e+00,  0.00000000e+00,
         1.00000000e+00]])]"
64,"[array([[ 1.80120238e-01, -9.83759181e-01, -2.76185817e-03,
        -9.65220000e-02],
       [ 9.83644176e-01,  1.79468734e-01,  1.43439570e-03,
         1.63706000e-01],
       [-9.13472853e-04, -2.97444692e-03,  9.99995157e-01,
         1.04456500e-01],
       [ 0.00000000e+00,  0.00000000e+00,  0.00000000e+00,
         1.00000000e+00]])]"
65,"[array([[ 0.11194252, -0.99404702, -0.00526289, -0.105747  ],
       [ 0.99369868,  0.10879136,  0.00626734,  0.1614905 ],
       [-0.0056389 , -0.00591359,  0.99996651,  0.1044555 ],
       [ 0.        ,  0.        ,  0.        ,  1.        ]])]"
66,"[array([[ 0.07615925, -0.99715518, -0.00145706, -0.1090375 ],
       [ 0.99708819,  0.07535564,  0.00398448,  0.1597665 ],
       [-0.00386195, -0.00175318,  0.999991  ,  0.104405  ],
       [ 0.        ,  0.        ,  0.        ,  1.        ]])]"
67,"[array([[ 0.07861693, -0.99714931, -0.00599693, -0.1030205 ],
       [ 0.99688601,  0.07517506,  0.00662924,  0.161236  ],
       [-0.00613738, -0.00647845,  0.99996004,  0.1044565 ],
       [ 0.        ,  0.        ,  0.        ,  1.        ]])]"
68,"[array([[ 0.10961978, -0.9939974 , -0.00324951, -0.089924  ],
       [ 0.99397184,  0.10934848,  0.00223892,  0.1636825 ],
       [-0.00186923, -0.00347486,  0.99999221,  0.1044855 ],
       [ 0.        ,  0.        ,  0.        ,  1.        ]])]"
69,"[array([[ 0.21456633, -0.97591688,  0.00557543, -0.075318  ],
       [ 0.97667812,  0.21801532, -0.00923084,  0.1657565 ],
       [ 0.00781971,  0.00745405,  0.99994185,  0.104684  ],
       [ 0.        ,  0.        ,  0.        ,  1.        ]])]"
70,"[array([[ 2.45769552e-01, -9.68276806e-01, -7.80282434e-04,
        -7.17270000e-02],
       [ 9.69309489e-01,  2.49878895e-01, -6.02991522e-03,
         1.65940500e-01],
       [ 6.03673529e-03,  7.51233056e-04,  9.99981515e-01,
         1.04511000e-01],
       [ 0.00000000e+00,  0.00000000e+00,  0.00000000e+00,
         1.00000000e+00]])]"
71,"[array([[ 2.25728560e-01, -9.73130373e-01, -4.53969904e-04,
        -8.01625000e-02],
       [ 9.74175188e-01,  2.30253370e-01, -5.45311054e-03,
         1.65987000e-01],
       [ 5.41484002e-03,  8.13837361e-04,  9.99985029e-01,
         1.04473000e-01],
       [ 0.00000000e+00,  0.00000000e+00,  0.00000000e+00,
         1.00000000e+00]])]"
72,"[array([[ 1.65119841e-01, -9.86301064e-01, -4.07008219e-03,
        -9.19295000e-02],
       [ 9.86273195e-01,  1.64900194e-01,  1.48183546e-03,
         1.65104000e-01],
       [-7.89450676e-04, -4.25872130e-03,  9.99990619e-01,
         1.04480000e-01],
       [ 0.00000000e+00,  0.00000000e+00,  0.00000000e+00,
         1.00000000e+00]])]"
73,"[array([[ 0.08938215, -0.99603664, -0.00364202, -0.1020705 ],
       [ 0.99599628,  0.08886304,  0.00182808,  0.1631415 ],
       [-0.00149524, -0.00379007,  0.9999917 ,  0.1044175 ],
       [ 0.        ,  0.        ,  0.        ,  1.        ]])]"
74,"[array([[ 0.05576194, -0.99847437, -0.00310419, -0.105925  ],
       [ 0.99844185,  0.0551228 ,  0.0022942 ,  0.161479  ],
       [-0.00211754, -0.00322594,  0.99999255,  0.1043995 ],
       [ 0.        ,  0.        ,  0.        ,  1.        ]])]"
75,"[array([[ 0.04867885, -0.99890149, -0.00233334, -0.10676   ],
       [ 0.99881012,  0.04679414,  0.00306871,  0.161086  ],
       [-0.00295149, -0.00247439,  0.99999257,  0.1044015 ],
       [ 0.        ,  0.        ,  0.        ,  1.        ]])]"
76,"[array([[ 0.05206773, -0.99865218, -0.00180769, -0.1030585 ],
       [ 0.99863655,  0.05186339,  0.00383922,  0.16206   ],
       [-0.0037399 , -0.00200438,  0.999991  ,  0.104432  ],
       [ 0.        ,  0.        ,  0.        ,  1.        ]])]"
77,"[array([[ 0.06933666, -0.99759196, -0.00448278, -0.094412  ],
       [ 0.99759207,  0.06920328,  0.00189403,  0.16374   ],
       [-0.00157867, -0.00460311,  0.99998816,  0.1044635 ],
       [ 0.        ,  0.        ,  0.        ,  1.        ]])]"
78,"[array([[ 0.06948761, -0.99757141, -0.00453386, -0.0945705 ],
       [ 0.99758129,  0.06949458,  0.00206448,  0.1634185 ],
       [-0.00174446, -0.00466638,  0.99998759,  0.1044585 ],
       [ 0.        ,  0.        ,  0.        ,  1.        ]])]"
79,"[array([[ 0.07242512, -0.99741775, -0.00409324, -0.0936125 ],
       [ 0.9973724 ,  0.07169361,  0.00200534,  0.163491  ],
       [-0.00170363, -0.00422648,  0.99998961,  0.1044565 ],
       [ 0.        ,  0.        ,  0.        ,  1.        ]])]"
80,"[array([[ 0.07949415, -0.99684415, -0.00365365, -0.091884  ],
       [ 0.99683342,  0.07929157,  0.0022496 ,  0.163755  ],
       [-0.00195205, -0.00382053,  0.9999908 ,  0.104481  ],
       [ 0.        ,  0.        ,  0.        ,  1.        ]])]"
81,"[array([[ 0.12657121, -0.99125793,  0.00338798, -0.0843645 ],
       [ 0.99194297,  0.13187363, -0.00584952,  0.1652005 ],
       [ 0.0053737 ,  0.00412985,  0.99997715,  0.104509  ],
       [ 0.        ,  0.        ,  0.        ,  1.        ]])]"
82,"[array([[ 0.18758346, -0.98152224,  0.00164588, -0.076995  ],
       [ 0.98223944,  0.1913317 , -0.00464983,  0.166318  ],
       [ 0.00425856,  0.00250516,  0.99998783,  0.104496  ],
       [ 0.        ,  0.        ,  0.        ,  1.        ]])]"
83,"[array([[ 0.22880727, -0.97230794,  0.00364131, -0.072884  ],
       [ 0.97346415,  0.23365685, -0.00480434,  0.166456  ],
       [ 0.00384376,  0.00466312,  0.99998183,  0.1045465 ],
       [ 0.        ,  0.        ,  0.        ,  1.        ]])]"
84,"[array([[ 0.25304821, -0.96626379,  0.00351389, -0.0698795 ],
       [ 0.96744728,  0.25751392, -0.00455245,  0.1664385 ],
       [ 0.00351513,  0.00456774,  0.99998346,  0.104585  ],
       [ 0.        ,  0.        ,  0.        ,  1.        ]])]"
85,"[array([[ 0.28904351, -0.95577295,  0.00219609, -0.0634665 ],
       [ 0.95730415,  0.29408158, -0.00562973,  0.1660575 ],
       [ 0.00475469,  0.00375463,  0.99998174,  0.104586  ],
       [ 0.        ,  0.        ,  0.        ,  1.        ]])]"
86,"[array([[ 3.25244546e-01, -9.45068638e-01, -1.45320400e-03,
        -5.71825000e-02],
       [ 9.45629937e-01,  3.26868199e-01,  5.87641366e-04,
         1.64932000e-01],
       [-8.30446946e-05, -1.56546072e-03,  9.99998771e-01,
         1.04687000e-01],
       [ 0.00000000e+00,  0.00000000e+00,  0.00000000e+00,
         1.00000000e+00]])]"
87,"[array([[ 0.34648273, -0.93891352, -0.00422702, -0.0531395 ],
       [ 0.9380498 ,  0.34410443,  0.00529938,  0.163528  ],
       [-0.00350657, -0.00579248,  0.99997702,  0.1047575 ],
       [ 0.        ,  0.        ,  0.        ,  1.        ]])]"
88,"[array([[ 0.36557988, -0.93155186, -0.00433196, -0.0502125 ],
       [ 0.93077188,  0.36355612,  0.00587213,  0.1622295 ],
       [-0.00388204, -0.00617046,  0.99997338,  0.1047745 ],
       [ 0.        ,  0.        ,  0.        ,  1.        ]])]"
89,"[array([[ 0.37751756, -0.92764907, -0.00304847, -0.048214  ],
       [ 0.92599593,  0.37342362,  0.00498757,  0.161279  ],
       [-0.00346768, -0.00469047,  0.99998292,  0.104813  ],
       [ 0.        ,  0.        ,  0.        ,  1.        ]])]"
90,"[array([[ 3.86296643e-01, -9.21863852e-01, -1.91047780e-03,
        -4.59730000e-02],
       [ 9.22374147e-01,  3.87510247e-01, -1.91135816e-04,
         1.60152500e-01],
       [ 9.14311581e-04, -1.68713645e-03,  9.99998157e-01,
         1.04780000e-01],
       [ 0.00000000e+00,  0.00000000e+00,  0.00000000e+00,
         1.00000000e+00]])]"
91,"[array([[ 4.03519085e-01, -9.14276442e-01, -1.96156207e-03,
        -4.33085000e-02],
       [ 9.14970073e-01,  4.05088062e-01, -7.24086046e-04,
         1.58699000e-01],
       [ 1.45404797e-03, -1.50009466e-03,  9.99997814e-01,
         1.04784000e-01],
       [ 0.00000000e+00,  0.00000000e+00,  0.00000000e+00,
         1.00000000e+00]])]"
92,"[array([[ 0.42421042, -0.9050184 , -0.00244026, -0.0411655 ],
       [ 0.90556126,  0.42536896, -0.00115138,  0.157141  ],
       [ 0.00207783, -0.00171873,  0.99999636,  0.1048045 ],
       [ 0.        ,  0.        ,  0.        ,  1.        ]])]"
93,"[array([[ 0.4446963 , -0.89628542, -0.00455103, -0.0399345 ],
       [ 0.89566588,  0.44347081, -0.00363113,  0.1559465 ],
       [ 0.0052762 , -0.00246876,  0.99998305,  0.1048145 ],
       [ 0.        ,  0.        ,  0.        ,  1.        ]])]"
94,"[array([[ 0.45286783, -0.89227623, -0.0049047 , -0.039623  ],
       [ 0.89155756,  0.45148315, -0.00422399,  0.155539  ],
       [ 0.00598724, -0.00246934,  0.99997905,  0.1048255 ],
       [ 0.        ,  0.        ,  0.        ,  1.        ]])]"
95,"[array([[ 0.45944961, -0.88873063, -0.00490521, -0.0388435 ],
       [ 0.88818612,  0.45842226, -0.00377944,  0.1549125 ],
       [ 0.00561065, -0.00262688,  0.99998083,  0.104823  ],
       [ 0.        ,  0.        ,  0.        ,  1.        ]])]"
96,"[array([[ 0.46653932, -0.88483479, -0.00507749, -0.0381425 ],
       [ 0.88447906,  0.46589821, -0.00427813,  0.1543235 ],
       [ 0.0061529 , -0.00249962,  0.99997796,  0.104833  ],
       [ 0.        ,  0.        ,  0.        ,  1.        ]])]"
97,"[array([[ 0.47379549, -0.88100286, -0.00505153, -0.0375675 ],
       [ 0.88061226,  0.47310513, -0.00445381,  0.153781  ],
       [ 0.00631561, -0.00234334,  0.99997732,  0.1048455 ],
       [ 0.        ,  0.        ,  0.        ,  1.        ]])]"
98,"[array([[ 0.48425451, -0.87568043, -0.00553168, -0.036661  ],
       [ 0.87490838,  0.48288075, -0.00349394,  0.1529995 ],
       [ 0.00573574, -0.0031569 ,  0.9999786 ,  0.1048545 ],
       [ 0.        ,  0.        ,  0.        ,  1.        ]])]"
99,"[array([[ 0.52087912, -0.85415503, -0.00427748, -0.0353665 ],
       [ 0.85361335,  0.52001561, -0.00371918,  0.151069  ],
       [ 0.00540288, -0.00171963,  0.99998394,  0.1048385 ],
       [ 0.        ,  0.        ,  0.        ,  1.        ]])]"
100,"[array([[ 0.53144407, -0.84754178, -0.00586586, -0.0347935 ],
       [ 0.84707477,  0.53071775, -0.00294806,  0.1503165 ],
       [ 0.00561472, -0.00340705,  0.99997845,  0.1048695 ],
       [ 0.        ,  0.        ,  0.        ,  1.        ]])]"
101,"[array([[ 0.53348368, -0.84564544, -0.00612382, -0.0347625 ],
       [ 0.84578708,  0.53373498, -0.00355551,  0.1501675 ],
       [ 0.00627432, -0.00328097,  0.99997493,  0.1048665 ],
       [ 0.        ,  0.        ,  0.        ,  1.        ]])]"
102,"[array([[ 0.5340571 , -0.84545306, -0.00682642, -0.034848  ],
       [ 0.84542419,  0.53403451, -0.00325694,  0.1501765 ],
       [ 0.00639938, -0.00403222,  0.9999714 ,  0.1048915 ],
       [ 0.        ,  0.        ,  0.        ,  1.        ]])]"
103,"[array([[ 0.53272008, -0.84648688, -0.00818827, -0.0355175 ],
       [ 0.84625843,  0.5323864 , -0.00368643,  0.150515  ],
       [ 0.00748202, -0.00496886,  0.99995968,  0.1049225 ],
       [ 0.        ,  0.        ,  0.        ,  1.        ]])]"
104,"[array([[ 0.53023681, -0.84869274, -0.00908786, -0.036559  ],
       [ 0.84781313,  0.52885425, -0.00358965,  0.1510925 ],
       [ 0.00786245, -0.00581468,  0.99995226,  0.104941  ],
       [ 0.        ,  0.        ,  0.        ,  1.        ]])]"
105,"[array([[ 0.53051391, -0.84863932, -0.00918088, -0.036597  ],
       [ 0.84764093,  0.52893786, -0.00338101,  0.1511065 ],
       [ 0.00773683, -0.0060032 ,  0.99995214,  0.104942  ],
       [ 0.        ,  0.        ,  0.        ,  1.        ]])]"
106,"[array([[ 0.5224588 , -0.85354158, -0.0106727 , -0.039507  ],
       [ 0.85262981,  0.52096611, -0.00248447,  0.152627  ],
       [ 0.00769484, -0.00781574,  0.99993996,  0.104964  ],
       [ 0.        ,  0.        ,  0.        ,  1.        ]])]"
107,"[array([[ 0.50353659, -0.86283537, -0.01253367, -0.044282  ],
       [ 0.86395928,  0.50535267,  0.00148724,  0.1549365 ],
       [ 0.00502664, -0.011567  ,  0.99992034,  0.105049  ],
       [ 0.        ,  0.        ,  0.        ,  1.        ]])]"
108,"[array([[ 4.44134401e-01, -8.97200786e-01, -1.42261455e-02,
        -5.08100000e-02],
       [ 8.95960165e-01,  4.41335102e-01,  7.19195741e-03,
         1.59040500e-01],
       [-1.25402654e-04, -1.59397976e-02,  9.99872938e-01,
         1.05004500e-01],
       [ 0.00000000e+00,  0.00000000e+00,  0.00000000e+00,
         1.00000000e+00]])]"
109,"[array([[ 3.92936399e-01, -9.20465111e-01, -1.64800957e-02,
        -5.65410000e-02],
       [ 9.19565536e-01,  3.90422527e-01,  6.54267660e-03,
         1.61869000e-01],
       [ 4.59281733e-04, -1.77265482e-02,  9.99842788e-01,
         1.05030000e-01],
       [ 0.00000000e+00,  0.00000000e+00,  0.00000000e+00,
         1.00000000e+00]])]"
110,"[array([[ 0.33278685, -0.94115535, -0.00977483, -0.0643945 ],
       [ 0.94295814,  0.33789959, -0.006203  ,  0.1649595 ],
       [ 0.00910271, -0.00710412,  0.99993299,  0.1047885 ],
       [ 0.        ,  0.        ,  0.        ,  1.        ]])]"
111,"[array([[ 0.2862497 , -0.95669318, -0.0068207 , -0.0719755 ],
       [ 0.9581201 ,  0.29106134, -0.00650407,  0.1669145 ],
       [ 0.00818447, -0.00463244,  0.99995559,  0.104658  ],
       [ 0.        ,  0.        ,  0.        ,  1.        ]])]"
112,"[array([[ 0.24218803, -0.96954675, -0.00553036, -0.079263  ],
       [ 0.97019887,  0.24487744, -0.00654386,  0.167515  ],
       [ 0.00768851, -0.00375963,  0.9999633 ,  0.104607  ],
       [ 0.        ,  0.        ,  0.        ,  1.        ]])]"
113,"[array([[ 1.96700421e-01, -9.79458479e-01, -1.51000444e-03,
        -8.57110000e-02],
       [ 9.80441585e-01,  2.01645858e-01, -6.40407395e-03,
         1.67603000e-01],
       [ 6.57598127e-03, -1.87635724e-04,  9.99978354e-01,
         1.04480000e-01],
       [ 0.00000000e+00,  0.00000000e+00,  0.00000000e+00,
         1.00000000e+00]])]"
114,"[array([[ 1.70057077e-01, -9.84606094e-01, -4.08904298e-05,
        -8.98365000e-02],
       [ 9.85413385e-01,  1.74784553e-01, -6.49475681e-03,
         1.67211500e-01],
       [ 6.40710914e-03,  1.09494530e-03,  9.99978908e-01,
         1.04422500e-01],
       [ 0.00000000e+00,  0.00000000e+00,  0.00000000e+00,
         1.00000000e+00]])]"
115,"[array([[ 1.39403668e-01, -9.90196496e-01, -3.88302950e-03,
        -9.50810000e-02],
       [ 9.90235289e-01,  1.39623028e-01,  1.38535436e-03,
         1.66290000e-01],
       [-8.30525278e-04, -4.03842390e-03,  9.99991501e-01,
         1.04472500e-01],
       [ 0.00000000e+00,  0.00000000e+00,  0.00000000e+00,
         1.00000000e+00]])]"
116,"[array([[ 0.11241302, -0.9936495 , -0.00311614, -0.0988355 ],
       [ 0.99365973,  0.11246971,  0.00227423,  0.164894  ],
       [-0.00190953, -0.00335216,  0.99999256,  0.1044505 ],
       [ 0.        ,  0.        ,  0.        ,  1.        ]])]"
117,"[array([[ 0.07865231, -0.99696648, -0.00281355, -0.1036755 ],
       [ 0.9968993 ,  0.07777397,  0.00259637,  0.1628155 ],
       [-0.00236704, -0.00300697,  0.99999267,  0.104423  ],
       [ 0.        ,  0.        ,  0.        ,  1.        ]])]"
118,"[array([[ 0.06504113, -0.99787678, -0.00313267, -0.1053815 ],
       [ 0.99787882,  0.06504558,  0.00295118,  0.161901  ],
       [-0.0027412 , -0.00331801,  0.99999074,  0.104414  ],
       [ 0.        ,  0.        ,  0.        ,  1.        ]])]"
119,"[array([[ 0.04184974, -0.99912078, -0.00321311, -0.1080045 ],
       [ 0.99912091,  0.04179308,  0.00258626,  0.1603325 ],
       [-0.00244954, -0.0033184 ,  0.99999149,  0.104393  ],
       [ 0.        ,  0.        ,  0.        ,  1.        ]])]"
120,"[array([[ 0.03249827, -0.99951093, -0.00209789, -0.1092725 ],
       [ 0.99946731,  0.03119459,  0.00306196,  0.159627  ],
       [-0.00299217, -0.00219239,  0.99999311,  0.104395  ],
       [ 0.        ,  0.        ,  0.        ,  1.        ]])]"
121,"[array([[ 8.80726226e-03, -9.99935470e-01,  4.42115340e-04,
        -1.11801000e-01],
       [ 9.99956617e-01,  1.13529244e-02,  3.02891274e-03,
         1.58004000e-01],
       [-3.03268936e-03,  4.07701704e-04,  9.99995315e-01,
         1.04423500e-01],
       [ 0.00000000e+00,  0.00000000e+00,  0.00000000e+00,
         1.00000000e+00]])]"
122,"[array([[-2.59219602e-02, -9.99726456e-01, -2.11832512e-04,
        -1.14164000e-01],
       [ 9.99657133e-01, -2.33879809e-02,  3.69295244e-03,
         1.55951000e-01],
       [-3.69720266e-03, -1.25404724e-04,  9.99993159e-01,
         1.04406000e-01],
       [ 0.00000000e+00,  0.00000000e+00,  0.00000000e+00,
         1.00000000e+00]])]"
123,"[array([[-4.45927609e-02, -9.99089455e-01, -4.19730661e-04,
        -1.15716000e-01],
       [ 9.98994210e-01, -4.26639556e-02,  4.68210252e-03,
         1.54596000e-01],
       [-4.69616215e-03, -2.19593889e-04,  9.99988951e-01,
         1.04406500e-01],
       [ 0.00000000e+00,  0.00000000e+00,  0.00000000e+00,
         1.00000000e+00]])]"
124,"[array([[-0.07438075, -0.99754065,  0.00386807, -0.1174685 ],
       [ 0.99721764, -0.06996276,  0.00524984,  0.1528855 ],
       [-0.00494763,  0.00422594,  0.99997874,  0.1044575 ],
       [ 0.        ,  0.        ,  0.        ,  1.        ]])]"
125,"[array([[-0.09214129, -0.99611928,  0.0036898 , -0.118173  ],
       [ 0.9957324 , -0.08791498,  0.00555639,  0.151898  ],
       [-0.00519281,  0.00416406,  0.99997776,  0.1044545 ],
       [ 0.        ,  0.        ,  0.        ,  1.        ]])]"
126,"[array([[-0.11779673, -0.99359121,  0.0036472 , -0.1189225 ],
       [ 0.99302436, -0.11295293,  0.00562103,  0.1506545 ],
       [-0.00515231,  0.00425883,  0.99997755,  0.104448  ],
       [ 0.        ,  0.        ,  0.        ,  1.        ]])]"
127,"[array([[-0.12297413, -0.9929701 ,  0.00391301, -0.1189725 ],
       [ 0.99239584, -0.11827708,  0.00580324,  0.1504425 ],
       [-0.00527804,  0.004572  ,  0.99997551,  0.104451  ],
       [ 0.        ,  0.        ,  0.        ,  1.        ]])]"
128,"[array([[-0.123818  , -0.99281584,  0.00386627, -0.1189595 ],
       [ 0.99228909, -0.11956505,  0.00613508,  0.150405  ],
       [-0.0056092 ,  0.00457216,  0.99997371,  0.104457  ],
       [ 0.        ,  0.        ,  0.        ,  1.        ]])]"
129,"[array([[-0.12395069, -0.9928339 ,  0.00490979, -0.118864  ],
       [ 0.99227034, -0.11936803,  0.00664326,  0.150438  ],
       [-0.00598354,  0.00566779,  0.99996588,  0.1044795 ],
       [ 0.        ,  0.        ,  0.        ,  1.        ]])]"
130,"[array([[-0.12536174, -0.99269944,  0.00504574, -0.1179715 ],
       [ 0.99209406, -0.12047521,  0.00649905,  0.150705  ],
       [-0.00581532,  0.00579208,  0.99996615,  0.1044885 ],
       [ 0.        ,  0.        ,  0.        ,  1.        ]])]"
131,"[array([[-0.12710066, -0.99244522,  0.00371461, -0.1175425 ],
       [ 0.99186725, -0.12260336,  0.00722234,  0.1508465 ],
       [-0.0066917 ,  0.00457218,  0.99996702,  0.104475  ],
       [ 0.        ,  0.        ,  0.        ,  1.        ]])]"
132,"[array([[-0.12730059, -0.99239313,  0.00413253, -0.1169935 ],
       [ 0.99184736, -0.1230123 ,  0.00635466,  0.151112  ],
       [-0.00577694,  0.00488293,  0.99997127,  0.104476  ],
       [ 0.        ,  0.        ,  0.        ,  1.        ]])]"
133,"[array([[-0.1281356 , -0.99225012,  0.00291601, -0.116862  ],
       [ 0.99174124, -0.12420351,  0.00595222,  0.151121  ],
       [-0.00552954,  0.00363278,  0.99997803,  0.104458  ],
       [ 0.        ,  0.        ,  0.        ,  1.        ]])]"
134,"[array([[-0.12915278, -0.99212137,  0.00251708, -0.1168935 ],
       [ 0.99161237, -0.12524049,  0.00531622,  0.1510495 ],
       [-0.00494663,  0.00316311,  0.9999827 ,  0.1044515 ],
       [ 0.        ,  0.        ,  0.        ,  1.        ]])]"
135,"[array([[-0.12908097, -0.99219433,  0.00317185, -0.1167625 ],
       [ 0.99161624, -0.12463887,  0.00640779,  0.151146  ],
       [-0.00594479,  0.00394585,  0.99997444,  0.104466  ],
       [ 0.        ,  0.        ,  0.        ,  1.        ]])]"
136,"[array([[-1.21193590e-01, -9.93146348e-01, -1.01030302e-03,
        -1.13999500e-01],
       [ 9.92623318e-01, -1.16875739e-01,  3.22741400e-03,
         1.52499500e-01],
       [-3.32606766e-03, -6.26175939e-04,  9.99994282e-01,
         1.04494000e-01],
       [ 0.00000000e+00,  0.00000000e+00,  0.00000000e+00,
         1.00000000e+00]])]"
137,"[array([[-0.10356847, -0.99473046, -0.00509423, -0.10845   ],
       [ 0.99460797, -0.10242267,  0.00484169,  0.1550215 ],
       [-0.00534331, -0.0045716 ,  0.9999753 ,  0.104515  ],
       [ 0.        ,  0.        ,  0.        ,  1.        ]])]"
138,"[array([[ 0.01096274, -0.99993954, -0.00225834, -0.0983695 ],
       [ 0.99993439,  0.01076921, -0.00329747,  0.160973  ],
       [ 0.00332204, -0.00222271,  0.99999201,  0.1046195 ],
