,LP,LD1,LD2,RP,RD1,RD2
0,"[array([[-0.27858828, -0.9603328 , -0.01222613, -0.08242641],
       [ 0.95940935, -0.27885643,  0.04210465,  0.41473524],
       [-0.04384381,  0.        ,  0.9990384 ,  0.0854021 ],
       [ 0.        ,  0.        ,  0.        ,  1.        ]])]","[array([[ 0.14406232, -0.98956515,  0.00261993, -0.09798422],
       [ 0.98940155,  0.14408614,  0.01799337,  0.48337642],
       [-0.01818311, -0.        ,  0.99983467,  0.08300122],
       [ 0.        ,  0.        ,  0.        ,  1.        ]])]","[array([[ 0.14406232, -0.98956515,  0.00261993, -0.09798422],
       [ 0.98940155,  0.14408614,  0.01799337,  0.48337642],
       [-0.01818311, -0.        ,  0.99983467,  0.08300122],
       [ 0.        ,  0.        ,  0.        ,  1.        ]])]","[array([[ 0.38215596, -0.92398389,  0.01451153, -0.02465965],
       [ 0.92331845,  0.38243138,  0.03506099,  0.41291875],
       [-0.03794545,  0.        ,  0.99927981,  0.08634298],
       [ 0.        ,  0.        ,  0.        ,  1.        ]])]","[array([[-0.11300557, -0.993584  ,  0.00453613, -0.0022492 ],
       [ 0.9927845 , -0.11309657, -0.03985112,  0.47009938],
       [ 0.04010845, -0.        ,  0.99919533,  0.08272355],
       [ 0.        ,  0.        ,  0.        ,  1.        ]])]","[array([[-0.11300557, -0.993584  ,  0.00453613, -0.0022492 ],
       [ 0.9927845 , -0.11309657, -0.03985112,  0.47009938],
       [ 0.04010845, -0.        ,  0.99919533,  0.08272355],
       [ 0.        ,  0.        ,  0.        ,  1.        ]])]"
1,"[array([[-0.27839907, -0.96038756, -0.01223504, -0.08243427],
       [ 0.95946145, -0.27866779,  0.04216625,  0.41473722],
       [-0.04390545,  0.        ,  0.99903569,  0.08540348],
       [ 0.        ,  0.        ,  0.        ,  1.        ]])]","[array([[ 0.14381731, -0.98960084,  0.00260116, -0.09797259],
       [ 0.98943902,  0.14384083,  0.01789556,  0.48337312],
       [-0.01808361, -0.        ,  0.99983648,  0.08299606],
       [ 0.        ,  0.        ,  0.        ,  1.        ]])]","[array([[ 0.14381731, -0.98960084,  0.00260116, -0.09797259],
       [ 0.98943902,  0.14384083,  0.01789556,  0.48337312],
       [-0.01808361, -0.        ,  0.99983648,  0.08299606],
       [ 0.        ,  0.        ,  0.        ,  1.        ]])]","[array([[ 0.38219939, -0.9239655 ,  0.0145389 , -0.02466046],
       [ 0.92329772,  0.38247582,  0.03512233,  0.4129176 ],
       [-0.0380126 ,  0.        ,  0.99927726,  0.08634348],
       [ 0.        ,  0.        ,  0.        ,  1.        ]])]","[array([[-0.1127464 , -0.99361344,  0.00453672, -0.00226185],
       [ 0.99281003, -0.11283764, -0.03994892,  0.47010012],
       [ 0.0402057 , -0.        ,  0.99919142,  0.08271646],
       [ 0.        ,  0.        ,  0.        ,  1.        ]])]","[array([[-0.1127464 , -0.99361344,  0.00453672, -0.00226185],
       [ 0.99281003, -0.11283764, -0.03994892,  0.47010012],
       [ 0.0402057 , -0.        ,  0.99919142,  0.08271646],
       [ 0.        ,  0.        ,  0.        ,  1.        ]])]"
2,"[array([[-0.27848197, -0.96036394, -0.01220218, -0.08243214],
       [ 0.95944336, -0.27874918,  0.0420397 ,  0.4147367 ],
       [-0.04377476,  0.        ,  0.99904143,  0.08539955],
       [ 0.        ,  0.        ,  0.        ,  1.        ]])]","[array([[ 0.1442235 , -0.98954162,  0.00263752, -0.09798924],
       [ 0.98937619,  0.14424761,  0.01809345,  0.48337695],
       [-0.01828467, -0.        ,  0.99983282,  0.08300645],
       [ 0.        ,  0.        ,  0.        ,  1.        ]])]","[array([[ 0.1442235 , -0.98954162,  0.00263752, -0.09798924],
       [ 0.98937619,  0.14424761,  0.01809345,  0.48337695],
       [-0.01828467, -0.        ,  0.99983282,  0.08300645],
       [ 0.        ,  0.        ,  0.        ,  1.        ]])]","[array([[ 0.3822252 , -0.9239563 ,  0.01444459, -0.02466196],
       [ 0.92329724,  0.38249804,  0.03489212,  0.41291981],
       [-0.03776382,  0.        ,  0.99928669,  0.08633791],
       [ 0.        ,  0.        ,  0.        ,  1.        ]])]","[array([[-0.11297137, -0.99358785,  0.00454473, -0.00225334],
       [ 0.99278482, -0.11306275, -0.03993881,  0.47009483],
       [ 0.04019656, -0.        ,  0.99919179,  0.08271875],
       [ 0.        ,  0.        ,  0.        ,  1.        ]])]","[array([[-0.11297137, -0.99358785,  0.00454473, -0.00225334],
       [ 0.99278482, -0.11306275, -0.03993881,  0.47009483],
       [ 0.04019656, -0.        ,  0.99919179,  0.08271875],
       [ 0.        ,  0.        ,  0.        ,  1.        ]])]"
3,"[array([[-0.27865075, -0.96031401, -0.01227821, -0.0824268 ],
       [ 0.95938312, -0.27892113,  0.04227337,  0.41473509],
       [-0.04402036,  0.        ,  0.99903063,  0.08540706],
       [ 0.        ,  0.        ,  0.        ,  1.        ]])]","[array([[ 0.14403507, -0.98956917,  0.0025982 , -0.09798438],
       [ 0.98940821,  0.1440585 ,  0.01784757,  0.48337708],
       [-0.0180357 , -0.        ,  0.99983734,  0.08299454],
       [ 0.        ,  0.        ,  0.        ,  1.        ]])]","[array([[ 0.14403507, -0.98956917,  0.0025982 , -0.09798438],
       [ 0.98940821,  0.1440585 ,  0.01784757,  0.48337708],
       [-0.0180357 , -0.        ,  0.99983734,  0.08299454],
       [ 0.        ,  0.        ,  0.        ,  1.        ]])]","[array([[ 0.38226865, -0.9239379 ,  0.01447195, -0.02466277],
       [ 0.9232765 ,  0.38254249,  0.03495346,  0.41292367],
       [-0.03783096,  0.        ,  0.99928415,  0.08633941],
       [ 0.        ,  0.        ,  0.        ,  1.        ]])]","[array([[-0.11282832, -0.9936041 ,  0.00454494, -0.00225712],
       [ 0.99279896, -0.11291982, -0.03999185,  0.47009635],
       [ 0.04024928, -0.        ,  0.99918967,  0.08271707],
       [ 0.        ,  0.        ,  0.        ,  1.        ]])]","[array([[-0.11282832, -0.9936041 ,  0.00454494, -0.00225712],
       [ 0.99279896, -0.11291982, -0.03999185,  0.47009635],
       [ 0.04024928, -0.        ,  0.99918967,  0.08271707],
       [ 0.        ,  0.        ,  0.        ,  1.        ]])]"
4,"[array([[-0.27841566, -0.96038273, -0.0122365 , -0.08243384],
       [ 0.95945651, -0.27868443,  0.04216855,  0.41473814],
       [-0.04390807,  0.        ,  0.99903558,  0.08540554],
       [ 0.        ,  0.        ,  0.        ,  1.        ]])]","[array([[ 0.14417458, -0.98954877,  0.00262942, -0.09798872],
       [ 0.98938425,  0.14419855,  0.01804415,  0.48337647],
       [-0.01823473, -0.        ,  0.99983373,  0.08300386],
       [ 0.        ,  0.        ,  0.        ,  1.        ]])]","[array([[ 0.14417458, -0.98954877,  0.00262942, -0.09798872],
       [ 0.98938425,  0.14419855,  0.01804415,  0.48337647],
       [-0.01823473, -0.        ,  0.99983373,  0.08300386],
       [ 0.        ,  0.        ,  0.        ,  1.        ]])]","[array([[ 0.38227795, -0.92393408,  0.01447027, -0.02466294],
       [ 0.92327287,  0.38255172,  0.03494842,  0.41292183],
       [-0.03782566,  0.        ,  0.99928435,  0.08634029],
       [ 0.        ,  0.        ,  0.        ,  1.        ]])]","[array([[-0.11265211, -0.99362405,  0.00455581, -0.00226799],
       [ 0.9928125 , -0.11274419, -0.04015072,  0.47010133],
       [ 0.04040837, -0.        ,  0.99918325,  0.08271001],
       [ 0.        ,  0.        ,  0.        ,  1.        ]])]","[array([[-0.11265211, -0.99362405,  0.00455581, -0.00226799],
       [ 0.9928125 , -0.11274419, -0.04015072,  0.47010133],
       [ 0.04040837, -0.        ,  0.99918325,  0.08271001],
       [ 0.        ,  0.        ,  0.        ,  1.        ]])]"
5,"[array([[-0.27883323, -0.96026135, -0.01225409, -0.08241811],
       [ 0.95933537, -0.27910237,  0.04216063,  0.4147341 ],
       [-0.04390537,  0.        ,  0.99903569,  0.08540548],
       [ 0.        ,  0.        ,  0.        ,  1.        ]])]","[array([[ 0.14407725, -0.98956307,  0.00258437, -0.09798269],
       [ 0.98940391,  0.14410042,  0.01774733,  0.48337241],
       [-0.01793451, -0.        ,  0.99983916,  0.08299032],
       [ 0.        ,  0.        ,  0.        ,  1.        ]])]","[array([[ 0.14407725, -0.98956307,  0.00258437, -0.09798269],
       [ 0.98940391,  0.14410042,  0.01774733,  0.48337241],
       [-0.01793451, -0.        ,  0.99983916,  0.08299032],
       [ 0.        ,  0.        ,  0.        ,  1.        ]])]","[array([[ 0.38216973, -0.92397852,  0.0144909 , -0.02465691],
       [ 0.92331502,  0.38244436,  0.03500975,  0.41291694],
       [-0.03789022,  0.        ,  0.99928191,  0.08634374],
       [ 0.        ,  0.        ,  0.        ,  1.        ]])]","[array([[-0.11314392, -0.99356836,  0.00451277, -0.00223959],
       [ 0.992779  , -0.11323388, -0.03959721,  0.47009166],
       [ 0.03985353, -0.        ,  0.99920553,  0.08273766],
       [ 0.        ,  0.        ,  0.        ,  1.        ]])]","[array([[-0.11314392, -0.99356836,  0.00451277, -0.00223959],
       [ 0.992779  , -0.11323388, -0.03959721,  0.47009166],
       [ 0.03985353, -0.        ,  0.99920553,  0.08273766],
       [ 0.        ,  0.        ,  0.        ,  1.        ]])]"
6,"[array([[-0.2786448 , -0.96031616, -0.01224572, -0.08242395],
       [ 0.95939013, -0.27891375,  0.04216271,  0.41473602],
       [-0.04390503,  0.        ,  0.99903571,  0.08540247],
       [ 0.        ,  0.        ,  0.        ,  1.        ]])]","[array([[ 0.14391516, -0.98958657,  0.00261731, -0.09797664],
       [ 0.98942296,  0.14393895,  0.01799415,  0.48337408],
       [-0.0181835 , -0.        ,  0.99983467,  0.08300124],
       [ 0.        ,  0.        ,  0.        ,  1.        ]])]","[array([[ 0.14391516, -0.98958657,  0.00261731, -0.09797664],
       [ 0.98942296,  0.14393895,  0.01799415,  0.48337408],
       [-0.0181835 , -0.        ,  0.99983467,  0.08300124],
       [ 0.        ,  0.        ,  0.        ,  1.        ]])]","[array([[ 0.3822983 , -0.92392488,  0.01451996, -0.02466232],
       [ 0.9232592 ,  0.38257394,  0.03506604,  0.41292234],
       [-0.03795335,  0.        ,  0.99927951,  0.08634516],
       [ 0.        ,  0.        ,  0.        ,  1.        ]])]","[array([[-0.11292235, -0.99359348,  0.00453146, -0.00225398],
       [ 0.99279444, -0.11301323, -0.03983983,  0.4700942 ],
       [ 0.04009671, -0.        ,  0.9991958 ,  0.08272192],
       [ 0.        ,  0.        ,  0.        ,  1.        ]])]","[array([[-0.11292235, -0.99359348,  0.00453146, -0.00225398],
       [ 0.99279444, -0.11301323, -0.03983983,  0.4700942 ],
       [ 0.04009671, -0.        ,  0.9991958 ,  0.08272192],
       [ 0.        ,  0.        ,  0.        ,  1.        ]])]"
7,"[array([[-0.27858231, -0.96033495, -0.01219363, -0.08242657],
       [ 0.95941635, -0.27884904,  0.04199393,  0.41473317],
       [-0.04372842,  0.        ,  0.99904346,  0.08539652],
       [ 0.        ,  0.        ,  0.        ,  1.        ]])]","[array([[ 0.1439646 , -0.98957943,  0.00259656, -0.09797718],
       [ 0.98941852,  0.14398802,  0.01784523,  0.48337244],
       [-0.01803314, -0.        ,  0.99983739,  0.08299445],
       [ 0.        ,  0.        ,  0.        ,  1.        ]])]","[array([[ 0.1439646 , -0.98957943,  0.00259656, -0.09797718],
       [ 0.98941852,  0.14398802,  0.01784523,  0.48337244],
       [-0.01803314, -0.        ,  0.99983739,  0.08299445],
       [ 0.        ,  0.        ,  0.        ,  1.        ]])]","[array([[ 0.38220303, -0.9239655 ,  0.01444291, -0.02466154],
       [ 0.92330651,  0.38247582,  0.03489045,  0.41291641],
       [-0.03776163,  0.        ,  0.99928678,  0.08633586],
       [ 0.        ,  0.        ,  0.        ,  1.        ]])]","[array([[-0.1127849 , -0.99360909,  0.00453213, -0.00226357],
       [ 0.99280785, -0.11287592, -0.03989482,  0.47009567],
       [ 0.04015142, -0.        ,  0.99919361,  0.08271718],
       [ 0.        ,  0.        ,  0.        ,  1.        ]])]","[array([[-0.1127849 , -0.99360909,  0.00453213, -0.00226357],
       [ 0.99280785, -0.11287592, -0.03989482,  0.47009567],
       [ 0.04015142, -0.        ,  0.99919361,  0.08271718],
       [ 0.        ,  0.        ,  0.        ,  1.        ]])]"
8,"[array([[-0.27851516, -0.96035428, -0.01220509, -0.08242929],
       [ 0.95943349, -0.27878246,  0.04204429,  0.41472754],
       [-0.04377997,  0.        ,  0.9990412 ,  0.08539867],
       [ 0.        ,  0.        ,  0.        ,  1.        ]])]","[array([[ 0.14393708, -0.98958345,  0.00258925, -0.09797232],
       [ 0.98942338,  0.14396037,  0.01779852,  0.48337316],
       [-0.01798587, -0.        ,  0.99983824,  0.08298895],
       [ 0.        ,  0.        ,  0.        ,  1.        ]])]","[array([[ 0.14393708, -0.98958345,  0.00258925, -0.09797232],
       [ 0.98942338,  0.14396037,  0.01779852,  0.48337316],
       [-0.01798587, -0.        ,  0.99983824,  0.08298895],
       [ 0.        ,  0.        ,  0.        ,  1.        ]])]","[array([[ 0.3824767 , -0.92385279,  0.0144083 , -0.02466867],
       [ 0.92319796,  0.382748  ,  0.03477784,  0.41291825],
       [-0.03764436,  0.        ,  0.9992912 ,  0.08633123],
       [ 0.        ,  0.        ,  0.        ,  1.        ]])]","[array([[-0.11282247, -0.99360474,  0.00455014, -0.00226231],
       [ 0.99279767, -0.11291419, -0.04003961,  0.47009046],
       [ 0.04029732, -0.        ,  0.99918773,  0.08271155],
       [ 0.        ,  0.        ,  0.        ,  1.        ]])]","[array([[-0.11282247, -0.99360474,  0.00455014, -0.00226231],
       [ 0.99279767, -0.11291419, -0.04003961,  0.47009046],
       [ 0.04029732, -0.        ,  0.99918773,  0.08271155],
       [ 0.        ,  0.        ,  0.        ,  1.        ]])]"
9,"[array([[-0.27841338, -0.96038273, -0.01228832, -0.08243189],
       [ 0.95944865, -0.27868443,  0.04234714,  0.41473231],
       [-0.04409402,  0.        ,  0.99902739,  0.08540671],
       [ 0.        ,  0.        ,  0.        ,  1.        ]])]","[array([[ 0.14421701, -0.98954267,  0.00260114, -0.09798704],
       [ 0.98938175,  0.14424046,  0.01784481,  0.48337474],
       [-0.01803339, -0.        ,  0.99983739,  0.08298946],
       [ 0.        ,  0.        ,  0.        ,  1.        ]])]","[array([[ 0.14421701, -0.98954267,  0.00260114, -0.09798704],
       [ 0.98938175,  0.14424046,  0.01784481,  0.48337474],
       [-0.01803339, -0.        ,  0.99983739,  0.08298946],
       [ 0.        ,  0.        ,  0.        ,  1.        ]])]","[array([[ 0.38215505, -0.92398389,  0.01453552, -0.02466063],
       [ 0.92331625,  0.38243138,  0.03511895,  0.41291279],
       [-0.03800819,  0.        ,  0.99927743,  0.08634038],
       [ 0.        ,  0.        ,  0.        ,  1.        ]])]","[array([[-0.11243172, -0.99364905,  0.00454609, -0.00228035],
       [ 0.99283778, -0.11252359, -0.04014465,  0.47009756],
       [ 0.04040123, -0.        ,  0.99918354,  0.08270424],
       [ 0.        ,  0.        ,  0.        ,  1.        ]])]","[array([[-0.11243172, -0.99364905,  0.00454609, -0.00228035],
       [ 0.99283778, -0.11252359, -0.04014465,  0.47009756],
       [ 0.04040123, -0.        ,  0.99918354,  0.08270424],
       [ 0.        ,  0.        ,  0.        ,  1.        ]])]"
10,"[array([[-0.27866811, -0.96030918, -0.01226239, -0.08242535],
       [ 0.9593808 , -0.27893778,  0.04221616,  0.41472895],
       [-0.04396101,  0.        ,  0.99903325,  0.08539873],
       [ 0.        ,  0.        ,  0.        ,  1.        ]])]","[array([[ 0.14418887, -0.98954669,  0.00262994, -0.09798817],
       [ 0.98938213,  0.14421285,  0.0180459 ,  0.48337361],
       [-0.01823654, -0.        ,  0.9998337 ,  0.08299592],
       [ 0.        ,  0.        ,  0.        ,  1.        ]])]","[array([[ 0.14418887, -0.98954669,  0.00262994, -0.09798817],
       [ 0.98938213,  0.14421285,  0.0180459 ,  0.48337361],
       [-0.01823654, -0.        ,  0.9998337 ,  0.08299592],
       [ 0.        ,  0.        ,  0.        ,  1.        ]])]","[array([[ 0.38216041, -0.92398235,  0.01449258, -0.02466074],
       [ 0.92331866,  0.38243511,  0.0350148 ,  0.41291377],
       [-0.03789553,  0.        ,  0.99928171,  0.08634186],
       [ 0.        ,  0.        ,  0.        ,  1.        ]])]","[array([[-0.11273002, -0.99361536,  0.00452407, -0.0022694 ],
       [ 0.99281618, -0.11282077, -0.03984359,  0.47009416],
       [ 0.04009961, -0.        ,  0.99919569,  0.08271783],
       [ 0.        ,  0.        ,  0.        ,  1.        ]])]","[array([[-0.11273002, -0.99361536,  0.00452407, -0.0022694 ],
       [ 0.99281618, -0.11282077, -0.03984359,  0.47009416],
       [ 0.04009961, -0.        ,  0.99919569,  0.08271783],
       [ 0.        ,  0.        ,  0.        ,  1.        ]])]"
11,"[array([[-0.27849705, -0.96035911, -0.01223819, -0.08243075],
       [ 0.9594332 , -0.27876582,  0.04216103,  0.41472874],
       [-0.04390132,  0.        ,  0.99903587,  0.08539839],
       [ 0.        ,  0.        ,  0.        ,  1.        ]])]","[array([[ 0.14392942, -0.98958449,  0.00261783, -0.09797409],
       [ 0.98942085,  0.14395323,  0.0179959 ,  0.48336921],
       [-0.0181853 , -0.        ,  0.99983463,  0.08299429],
       [ 0.        ,  0.        ,  0.        ,  1.        ]])]","[array([[ 0.14392942, -0.98958449,  0.00261783, -0.09797409],
       [ 0.98942085,  0.14395323,  0.0179959 ,  0.48336921],
       [-0.0181853 , -0.        ,  0.99983463,  0.08299429],
       [ 0.        ,  0.        ,  0.        ,  1.        ]])]","[array([[ 0.38246852, -0.92385438,  0.01452334, -0.0246685 ],
       [ 0.92318903,  0.38274416,  0.03505593,  0.41291842],
       [-0.0379453 ,  0.        ,  0.99927982,  0.08634097],
       [ 0.        ,  0.        ,  0.        ,  1.        ]])]","[array([[-0.11271252, -0.99361727,  0.00453965, -0.00226698],
       [ 0.99281233, -0.1128039 , -0.03998687,  0.47008951],
       [ 0.04024373, -0.        ,  0.99918989,  0.08271225],
       [ 0.        ,  0.        ,  0.        ,  1.        ]])]","[array([[-0.11271252, -0.99361727,  0.00453965, -0.00226698],
       [ 0.99281233, -0.1128039 , -0.03998687,  0.47008951],
       [ 0.04024373, -0.        ,  0.99918989,  0.08271225],
       [ 0.        ,  0.        ,  0.        ,  1.        ]])]"
12,"[array([[-0.27931189, -0.96012038, -0.01239886, -0.08250278],
       [ 0.9591758 , -0.27958695,  0.04257851,  0.41467216],
       [-0.04434705,  0.        ,  0.99901619,  0.08540537],
       [ 0.        ,  0.        ,  0.        ,  1.        ]])]","[array([[ 0.14261212, -0.9897754 ,  0.00253643, -0.09810605],
       [ 0.9896189 ,  0.14263467,  0.01760086,  0.48328698],
       [-0.01778268, -0.        ,  0.99984188,  0.08296849],
       [ 0.        ,  0.        ,  0.        ,  1.        ]])]","[array([[ 0.14261212, -0.9897754 ,  0.00253643, -0.09810605],
       [ 0.9896189 ,  0.14263467,  0.01760086,  0.48328698],
       [-0.01778268, -0.        ,  0.99984188,  0.08296849],
       [ 0.        ,  0.        ,  0.        ,  1.        ]])]","[array([[ 0.38130847, -0.92433766,  0.01427392, -0.02471881],
       [ 0.9236907 ,  0.38157554,  0.03457747,  0.41296781],
       [-0.03740784,  0.        ,  0.99930008,  0.08631894],
       [ 0.        ,  0.        ,  0.        ,  1.        ]])]","[array([[-0.11385774, -0.9934865 ,  0.00458177, -0.00238676],
       [ 0.99268307, -0.11394989, -0.03994678,  0.47016587],
       [ 0.04020868, -0.        ,  0.9991913 ,  0.08271836],
       [ 0.        ,  0.        ,  0.        ,  1.        ]])]","[array([[-0.11385774, -0.9934865 ,  0.00458177, -0.00238676],
       [ 0.99268307, -0.11394989, -0.03994678,  0.47016587],
       [ 0.04020868, -0.        ,  0.9991913 ,  0.08271836],
       [ 0.        ,  0.        ,  0.        ,  1.        ]])]"
13,"[array([[-0.28423875, -0.95867017, -0.0126428 , -0.08272093],
       [ 0.95772324, -0.28451979,  0.04259906,  0.41443459],
       [-0.04443558,  0.        ,  0.99901225,  0.08541236],
       [ 0.        ,  0.        ,  0.        ,  1.        ]])]","[array([[ 0.13757894, -0.99048734,  0.00261979, -0.0986832 ],
       [ 0.99030781,  0.13760388,  0.01885749,  0.48297343],
       [-0.0190386 , -0.        ,  0.99981875,  0.08301743],
       [ 0.        ,  0.        ,  0.        ,  1.        ]])]","[array([[ 0.13757894, -0.99048734,  0.00261979, -0.0986832 ],
       [ 0.99030781,  0.13760388,  0.01885749,  0.48297343],
       [-0.0190386 , -0.        ,  0.99981875,  0.08301743],
       [ 0.        ,  0.        ,  0.        ,  1.        ]])]","[array([[ 0.37017149, -0.92883724,  0.01531175, -0.02461727],
       [ 0.92804365,  0.37048803,  0.03838753,  0.4131379 ],
       [-0.04132859,  0.        ,  0.99914561,  0.08645776],
       [ 0.        ,  0.        ,  0.        ,  1.        ]])]","[array([[-0.12845521, -0.99170383,  0.00477278, -0.00243105],
       [ 0.99102001, -0.12854385, -0.03682157,  0.47056209],
       [ 0.0371296 , -0.        ,  0.99931046,  0.08287428],
       [ 0.        ,  0.        ,  0.        ,  1.        ]])]","[array([[-0.12845521, -0.99170383,  0.00477278, -0.00243105],
       [ 0.99102001, -0.12854385, -0.03682157,  0.47056209],
       [ 0.0371296 , -0.        ,  0.99931046,  0.08287428],
       [ 0.        ,  0.        ,  0.        ,  1.        ]])]"
14,"[array([[-0.32220501, -0.94656756, -0.01392049, -0.08367081],
       [ 0.94568538, -0.32250558,  0.04085721,  0.41221815],
       [-0.04316355,  0.        ,  0.99906802,  0.08535586],
       [ 0.        ,  0.        ,  0.        ,  1.        ]])]","[array([[ 0.09806667, -0.99517803,  0.00190118, -0.10233482],
       [ 0.99499107,  0.0980851 ,  0.01928948,  0.48007067],
       [-0.01938294, -0.        ,  0.99981213,  0.08299738],
       [ 0.        ,  0.        ,  0.        ,  1.        ]])]","[array([[ 0.09806667, -0.99517803,  0.00190118, -0.10233482],
       [ 0.99499107,  0.0980851 ,  0.01928948,  0.48007067],
       [-0.01938294, -0.        ,  0.99981213,  0.08299738],
       [ 0.        ,  0.        ,  0.        ,  1.        ]])]","[array([[ 0.33315108, -0.94278278,  0.01307641, -0.02557878],
       [ 0.94205738,  0.33340761,  0.03697642,  0.41318191],
       [-0.0392205 ,  0.        ,  0.99923058,  0.08636554],
       [ 0.        ,  0.        ,  0.        ,  1.        ]])]","[array([[-0.16488767, -0.98629422,  0.00598012, -0.00579612],
       [ 0.9856462 , -0.16499608, -0.03574728,  0.47132275],
       [ 0.03624403, -0.        ,  0.99934297,  0.08288844],
       [ 0.        ,  0.        ,  0.        ,  1.        ]])]","[array([[-0.16488767, -0.98629422,  0.00598012, -0.00579612],
       [ 0.9856462 , -0.16499608, -0.03574728,  0.47132275],
       [ 0.03624403, -0.        ,  0.99934297,  0.08288844],
       [ 0.        ,  0.        ,  0.        ,  1.        ]])]"
15,"[array([[-0.35433569, -0.934989  , -0.01554965, -0.08429438],
       [ 0.93408999, -0.35467672,  0.04099155,  0.41024494],
       [-0.04384175,  0.        ,  0.99903849,  0.08536306],
       [ 0.        ,  0.        ,  0.        ,  1.        ]])]","[array([[ 0.0652665 , -0.99786704,  0.00128472, -0.10531288],
       [ 0.99767378,  0.06527914,  0.01963838,  0.47747473],
       [-0.01968036, -0.        ,  0.99980632,  0.08297484],
       [ 0.        ,  0.        ,  0.        ,  1.        ]])]","[array([[ 0.0652665 , -0.99786704,  0.00128472, -0.10531288],
       [ 0.99767378,  0.06527914,  0.01963838,  0.47747473],
       [-0.01968036, -0.        ,  0.99980632,  0.08297484],
       [ 0.        ,  0.        ,  0.        ,  1.        ]])]","[array([[ 0.30066964, -0.95366635,  0.01087451, -0.02628179],
       [ 0.95304322,  0.30086623,  0.03446931,  0.41316602],
       [-0.03614399,  0.        ,  0.99934659,  0.08623463],
       [ 0.        ,  0.        ,  0.        ,  1.        ]])]","[array([[-0.19449845, -0.98087674,  0.00715336, -0.008664  ],
       [ 0.98021402, -0.19462995, -0.03605079,  0.47189103],
       [ 0.03675364, -0.        ,  0.99932436,  0.08282623],
       [ 0.        ,  0.        ,  0.        ,  1.        ]])]","[array([[-0.19449845, -0.98087674,  0.00715336, -0.008664  ],
       [ 0.98021402, -0.19462995, -0.03605079,  0.47189103],
       [ 0.03675364, -0.        ,  0.99932436,  0.08282623],
       [ 0.        ,  0.        ,  0.        ,  1.        ]])]"
16,"[array([[-0.4463374 , -0.89450256, -0.02545779, -0.08187401],
       [ 0.89305109, -0.44706283,  0.05093705,  0.40408432],
       [-0.05694455,  0.        ,  0.99837734,  0.08584456],
       [ 0.        ,  0.        ,  0.        ,  1.        ]])]","[array([[-3.69768565e-02, -9.99315926e-01, -6.26610023e-04,
        -1.09117058e-01],
       [ 9.99172471e-01, -3.69821654e-02,  1.69319824e-02,
         4.68598896e-01],
       [-1.69435731e-02,  0.00000000e+00,  9.99856447e-01,
         8.27788056e-02],
       [ 0.00000000e+00,  0.00000000e+00,  0.00000000e+00,
         1.00000000e+00]])]","[array([[-3.69768565e-02, -9.99315926e-01, -6.26610023e-04,
        -1.09117058e-01],
       [ 9.99172471e-01, -3.69821654e-02,  1.69319824e-02,
         4.68598896e-01],
       [-1.69435731e-02,  0.00000000e+00,  9.99856447e-01,
         8.27788056e-02],
       [ 0.00000000e+00,  0.00000000e+00,  0.00000000e+00,
         1.00000000e+00]])]","[array([[ 0.20612515, -0.97850596,  0.00620518, -0.02448844],
       [ 0.97806288,  0.20621853,  0.02944357,  0.41234258],
       [-0.03009034,  0.        ,  0.99954718,  0.08598602],
       [ 0.        ,  0.        ,  0.        ,  1.        ]])]","[array([[-0.29051736, -0.95681743,  0.0100032 , -0.01255479],
       [ 0.95625074, -0.29068953, -0.03292597,  0.47260325],
       [ 0.03441197, -0.        ,  0.99940773,  0.0828867 ],
       [ 0.        ,  0.        ,  0.        ,  1.        ]])]","[array([[-0.29051736, -0.95681743,  0.0100032 , -0.01255479],
       [ 0.95625074, -0.29068953, -0.03292597,  0.47260325],
       [ 0.03441197, -0.        ,  0.99940773,  0.0828867 ],
       [ 0.        ,  0.        ,  0.        ,  1.        ]])]"
17,"[array([[-0.49295099, -0.86978499, -0.02175767, -0.0732207 ],
       [ 0.868939  , -0.49343092,  0.03835288,  0.39940199],
       [-0.04409467,  0.        ,  0.99902736,  0.08540872],
       [ 0.        ,  0.        ,  0.        ,  1.        ]])]","[array([[-0.09020132, -0.99592216, -0.0016635 , -0.10390825],
       [ 0.99575284, -0.09021666,  0.01836375,  0.46249908],
       [-0.01843894,  0.        ,  0.99982999,  0.08286136],
       [ 0.        ,  0.        ,  0.        ,  1.        ]])]","[array([[-0.09020132, -0.99592216, -0.0016635 , -0.10390825],
       [ 0.99575284, -0.09021666,  0.01836375,  0.46249908],
       [-0.01843894,  0.        ,  0.99982999,  0.08286136],
       [ 0.        ,  0.        ,  0.        ,  1.        ]])]","[array([[ 0.15421052, -0.98802716,  0.00463104, -0.01641806],
       [ 0.98758194,  0.15428004,  0.02965772,  0.4108384 ],
       [-0.03001711,  0.        ,  0.99954939,  0.08602638],
       [ 0.        ,  0.        ,  0.        ,  1.        ]])]","[array([[-0.33938915, -0.94057258,  0.0117568 , -0.0077753 ],
       [ 0.94000874, -0.33959272, -0.0325629 ,  0.47158432],
       [ 0.0346203 , -0.        ,  0.99940054,  0.08289407],
       [ 0.        ,  0.        ,  0.        ,  1.        ]])]","[array([[-0.33938915, -0.94057258,  0.0117568 , -0.0077753 ],
       [ 0.94000874, -0.33959272, -0.0325629 ,  0.47158432],
       [ 0.0346203 , -0.        ,  0.99940054,  0.08289407],
       [ 0.        ,  0.        ,  0.        ,  1.        ]])]"
18,"[array([[-0.53278588, -0.84592255, -0.02354256, -0.06079297],
       [ 0.8450979 , -0.53330577,  0.0373429 ,  0.39500145],
       [-0.04414458,  0.        ,  0.99902515,  0.08549284],
       [ 0.        ,  0.        ,  0.        ,  1.        ]])]","[array([[-0.13651066, -0.99063555, -0.00245741, -0.09437682],
       [ 0.99047508, -0.13653278,  0.01783012,  0.45660049],
       [-0.01799867,  0.        ,  0.99983801,  0.08290136],
       [ 0.        ,  0.        ,  0.        ,  1.        ]])]","[array([[-0.13651066, -0.99063555, -0.00245741, -0.09437682],
       [ 0.99047508, -0.13653278,  0.01783012,  0.45660049],
       [-0.01799867,  0.        ,  0.99983801,  0.08290136],
       [ 0.        ,  0.        ,  0.        ,  1.        ]])]","[array([[ 0.10845899, -0.99409546,  0.00329664, -0.00459308],
       [ 0.99363657,  0.10850908,  0.03020182,  0.40908256],
       [-0.0303812 ,  0.        ,  0.99953838,  0.08612754],
       [ 0.        ,  0.        ,  0.        ,  1.        ]])]","[array([[-0.3825018 , -0.92386154,  0.01312363,  0.00120846],
       [ 0.92331824, -0.38272687, -0.03167903,  0.47016799],
       [ 0.03428981, -0.        ,  0.99941193,  0.08296758],
       [ 0.        ,  0.        ,  0.        ,  1.        ]])]","[array([[-0.3825018 , -0.92386154,  0.01312363,  0.00120846],
       [ 0.92331824, -0.38272687, -0.03167903,  0.47016799],
       [ 0.03428981, -0.        ,  0.99941193,  0.08296758],
       [ 0.        ,  0.        ,  0.        ,  1.        ]])]"
19,"[array([[-0.56793009, -0.82269397, -0.02510073, -0.04740751],
       [ 0.82189163, -0.56848451,  0.03632503,  0.39044512],
       [-0.04415376,  0.        ,  0.99902475,  0.08557404],
       [ 0.        ,  0.        ,  0.        ,  1.        ]])]","[array([[-0.17826795, -0.98397663, -0.00324425, -0.08353797],
       [ 0.98381373, -0.17829746,  0.01790414,  0.45067238],
       [-0.01819569,  0.        ,  0.99983444,  0.08296562],
       [ 0.        ,  0.        ,  0.        ,  1.        ]])]","[array([[-0.17826795, -0.98397663, -0.00324425, -0.08353797],
       [ 0.98381373, -0.17829746,  0.01790414,  0.45067238],
       [-0.01819569,  0.        ,  0.99983444,  0.08296562],
       [ 0.        ,  0.        ,  0.        ,  1.        ]])]","[array([[ 0.06782458, -0.99769514,  0.00205552,  0.00806518],
       [ 0.99723728,  0.06785572,  0.03022262,  0.4068951 ],
       [-0.03029244,  0.        ,  0.99954108,  0.08620355],
       [ 0.        ,  0.        ,  0.        ,  1.        ]])]","[array([[-0.42054191, -0.90716077,  0.01427722,  0.01137377],
       [ 0.90663844, -0.42078419, -0.03077999,  0.46816212],
       [ 0.03393003, -0.        ,  0.99942421,  0.08305403],
       [ 0.        ,  0.        ,  0.        ,  1.        ]])]","[array([[-0.42054191, -0.90716077,  0.01427722,  0.01137377],
       [ 0.90663844, -0.42078419, -0.03077999,  0.46816212],
       [ 0.03393003, -0.        ,  0.99942421,  0.08305403],
       [ 0.        ,  0.        ,  0.        ,  1.        ]])]"
20,"[array([[-0.6070934 , -0.7941694 , -0.02706616, -0.02965178],
       [ 0.7933813 , -0.60769644,  0.03537147,  0.38424871],
       [-0.04453895,  0.        ,  0.99900765,  0.08569767],
       [ 0.        ,  0.        ,  0.        ,  1.        ]])]","[array([[-0.22626089, -0.97405837, -0.00403664, -0.06855517],
       [ 0.9739034 , -0.22629689,  0.01737505,  0.44250654],
       [-0.01783779,  0.        ,  0.99984089,  0.08304324],
       [ 0.        ,  0.        ,  0.        ,  1.        ]])]","[array([[-0.22626089, -0.97405837, -0.00403664, -0.06855517],
       [ 0.9739034 , -0.22629689,  0.01737505,  0.44250654],
       [-0.01783779,  0.        ,  0.99984089,  0.08304324],
       [ 0.        ,  0.        ,  0.        ,  1.        ]])]","[array([[ 1.84768114e-02, -9.99829120e-01,  5.81006340e-04,
         2.50706360e-02],
       [ 9.99335172e-01,  1.84859441e-02,  3.14242570e-02,
         4.03263955e-01],
       [-3.14296277e-02,  0.00000000e+00,  9.99505967e-01,
         8.63560237e-02],
       [ 0.00000000e+00,  0.00000000e+00,  0.00000000e+00,
         1.00000000e+00]])]","[array([[-0.46389598, -0.88576185,  0.01504886,  0.02533867],
       [ 0.88529614, -0.46414001, -0.02871915,  0.46462466],
       [ 0.03242311, -0.        ,  0.99947423,  0.08321295],
       [ 0.        ,  0.        ,  0.        ,  1.        ]])]","[array([[-0.46389598, -0.88576185,  0.01504886,  0.02533867],
       [ 0.88529614, -0.46414001, -0.02871915,  0.46462466],
       [ 0.03242311, -0.        ,  0.99947423,  0.08321295],
       [ 0.        ,  0.        ,  0.        ,  1.        ]])]"
21,"[array([[-0.6175955 , -0.78601418, -0.02752289, -0.00310777],
       [ 0.78523482, -0.61820847,  0.03499367,  0.37954662],
       [-0.0445204 ,  0.        ,  0.99900848,  0.08589626],
       [ 0.        ,  0.        ,  0.        ,  1.        ]])]","[array([[-0.2404699 , -0.97064763, -0.00417127, -0.04272597],
       [ 0.97050163, -0.24050608,  0.01683466,  0.43730877],
       [-0.01734374,  0.        ,  0.99984959,  0.08321153],
       [ 0.        ,  0.        ,  0.        ,  1.        ]])]","[array([[-0.2404699 , -0.97064763, -0.00417127, -0.04272597],
       [ 0.97050163, -0.24050608,  0.01683466,  0.43730877],
       [-0.01734374,  0.        ,  0.99984959,  0.08321153],
       [ 0.        ,  0.        ,  0.        ,  1.        ]])]","[array([[ 5.65552631e-03, -9.99983992e-01,  1.75462691e-04,
         5.13214583e-02],
       [ 9.99503072e-01,  5.65824752e-03,  3.10095805e-02,
         3.99316348e-01],
       [-3.10100769e-02,  0.00000000e+00,  9.99519072e-01,
         8.65386257e-02],
       [ 0.00000000e+00,  0.00000000e+00,  0.00000000e+00,
         1.00000000e+00]])]","[array([[-0.47504234, -0.87982106,  0.01580101,  0.05076981],
       [ 0.87933476, -0.47530506, -0.02924872,  0.46067571],
       [ 0.03324394, -0.        ,  0.99944727,  0.08336784],
       [ 0.        ,  0.        ,  0.        ,  1.        ]])]","[array([[-0.47504234, -0.87982106,  0.01580101,  0.05076981],
       [ 0.87933476, -0.47530506, -0.02924872,  0.46067571],
       [ 0.03324394, -0.        ,  0.99944727,  0.08336784],
       [ 0.        ,  0.        ,  0.        ,  1.        ]])]"
22,"[array([[-0.60936112, -0.79241933, -0.02739765,  0.02744092],
       [ 0.7916196 , -0.60997673,  0.03559223,  0.37641024],
       [-0.0449159 ,  0.        ,  0.99899077,  0.08614712],
       [ 0.        ,  0.        ,  0.        ,  1.        ]])]","[array([[-0.23134549, -0.97286394, -0.00387451, -0.0116591 ],
       [ 0.97272754, -0.23137793,  0.01629098,  0.43472406],
       [-0.01674539,  0.        ,  0.99985979,  0.0834145 ],
       [ 0.        ,  0.        ,  0.        ,  1.        ]])]","[array([[-0.23134549, -0.97286394, -0.00387451, -0.0116591 ],
       [ 0.97272754, -0.23137793,  0.01629098,  0.43472406],
       [-0.01674539,  0.        ,  0.99985979,  0.0834145 ],
       [ 0.        ,  0.        ,  0.        ,  1.        ]])]","[array([[ 1.54984715e-02, -9.99879775e-01,  4.81622056e-04,
         8.19639012e-02],
       [ 9.99397341e-01,  1.55059530e-02,  3.10567272e-02,
         3.95787115e-01],
       [-3.10604614e-02,  0.00000000e+00,  9.99517507e-01,
         8.67747543e-02],
       [ 0.00000000e+00,  0.00000000e+00,  0.00000000e+00,
         1.00000000e+00]])]","[array([[-0.46618695, -0.88454763,  0.01565941,  0.08200222],
       [ 0.88404903, -0.46644988, -0.02969557,  0.45716156],
       [ 0.03357148, -0.        ,  0.99943632,  0.08358643],
       [ 0.        ,  0.        ,  0.        ,  1.        ]])]","[array([[-0.46618695, -0.88454763,  0.01565941,  0.08200222],
       [ 0.88404903, -0.46644988, -0.02969557,  0.45716156],
       [ 0.03357148, -0.        ,  0.99943632,  0.08358643],
       [ 0.        ,  0.        ,  0.        ,  1.        ]])]"
23,"[array([[-0.61210217, -0.79033268, -0.02655527,  0.05542305],
       [ 0.78958997, -0.61267793,  0.03425535,  0.37230697],
       [-0.04334295,  0.        ,  0.99906025,  0.08627988],
       [ 0.        ,  0.        ,  0.        ,  1.        ]])]","[array([[-0.23535226, -0.9719033 , -0.00364549,  0.01629964],
       [ 0.97178673, -0.2353805 ,  0.01505248,  0.43039597],
       [-0.01548763,  0.        ,  0.99988006,  0.08356651],
       [ 0.        ,  0.        ,  0.        ,  1.        ]])]","[array([[-0.23535226, -0.9719033 , -0.00364549,  0.01629964],
       [ 0.97178673, -0.2353805 ,  0.01505248,  0.43039597],
       [-0.01548763,  0.        ,  0.99988006,  0.08356651],
       [ 0.        ,  0.        ,  0.        ,  1.        ]])]","[array([[ 1.29609536e-02, -9.99915926e-01,  3.93796641e-04,
         1.09926421e-01],
       [ 9.99454711e-01,  1.29669346e-02,  3.03667400e-02,
         3.91686296e-01],
       [-3.03692932e-02,  0.00000000e+00,  9.99538747e-01,
         8.69532722e-02],
       [ 0.00000000e+00,  0.00000000e+00,  0.00000000e+00,
         1.00000000e+00]])]","[array([[-0.46867785, -0.88323198,  0.01556756,  0.10982952],
       [ 0.88274515, -0.46893632, -0.02932118,  0.45307283],
       [ 0.0331976 , -0.        ,  0.99944881,  0.08381332],
       [ 0.        ,  0.        ,  0.        ,  1.        ]])]","[array([[-0.46867785, -0.88323198,  0.01556756,  0.10982952],
       [ 0.88274515, -0.46893632, -0.02932118,  0.45307283],
       [ 0.0331976 , -0.        ,  0.99944881,  0.08381332],
       [ 0.        ,  0.        ,  0.        ,  1.        ]])]"
24,"[array([[-0.59134022, -0.8059942 , -0.02626964,  0.08007984],
       [ 0.80520006, -0.59192344,  0.03577012,  0.36931339],
       [-0.04438012,  0.        ,  0.99901472,  0.08649811],
       [ 0.        ,  0.        ,  0.        ,  1.        ]])]","[array([[-0.21081286, -0.97752125, -0.00318606,  0.042525  ],
       [ 0.97740963, -0.21083694,  0.01477181,  0.42843461],
       [-0.0151115 ,  0.        ,  0.99988581,  0.08374955],
       [ 0.        ,  0.        ,  0.        ,  1.        ]])]","[array([[-0.21081286, -0.97752125, -0.00318606,  0.042525  ],
       [ 0.97740963, -0.21083694,  0.01477181,  0.42843461],
       [-0.0151115 ,  0.        ,  0.99988581,  0.08374955],
       [ 0.        ,  0.        ,  0.        ,  1.        ]])]","[array([[ 0.03863598, -0.9992527 ,  0.00114215,  0.13508419],
       [ 0.99881636,  0.03865286,  0.02952682,  0.38725656],
       [-0.0295489 ,  0.        ,  0.99956334,  0.0871189 ],
       [ 0.        ,  0.        ,  0.        ,  1.        ]])]","[array([[-0.44533991, -0.89523834,  0.01485548,  0.13655728],
       [ 0.89474067, -0.44558761, -0.02984642,  0.44863642],
       [ 0.03333908, -0.        ,  0.9994441 ,  0.08400582],
       [ 0.        ,  0.        ,  0.        ,  1.        ]])]","[array([[-0.44533991, -0.89523834,  0.01485548,  0.13655728],
       [ 0.89474067, -0.44558761, -0.02984642,  0.44863642],
       [ 0.03333908, -0.        ,  0.9994441 ,  0.08400582],
       [ 0.        ,  0.        ,  0.        ,  1.        ]])]"
25,"[array([[-0.54817943, -0.83600142, -0.02451402,  0.1033517 ],
       [ 0.83516676, -0.54872728,  0.03734779,  0.36853649],
       [-0.04467432,  0.        ,  0.9990016 ,  0.0866947 ],
       [ 0.        ,  0.        ,  0.        ,  1.        ]])]","[array([[-0.15918978, -0.98724567, -0.00214373,  0.06904663],
       [ 0.98715617, -0.15920421,  0.01329356,  0.42958401],
       [-0.0134653 ,  0.        ,  0.99990934,  0.0838752 ],
       [ 0.        ,  0.        ,  0.        ,  1.        ]])]","[array([[-0.15918978, -0.98724567, -0.00214373,  0.06904663],
       [ 0.98715617, -0.15920421,  0.01329356,  0.42958401],
       [-0.0134653 ,  0.        ,  0.99990934,  0.0838752 ],
       [ 0.        ,  0.        ,  0.        ,  1.        ]])]","[array([[ 0.09194144, -0.99576077,  0.00269614,  0.15920413],
       [ 0.9953329 ,  0.09198097,  0.02918764,  0.38349587],
       [-0.0293119 ,  0.        ,  0.99957031,  0.08729859],
       [ 0.        ,  0.        ,  0.        ,  1.        ]])]","[array([[-0.39685078, -0.91779086,  0.01301518,  0.16394723],
       [ 0.91729768, -0.39706415, -0.03008384,  0.4447053 ],
       [ 0.03277853, -0.        ,  0.99946264,  0.08424364],
       [ 0.        ,  0.        ,  0.        ,  1.        ]])]","[array([[-0.39685078, -0.91779086,  0.01301518,  0.16394723],
       [ 0.91729768, -0.39706415, -0.03008384,  0.4447053 ],
       [ 0.03277853, -0.        ,  0.99946264,  0.08424364],
       [ 0.        ,  0.        ,  0.        ,  1.        ]])]"
26,"[array([[-0.452766  , -0.89126958, -0.02532751,  0.12559577],
       [ 0.88987835, -0.45347385,  0.04977937,  0.37230046],
       [-0.0558522 ,  0.        ,  0.99843905,  0.08731109],
       [ 0.        ,  0.        ,  0.        ,  1.        ]])]","[array([[-4.51176536e-02, -9.98981217e-01, -9.61475061e-04,
         9.75983259e-02],
       [ 9.98754460e-01, -4.51278972e-02,  2.12838529e-02,
         4.36684533e-01],
       [-2.13055587e-02,  0.00000000e+00,  9.99773011e-01,
