,LP,LD1,LD2,RP,RD1,RD2
0,"[array([[-0.70258044, -0.71096624, -0.03012854, -0.16470944],
       [ 0.71031344, -0.70322614,  0.03046015,  0.02193178],
       [-0.04284331,  0.        ,  0.9990818 ,  0.08462069],
       [ 0.        ,  0.        ,  0.        ,  1.        ]])]","[array([[ 0.75333785, -0.65763054, -0.00204062, -0.20314348],
       [ 0.65762812,  0.75334061, -0.00178137,  0.08089046],
       [ 0.00270877, -0.        ,  0.99999633,  0.08190986],
       [ 0.        ,  0.        ,  0.        ,  1.        ]])]","[array([[ 0.75333785, -0.65763054, -0.00204062, -0.20314348],
       [ 0.65762812,  0.75334061, -0.00178137,  0.08089046],
       [ 0.00270877, -0.        ,  0.99999633,  0.08190986],
       [ 0.        ,  0.        ,  0.        ,  1.        ]])]","[array([[ 0.12712154, -0.99188309,  0.00283788, -0.10948148],
       [ 0.99163602,  0.12715321,  0.02213741,  0.03090384],
       [-0.02231857,  0.        ,  0.99975091,  0.08508994],
       [ 0.        ,  0.        ,  0.        ,  1.        ]])]","[array([[-0.89369375, -0.44810582,  0.02264216, -0.10016999],
       [ 0.44796207, -0.89398052, -0.01134933,  0.08335457],
       [ 0.02532735, -0.        ,  0.99967921,  0.08181959],
       [ 0.        ,  0.        ,  0.        ,  1.        ]])]","[array([[-0.89369375, -0.44810582,  0.02264216, -0.10016999],
       [ 0.44796207, -0.89398052, -0.01134933,  0.08335457],
       [ 0.02532735, -0.        ,  0.99967921,  0.08181959],
       [ 0.        ,  0.        ,  0.        ,  1.        ]])]"
1,"[array([[-0.70223484, -0.71130666, -0.03015081, -0.16471905],
       [ 0.71065193, -0.70288181,  0.03051221,  0.02192412],
       [-0.04289599,  0.        ,  0.99907954,  0.08461987],
       [ 0.        ,  0.        ,  0.        ,  1.        ]])]","[array([[ 0.75330984, -0.65766262, -0.00204034, -0.20314373],
       [ 0.65766021,  0.7533126 , -0.00178127,  0.08088631],
       [ 0.00270848, -0.        ,  0.99999633,  0.08190987],
       [ 0.        ,  0.        ,  0.        ,  1.        ]])]","[array([[ 0.75330984, -0.65766262, -0.00204034, -0.20314373],
       [ 0.65766021,  0.7533126 , -0.00178127,  0.08088631],
       [ 0.00270848, -0.        ,  0.99999633,  0.08190987],
       [ 0.        ,  0.        ,  0.        ,  1.        ]])]","[array([[ 0.12713775, -0.99188105,  0.0028226 , -0.10947783],
       [ 0.9916367 ,  0.12716908,  0.02201545,  0.03090396],
       [-0.02219566,  0.        ,  0.99975365,  0.08508718],
       [ 0.        ,  0.        ,  0.        ,  1.        ]])]","[array([[-0.89364855, -0.44820492,  0.02246378, -0.10017179],
       [ 0.44806339, -0.89393084, -0.01126304,  0.08334804],
       [ 0.02512922, -0.        ,  0.99968421,  0.08182589],
       [ 0.        ,  0.        ,  0.        ,  1.        ]])]","[array([[-0.89364855, -0.44820492,  0.02246378, -0.10017179],
       [ 0.44806339, -0.89393084, -0.01126304,  0.08334804],
       [ 0.02512922, -0.        ,  0.99968421,  0.08182589],
       [ 0.        ,  0.        ,  0.        ,  1.        ]])]"
2,"[array([[-0.70254698, -0.71099745, -0.03017228, -0.16470854],
       [ 0.71034266, -0.70319458,  0.03050708,  0.02193149],
       [-0.04290744,  0.        ,  0.99907905,  0.08462313],
       [ 0.        ,  0.        ,  0.        ,  1.        ]])]","[array([[ 0.75337491, -0.65758808, -0.00204028, -0.20314547],
       [ 0.65758566,  0.75337768, -0.00178087,  0.08089498],
       [ 0.00270818, -0.        ,  0.99999633,  0.08191088],
       [ 0.        ,  0.        ,  0.        ,  1.        ]])]","[array([[ 0.75337491, -0.65758808, -0.00204028, -0.20314547],
       [ 0.65758566,  0.75337768, -0.00178087,  0.08089498],
       [ 0.00270818, -0.        ,  0.99999633,  0.08191088],
       [ 0.        ,  0.        ,  0.        ,  1.        ]])]","[array([[ 0.12688131, -0.99191377,  0.0028647 , -0.10947238],
       [ 0.99166105,  0.12691364,  0.02238952,  0.03090215],
       [-0.02257205,  0.        ,  0.99974522,  0.08509961],
       [ 0.        ,  0.        ,  0.        ,  1.        ]])]","[array([[-0.89367514, -0.44814534,  0.02259437, -0.10017013],
       [ 0.44800218, -0.89396071, -0.01132663,  0.08335257],
       [ 0.02527446, -0.        ,  0.99968055,  0.08182327],
       [ 0.        ,  0.        ,  0.        ,  1.        ]])]","[array([[-0.89367514, -0.44814534,  0.02259437, -0.10017013],
       [ 0.44800218, -0.89396071, -0.01132663,  0.08335257],
       [ 0.02527446, -0.        ,  0.99968055,  0.08182327],
       [ 0.        ,  0.        ,  0.        ,  1.        ]])]"
3,"[array([[-0.70244985, -0.71109004, -0.03025178, -0.16471377],
       [ 0.71043153, -0.70310096,  0.03059552,  0.02192756],
       [-0.04302622,  0.        ,  0.99907394,  0.08462779],
       [ 0.        ,  0.        ,  0.        ,  1.        ]])]","[array([[ 0.75342835, -0.65752752, -0.00181396, -0.2031469 ],
       [ 0.65752561,  0.75343053, -0.00158306,  0.08089812],
       [ 0.0024076 , -0.        ,  0.9999971 ,  0.08192044],
       [ 0.        ,  0.        ,  0.        ,  1.        ]])]","[array([[ 0.75342835, -0.65752752, -0.00181396, -0.2031469 ],
       [ 0.65752561,  0.75343053, -0.00158306,  0.08089812],
       [ 0.0024076 , -0.        ,  0.9999971 ,  0.08192044],
       [ 0.        ,  0.        ,  0.        ,  1.        ]])]","[array([[ 0.12724542, -0.99186722,  0.0028326 , -0.10948412],
       [ 0.99162155,  0.12727694,  0.02207438,  0.03090626],
       [-0.02225537,  0.        ,  0.99975232,  0.08509052],
       [ 0.        ,  0.        ,  0.        ,  1.        ]])]","[array([[-0.89362623, -0.44824477,  0.02255633, -0.10017805],
       [ 0.44810205, -0.89391086, -0.0113107 ,  0.08335308],
       [ 0.02523332, -0.        ,  0.99968159,  0.08182358],
       [ 0.        ,  0.        ,  0.        ,  1.        ]])]","[array([[-0.89362623, -0.44824477,  0.02255633, -0.10017805],
       [ 0.44810205, -0.89391086, -0.0113107 ,  0.08335308],
       [ 0.02523332, -0.        ,  0.99968159,  0.08182358],
       [ 0.        ,  0.        ,  0.        ,  1.        ]])]"
4,"[array([[-0.70228949, -0.71124644, -0.03029803, -0.16471914],
       [ 0.71058547, -0.70294274,  0.03065593,  0.02192491],
       [-0.0431017 ,  0.        ,  0.99907069,  0.08462848],
       [ 0.        ,  0.        ,  0.        ,  1.        ]])]","[array([[ 0.75342193, -0.65753476, -0.00185147, -0.20314572],
       [ 0.65753278,  0.75342421, -0.00161583,  0.08089487],
       [ 0.00245741, -0.        ,  0.99999698,  0.08192185],
       [ 0.        ,  0.        ,  0.        ,  1.        ]])]","[array([[ 0.75342193, -0.65753476, -0.00185147, -0.20314572],
       [ 0.65753278,  0.75342421, -0.00161583,  0.08089487],
       [ 0.00245741, -0.        ,  0.99999698,  0.08192185],
       [ 0.        ,  0.        ,  0.        ,  1.        ]])]","[array([[ 0.12725282, -0.9918662 ,  0.00285695, -0.10948428],
       [ 0.99161632,  0.12728488,  0.02226272,  0.03090745],
       [-0.02244528,  0.        ,  0.99974807,  0.08509477],
       [ 0.        ,  0.        ,  0.        ,  1.        ]])]","[array([[-0.89368824, -0.44812568,  0.02246578, -0.10017044],
       [ 0.44798415, -0.89397057, -0.01126155,  0.08335601],
       [ 0.02513033, -0.        ,  0.99968418,  0.08182886],
       [ 0.        ,  0.        ,  0.        ,  1.        ]])]","[array([[-0.89368824, -0.44812568,  0.02246578, -0.10017044],
       [ 0.44798415, -0.89397057, -0.01126155,  0.08335601],
       [ 0.02513033, -0.        ,  0.99968418,  0.08182886],
       [ 0.        ,  0.        ,  0.        ,  1.        ]])]"
5,"[array([[-0.70245032, -0.71108968, -0.03024913, -0.16471276],
       [ 0.71043129, -0.70310132,  0.03059281,  0.02192956],
       [-0.04302243,  0.        ,  0.99907411,  0.0846247 ],
       [ 0.        ,  0.        ,  0.        ,  1.        ]])]","[array([[ 0.75335954, -0.65760569, -0.0020406 , -0.20314806],
       [ 0.65760327,  0.7533623 , -0.00178123,  0.08089535],
       [ 0.00270866, -0.        ,  0.99999633,  0.08190686],
       [ 0.        ,  0.        ,  0.        ,  1.        ]])]","[array([[ 0.75335954, -0.65760569, -0.0020406 , -0.20314806],
       [ 0.65760327,  0.7533623 , -0.00178123,  0.08089535],
       [ 0.00270866, -0.        ,  0.99999633,  0.08190686],
       [ 0.        ,  0.        ,  0.        ,  1.        ]])]","[array([[ 0.12747638, -0.99183748,  0.00286134, -0.10949303],
       [ 0.99158772,  0.12750849,  0.0222572 ,  0.03090507],
       [-0.02244037,  0.        ,  0.99974818,  0.08509466],
       [ 0.        ,  0.        ,  0.        ,  1.        ]])]","[array([[-0.89380536, -0.44788765,  0.02255286, -0.10016644],
       [ 0.44774514, -0.89408984, -0.01129769,  0.08335997],
       [ 0.02522438, -0.        ,  0.99968181,  0.08182086],
       [ 0.        ,  0.        ,  0.        ,  1.        ]])]","[array([[-0.89380536, -0.44788765,  0.02255286, -0.10016644],
       [ 0.44774514, -0.89408984, -0.01129769,  0.08335997],
       [ 0.02522438, -0.        ,  0.99968181,  0.08182086],
       [ 0.        ,  0.        ,  0.        ,  1.        ]])]"
6,"[array([[-0.70229379, -0.71124462, -0.03024102, -0.16471903],
       [ 0.71058614, -0.70294458,  0.03059809,  0.02192588],
       [-0.04302048,  0.        ,  0.99907419,  0.08462266],
       [ 0.        ,  0.        ,  0.        ,  1.        ]])]","[array([[ 0.7533754 , -0.65758808, -0.00185137, -0.20314548],
       [ 0.65758609,  0.75337768, -0.00161597,  0.08089096],
       [ 0.00245742, -0.        ,  0.99999698,  0.08191885],
       [ 0.        ,  0.        ,  0.        ,  1.        ]])]","[array([[ 0.7533754 , -0.65758808, -0.00185137, -0.20314548],
       [ 0.65758609,  0.75337768, -0.00161597,  0.08089096],
       [ 0.00245742, -0.        ,  0.99999698,  0.08191885],
       [ 0.        ,  0.        ,  0.        ,  1.        ]])]","[array([[ 0.12718357, -0.99187516,  0.00283124, -0.1094818 ],
       [ 0.99162948,  0.12721508,  0.02207473,  0.03090453],
       [-0.02225555,  0.        ,  0.99975231,  0.08508352],
       [ 0.        ,  0.        ,  0.        ,  1.        ]])]","[array([[-0.89369487, -0.44810582,  0.02259788, -0.10017396],
       [ 0.44796263, -0.89398052, -0.01132714,  0.08334856],
       [ 0.02527782, -0.        ,  0.99968046,  0.08181817],
       [ 0.        ,  0.        ,  0.        ,  1.        ]])]","[array([[-0.89369487, -0.44810582,  0.02259788, -0.10017396],
       [ 0.44796263, -0.89398052, -0.01132714,  0.08334856],
       [ 0.02527782, -0.        ,  0.99968046,  0.08181817],
       [ 0.        ,  0.        ,  0.        ,  1.        ]])]"
7,"[array([[-0.7024192 , -0.71112195, -0.03021328, -0.16471582],
       [ 0.71046502, -0.70306868,  0.03055935,  0.02192718],
       [-0.04297344,  0.        ,  0.99907622,  0.0846236 ],
       [ 0.        ,  0.        ,  0.        ,  1.        ]])]","[array([[ 0.75321675, -0.65776924, -0.0020401 , -0.20313825],
       [ 0.65776683,  0.75321951, -0.00178157,  0.0808845 ],
       [ 0.00270851, -0.        ,  0.99999633,  0.08190687],
       [ 0.        ,  0.        ,  0.        ,  1.        ]])]","[array([[ 0.75321675, -0.65776924, -0.0020401 , -0.20313825],
       [ 0.65776683,  0.75321951, -0.00178157,  0.0808845 ],
       [ 0.00270851, -0.        ,  0.99999633,  0.08190687],
       [ 0.        ,  0.        ,  0.        ,  1.        ]])]","[array([[ 0.12715343, -0.99187902,  0.0028313 , -0.10947816],
       [ 0.99163322,  0.12718494,  0.0220805 ,  0.03090318],
       [-0.02226128,  0.        ,  0.99975219,  0.08508965],
       [ 0.        ,  0.        ,  0.        ,  1.        ]])]","[array([[-0.89370585, -0.44808605,  0.02255535, -0.10017034],
       [ 0.44794341, -0.89399043, -0.0113052 ,  0.08335203],
       [ 0.02522997, -0.        ,  0.99968167,  0.08182169],
       [ 0.        ,  0.        ,  0.        ,  1.        ]])]","[array([[-0.89370585, -0.44808605,  0.02255535, -0.10017034],
       [ 0.44794341, -0.89399043, -0.0113052 ,  0.08335203],
       [ 0.02522997, -0.        ,  0.99968167,  0.08182169],
       [ 0.        ,  0.        ,  0.        ,  1.        ]])]"
8,"[array([[-0.70235788, -0.71118438, -0.03016944, -0.16471991],
       [ 0.71052918, -0.70300554,  0.03052043,  0.02192946],
       [-0.04291494,  0.        ,  0.99907873,  0.08461429],
       [ 0.        ,  0.        ,  0.        ,  1.        ]])]","[array([[ 0.75330393, -0.65766985, -0.00188892, -0.20314258],
       [ 0.65766778,  0.75330629, -0.00164911,  0.08088504],
       [ 0.0025075 , -0.        ,  0.99999686,  0.08191526],
       [ 0.        ,  0.        ,  0.        ,  1.        ]])]","[array([[ 0.75330393, -0.65766985, -0.00188892, -0.20314258],
       [ 0.65766778,  0.75330629, -0.00164911,  0.08088504],
       [ 0.0025075 , -0.        ,  0.99999686,  0.08191526],
       [ 0.        ,  0.        ,  0.        ,  1.        ]])]","[array([[ 0.12719871, -0.99187312,  0.00286393, -0.10948113],
       [ 0.9916218 ,  0.12723095,  0.02232677,  0.03090485],
       [-0.02250971,  0.        ,  0.99974662,  0.08509122],
       [ 0.        ,  0.        ,  0.        ,  1.        ]])]","[array([[-0.89373005, -0.44802656,  0.02277703, -0.10016975],
       [ 0.44788114, -0.89402025, -0.01141441,  0.0833546 ],
       [ 0.02547708, -0.        ,  0.99967541,  0.08180883],
       [ 0.        ,  0.        ,  0.        ,  1.        ]])]","[array([[-0.89373005, -0.44802656,  0.02277703, -0.10016975],
       [ 0.44788114, -0.89402025, -0.01141441,  0.0833546 ],
       [ 0.02547708, -0.        ,  0.99967541,  0.08180883],
       [ 0.        ,  0.        ,  0.        ,  1.        ]])]"
9,"[array([[-0.70234513, -0.71118402, -0.03047315, -0.16471819],
       [ 0.71051556, -0.7030059 ,  0.03082765,  0.02192476],
       [-0.04334694,  0.        ,  0.99906008,  0.08463397],
       [ 0.        ,  0.        ,  0.        ,  1.        ]])]","[array([[ 0.75352467, -0.65741724, -0.0017765 , -0.20314846],
       [ 0.65741541,  0.75352676, -0.00154992,  0.08089906],
       [ 0.00235759, -0.        ,  0.99999722,  0.08192303],
       [ 0.        ,  0.        ,  0.        ,  1.        ]])]","[array([[ 0.75352467, -0.65741724, -0.0017765 , -0.20314846],
       [ 0.65741541,  0.75352676, -0.00154992,  0.08089906],
       [ 0.00235759, -0.        ,  0.99999722,  0.08192303],
       [ 0.        ,  0.        ,  0.        ,  1.        ]])]","[array([[ 0.12707662, -0.99188839,  0.00299366, -0.10947653],
       [ 0.99161326,  0.12711188,  0.02336033,  0.03092498],
       [-0.02355137,  0.        ,  0.99972263,  0.08513655],
       [ 0.        ,  0.        ,  0.        ,  1.        ]])]","[array([[-0.89367603, -0.44814554,  0.02255509, -0.1001731 ],
       [ 0.44800288, -0.89396061, -0.01130695,  0.08334755],
       [ 0.02523052, -0.        ,  0.99968166,  0.08182167],
       [ 0.        ,  0.        ,  0.        ,  1.        ]])]","[array([[-0.89367603, -0.44814554,  0.02255509, -0.1001731 ],
       [ 0.44800288, -0.89396061, -0.01130695,  0.08334755],
       [ 0.02523052, -0.        ,  0.99968166,  0.08182167],
       [ 0.        ,  0.        ,  0.        ,  1.        ]])]"
10,"[array([[-0.70094453, -0.7125904 , -0.02986131, -0.16486356],
       [ 0.71194464, -0.70158031,  0.03032993,  0.02194396],
       [-0.04256293,  0.        ,  0.99909379,  0.08461941],
       [ 0.        ,  0.        ,  0.        ,  1.        ]])]","[array([[ 0.75330343, -0.65766985, -0.00207781, -0.20314156],
       [ 0.65766734,  0.75330629, -0.00181402,  0.08088606],
       [ 0.00275825, -0.        ,  0.9999962 ,  0.08190329],
       [ 0.        ,  0.        ,  0.        ,  1.        ]])]","[array([[ 0.75330343, -0.65766985, -0.00207781, -0.20314156],
       [ 0.65766734,  0.75330629, -0.00181402,  0.08088606],
       [ 0.00275825, -0.        ,  0.9999962 ,  0.08190329],
       [ 0.        ,  0.        ,  0.        ,  1.        ]])]","[array([[ 0.13194999, -0.99125446,  0.00195022, -0.10955906],
       [ 0.99114621,  0.1319644 ,  0.01464915,  0.03093751],
       [-0.0147784 ,  0.        ,  0.99989079,  0.08494504],
       [ 0.        ,  0.        ,  0.        ,  1.        ]])]","[array([[-0.89377199, -0.4479473 ,  0.02269047, -0.10017033],
       [ 0.44780301, -0.89405996, -0.01136852,  0.08335554],
       [ 0.02537914, -0.        ,  0.9996779 ,  0.08181194],
       [ 0.        ,  0.        ,  0.        ,  1.        ]])]","[array([[-0.89377199, -0.4479473 ,  0.02269047, -0.10017033],
       [ 0.44780301, -0.89405996, -0.01136852,  0.08335554],
       [ 0.02537914, -0.        ,  0.9996779 ,  0.08181194],
       [ 0.        ,  0.        ,  0.        ,  1.        ]])]"
11,"[array([[-0.70244467, -0.71109109, -0.03034728, -0.1647119 ],
       [ 0.71042841, -0.7030999 ,  0.03069219,  0.02192964],
       [-0.04316211,  0.        ,  0.99906808,  0.08462883],
       [ 0.        ,  0.        ,  0.        ,  1.        ]])]","[array([[ 0.75342816, -0.65752752, -0.00188954, -0.20314289],
       [ 0.65752545,  0.75343053, -0.00164902,  0.08089413],
       [ 0.00250792, -0.        ,  0.99999686,  0.08191625],
       [ 0.        ,  0.        ,  0.        ,  1.        ]])]","[array([[ 0.75342816, -0.65752752, -0.00188954, -0.20314289],
       [ 0.65752545,  0.75343053, -0.00164902,  0.08089413],
       [ 0.00250792, -0.        ,  0.99999686,  0.08191625],
       [ 0.        ,  0.        ,  0.        ,  1.        ]])]","[array([[ 0.12703503, -0.99189406,  0.00287537, -0.10947664],
       [ 0.99164008,  0.12706756,  0.02244528,  0.03089799],
       [-0.0226287 ,  0.        ,  0.99974394,  0.08510288],
       [ 0.        ,  0.        ,  0.        ,  1.        ]])]","[array([[-0.89376548, -0.44796707,  0.02255586, -0.1001698 ],
       [ 0.44782449, -0.89405006, -0.01130169,  0.08335299],
       [ 0.02522885, -0.        ,  0.9996817 ,  0.08182572],
       [ 0.        ,  0.        ,  0.        ,  1.        ]])]","[array([[-0.89376548, -0.44796707,  0.02255586, -0.1001698 ],
       [ 0.44782449, -0.89405006, -0.01130169,  0.08335299],
       [ 0.02522885, -0.        ,  0.9996817 ,  0.08182572],
       [ 0.        ,  0.        ,  0.        ,  1.        ]])]"
12,"[array([[-0.70245173, -0.71109004, -0.03020802, -0.16470973],
       [ 0.71043343, -0.70310096,  0.03055126,  0.02192452],
       [-0.04296398,  0.        ,  0.99907662,  0.08461839],
       [ 0.        ,  0.        ,  0.        ,  1.        ]])]","[array([[ 0.75340238, -0.65755599, -0.00222951, -0.2031482 ],
       [ 0.65755311,  0.75340568, -0.00194587,  0.08089414],
       [ 0.00295924, -0.        ,  0.99999562,  0.0818969 ],
       [ 0.        ,  0.        ,  0.        ,  1.        ]])]","[array([[ 0.75340238, -0.65755599, -0.00222951, -0.2031482 ],
       [ 0.65755311,  0.75340568, -0.00194587,  0.08089414],
       [ 0.00295924, -0.        ,  0.99999562,  0.0818969 ],
       [ 0.        ,  0.        ,  0.        ,  1.        ]])]","[array([[ 0.12644841, -0.9919691 ,  0.00284713, -0.10947517],
       [ 0.99171774,  0.12648046,  0.02232968,  0.03089404],
       [-0.02251046,  0.        ,  0.99974661,  0.08510123],
       [ 0.        ,  0.        ,  0.        ,  1.        ]])]","[array([[-0.89391763, -0.44766974,  0.02242922, -0.10019988],
       [ 0.44752889, -0.89419898, -0.01122891,  0.08335435],
       [ 0.02508303, -0.        ,  0.99968537,  0.08183236],
       [ 0.        ,  0.        ,  0.        ,  1.        ]])]","[array([[-0.89391763, -0.44766974,  0.02242922, -0.10019988],
       [ 0.44752889, -0.89419898, -0.01122891,  0.08335435],
       [ 0.02508303, -0.        ,  0.99968537,  0.08183236],
       [ 0.        ,  0.        ,  0.        ,  1.        ]])]"
13,"[array([[-0.70250689, -0.71102797, -0.03038579, -0.16470779],
       [ 0.71036379, -0.70316372,  0.03072563,  0.02192636],
       [-0.04321297,  0.        ,  0.99906588,  0.08463097],
       [ 0.        ,  0.        ,  0.        ,  1.        ]])]","[array([[ 0.75330994, -0.65766262, -0.00200255, -0.20314374],
       [ 0.65766029,  0.7533126 , -0.00174828,  0.08088831],
       [ 0.00265833, -0.        ,  0.99999647,  0.08190947],
       [ 0.        ,  0.        ,  0.        ,  1.        ]])]","[array([[ 0.75330994, -0.65766262, -0.00200255, -0.20314374],
       [ 0.65766029,  0.7533126 , -0.00174828,  0.08088831],
       [ 0.00265833, -0.        ,  0.99999647,  0.08190947],
       [ 0.        ,  0.        ,  0.        ,  1.        ]])]","[array([[ 0.1259908 , -0.99202724,  0.00287607, -0.10946744],
       [ 0.99176887,  0.12602362,  0.02263973,  0.03088184],
       [-0.02282169,  0.        ,  0.99973955,  0.08511821],
       [ 0.        ,  0.        ,  0.        ,  1.        ]])]","[array([[-0.8942361 , -0.44701531,  0.02278387, -0.10021075],
       [ 0.44687029, -0.89452631, -0.01138562,  0.08335379],
       [ 0.02547032, -0.        ,  0.99967558,  0.08184804],
       [ 0.        ,  0.        ,  0.        ,  1.        ]])]","[array([[-0.8942361 , -0.44701531,  0.02278387, -0.10021075],
       [ 0.44687029, -0.89452631, -0.01138562,  0.08335379],
       [ 0.02547032, -0.        ,  0.99967558,  0.08184804],
       [ 0.        ,  0.        ,  0.        ,  1.        ]])]"
14,"[array([[-0.70219373, -0.71133935, -0.03033637, -0.16471835],
       [ 0.71067644, -0.70284873,  0.03070285,  0.02192594],
       [-0.04316202,  0.        ,  0.99906809,  0.08462983],
       [ 0.        ,  0.        ,  0.        ,  1.        ]])]","[array([[ 0.75350885, -0.65743482, -0.00196581, -0.20313204],
       [ 0.65743259,  0.75351142, -0.00171516,  0.08090245],
       [ 0.00260886, -0.        ,  0.9999966 ,  0.08191304],
       [ 0.        ,  0.        ,  0.        ,  1.        ]])]","[array([[ 0.75350885, -0.65743482, -0.00196581, -0.20313204],
       [ 0.65743259,  0.75351142, -0.00171516,  0.08090245],
       [ 0.00260886, -0.        ,  0.9999966 ,  0.08191304],
       [ 0.        ,  0.        ,  0.        ,  1.        ]])]","[array([[ 0.126759  , -0.9919296 ,  0.00279821, -0.10947578],
       [ 0.991688  ,  0.12678989,  0.02189154,  0.03089245],
       [-0.02206965,  0.        ,  0.99975644,  0.08509136],
       [ 0.        ,  0.        ,  0.        ,  1.        ]])]","[array([[-0.89396151, -0.4475507 ,  0.02304735, -0.10018485],
       [ 0.44740204, -0.89425856, -0.01153454,  0.08334956],
       [ 0.02577258, -0.        ,  0.99966783,  0.08182943],
       [ 0.        ,  0.        ,  0.        ,  1.        ]])]","[array([[-0.89396151, -0.4475507 ,  0.02304735, -0.10018485],
       [ 0.44740204, -0.89425856, -0.01153454,  0.08334956],
       [ 0.02577258, -0.        ,  0.99966783,  0.08182943],
       [ 0.        ,  0.        ,  0.        ,  1.        ]])]"
15,"[array([[-0.69301285, -0.72033407, -0.02918923, -0.16477131],
       [ 0.71969597, -0.6936273 ,  0.03031311,  0.0220258 ],
       [-0.04208201,  0.        ,  0.99911416,  0.08463164],
       [ 0.        ,  0.        ,  0.        ,  1.        ]])]","[array([[ 0.76208249, -0.64747814, -0.00152824, -0.20240887],
       [ 0.64747684,  0.76208402, -0.00129842,  0.08150261],
       [ 0.00200535, -0.        ,  0.99999799,  0.08198723],
       [ 0.        ,  0.        ,  0.        ,  1.        ]])]","[array([[ 0.76208249, -0.64747814, -0.00152824, -0.20240887],
       [ 0.64747684,  0.76208402, -0.00129842,  0.08150261],
       [ 0.00200535, -0.        ,  0.99999799,  0.08198723],
       [ 0.        ,  0.        ,  0.        ,  1.        ]])]","[array([[ 0.12825253, -0.9917394 ,  0.00206352, -0.10898254],
       [ 0.99161105,  0.12826913,  0.01595453,  0.0308173 ],
       [-0.01608743,  0.        ,  0.99987059,  0.08495336],
       [ 0.        ,  0.        ,  0.        ,  1.        ]])]","[array([[-0.88644888, -0.4620149 ,  0.02739732, -0.09928163],
       [ 0.4617944 , -0.88687216, -0.0142726 ,  0.08324345],
       [ 0.03089208, -0.        ,  0.99952273,  0.08183063],
       [ 0.        ,  0.        ,  0.        ,  1.        ]])]","[array([[-0.88644888, -0.4620149 ,  0.02739732, -0.09928163],
       [ 0.4617944 , -0.88687216, -0.0142726 ,  0.08324345],
       [ 0.03089208, -0.        ,  0.99952273,  0.08183063],
       [ 0.        ,  0.        ,  0.        ,  1.        ]])]"
16,"[array([[-0.69189591, -0.72142845, -0.02865374, -0.16476578],
       [ 0.72081059, -0.69248898,  0.0298512 ,  0.02202878],
       [-0.04137791,  0.        ,  0.99914357,  0.08462087],
       [ 0.        ,  0.        ,  0.        ,  1.        ]])]","[array([[ 0.76342592, -0.64589279, -0.00183746, -0.20230246],
       [ 0.64589092,  0.76342813, -0.00155457,  0.0815871 ],
       [ 0.00240686, -0.        ,  0.9999971 ,  0.08201546],
       [ 0.        ,  0.        ,  0.        ,  1.        ]])]","[array([[ 0.76342592, -0.64589279, -0.00183746, -0.20230246],
       [ 0.64589092,  0.76342813, -0.00155457,  0.0815871 ],
       [ 0.00240686, -0.        ,  0.9999971 ,  0.08201546],
       [ 0.        ,  0.        ,  0.        ,  1.        ]])]","[array([[ 0.13246201, -0.99118545,  0.00228456, -0.10894892],
       [ 0.99103807,  0.13248171,  0.01709233,  0.03085052],
       [-0.01724433,  0.        ,  0.99985131,  0.08498627],
       [ 0.        ,  0.        ,  0.        ,  1.        ]])]","[array([[-0.88419694, -0.4662291 ,  0.02874347, -0.09907819],
       [ 0.46598295, -0.88466402, -0.01514817,  0.08320361],
       [ 0.03249083, -0.        ,  0.99947203,  0.08180979],
       [ 0.        ,  0.        ,  0.        ,  1.        ]])]","[array([[-0.88419694, -0.4662291 ,  0.02874347, -0.09907819],
       [ 0.46598295, -0.88466402, -0.01514817,  0.08320361],
       [ 0.03249083, -0.        ,  0.99947203,  0.08180979],
       [ 0.        ,  0.        ,  0.        ,  1.        ]])]"
17,"[array([[-0.68983866, -0.72340792, -0.02834789, -0.16478738],
       [ 0.72279789, -0.69042087,  0.0297023 ,  0.02204579],
       [-0.04105886,  0.        ,  0.99915673,  0.08462772],
       [ 0.        ,  0.        ,  0.        ,  1.        ]])]","[array([[ 0.76478219, -0.644287  , -0.00157167, -0.20216637],
       [ 0.64428564,  0.7647838 , -0.00132405,  0.08169724],
       [ 0.00205506, -0.        ,  0.99999789,  0.08204565],
       [ 0.        ,  0.        ,  0.        ,  1.        ]])]","[array([[ 0.76478219, -0.644287  , -0.00157167, -0.20216637],
       [ 0.64428564,  0.7647838 , -0.00132405,  0.08169724],
       [ 0.00205506, -0.        ,  0.99999789,  0.08204565],
       [ 0.        ,  0.        ,  0.        ,  1.        ]])]","[array([[ 0.13951686, -0.9902147 ,  0.00314548, -0.10905933],
       [ 0.98996313,  0.13955232,  0.02231924,  0.03090035],
       [-0.0225398 ,  0.        ,  0.99974595,  0.08536689],
       [ 0.        ,  0.        ,  0.        ,  1.        ]])]","[array([[-0.88222963, -0.46987965,  0.02973211, -0.09876294],
       [ 0.46961304, -0.88273049, -0.01582647,  0.08315776],
       [ 0.03368197, -0.        ,  0.9994326 ,  0.08183891],
       [ 0.        ,  0.        ,  0.        ,  1.        ]])]","[array([[-0.88222963, -0.46987965,  0.02973211, -0.09876294],
       [ 0.46961304, -0.88273049, -0.01582647,  0.08315776],
       [ 0.03368197, -0.        ,  0.9994326 ,  0.08183891],
       [ 0.        ,  0.        ,  0.        ,  1.        ]])]"
18,"[array([[-0.69115312, -0.72213099, -0.02888228, -0.16477941],
       [ 0.7215013 , -0.69175634,  0.03015049,  0.02201564],
       [-0.0417521 ,  0.        ,  0.999128  ,  0.08463825],
       [ 0.        ,  0.        ,  0.        ,  1.        ]])]","[array([[ 0.76394545, -0.64527901, -0.001532  , -0.20225922],
       [ 0.64527772,  0.76394698, -0.00129402,  0.08160593],
       [ 0.00200537, -0.        ,  0.99999799,  0.08201523],
       [ 0.        ,  0.        ,  0.        ,  1.        ]])]","[array([[ 0.76394545, -0.64527901, -0.001532  , -0.20225922],
       [ 0.64527772,  0.76394698, -0.00129402,  0.08160593],
       [ 0.00200537, -0.        ,  0.99999799,  0.08201523],
       [ 0.        ,  0.        ,  0.        ,  1.        ]])]","[array([[ 0.13623893, -0.99065247,  0.0068285 , -0.10895179],
       [ 0.98941047,  0.13640995,  0.04959077,  0.03099884],
       [-0.0500587 ,  0.        ,  0.99874628,  0.08598831],
       [ 0.        ,  0.        ,  0.        ,  1.        ]])]","[array([[-0.88350796, -0.46748224,  0.0295643 , -0.09893433],
       [ 0.46722073, -0.88400247, -0.01563433,  0.08316035],
       [ 0.03344369, -0.        ,  0.9994406 ,  0.08182149],
       [ 0.        ,  0.        ,  0.        ,  1.        ]])]","[array([[-0.88350796, -0.46748224,  0.0295643 , -0.09893433],
       [ 0.46722073, -0.88400247, -0.01563433,  0.08316035],
       [ 0.03344369, -0.        ,  0.9994406 ,  0.08182149],
       [ 0.        ,  0.        ,  0.        ,  1.        ]])]"
19,"[array([[-0.69087171, -0.72239945, -0.0289019 , -0.16477577],
       [ 0.72176815, -0.69147599,  0.03019442,  0.02202085],
       [-0.0417974 ,  0.        ,  0.99912611,  0.08463426],
       [ 0.        ,  0.        ,  0.        ,  1.        ]])]","[array([[ 0.76428499, -0.64487643, -0.00168581, -0.20223521],
       [ 0.64487486,  0.76428685, -0.00142242,  0.08163127],
       [ 0.00220573, -0.        ,  0.99999757,  0.08200686],
       [ 0.        ,  0.        ,  0.        ,  1.        ]])]","[array([[ 0.76428499, -0.64487643, -0.00168581, -0.20223521],
       [ 0.64487486,  0.76428685, -0.00142242,  0.08163127],
       [ 0.00220573, -0.        ,  0.99999757,  0.08200686],
       [ 0.        ,  0.        ,  0.        ,  1.        ]])]","[array([[ 0.13416643, -0.99095349,  0.00324782, -0.10894004],
       [ 0.99066327,  0.13420574,  0.02398137,  0.03100022],
       [-0.02420029,  0.        ,  0.99970713,  0.08540409],
       [ 0.        ,  0.        ,  0.        ,  1.        ]])]","[array([[-0.88344806, -0.46758918,  0.02966297, -0.0989257 ],
       [ 0.46732583, -0.8839459 , -0.0156911 ,  0.08315978],
       [ 0.03355744, -0.        ,  0.99943679,  0.08181887],
       [ 0.        ,  0.        ,  0.        ,  1.        ]])]","[array([[-0.88344806, -0.46758918,  0.02966297, -0.0989257 ],
       [ 0.46732583, -0.8839459 , -0.0156911 ,  0.08315978],
       [ 0.03355744, -0.        ,  0.99943679,  0.08181887],
       [ 0.        ,  0.        ,  0.        ,  1.        ]])]"
20,"[array([[-0.69075683, -0.72249691, -0.02921005, -0.16478045],
       [ 0.72185179, -0.69137415,  0.03052496,  0.02202214],
       [-0.04224927,  0.        ,  0.9991071 ,  0.08464438],
       [ 0.        ,  0.        ,  0.        ,  1.        ]])]","[array([[ 0.76420544, -0.6449707 , -0.00168601, -0.2022361 ],
       [ 0.64496913,  0.7642073 , -0.00142295,  0.08162491],
       [ 0.00220622, -0.        ,  0.99999757,  0.08200284],
       [ 0.        ,  0.        ,  0.        ,  1.        ]])]","[array([[ 0.76420544, -0.6449707 , -0.00168601, -0.2022361 ],
       [ 0.64496913,  0.7642073 , -0.00142295,  0.08162491],
       [ 0.00220622, -0.        ,  0.99999757,  0.08200284],
       [ 0.        ,  0.        ,  0.        ,  1.        ]])]","[array([[ 0.14113607, -0.98998718, -0.00244736, -0.10911658],
       [ 0.98983837,  0.14115729, -0.01716424,  0.03074839],
       [ 0.01733784,  0.        ,  0.99984969,  0.08404663],
       [ 0.        ,  0.        ,  0.        ,  1.        ]])]","[array([[-0.88350632, -0.46747068,  0.02979515, -0.09892422],
       [ 0.46720508, -0.88400858, -0.01575591,  0.08315776],
       [ 0.03370459, -0.        ,  0.99943184,  0.08181319],
       [ 0.        ,  0.        ,  0.        ,  1.        ]])]","[array([[-0.88350632, -0.46747068,  0.02979515, -0.09892422],
       [ 0.46720508, -0.88400858, -0.01575591,  0.08315776],
       [ 0.03370459, -0.        ,  0.99943184,  0.08181319],
       [ 0.        ,  0.        ,  0.        ,  1.        ]])]"
21,"[array([[-0.69100345, -0.7222815 , -0.0286997 , -0.16476647],
       [ 0.72165933, -0.69159919,  0.02997294,  0.02202489],
       [-0.04149759,  0.        ,  0.9991386 ,  0.08462855],
       [ 0.        ,  0.        ,  0.        ,  1.        ]])]","[array([[ 0.76415232, -0.64503383, -0.00160904, -0.2022267 ],
       [ 0.6450324 ,  0.76415402, -0.00135822,  0.08162566],
       [ 0.00210566, -0.        ,  0.99999778,  0.08201604],
       [ 0.        ,  0.        ,  0.        ,  1.        ]])]","[array([[ 0.76415232, -0.64503383, -0.00160904, -0.2022267 ],
       [ 0.6450324 ,  0.76415402, -0.00135822,  0.08162566],
       [ 0.00210566, -0.        ,  0.99999778,  0.08201604],
       [ 0.        ,  0.        ,  0.        ,  1.        ]])]","[array([[ 0.13746557, -0.99050089,  0.00334748, -0.10891292],
       [ 0.99020734,  0.13750632,  0.02411293,  0.03080572],
       [-0.02434418,  0.        ,  0.99970364,  0.08493131],
       [ 0.        ,  0.        ,  0.        ,  1.        ]])]","[array([[-0.88322172, -0.46795384,  0.03063644, -0.09894691],
       [ 0.46767257, -0.88375291, -0.01622222,  0.08314341],
       [ 0.03466629, -0.        ,  0.99939894,  0.08176761],
       [ 0.        ,  0.        ,  0.        ,  1.        ]])]","[array([[-0.88322172, -0.46795384,  0.03063644, -0.09894691],
       [ 0.46767257, -0.88375291, -0.01622222,  0.08314341],
       [ 0.03466629, -0.        ,  0.99939894,  0.08176761],
       [ 0.        ,  0.        ,  0.        ,  1.        ]])]"
22,"[array([[-0.69206533, -0.7213325 , -0.02692597, -0.16470689],
       [ 0.72078716, -0.69258893,  0.02804344,  0.02195217],
       [-0.03887727,  0.        ,  0.99924399,  0.08463085],
       [ 0.        ,  0.        ,  0.        ,  1.        ]])]","[array([[ 0.76338549, -0.64593999, -0.00202812, -0.20225239],
       [ 0.64593771,  0.76338819, -0.00171609,  0.08150843],
       [ 0.00265674, -0.        ,  0.99999647,  0.08218152],
       [ 0.        ,  0.        ,  0.        ,  1.        ]])]","[array([[ 0.76338549, -0.64593999, -0.00202812, -0.20225239],
       [ 0.64593771,  0.76338819, -0.00171609,  0.08150843],
       [ 0.00265674, -0.        ,  0.99999647,  0.08218152],
       [ 0.        ,  0.        ,  0.        ,  1.        ]])]","[array([[ 0.1296523 , -0.99154919,  0.00452496, -0.10876721],
       [ 0.99094586,  0.12973124,  0.0345847 ,  0.03072318],
       [-0.03487946,  0.        ,  0.99939153,  0.0851613 ],
       [ 0.        ,  0.        ,  0.        ,  1.        ]])]","[array([[-0.8828381 , -0.46849024,  0.03337339, -0.09902649],
       [ 0.46815586, -0.88346867, -0.01769741,  0.08313395],
       [ 0.0377754 , -0.        ,  0.99928625,  0.08165574],
       [ 0.        ,  0.        ,  0.        ,  1.        ]])]","[array([[-0.8828381 , -0.46849024,  0.03337339, -0.09902649],
       [ 0.46815586, -0.88346867, -0.01769741,  0.08313395],
       [ 0.0377754 , -0.        ,  0.99928625,  0.08165574],
       [ 0.        ,  0.        ,  0.        ,  1.        ]])]"
23,"[array([[-0.69920061, -0.71445782, -0.02585605, -0.16457786],
       [ 0.71396982, -0.69967851,  0.02640221,  0.02181723],
       [-0.03695419,  0.        ,  0.99931696,  0.08466477],
       [ 0.        ,  0.        ,  0.        ,  1.        ]])]","[array([[ 7.55212136e-01, -6.55480418e-01,  2.27319807e-04,
        -2.02786408e-01],
       [ 6.55480388e-01,  7.55212170e-01,  1.97300425e-04,
         8.09671784e-02],
       [-3.01001250e-04, -0.00000000e+00,  9.99999955e-01,
         8.23665718e-02],
       [ 0.00000000e+00,  0.00000000e+00,  0.00000000e+00,
         1.00000000e+00]])]","[array([[ 7.55212136e-01, -6.55480418e-01,  2.27319807e-04,
        -2.02786408e-01],
       [ 6.55480388e-01,  7.55212170e-01,  1.97300425e-04,
         8.09671784e-02],
       [-3.01001250e-04, -0.00000000e+00,  9.99999955e-01,
         8.23665718e-02],
       [ 0.00000000e+00,  0.00000000e+00,  0.00000000e+00,
         1.00000000e+00]])]","[array([[ 0.14140817, -0.98993924, -0.00490239, -0.10887125],
       [ 0.98934487,  0.14149313, -0.03429898,  0.03098143],
       [ 0.03464756,  0.        ,  0.99939959,  0.08312289],
       [ 0.        ,  0.        ,  0.        ,  1.        ]])]","[array([[-0.88361079, -0.46710995,  0.03225318, -0.09899694],
       [ 0.46679908, -0.88419924, -0.0170389 ,  0.08315205],
       [ 0.03647728, -0.        ,  0.99933448,  0.08171002],
       [ 0.        ,  0.        ,  0.        ,  1.        ]])]","[array([[-0.88361079, -0.46710995,  0.03225318, -0.09899694],
       [ 0.46679908, -0.88419924, -0.0170389 ,  0.08315205],
       [ 0.03647728, -0.        ,  0.99933448,  0.08171002],
       [ 0.        ,  0.        ,  0.        ,  1.        ]])]"
