,LP,LD1,LD2,RP,RD1,RD2
0,"[array([[-0.72324448, -0.68992065, -0.03044555, -0.11362217],
       [ 0.68931017, -0.72388501,  0.02901706,  0.02206726],
       [-0.04205854,  0.        ,  0.99911515,  0.08491511],
       [ 0.        ,  0.        ,  0.        ,  1.        ]])]","[array([[ 0.23137166, -0.97283951,  0.00710168, -0.1592924 ],
       [ 0.97238158,  0.23148063,  0.02984612,  0.07773193],
       [-0.03067939, -0.        ,  0.99952928,  0.0832826 ],
       [ 0.        ,  0.        ,  0.        ,  1.        ]])]","[array([[ 0.23137166, -0.97283951,  0.00710168, -0.1592924 ],
       [ 0.97238158,  0.23148063,  0.02984612,  0.07773193],
       [-0.03067939, -0.        ,  0.99952928,  0.0832826 ],
       [ 0.        ,  0.        ,  0.        ,  1.        ]])]","[array([[ 0.72606819, -0.68740229,  0.01740888, -0.05414762],
       [ 0.68720478,  0.72627687,  0.01647705,  0.03765032],
       [-0.02397003,  0.        ,  0.99971268,  0.08551793],
       [ 0.        ,  0.        ,  0.        ,  1.        ]])]","[array([[-0.35916032, -0.93321396,  0.01075   , -0.01353939],
       [ 0.93279623, -0.35932116, -0.02791945,  0.07287441],
       [ 0.02991752, -0.        ,  0.99955237,  0.08325162],
       [ 0.        ,  0.        ,  0.        ,  1.        ]])]","[array([[-0.35916032, -0.93321396,  0.01075   , -0.01353939],
       [ 0.93279623, -0.35932116, -0.02791945,  0.07287441],
       [ 0.02991752, -0.        ,  0.99955237,  0.08325162],
       [ 0.        ,  0.        ,  0.        ,  1.        ]])]"
1,"[array([[-0.72303554, -0.69014391, -0.03034787, -0.11363139],
       [ 0.68953679, -0.72367215,  0.02894183,  0.02206661],
       [-0.04193594,  0.        ,  0.9991203 ,  0.08491136],
       [ 0.        ,  0.        ,  0.        ,  1.        ]])]","[array([[ 0.23137343, -0.97283951,  0.00704381, -0.15929045],
       [ 0.97238901,  0.23148063,  0.02960291,  0.07773669],
       [-0.03042938, -0.        ,  0.99953692,  0.08327265],
       [ 0.        ,  0.        ,  0.        ,  1.        ]])]","[array([[ 0.23137343, -0.97283951,  0.00704381, -0.15929045],
       [ 0.97238901,  0.23148063,  0.02960291,  0.07773669],
       [-0.03042938, -0.        ,  0.99953692,  0.08327265],
       [ 0.        ,  0.        ,  0.        ,  1.        ]])]","[array([[ 0.72610671, -0.68736856,  0.017132  , -0.05415219],
       [ 0.68717732,  0.72630879,  0.01621349,  0.03765422],
       [-0.02358776,  0.        ,  0.99972177,  0.08550637],
       [ 0.        ,  0.        ,  0.        ,  1.        ]])]","[array([[-0.35913458, -0.93322429,  0.01071397, -0.01354335],
       [ 0.93280928, -0.35929435, -0.02782826,  0.07287737],
       [ 0.02981948, -0.        ,  0.9995553 ,  0.08325474],
       [ 0.        ,  0.        ,  0.        ,  1.        ]])]","[array([[-0.35913458, -0.93322429,  0.01071397, -0.01354335],
       [ 0.93280928, -0.35929435, -0.02782826,  0.07287737],
       [ 0.02981948, -0.        ,  0.9995553 ,  0.08325474],
       [ 0.        ,  0.        ,  0.        ,  1.        ]])]"
2,"[array([[-0.72321792, -0.68995035, -0.03040326, -0.1136261 ],
       [ 0.68934149, -0.7238567 ,  0.02897913,  0.02207088],
       [-0.04200177,  0.        ,  0.99911754,  0.08491584],
       [ 0.        ,  0.        ,  0.        ,  1.        ]])]","[array([[ 0.23147837, -0.97281427,  0.00708196, -0.15929468],
       [ 0.9723593 ,  0.23158668,  0.02974883,  0.07774111],
       [-0.03058017, -0.        ,  0.99953232,  0.08327645],
       [ 0.        ,  0.        ,  0.        ,  1.        ]])]","[array([[ 0.23147837, -0.97281427,  0.00708196, -0.15929468],
       [ 0.9723593 ,  0.23158668,  0.02974883,  0.07774111],
       [-0.03058017, -0.        ,  0.99953232,  0.08327645],
       [ 0.        ,  0.        ,  0.        ,  1.        ]])]","[array([[ 0.72594504, -0.68752999,  0.01750201, -0.054146  ],
       [ 0.68733026,  0.72615599,  0.01657103,  0.03765044],
       [-0.02410227,  0.        ,  0.9997095 ,  0.08552389],
       [ 0.        ,  0.        ,  0.        ,  1.        ]])]","[array([[-0.3592055 , -0.93319718,  0.01069722, -0.01353873],
       [ 0.93278365, -0.35936475, -0.02777851,  0.07287821],
       [ 0.02976703, -0.        ,  0.99955686,  0.08326041],
       [ 0.        ,  0.        ,  0.        ,  1.        ]])]","[array([[-0.3592055 , -0.93319718,  0.01069722, -0.01353873],
       [ 0.93278365, -0.35936475, -0.02777851,  0.07287821],
       [ 0.02976703, -0.        ,  0.99955686,  0.08326041],
       [ 0.        ,  0.        ,  0.        ,  1.        ]])]"
3,"[array([[-0.72319568, -0.68998159, -0.03022273, -0.11362496],
       [ 0.68937987, -0.72382691,  0.02880955,  0.02206536],
       [-0.04175408,  0.        ,  0.99912792,  0.08490529],
       [ 0.        ,  0.        ,  0.        ,  1.        ]])]","[array([[ 0.23142922, -0.97282555,  0.00713848, -0.15929216],
       [ 0.9723631 ,  0.23153929,  0.02999273,  0.07773478],
       [-0.03083054, -0.        ,  0.99952463,  0.08328541],
       [ 0.        ,  0.        ,  0.        ,  1.        ]])]","[array([[ 0.23142922, -0.97282555,  0.00713848, -0.15929216],
       [ 0.9723631 ,  0.23153929,  0.02999273,  0.07773478],
       [-0.03083054, -0.        ,  0.99952463,  0.08328541],
       [ 0.        ,  0.        ,  0.        ,  1.        ]])]","[array([[ 0.72595665, -0.68752819,  0.01708601, -0.05414124],
       [ 0.68733785,  0.72615768,  0.01617708,  0.03764928],
       [-0.02352933,  0.        ,  0.99972315,  0.08550806],
       [ 0.        ,  0.        ,  0.        ,  1.        ]])]","[array([[-0.35931577, -0.93315714,  0.01048481, -0.01353167],
       [ 0.93276012, -0.35946871, -0.02721787,  0.07287553],
       [ 0.02916751, -0.        ,  0.99957454,  0.08329047],
       [ 0.        ,  0.        ,  0.        ,  1.        ]])]","[array([[-0.35931577, -0.93315714,  0.01048481, -0.01353167],
       [ 0.93276012, -0.35946871, -0.02721787,  0.07287553],
       [ 0.02916751, -0.        ,  0.99957454,  0.08329047],
       [ 0.        ,  0.        ,  0.        ,  1.        ]])]"
4,"[array([[-0.72312823, -0.69004867, -0.03030509, -0.11362223],
       [ 0.68944349, -0.72376297,  0.02889342,  0.02206366],
       [-0.04187157,  0.        ,  0.999123  ,  0.08490492],
       [ 0.        ,  0.        ,  0.        ,  1.        ]])]","[array([[ 0.23134928, -0.97284542,  0.00702068, -0.15928671],
       [ 0.97239778,  0.23145579,  0.02950901,  0.0777323 ],
       [-0.03033268, -0.        ,  0.99953986,  0.08326258],
       [ 0.        ,  0.        ,  0.        ,  1.        ]])]","[array([[ 0.23134928, -0.97284542,  0.00702068, -0.15928671],
       [ 0.97239778,  0.23145579,  0.02950901,  0.0777323 ],
       [-0.03033268, -0.        ,  0.99953986,  0.08326258],
       [ 0.        ,  0.        ,  0.        ,  1.        ]])]","[array([[ 0.72603852, -0.68743241,  0.01745698, -0.05414723],
       [ 0.68723379,  0.72624836,  0.01652395,  0.03764942],
       [-0.0240372 ,  0.        ,  0.99971106,  0.08552343],
       [ 0.        ,  0.        ,  0.        ,  1.        ]])]","[array([[-0.35928432, -0.93317007,  0.01041099, -0.01353485],
       [ 0.93277854, -0.35943513, -0.02702914,  0.07287041],
       [ 0.02896486, -0.        ,  0.99958043,  0.08329492],
       [ 0.        ,  0.        ,  0.        ,  1.        ]])]","[array([[-0.35928432, -0.93317007,  0.01041099, -0.01353485],
       [ 0.93277854, -0.35943513, -0.02702914,  0.07287041],
       [ 0.02896486, -0.        ,  0.99958043,  0.08329492],
       [ 0.        ,  0.        ,  0.        ,  1.        ]])]"
5,"[array([[-0.72325287, -0.68991757, -0.03031555, -0.11362095],
       [ 0.6893123 , -0.72388794,  0.02889291,  0.02206618],
       [-0.04187879,  0.        ,  0.9991227 ,  0.08491308],
       [ 0.        ,  0.        ,  0.        ,  1.        ]])]","[array([[ 0.23132358, -0.97285079,  0.00712346, -0.15928892],
       [ 0.97238984,  0.23143324,  0.0299441 ,  0.07773145],
       [-0.03077975, -0.        ,  0.99952619,  0.0832818 ],
       [ 0.        ,  0.        ,  0.        ,  1.        ]])]","[array([[ 0.23132358, -0.97285079,  0.00712346, -0.15928892],
       [ 0.97238984,  0.23143324,  0.0299441 ,  0.07773145],
       [-0.03077975, -0.        ,  0.99952619,  0.0832818 ],
       [ 0.        ,  0.        ,  0.        ,  1.        ]])]","[array([[ 0.72607481, -0.68740229,  0.01713049, -0.05414877],
       [ 0.68721105,  0.72627687,  0.01621357,  0.03765018],
       [-0.02358672,  0.        ,  0.99972179,  0.08550534],
       [ 0.        ,  0.        ,  0.        ,  1.        ]])]","[array([[-0.35944542, -0.93310677,  0.01052401, -0.01352785],
       [ 0.93270708, -0.35959945, -0.02730822,  0.07287042],
       [ 0.02926591, -0.        ,  0.99957166,  0.08327534],
       [ 0.        ,  0.        ,  0.        ,  1.        ]])]","[array([[-0.35944542, -0.93310677,  0.01052401, -0.01352785],
       [ 0.93270708, -0.35959945, -0.02730822,  0.07287042],
       [ 0.02926591, -0.        ,  0.99957166,  0.08327534],
       [ 0.        ,  0.        ,  0.        ,  1.        ]])]"
6,"[array([[-0.72319055, -0.68998313, -0.03031032, -0.11362209],
       [ 0.68937791, -0.72382545,  0.02889317,  0.02206642],
       [-0.04187518,  0.        ,  0.99912285,  0.084906  ],
       [ 0.        ,  0.        ,  0.        ,  1.        ]])]","[array([[ 0.2314058 , -0.97283146,  0.00709218, -0.15929445],
       [ 0.97237489,  0.23151446,  0.02980159,  0.07773329],
       [-0.03063386, -0.        ,  0.99953067,  0.08327416],
       [ 0.        ,  0.        ,  0.        ,  1.        ]])]","[array([[ 0.2314058 , -0.97283146,  0.00709218, -0.15929445],
       [ 0.97237489,  0.23151446,  0.02980159,  0.07773329],
       [-0.03063386, -0.        ,  0.99953067,  0.08327416],
       [ 0.        ,  0.        ,  0.        ,  1.        ]])]","[array([[ 0.72604793, -0.68743061,  0.01713375, -0.05414642],
       [ 0.68723927,  0.72625007,  0.01621792,  0.03765231],
       [-0.02359208,  0.        ,  0.99972167,  0.08550846],
       [ 0.        ,  0.        ,  0.        ,  1.        ]])]","[array([[-0.35945795, -0.93310029,  0.01066879, -0.01352637],
       [ 0.93268957, -0.35961624, -0.02768244,  0.07287175],
       [ 0.02966716, -0.        ,  0.99955983,  0.08325658],
       [ 0.        ,  0.        ,  0.        ,  1.        ]])]","[array([[-0.35945795, -0.93310029,  0.01066879, -0.01352637],
       [ 0.93268957, -0.35961624, -0.02768244,  0.07287175],
       [ 0.02966716, -0.        ,  0.99955983,  0.08325658],
       [ 0.        ,  0.        ,  0.        ,  1.        ]])]"
7,"[array([[-0.72315884, -0.69001437, -0.0303556 , -0.11362216],
       [ 0.68940726, -0.72379567,  0.02893883,  0.0220641 ],
       [-0.04193946,  0.        ,  0.99912015,  0.08490544],
       [ 0.        ,  0.        ,  0.        ,  1.        ]])]","[array([[ 0.23136933, -0.97284006,  0.00710308, -0.15929333],
       [ 0.97238193,  0.23147834,  0.0298523 ,  0.07773391],
       [-0.03068572, -0.        ,  0.99952908,  0.08327881],
       [ 0.        ,  0.        ,  0.        ,  1.        ]])]","[array([[ 0.23136933, -0.97284006,  0.00710308, -0.15929333],
       [ 0.97238193,  0.23147834,  0.0298523 ,  0.07773391],
       [-0.03068572, -0.        ,  0.99952908,  0.08327881],
       [ 0.        ,  0.        ,  0.        ,  1.        ]])]","[array([[ 0.72601217, -0.68746614,  0.01722345, -0.05414593],
       [ 0.68727277,  0.72621644,  0.01630443,  0.03764826],
       [-0.0237167 ,  0.        ,  0.99971872,  0.08550725],
       [ 0.        ,  0.        ,  0.        ,  1.        ]])]","[array([[-0.35960067, -0.9330499 ,  0.01025851, -0.01351713],
       [ 0.93267047, -0.35974697, -0.02660677,  0.07287556],
       [ 0.02851591, -0.        ,  0.99959334,  0.08331719],
       [ 0.        ,  0.        ,  0.        ,  1.        ]])]","[array([[-0.35960067, -0.9330499 ,  0.01025851, -0.01351713],
       [ 0.93267047, -0.35974697, -0.02660677,  0.07287556],
       [ 0.02851591, -0.        ,  0.99959334,  0.08331719],
       [ 0.        ,  0.        ,  0.        ,  1.        ]])]"
8,"[array([[-0.72495435, -0.68812452, -0.03042762, -0.11361244],
       [ 0.68751921, -0.72559262,  0.0288564 ,  0.02203995],
       [-0.04193486,  0.        ,  0.99912035,  0.08490734],
       [ 0.        ,  0.        ,  0.        ,  1.        ]])]","[array([[ 0.23491596, -0.97195822,  0.01056913, -0.15975514],
       [ 0.97097599,  0.2351536 ,  0.0436853 ,  0.07768015],
       [-0.04494566, -0.        ,  0.99898943,  0.08402227],
       [ 0.        ,  0.        ,  0.        ,  1.        ]])]","[array([[ 0.23491596, -0.97195822,  0.01056913, -0.15975514],
       [ 0.97097599,  0.2351536 ,  0.0436853 ,  0.07768015],
       [-0.04494566, -0.        ,  0.99898943,  0.08402227],
       [ 0.        ,  0.        ,  0.        ,  1.        ]])]","[array([[ 0.72423863, -0.68933413,  0.01722963, -0.05418679],
       [ 0.68913914,  0.72444355,  0.01639461,  0.03764872],
       [-0.02378326,  0.        ,  0.99971714,  0.08551275],
       [ 0.        ,  0.        ,  0.        ,  1.        ]])]","[array([[-0.36252276, -0.93192008,  0.01011058, -0.01365968],
       [ 0.93155785, -0.36266372, -0.02598069,  0.07297683],
       [ 0.02787867, -0.        ,  0.99961131,  0.08332646],
       [ 0.        ,  0.        ,  0.        ,  1.        ]])]","[array([[-0.36252276, -0.93192008,  0.01011058, -0.01365968],
       [ 0.93155785, -0.36266372, -0.02598069,  0.07297683],
       [ 0.02787867, -0.        ,  0.99961131,  0.08332646],
       [ 0.        ,  0.        ,  0.        ,  1.        ]])]"
9,"[array([[-0.72583454, -0.6871945 , -0.03046216, -0.11360614],
       [ 0.6865901 , -0.72647348,  0.02881513,  0.02202975],
       [-0.04193155,  0.        ,  0.99912049,  0.08490827],
       [ 0.        ,  0.        ,  0.        ,  1.        ]])]","[array([[ 0.23381158, -0.97222469,  0.01054981, -0.15983822],
       [ 0.97123652,  0.23404947,  0.04382314,  0.0776109 ],
       [-0.04507512, -0.        ,  0.9989836 ,  0.08402839],
       [ 0.        ,  0.        ,  0.        ,  1.        ]])]","[array([[ 0.23381158, -0.97222469,  0.01054981, -0.15983822],
       [ 0.97123652,  0.23404947,  0.04382314,  0.0776109 ],
       [-0.04507512, -0.        ,  0.9989836 ,  0.08402839],
       [ 0.        ,  0.        ,  0.        ,  1.        ]])]","[array([[ 0.72324091, -0.69038143,  0.01720649, -0.05419973],
       [ 0.69018614,  0.72344556,  0.01642009,  0.03763441],
       [-0.02378409,  0.        ,  0.99971712,  0.08550976],
       [ 0.        ,  0.        ,  0.        ,  1.        ]])]","[array([[-0.3635862 , -0.931504  ,  0.0102653 , -0.01373914],
       [ 0.93113296, -0.36373109, -0.02628911,  0.07301367],
       [ 0.02822222, -0.        ,  0.99960167,  0.08331353],
       [ 0.        ,  0.        ,  0.        ,  1.        ]])]","[array([[-0.3635862 , -0.931504  ,  0.0102653 , -0.01373914],
       [ 0.93113296, -0.36373109, -0.02628911,  0.07301367],
       [ 0.02822222, -0.        ,  0.99960167,  0.08331353],
       [ 0.        ,  0.        ,  0.        ,  1.        ]])]"
10,"[array([[-0.73798819, -0.67412548, -0.03046746, -0.11367024],
       [ 0.67355172, -0.73861684,  0.02780723,  0.02180867],
       [-0.04124934,  0.        ,  0.99914888,  0.08492599],
       [ 0.        ,  0.        ,  0.        ,  1.        ]])]","[array([[ 0.20977867, -0.97772545,  0.00677143, -0.16064073],
       [ 0.97721649,  0.20988793,  0.03154348,  0.07645901],
       [-0.0322621 , -0.        ,  0.99947944,  0.08342993],
       [ 0.        ,  0.        ,  0.        ,  1.        ]])]","[array([[ 0.20977867, -0.97772545,  0.00677143, -0.16064073],
       [ 0.97721649,  0.20988793,  0.03154348,  0.07645901],
       [-0.0322621 , -0.        ,  0.99947944,  0.08342993],
       [ 0.        ,  0.        ,  0.        ,  1.        ]])]","[array([[ 0.70940325, -0.70451074,  0.02028904, -0.05457217],
       [ 0.70422279,  0.70969332,  0.02014088,  0.03765294],
       [-0.02858846,  0.        ,  0.99959127,  0.08566038],
       [ 0.        ,  0.        ,  0.        ,  1.        ]])]","[array([[-0.38989812, -0.92085448,  0.00254376, -0.01430099],
       [ 0.92083489, -0.38990642, -0.00600769,  0.07368724],
       [ 0.00652403, -0.        ,  0.99997872,  0.08429054],
       [ 0.        ,  0.        ,  0.        ,  1.        ]])]","[array([[-0.38989812, -0.92085448,  0.00254376, -0.01430099],
       [ 0.92083489, -0.38990642, -0.00600769,  0.07368724],
       [ 0.00652403, -0.        ,  0.99997872,  0.08429054],
       [ 0.        ,  0.        ,  0.        ,  1.        ]])]"
11,"[array([[-0.75879541, -0.65064193, -0.02990995, -0.11351903],
       [ 0.65013705, -0.75938467,  0.02562689,  0.02158893],
       [-0.03938709,  0.        ,  0.99922403,  0.08490327],
       [ 0.        ,  0.        ,  0.        ,  1.        ]])]","[array([[ 0.17944868, -0.98374721,  0.0062935 , -0.16226433],
       [ 0.98314276,  0.17955901,  0.03448009,  0.07473208],
       [-0.03504974, -0.        ,  0.99938557,  0.08359358],
       [ 0.        ,  0.        ,  0.        ,  1.        ]])]","[array([[ 0.17944868, -0.98374721,  0.0062935 , -0.16226433],
       [ 0.98314276,  0.17955901,  0.03448009,  0.07473208],
       [-0.03504974, -0.        ,  0.99938557,  0.08359358],
       [ 0.        ,  0.        ,  0.        ,  1.        ]])]","[array([[ 0.68851125, -0.72494514,  0.02016965, -0.05499554],
       [ 0.72463427,  0.68880661,  0.02122786,  0.03758935],
       [-0.02928203,  0.        ,  0.99957119,  0.08564392],
       [ 0.        ,  0.        ,  0.        ,  1.        ]])]","[array([[-0.41009859, -0.91198242,  0.01035415, -0.01640662],
       [ 0.91169188, -0.41022928, -0.02301836,  0.07487255],
       [ 0.02523992, -0.        ,  0.99968142,  0.08316637],
       [ 0.        ,  0.        ,  0.        ,  1.        ]])]","[array([[-0.41009859, -0.91198242,  0.01035415, -0.01640662],
       [ 0.91169188, -0.41022928, -0.02301836,  0.07487255],
       [ 0.02523992, -0.        ,  0.99968142,  0.08316637],
       [ 0.        ,  0.        ,  0.        ,  1.        ]])]"
12,"[array([[-0.77317255, -0.63353083, -0.02903262, -0.11340535],
       [ 0.63308467, -0.77371744,  0.02377232,  0.02146287],
       [-0.03752354,  0.        ,  0.99929574,  0.08488753],
       [ 0.        ,  0.        ,  0.        ,  1.        ]])]","[array([[ 0.15170875, -0.98840808,  0.00582449, -0.16350017],
       [ 0.98768043,  0.15182052,  0.03791957,  0.07341695],
       [-0.03836428, -0.        ,  0.99926382,  0.08378398],
       [ 0.        ,  0.        ,  0.        ,  1.        ]])]","[array([[ 0.15170875, -0.98840808,  0.00582449, -0.16350017],
       [ 0.98768043,  0.15182052,  0.03791957,  0.07341695],
       [-0.03836428, -0.        ,  0.99926382,  0.08378398],
       [ 0.        ,  0.        ,  0.        ,  1.        ]])]","[array([[ 0.66584538, -0.74588084,  0.01765495, -0.05522363],
       [ 0.74561878,  0.6660794 ,  0.01977014,  0.03732759],
       [-0.02650577,  0.        ,  0.99964866,  0.08552173],
       [ 0.        ,  0.        ,  0.        ,  1.        ]])]","[array([[-0.43664115, -0.89958177,  0.00985647, -0.01770806],
       [ 0.89935266, -0.43675238, -0.02030143,  0.07574324],
       [ 0.02256763, -0.        ,  0.99974532,  0.08315435],
       [ 0.        ,  0.        ,  0.        ,  1.        ]])]","[array([[-0.43664115, -0.89958177,  0.00985647, -0.01770806],
       [ 0.89935266, -0.43675238, -0.02030143,  0.07574324],
       [ 0.02256763, -0.        ,  0.99974532,  0.08315435],
       [ 0.        ,  0.        ,  0.        ,  1.        ]])]"
13,"[array([[-0.79644547, -0.60394436, -0.0304272 , -0.11315749],
       [ 0.60350411, -0.79702648,  0.02305612,  0.02128733],
       [-0.0381759 ,  0.        ,  0.99927103,  0.08492314],
       [ 0.        ,  0.        ,  0.        ,  1.        ]])]","[array([[ 0.10966517, -0.99395767,  0.00465748, -0.16525416],
       [ 0.99306248,  0.10976403,  0.04217537,  0.07134255],
       [-0.04243176, -0.        ,  0.99909937,  0.08400233],
       [ 0.        ,  0.        ,  0.        ,  1.        ]])]","[array([[ 0.10966517, -0.99395767,  0.00465748, -0.16525416],
       [ 0.99306248,  0.10976403,  0.04217537,  0.07134255],
       [-0.04243176, -0.        ,  0.99909937,  0.08400233],
       [ 0.        ,  0.        ,  0.        ,  1.        ]])]","[array([[ 0.64141893, -0.7670133 ,  0.01650323, -0.05550503],
       [ 0.76675955,  0.6416312 ,  0.01972815,  0.03702206],
       [-0.02572074,  0.        ,  0.99966917,  0.08550814],
       [ 0.        ,  0.        ,  0.        ,  1.        ]])]","[array([[-0.45744984, -0.88921174,  0.00649076, -0.01941076],
       [ 0.88912224, -0.45749589, -0.01261577,  0.07650934],
       [ 0.01418759, -0.        ,  0.99989935,  0.08368283],
       [ 0.        ,  0.        ,  0.        ,  1.        ]])]","[array([[-0.45744984, -0.88921174,  0.00649076, -0.01941076],
       [ 0.88912224, -0.45749589, -0.01261577,  0.07650934],
       [ 0.01418759, -0.        ,  0.99989935,  0.08368283],
       [ 0.        ,  0.        ,  0.        ,  1.        ]])]"
14,"[array([[-0.8001024 , -0.59908919, -0.03046797, -0.11312135],
       [ 0.5986553 , -0.8006823 ,  0.02279685,  0.02126436],
       [-0.03805251,  0.        ,  0.99927574,  0.08492038],
       [ 0.        ,  0.        ,  0.        ,  1.        ]])]","[array([[ 0.09338191, -0.99562166,  0.00416256, -0.16562484],
       [ 0.99463399,  0.09347464,  0.04433643,  0.07092027],
       [-0.0445314 , -0.        ,  0.99900798,  0.0840921 ],
       [ 0.        ,  0.        ,  0.        ,  1.        ]])]","[array([[ 0.09338191, -0.99562166,  0.00416256, -0.16562484],
       [ 0.99463399,  0.09347464,  0.04433643,  0.07092027],
       [-0.0445314 , -0.        ,  0.99900798,  0.0840921 ],
       [ 0.        ,  0.        ,  0.        ,  1.        ]])]","[array([[ 0.63910243, -0.76894489,  0.01648752, -0.05551428],
       [ 0.76868914,  0.63931507,  0.01983059,  0.03698928],
       [-0.02578935,  0.        ,  0.9996674 ,  0.08550768],
       [ 0.        ,  0.        ,  0.        ,  1.        ]])]","[array([[-0.45429558, -0.89076436,  0.01242509, -0.01987441],
       [ 0.89043138, -0.45446547, -0.0243535 ,  0.07654238],
       [ 0.02734001, -0.        ,  0.99962619,  0.08318359],
       [ 0.        ,  0.        ,  0.        ,  1.        ]])]","[array([[-0.45429558, -0.89076436,  0.01242509, -0.01987441],
       [ 0.89043138, -0.45446547, -0.0243535 ,  0.07654238],
       [ 0.02734001, -0.        ,  0.99962619,  0.08318359],
       [ 0.        ,  0.        ,  0.        ,  1.        ]])]"
15,"[array([[-0.80417934, -0.59363833, -0.02981812, -0.11310602],
       [ 0.59323067, -0.80473197,  0.02199637,  0.02123481],
       [-0.03705348,  0.        ,  0.99931328,  0.084905  ],
       [ 0.        ,  0.        ,  0.        ,  1.        ]])]","[array([[ 0.06927783, -0.9975921 ,  0.00325458, -0.1660532 ],
       [ 0.99649307,  0.06935423,  0.04681396,  0.07036661],
       [-0.04692695, -0.        ,  0.99889832,  0.08430028],
       [ 0.        ,  0.        ,  0.        ,  1.        ]])]","[array([[ 0.06927783, -0.9975921 ,  0.00325458, -0.1660532 ],
       [ 0.99649307,  0.06935423,  0.04681396,  0.07036661],
       [-0.04692695, -0.        ,  0.99889832,  0.08430028],
       [ 0.        ,  0.        ,  0.        ,  1.        ]])]","[array([[ 0.6277945 , -0.77820327,  0.01654474, -0.05567615],
       [ 0.77793318,  0.62801247,  0.02050146,  0.03689491],
       [-0.02634461,  0.        ,  0.99965292,  0.08549912],
       [ 0.        ,  0.        ,  0.        ,  1.        ]])]","[array([[-0.47360857, -0.88062462,  0.01397152, -0.02047684],
       [ 0.88024168, -0.47381461, -0.02596726,  0.07693636],
       [ 0.02948732, -0.        ,  0.99956515,  0.0829963 ],
       [ 0.        ,  0.        ,  0.        ,  1.        ]])]","[array([[-0.47360857, -0.88062462,  0.01397152, -0.02047684],
       [ 0.88024168, -0.47381461, -0.02596726,  0.07693636],
       [ 0.02948732, -0.        ,  0.99956515,  0.0829963 ],
       [ 0.        ,  0.        ,  0.        ,  1.        ]])]"
16,"[array([[-0.81228224, -0.58247351, -0.03036744, -0.11302051],
       [ 0.58206688, -0.81284969,  0.02176076,  0.02119354],
       [-0.03735924,  0.        ,  0.9993019 ,  0.08493385],
       [ 0.        ,  0.        ,  0.        ,  1.        ]])]","[array([[ 0.03897417, -0.99923923,  0.00140617, -0.16657796],
       [ 0.99858949,  0.03899953,  0.03602862,  0.06946335],
       [-0.03605605, -0.        ,  0.99934977,  0.08401958],
       [ 0.        ,  0.        ,  0.        ,  1.        ]])]","[array([[ 0.03897417, -0.99923923,  0.00140617, -0.16657796],
       [ 0.99858949,  0.03899953,  0.03602862,  0.06946335],
       [-0.03605605, -0.        ,  0.99934977,  0.08401958],
       [ 0.        ,  0.        ,  0.        ,  1.        ]])]","[array([[ 0.61112214, -0.79137642,  0.01590855, -0.0558766 ],
       [ 0.79110842,  0.61132917,  0.0205939 ,  0.03673472],
       [-0.02602288,  0.        ,  0.99966135,  0.08548391],
       [ 0.        ,  0.        ,  0.        ,  1.        ]])]","[array([[-0.47552848, -0.8792608 ,  0.02780468, -0.02233603],
       [ 0.87776161, -0.47634068, -0.05132371,  0.0774565 ],
       [ 0.05837143, -0.        ,  0.99829493,  0.08177279],
       [ 0.        ,  0.        ,  0.        ,  1.        ]])]","[array([[-0.47552848, -0.8792608 ,  0.02780468, -0.02233603],
       [ 0.87776161, -0.47634068, -0.05132371,  0.0774565 ],
       [ 0.05837143, -0.        ,  0.99829493,  0.08177279],
       [ 0.        ,  0.        ,  0.        ,  1.        ]])]"
17,"[array([[-0.82660816, -0.56196292, -0.03027589, -0.11285231],
       [ 0.56158636, -0.82716242,  0.02056903,  0.02107549],
       [-0.03660211,  0.        ,  0.99932992,  0.08493089],
       [ 0.        ,  0.        ,  0.        ,  1.        ]])]","[array([[ 0.02734419, -0.99962459,  0.00172381, -0.16833186],
       [ 0.99764414,  0.02739847,  0.06289265,  0.06808121],
       [-0.06291627, -0.        ,  0.99801881,  0.08491274],
       [ 0.        ,  0.        ,  0.        ,  1.        ]])]","[array([[ 0.02734419, -0.99962459,  0.00172381, -0.16833186],
       [ 0.99764414,  0.02739847,  0.06289265,  0.06808121],
       [-0.06291627, -0.        ,  0.99801881,  0.08491274],
       [ 0.        ,  0.        ,  0.        ,  1.        ]])]","[array([[ 0.59080976, -0.8066528 ,  0.01597153, -0.05619518],
       [ 0.80635821,  0.5910256 ,  0.02179851,  0.03659393],
       [-0.02702341,  0.        ,  0.9996348 ,  0.08546932],
       [ 0.        ,  0.        ,  0.        ,  1.        ]])]","[array([[-0.50031203, -0.8653728 ,  0.02859699, -0.02367495],
       [ 0.86396264, -0.50112864, -0.04938265,  0.07811547],
       [ 0.05706517, -0.        ,  0.99837046,  0.08160133],
       [ 0.        ,  0.        ,  0.        ,  1.        ]])]","[array([[-0.50031203, -0.8653728 ,  0.02859699, -0.02367495],
       [ 0.86396264, -0.50112864, -0.04938265,  0.07811547],
       [ 0.05706517, -0.        ,  0.99837046,  0.08160133],
       [ 0.        ,  0.        ,  0.        ,  1.        ]])]"
18,"[array([[-0.83409744, -0.55085788, -0.02893186, -0.11277223],
       [ 0.5505268 , -0.83459906,  0.0190958 ,  0.02100164],
       [-0.03466557,  0.        ,  0.99939897,  0.08488351],
       [ 0.        ,  0.        ,  0.        ,  1.        ]])]","[array([[-1.00096820e-03, -9.99999498e-01, -4.76961759e-05,
        -1.68733167e-01],
       [ 9.98866165e-01, -1.00210392e-03,  4.75960139e-02,
         6.70955465e-02],
       [-4.75960378e-02,  0.00000000e+00,  9.98866666e-01,
         8.44605540e-02],
       [ 0.00000000e+00,  0.00000000e+00,  0.00000000e+00,
         1.00000000e+00]])]","[array([[-1.00096820e-03, -9.99999498e-01, -4.76961759e-05,
        -1.68733167e-01],
       [ 9.98866165e-01, -1.00210392e-03,  4.75960139e-02,
         6.70955465e-02],
       [-4.75960378e-02,  0.00000000e+00,  9.98866666e-01,
         8.44605540e-02],
       [ 0.00000000e+00,  0.00000000e+00,  0.00000000e+00,
         1.00000000e+00]])]","[array([[ 0.57618208, -0.81716276,  0.016101  , -0.0563958 ],
       [ 0.81684389,  0.576407  ,  0.02282613,  0.03649331],
       [-0.02793339,  0.        ,  0.99960979,  0.08546071],
       [ 0.        ,  0.        ,  0.        ,  1.        ]])]","[array([[-0.51382976, -0.85736647,  0.03002848, -0.024772  ],
       [ 0.85590613, -0.51470646, -0.0500196 ,  0.07861297],
       [ 0.05834098, -0.        ,  0.99829671,  0.08138076],
       [ 0.        ,  0.        ,  0.        ,  1.        ]])]","[array([[-0.51382976, -0.85736647,  0.03002848, -0.024772  ],
       [ 0.85590613, -0.51470646, -0.0500196 ,  0.07861297],
       [ 0.05834098, -0.        ,  0.99829671,  0.08138076],
       [ 0.        ,  0.        ,  0.        ,  1.        ]])]"
19,"[array([[-0.83761203, -0.54546077, -0.02964198, -0.11274211],
       [ 0.54511953, -0.83813636,  0.01929106,  0.02098052],
       [-0.03536654,  0.        ,  0.99937441,  0.08490021],
       [ 0.        ,  0.        ,  0.        ,  1.        ]])]","[array([[-1.58471189e-02, -9.99874174e-01, -7.11329615e-04,
        -1.68964495e-01],
       [ 9.98868399e-01, -1.58630756e-02,  4.48362051e-02,
         6.66216011e-02],
       [-4.48418474e-02,  0.00000000e+00,  9.98994098e-01,
         8.43299707e-02],
       [ 0.00000000e+00,  0.00000000e+00,  0.00000000e+00,
         1.00000000e+00]])]","[array([[-1.58471189e-02, -9.99874174e-01, -7.11329615e-04,
        -1.68964495e-01],
       [ 9.98868399e-01, -1.58630756e-02,  4.48362051e-02,
         6.66216011e-02],
       [-4.48418474e-02,  0.00000000e+00,  9.98994098e-01,
         8.43299707e-02],
       [ 0.00000000e+00,  0.00000000e+00,  0.00000000e+00,
         1.00000000e+00]])]","[array([[ 0.56930064, -0.82197092,  0.01614244, -0.05648633],
       [ 0.82164069,  0.56952946,  0.02329751,  0.03644682],
       [-0.02834347,  0.        ,  0.99959824,  0.08544889],
       [ 0.        ,  0.        ,  0.        ,  1.        ]])]","[array([[-0.52230613, -0.85226569,  0.02897416, -0.02518732],
       [ 0.85095737, -0.52310916, -0.0472056 ,  0.0788258 ],
       [ 0.05538836, -0.        ,  0.99846489,  0.08139665],
       [ 0.        ,  0.        ,  0.        ,  1.        ]])]","[array([[-0.52230613, -0.85226569,  0.02897416, -0.02518732],
       [ 0.85095737, -0.52310916, -0.0472056 ,  0.0788258 ],
       [ 0.05538836, -0.        ,  0.99846489,  0.08139665],
       [ 0.        ,  0.        ,  0.        ,  1.        ]])]"
20,"[array([[-0.83674615, -0.54678443, -0.02970975, -0.11275956],
       [ 0.54644009, -0.83727342,  0.01940206,  0.02099876],
       [-0.03548393,  0.        ,  0.99937025,  0.08489484],
       [ 0.        ,  0.        ,  0.        ,  1.        ]])]","[array([[-2.05876384e-02, -9.99787675e-01, -8.68018721e-04,
        -1.68812358e-01],
       [ 9.98900224e-01, -2.06059291e-02,  4.21157627e-02,
         6.66752462e-02],
       [-4.21247068e-02,  0.00000000e+00,  9.99112361e-01,
         8.41705657e-02],
       [ 0.00000000e+00,  0.00000000e+00,  0.00000000e+00,
         1.00000000e+00]])]","[array([[-2.05876384e-02, -9.99787675e-01, -8.68018721e-04,
        -1.68812358e-01],
       [ 9.98900224e-01, -2.06059291e-02,  4.21157627e-02,
         6.66752462e-02],
       [-4.21247068e-02,  0.00000000e+00,  9.99112361e-01,
         8.41705657e-02],
       [ 0.00000000e+00,  0.00000000e+00,  0.00000000e+00,
         1.00000000e+00]])]","[array([[ 0.56714761, -0.82345711,  0.01618554, -0.05652029],
       [ 0.82312198,  0.56737852,  0.02349066,  0.03643555],
       [-0.02852688,  0.        ,  0.99959303,  0.08545   ],
       [ 0.        ,  0.        ,  0.        ,  1.        ]])]","[array([[-0.52432093, -0.85100338,  0.02967855, -0.02537389],
       [ 0.84964334, -0.52516021, -0.04809303,  0.07889739],
       [ 0.05651333, -0.        ,  0.99840184,  0.08134888],
       [ 0.        ,  0.        ,  0.        ,  1.        ]])]","[array([[-0.52432093, -0.85100338,  0.02967855, -0.02537389],
       [ 0.84964334, -0.52516021, -0.04809303,  0.07889739],
       [ 0.05651333, -0.        ,  0.99840184,  0.08134888],
       [ 0.        ,  0.        ,  0.        ,  1.        ]])]"
21,"[array([[-0.83417723, -0.55069763, -0.02967271, -0.11279562],
       [ 0.55034955, -0.83470481,  0.01957661,  0.0210354 ],
       [-0.03554875,  0.        ,  0.99936794,  0.08488729],
       [ 0.        ,  0.        ,  0.        ,  1.        ]])]","[array([[-1.99579322e-02, -9.99800520e-01, -7.75259900e-04,
        -1.68452440e-01],
       [ 9.99047068e-01, -1.99729839e-02,  3.88076842e-02,
         6.69564248e-02],
       [-3.88154271e-02,  0.00000000e+00,  9.99246397e-01,
         8.39773306e-02],
       [ 0.00000000e+00,  0.00000000e+00,  0.00000000e+00,
         1.00000000e+00]])]","[array([[-1.99579322e-02, -9.99800520e-01, -7.75259900e-04,
        -1.68452440e-01],
       [ 9.99047068e-01, -1.99729839e-02,  3.88076842e-02,
         6.69564248e-02],
       [-3.88154271e-02,  0.00000000e+00,  9.99246397e-01,
         8.39773306e-02],
       [ 0.00000000e+00,  0.00000000e+00,  0.00000000e+00,
         1.00000000e+00]])]","[array([[ 0.56787998, -0.82295176,  0.01620909, -0.05649421],
       [ 0.82261673,  0.56811126,  0.02348008,  0.03644037],
       [-0.02853154,  0.        ,  0.99959289,  0.08544711],
       [ 0.        ,  0.        ,  0.        ,  1.        ]])]","[array([[-0.5221803 , -0.85229625,  0.03031225, -0.02534074],
       [ 0.85086387, -0.52305936, -0.04939213,  0.07887046],
       [ 0.05795183, -0.        ,  0.99831938,  0.08131113],
       [ 0.        ,  0.        ,  0.        ,  1.        ]])]","[array([[-0.5221803 , -0.85229625,  0.03031225, -0.02534074],
       [ 0.85086387, -0.52305936, -0.04939213,  0.07887046],
       [ 0.05795183, -0.        ,  0.99831938,  0.08131113],
       [ 0.        ,  0.        ,  0.        ,  1.        ]])]"
22,"[array([[-0.8309596 , -0.55550782, -0.03028533, -0.11284041],
       [ 0.55513924, -0.83151131,  0.02023272,  0.02111944],
       [-0.03642203,  0.        ,  0.9993365 ,  0.08490685],
       [ 0.        ,  0.        ,  0.        ,  1.        ]])]","[array([[-1.79715726e-02, -9.99838292e-01, -6.42766926e-04,
        -1.68034776e-01],
       [ 9.99199413e-01, -1.79830635e-02,  3.57371249e-02,
         6.73865349e-02],
       [-3.57429049e-02,  0.00000000e+00,  9.99361018e-01,
         8.37776244e-02],
       [ 0.00000000e+00,  0.00000000e+00,  0.00000000e+00,
         1.00000000e+00]])]","[array([[-1.79715726e-02, -9.99838292e-01, -6.42766926e-04,
        -1.68034776e-01],
       [ 9.99199413e-01, -1.79830635e-02,  3.57371249e-02,
         6.73865349e-02],
       [-3.57429049e-02,  0.00000000e+00,  9.99361018e-01,
         8.37776244e-02],
       [ 0.00000000e+00,  0.00000000e+00,  0.00000000e+00,
         1.00000000e+00]])]","[array([[ 0.57083535, -0.82089998,  0.01643822, -0.0564472 ],
       [ 0.82055983,  0.57107199,  0.02362947,  0.03645872],
       [-0.02878484,  0.        ,  0.99958563,  0.08544678],
       [ 0.        ,  0.        ,  0.        ,  1.        ]])]","[array([[-0.51812438, -0.85476725,  0.03033287, -0.02519069],
       [ 0.85330621, -0.51901152, -0.04995562,  0.07875345],
       [ 0.05844353, -0.        ,  0.99829072,  0.0812895 ],
       [ 0.        ,  0.        ,  0.        ,  1.        ]])]","[array([[-0.51812438, -0.85476725,  0.03033287, -0.02519069],
       [ 0.85330621, -0.51901152, -0.04995562,  0.07875345],
       [ 0.05844353, -0.        ,  0.99829072,  0.0812895 ],
       [ 0.        ,  0.        ,  0.        ,  1.        ]])]"
23,"[array([[-0.82655909, -0.56202104, -0.03053557, -0.11287607],
       [ 0.56163791, -0.82712294,  0.02074858,  0.02117679],
       [-0.03691781,  0.        ,  0.99931831,  0.08491896],
       [ 0.        ,  0.        ,  0.        ,  1.        ]])]","[array([[-1.10249334e-02, -9.99939153e-01, -3.75362266e-04,
        -1.67599133e-01],
       [ 9.99360104e-01, -1.10313215e-02,  3.40248833e-02,
         6.79167077e-02],
       [-3.40269537e-02,  0.00000000e+00,  9.99420916e-01,
         8.37070571e-02],
       [ 0.00000000e+00,  0.00000000e+00,  0.00000000e+00,
         1.00000000e+00]])]","[array([[-1.10249334e-02, -9.99939153e-01, -3.75362266e-04,
        -1.67599133e-01],
       [ 9.99360104e-01, -1.10313215e-02,  3.40248833e-02,
         6.79167077e-02],
       [-3.40269537e-02,  0.00000000e+00,  9.99420916e-01,
         8.37070571e-02],
       [ 0.00000000e+00,  0.00000000e+00,  0.00000000e+00,
         1.00000000e+00]])]","[array([[ 0.57363891, -0.81894331,  0.01643965, -0.05638563],
       [ 0.81860721,  0.57387443,  0.02346009,  0.03645933],
       [-0.02864678,  0.        ,  0.9995896 ,  0.08544669],
       [ 0.        ,  0.        ,  0.        ,  1.        ]])]","[array([[-0.52600626, -0.85012163,  0.02471108, -0.02462017],
       [ 0.84918507, -0.52658638, -0.03989359,  0.07869435],
       [ 0.04692692, -0.        ,  0.99889833,  0.08156472],
       [ 0.        ,  0.        ,  0.        ,  1.        ]])]","[array([[-0.52600626, -0.85012163,  0.02471108, -0.02462017],
       [ 0.84918507, -0.52658638, -0.03989359,  0.07869435],
       [ 0.04692692, -0.        ,  0.99889833,  0.08156472],
       [ 0.        ,  0.        ,  0.        ,  1.        ]])]"
24,"[array([[-0.84999491, -0.52591993, -0.03028006, -0.11250145],
       [ 0.52558654, -0.85053408,  0.01872339,  0.02070104],
       [-0.03560123,  0.        ,  0.99936608,  0.08488547],
       [ 0.        ,  0.        ,  0.        ,  1.        ]])]","[array([[-4.05974478e-02, -9.99175395e-01, -6.13765867e-04,
        -1.68498290e-01],
       [ 9.99061227e-01, -4.06020871e-02,  1.51041436e-02,
         6.51821436e-02],
       [-1.51166088e-02,  0.00000000e+00,  9.99885738e-01,
         8.27207082e-02],
       [ 0.00000000e+00,  0.00000000e+00,  0.00000000e+00,
         1.00000000e+00]])]","[array([[-4.05974478e-02, -9.99175395e-01, -6.13765867e-04,
        -1.68498290e-01],
       [ 9.99061227e-01, -4.06020871e-02,  1.51041436e-02,
         6.51821436e-02],
       [-1.51166088e-02,  0.00000000e+00,  9.99885738e-01,
         8.27207082e-02],
       [ 0.00000000e+00,  0.00000000e+00,  0.00000000e+00,
         1.00000000e+00]])]","[array([[ 0.53350754, -0.84567274,  0.01439877, -0.05693991],
       [ 0.84536491,  0.53370181,  0.02281545,  0.03607043],
       [-0.02697905,  0.        ,  0.999636  ,  0.08541333],
       [ 0.        ,  0.        ,  0.        ,  1.        ]])]","[array([[-0.58804745, -0.8086818 ,  0.01529534, -0.02641047],
       [ 0.80840838, -0.58824634, -0.02102701,  0.07994423],
       [ 0.02600159, -0.        ,  0.9996619 ,  0.08212515],
       [ 0.        ,  0.        ,  0.        ,  1.        ]])]","[array([[-0.58804745, -0.8086818 ,  0.01529534, -0.02641047],
       [ 0.80840838, -0.58824634, -0.02102701,  0.07994423],
       [ 0.02600159, -0.        ,  0.9996619 ,  0.08212515],
       [ 0.        ,  0.        ,  0.        ,  1.        ]])]"
25,"[array([[-0.55938276, -0.82836203, -0.03012089, -0.11498544],
       [ 0.82716374, -0.56019313,  0.04454001,  0.02369334],
       [-0.05376877,  0.        ,  0.99855341,  0.08492742],
       [ 0.        ,  0.        ,  0.        ,  1.        ]])]","[array([[ 0.34785552, -0.93753396,  0.00515746, -0.14832671],
       [ 0.93743094,  0.34789375,  0.01389877,  0.08734622],
       [-0.01482482, -0.        ,  0.99989011,  0.08156943],
       [ 0.        ,  0.        ,  0.        ,  1.        ]])]","[array([[ 0.34785552, -0.93753396,  0.00515746, -0.14832671],
       [ 0.93743094,  0.34789375,  0.01389877,  0.08734622],
       [-0.01482482, -0.        ,  0.99989011,  0.08156943],
       [ 0.        ,  0.        ,  0.        ,  1.        ]])]","[array([[ 0.42535501, -0.90499456,  0.00761374, -0.05753978],
       [ 0.90484961,  0.42542315,  0.01619656,  0.03471   ],
       [-0.01789686,  0.        ,  0.99983984,  0.08523789],
       [ 0.        ,  0.        ,  0.        ,  1.        ]])]","[array([[-0.63213085, -0.77475473,  0.01287225, -0.03265912],
       [ 0.77459415, -0.6322619 , -0.01577327,  0.0826913 ],
       [ 0.02035905, -0.        ,  0.99979273,  0.08240458],
