,LP,LD1,LD2,RP,RD1,RD2
0,"[array([[-0.64093241, -0.76732799, -0.0203322 , -0.01331547],
       [ 0.76694219, -0.64125483,  0.02432959,  0.09882822],
       [-0.0317069 ,  0.        ,  0.99949721,  0.08548823],
       [ 0.        ,  0.        ,  0.        ,  1.        ]])]","[array([[ 0.31254061, -0.94986487,  0.0086656 , -0.05186018],
       [ 0.94949998,  0.31266072,  0.02632615,  0.15939287],
       [-0.02771568, -0.        ,  0.99961585,  0.08356036],
       [ 0.        ,  0.        ,  0.        ,  1.        ]])]","[array([[ 0.31254061, -0.94986487,  0.0086656 , -0.05186018],
       [ 0.94949998,  0.31266072,  0.02632615,  0.15939287],
       [-0.02771568, -0.        ,  0.99961585,  0.08356036],
       [ 0.        ,  0.        ,  0.        ,  1.        ]])]","[array([[ 0.35877363, -0.93331281,  0.0144455 ,  0.04357632],
       [ 0.93255721,  0.35906432,  0.03754806,  0.10749741],
       [-0.04023095,  0.        ,  0.99919041,  0.08643917],
       [ 0.        ,  0.        ,  0.        ,  1.        ]])]","[array([[-0.74296389, -0.66855806,  0.03216811,  0.06431958],
       [ 0.66793229, -0.74365995, -0.02891946,  0.15637043],
       [ 0.04325647, -0.        ,  0.999064  ,  0.08292044],
       [ 0.        ,  0.        ,  0.        ,  1.        ]])]","[array([[-0.74296389, -0.66855806,  0.03216811,  0.06431958],
       [ 0.66793229, -0.74365995, -0.02891946,  0.15637043],
       [ 0.04325647, -0.        ,  0.999064  ,  0.08292044],
       [ 0.        ,  0.        ,  0.        ,  1.        ]])]"
1,"[array([[-0.64192365, -0.76647384, -0.02125754, -0.01323155],
       [ 0.76605392, -0.64227553,  0.02536816,  0.09874751],
       [-0.03309723,  0.        ,  0.99945214,  0.08556538],
       [ 0.        ,  0.        ,  0.        ,  1.        ]])]","[array([[ 0.31258723, -0.94985035,  0.00857545, -0.0518566 ],
       [ 0.94949312,  0.31270484,  0.02604817,  0.15939929],
       [-0.02742345, -0.        ,  0.99962391,  0.08354607],
       [ 0.        ,  0.        ,  0.        ,  1.        ]])]","[array([[ 0.31258723, -0.94985035,  0.00857545, -0.0518566 ],
       [ 0.94949312,  0.31270484,  0.02604817,  0.15939929],
       [-0.02742345, -0.        ,  0.99962391,  0.08354607],
       [ 0.        ,  0.        ,  0.        ,  1.        ]])]","[array([[ 0.35056282, -0.93642406,  0.01468648,  0.04383363],
       [ 0.93560338,  0.35087032,  0.03919617,  0.10742046],
       [-0.04185729,  0.        ,  0.9991236 ,  0.0864016 ],
       [ 0.        ,  0.        ,  0.        ,  1.        ]])]","[array([[-0.74537521, -0.66594577,  0.03052912,  0.06459418],
       [ 0.66538789, -0.74600015, -0.02725299,  0.15646016],
       [ 0.04092374, -0.        ,  0.99916227,  0.08303662],
       [ 0.        ,  0.        ,  0.        ,  1.        ]])]","[array([[-0.74537521, -0.66594577,  0.03052912,  0.06459418],
       [ 0.66538789, -0.74600015, -0.02725299,  0.15646016],
       [ 0.04092374, -0.        ,  0.99916227,  0.08303662],
       [ 0.        ,  0.        ,  0.        ,  1.        ]])]"
