,LP,LD1,LD2,RP,RD1,RD2
0,"[array([[-0.67020334, -0.74165972, -0.02771896, -0.16487982],
       [ 0.7410262 , -0.67077631,  0.03064813,  0.02218893],
       [-0.04132371,  0.        ,  0.99914581,  0.08468665],
       [ 0.        ,  0.        ,  0.        ,  1.        ]])]","[array([[ 0.76047166, -0.64936924,  0.00156395, -0.20135216],
       [ 0.64936786,  0.76047327,  0.00133546,  0.08276823],
       [-0.00205655, -0.        ,  0.99999789,  0.0825984 ],
       [ 0.        ,  0.        ,  0.        ,  1.        ]])]","[array([[ 0.76047166, -0.64936924,  0.00156395, -0.20135216],
       [ 0.64936786,  0.76047327,  0.00133546,  0.08276823],
       [-0.00205655, -0.        ,  0.99999789,  0.0825984 ],
       [ 0.        ,  0.        ,  0.        ,  1.        ]])]","[array([[ 0.33056073, -0.94376992,  0.00528625, -0.10829552],
       [ 0.94364926,  0.33060299,  0.01509063,  0.03306836],
       [-0.01598974,  0.        ,  0.99987216,  0.08490417],
       [ 0.        ,  0.        ,  0.        ,  1.        ]])]","[array([[-0.52820134, -0.84896151,  0.01636172, -0.08936942],
       [ 0.8485545 , -0.52845469, -0.02628508,  0.08622471],
       [ 0.03096145, -0.        ,  0.99952058,  0.08238043],
       [ 0.        ,  0.        ,  0.        ,  1.        ]])]","[array([[-0.52820134, -0.84896151,  0.01636172, -0.08936942],
       [ 0.8485545 , -0.52845469, -0.02628508,  0.08622471],
       [ 0.03096145, -0.        ,  0.99952058,  0.08238043],
       [ 0.        ,  0.        ,  0.        ,  1.        ]])]"
1,"[array([[-0.66996672, -0.74187666, -0.0276338 , -0.16489059],
       [ 0.74124639, -0.67053637,  0.03057384,  0.02218473],
       [-0.04121148,  0.        ,  0.99915045,  0.08468214],
       [ 0.        ,  0.        ,  0.        ,  1.        ]])]","[array([[ 0.76050325, -0.64933242,  0.00148729, -0.201354  ],
       [ 0.64933118,  0.76050471,  0.00126988,  0.08276754],
       [-0.00195567, -0.        ,  0.99999809,  0.08259119],
       [ 0.        ,  0.        ,  0.        ,  1.        ]])]","[array([[ 0.76050325, -0.64933242,  0.00148729, -0.201354  ],
       [ 0.64933118,  0.76050471,  0.00126988,  0.08276754],
       [-0.00195567, -0.        ,  0.99999809,  0.08259119],
       [ 0.        ,  0.        ,  0.        ,  1.        ]])]","[array([[ 0.33059793, -0.943757  ,  0.00526536, -0.10829724],
       [ 0.94363733,  0.33063986,  0.0150291 ,  0.03306695],
       [-0.01592476,  0.        ,  0.99987319,  0.08490071],
       [ 0.        ,  0.        ,  0.        ,  1.        ]])]","[array([[-0.5281402 , -0.84899805,  0.01643911, -0.08936886],
       [ 0.84858707, -0.52839598, -0.02641347,  0.08622149],
       [ 0.03111135, -0.        ,  0.99951592,  0.08237266],
       [ 0.        ,  0.        ,  0.        ,  1.        ]])]","[array([[-0.5281402 , -0.84899805,  0.01643911, -0.08936886],
       [ 0.84858707, -0.52839598, -0.02641347,  0.08622149],
       [ 0.03111135, -0.        ,  0.99951592,  0.08237266],
       [ 0.        ,  0.        ,  0.        ,  1.        ]])]"
2,"[array([[-0.67017427, -0.74169367, -0.02751261, -0.16488086],
       [ 0.74106946, -0.67073877,  0.03042307,  0.02218539],
       [-0.04101837,  0.        ,  0.99915839,  0.08467581],
       [ 0.        ,  0.        ,  0.        ,  1.        ]])]","[array([[ 0.75494725, -0.65571611, -0.00954103, -0.20120604],
       [ 0.65566375,  0.75500754, -0.00828628,  0.08253943],
       [ 0.012637  , -0.        ,  0.99992015,  0.08212714],
       [ 0.        ,  0.        ,  0.        ,  1.        ]])]","[array([[ 0.75494725, -0.65571611, -0.00954103, -0.20120604],
       [ 0.65566375,  0.75500754, -0.00828628,  0.08253943],
       [ 0.012637  , -0.        ,  0.99992015,  0.08212714],
       [ 0.        ,  0.        ,  0.        ,  1.        ]])]","[array([[ 0.33055718, -0.94377093,  0.00532725, -0.10829745],
       [ 0.9436484 ,  0.3306001 ,  0.0152078 ,  0.03306535],
       [-0.01611387,  0.        ,  0.99987016,  0.08490395],
       [ 0.        ,  0.        ,  0.        ,  1.        ]])]","[array([[-0.52807357, -0.84904309,  0.01625232, -0.0893756 ],
       [ 0.84864127, -0.5283236 , -0.02611831,  0.08621976],
       [ 0.03076205, -0.        ,  0.99952674,  0.08238677],
       [ 0.        ,  0.        ,  0.        ,  1.        ]])]","[array([[-0.52807357, -0.84904309,  0.01625232, -0.0893756 ],
       [ 0.84864127, -0.5283236 , -0.02611831,  0.08621976],
       [ 0.03076205, -0.        ,  0.99952674,  0.08238677],
       [ 0.        ,  0.        ,  0.        ,  1.        ]])]"
3,"[array([[-0.66973138, -0.74211465, -0.02693918, -0.16496057],
       [ 0.74151502, -0.67027296,  0.0298266 ,  0.02220071],
       [-0.04019136,  0.        ,  0.999192  ,  0.08464729],
       [ 0.        ,  0.        ,  0.        ,  1.        ]])]","[array([[ 0.76039765, -0.64945625,  0.00141109, -0.2013522 ],
       [ 0.64945513,  0.76039896,  0.00120522,  0.08276212],
       [-0.00185573, -0.        ,  0.99999828,  0.08258701],
       [ 0.        ,  0.        ,  0.        ,  1.        ]])]","[array([[ 0.76039765, -0.64945625,  0.00141109, -0.2013522 ],
       [ 0.64945513,  0.76039896,  0.00120522,  0.08276212],
       [-0.00185573, -0.        ,  0.99999828,  0.08258701],
       [ 0.        ,  0.        ,  0.        ,  1.        ]])]","[array([[ 0.33272483, -0.94300798,  0.00549047, -0.10834723],
       [ 0.94287961,  0.33277013,  0.01555895,  0.03309183],
       [-0.01649928,  0.        ,  0.99986388,  0.08493858],
       [ 0.        ,  0.        ,  0.        ,  1.        ]])]","[array([[-0.528268  , -0.84891944,  0.01639241, -0.08936772],
       [ 0.84851102, -0.52852227, -0.0263297 ,  0.08622217],
       [ 0.03101554, -0.        ,  0.9995189 ,  0.08237571],
       [ 0.        ,  0.        ,  0.        ,  1.        ]])]","[array([[-0.528268  , -0.84891944,  0.01639241, -0.08936772],
       [ 0.84851102, -0.52852227, -0.0263297 ,  0.08622217],
       [ 0.03101554, -0.        ,  0.9995189 ,  0.08237571],
       [ 0.        ,  0.        ,  0.        ,  1.        ]])]"
4,"[array([[-0.6667232 , -0.74485029, -0.02604256, -0.16513507],
       [ 0.74428272, -0.66723163,  0.02907207,  0.02219531],
       [-0.03903076,  0.        ,  0.99923801,  0.08453929],
       [ 0.        ,  0.        ,  0.        ,  1.        ]])]","[array([[ 0.76051064, -0.64932394,  0.00141123, -0.2013572 ],
       [ 0.64932282,  0.76051195,  0.00120491,  0.08276484],
       [-0.00185564, -0.        ,  0.99999828,  0.08258701],
       [ 0.        ,  0.        ,  0.        ,  1.        ]])]","[array([[ 0.76051064, -0.64932394,  0.00141123, -0.2013572 ],
       [ 0.64932282,  0.76051195,  0.00120491,  0.08276484],
       [-0.00185564, -0.        ,  0.99999828,  0.08258701],
       [ 0.        ,  0.        ,  0.        ,  1.        ]])]","[array([[ 0.332455  , -0.94310317,  0.00548472, -0.10833903],
       [ 0.94297485,  0.33250024,  0.01555684,  0.0330853 ],
       [-0.01649537,  0.        ,  0.99986394,  0.0849385 ],
       [ 0.        ,  0.        ,  0.        ,  1.        ]])]","[array([[-0.527368  , -0.84942559,  0.01895134, -0.0894013 ],
       [ 0.84887766, -0.52770841, -0.03050501,  0.0861807 ],
       [ 0.03591251, -0.        ,  0.99935494,  0.08211998],
       [ 0.        ,  0.        ,  0.        ,  1.        ]])]","[array([[-0.527368  , -0.84942559,  0.01895134, -0.0894013 ],
       [ 0.84887766, -0.52770841, -0.03050501,  0.0861807 ],
       [ 0.03591251, -0.        ,  0.99935494,  0.08211998],
       [ 0.        ,  0.        ,  0.        ,  1.        ]])]"
5,"[array([[-0.65994373, -0.75109081, -0.0183538 , -0.16558492],
       [ 0.75080051, -0.6601989 ,  0.02088063,  0.02206531],
       [-0.02780041,  0.        ,  0.99961349,  0.08409973],
       [ 0.        ,  0.        ,  0.        ,  1.        ]])]","[array([[ 0.75943903, -0.65057651,  0.00160018, -0.20144176],
       [ 0.65057507,  0.75944072,  0.00137079,  0.0826952 ],
       [-0.00210704, -0.        ,  0.99999778,  0.082598  ],
       [ 0.        ,  0.        ,  0.        ,  1.        ]])]","[array([[ 0.75943903, -0.65057651,  0.00160018, -0.20144176],
       [ 0.65057507,  0.75944072,  0.00137079,  0.0826952 ],
       [-0.00210704, -0.        ,  0.99999778,  0.082598  ],
       [ 0.        ,  0.        ,  0.        ,  1.        ]])]","[array([[ 0.32951827, -0.94413518,  0.00514422, -0.10837641],
       [ 0.94402016,  0.32955842,  0.01473741,  0.03306978],
       [-0.01560943,  0.        ,  0.99987817,  0.08491765],
       [ 0.        ,  0.        ,  0.        ,  1.        ]])]","[array([[-0.53007648, -0.84773617,  0.01903481, -0.08963994],
       [ 0.84719012, -0.53041813, -0.03042221,  0.0862191 ],
       [ 0.03588642, -0.        ,  0.99935588,  0.08212181],
       [ 0.        ,  0.        ,  0.        ,  1.        ]])]","[array([[-0.53007648, -0.84773617,  0.01903481, -0.08963994],
       [ 0.84719012, -0.53041813, -0.03042221,  0.0862191 ],
       [ 0.03588642, -0.        ,  0.99935588,  0.08212181],
       [ 0.        ,  0.        ,  0.        ,  1.        ]])]"
6,"[array([[-0.67322989, -0.73922941, -0.01736063, -0.16486539],
       [ 0.73898375, -0.67345369,  0.01905623,  0.02218323],
       [-0.0257785 ,  0.        ,  0.99966768,  0.08426044],
       [ 0.        ,  0.        ,  0.        ,  1.        ]])]","[array([[ 0.7593225 , -0.65071287,  0.00144752, -0.20143766],
       [ 0.65071169,  0.75932388,  0.00124048,  0.08268633],
       [-0.00190633, -0.        ,  0.99999818,  0.08258962],
       [ 0.        ,  0.        ,  0.        ,  1.        ]])]","[array([[ 0.7593225 , -0.65071287,  0.00144752, -0.20143766],
       [ 0.65071169,  0.75932388,  0.00124048,  0.08268633],
       [-0.00190633, -0.        ,  0.99999818,  0.08258962],
       [ 0.        ,  0.        ,  0.        ,  1.        ]])]","[array([[ 0.32979948, -0.94403698,  0.00514703, -0.10837384],
       [ 0.94392203,  0.32983964,  0.01473137,  0.03306847],
       [-0.01560465,  0.        ,  0.99987824,  0.08491954],
       [ 0.        ,  0.        ,  0.        ,  1.        ]])]","[array([[-0.52955144, -0.84806591,  0.01896012, -0.08962417],
       [ 0.84752285, -0.52989076, -0.0303448 ,  0.08621278],
       [ 0.03578118, -0.        ,  0.99935965,  0.08212316],
       [ 0.        ,  0.        ,  0.        ,  1.        ]])]","[array([[-0.52955144, -0.84806591,  0.01896012, -0.08962417],
       [ 0.84752285, -0.52989076, -0.0303448 ,  0.08621278],
       [ 0.03578118, -0.        ,  0.99935965,  0.08212316],
       [ 0.        ,  0.        ,  0.        ,  1.        ]])]"
7,"[array([[-0.66894573, -0.74261703, -0.03211769, -0.16499288],
       [ 0.74176257, -0.66971631,  0.0356138 ,  0.0221625 ],
       [-0.04795716,  0.        ,  0.99884939,  0.08475324],
       [ 0.        ,  0.        ,  0.        ,  1.        ]])]","[array([[ 0.75943223, -0.65058481,  0.00144756, -0.20144958],
       [ 0.65058362,  0.75943361,  0.00124008,  0.08269589],
       [-0.0019061 , -0.        ,  0.99999818,  0.08258161],
       [ 0.        ,  0.        ,  0.        ,  1.        ]])]","[array([[ 0.75943223, -0.65058481,  0.00144756, -0.20144958],
       [ 0.65058362,  0.75943361,  0.00124008,  0.08269589],
       [-0.0019061 , -0.        ,  0.99999818,  0.08258161],
       [ 0.        ,  0.        ,  0.        ,  1.        ]])]","[array([[ 0.32947598, -0.94414902,  0.00531087, -0.10837058],
       [ 0.94402639,  0.32951878,  0.0152169 ,  0.03306629],
       [-0.01611706,  0.        ,  0.99987011,  0.08493202],
       [ 0.        ,  0.        ,  0.        ,  1.        ]])]","[array([[-0.52977209, -0.84792786,  0.01897054, -0.08963226],
       [ 0.84738474, -0.53011164, -0.03034389,  0.08621513],
       [ 0.03578593, -0.        ,  0.99935948,  0.08212301],
       [ 0.        ,  0.        ,  0.        ,  1.        ]])]","[array([[-0.52977209, -0.84792786,  0.01897054, -0.08963226],
       [ 0.84738474, -0.53011164, -0.03034389,  0.08621513],
       [ 0.03578593, -0.        ,  0.99935948,  0.08212301],
       [ 0.        ,  0.        ,  0.        ,  1.        ]])]"
8,"[array([[-0.67012935, -0.74155519, -0.03197739, -0.16498729],
       [ 0.74071236, -0.67089187,  0.03534548,  0.02214665],
       [-0.047664  ,  0.        ,  0.99886343,  0.08474267],
       [ 0.        ,  0.        ,  0.        ,  1.        ]])]","[array([[ 0.7581529 , -0.65207561,  0.00125543, -0.2015396 ],
       [ 0.65207472,  0.75815394,  0.00107977,  0.08261772],
       [-0.0016559 , -0.        ,  0.99999863,  0.08258966],
       [ 0.        ,  0.        ,  0.        ,  1.        ]])]","[array([[ 0.7581529 , -0.65207561,  0.00125543, -0.2015396 ],
       [ 0.65207472,  0.75815394,  0.00107977,  0.08261772],
       [-0.0016559 , -0.        ,  0.99999863,  0.08258966],
       [ 0.        ,  0.        ,  0.        ,  1.        ]])]","[array([[ 0.32989039, -0.94400231,  0.00565449, -0.10836157],
       [ 0.94386367,  0.32993884,  0.0161783 ,  0.03307466],
       [-0.01713799,  0.        ,  0.99985313,  0.08494889],
       [ 0.        ,  0.        ,  0.        ,  1.        ]])]","[array([[-0.52871231, -0.84858648,  0.01908619, -0.08960101],
       [ 0.8480341 , -0.52905669, -0.03061352,  0.08621399],
       [ 0.0360759 , -0.        ,  0.99934905,  0.08209979],
       [ 0.        ,  0.        ,  0.        ,  1.        ]])]","[array([[-0.52871231, -0.84858648,  0.01908619, -0.08960101],
       [ 0.8480341 , -0.52905669, -0.03061352,  0.08621399],
       [ 0.0360759 , -0.        ,  0.99934905,  0.08209979],
       [ 0.        ,  0.        ,  0.        ,  1.        ]])]"
9,"[array([[-0.6715085 , -0.74030516, -0.03200951, -0.16497018],
       [ 0.73946551, -0.67227098,  0.03524889,  0.02213889],
       [-0.047614  ,  0.        ,  0.99886581,  0.08474555],
       [ 0.        ,  0.        ,  0.        ,  1.        ]])]","[array([[ 7.56757292e-01, -6.53695636e-01,  6.45510590e-04,
        -2.01655512e-01],
       [ 6.53695398e-01,  7.56757567e-01,  5.57599255e-04,
         8.25528954e-02],
       [-8.52995223e-04, -0.00000000e+00,  9.99999636e-01,
         8.26041252e-02],
       [ 0.00000000e+00,  0.00000000e+00,  0.00000000e+00,
         1.00000000e+00]])]","[array([[ 7.56757292e-01, -6.53695636e-01,  6.45510590e-04,
        -2.01655512e-01],
       [ 6.53695398e-01,  7.56757567e-01,  5.57599255e-04,
         8.25528954e-02],
       [-8.52995223e-04, -0.00000000e+00,  9.99999636e-01,
         8.26041252e-02],
       [ 0.00000000e+00,  0.00000000e+00,  0.00000000e+00,
         1.00000000e+00]])]","[array([[ 0.33783828, -0.94118584,  0.00587436, -0.1084996 ],
       [ 0.94104359,  0.33788935,  0.01636295,  0.03325339],
       [-0.01738546,  0.        ,  0.99984886,  0.08493643],
       [ 0.        ,  0.        ,  0.        ,  1.        ]])]","[array([[-0.52417499, -0.85141238,  0.01837229, -0.08935916],
       [ 0.85088988, -0.52449686, -0.02982361,  0.08624087],
       [ 0.0350284 , -0.        ,  0.99938632,  0.0820761 ],
       [ 0.        ,  0.        ,  0.        ,  1.        ]])]","[array([[-0.52417499, -0.85141238,  0.01837229, -0.08935916],
       [ 0.85088988, -0.52449686, -0.02982361,  0.08624087],
       [ 0.0350284 , -0.        ,  0.99938632,  0.0820761 ],
       [ 0.        ,  0.        ,  0.        ,  1.        ]])]"
10,"[array([[-0.67091275, -0.74134693, -0.01675755, -0.16497338],
       [ 0.74111579, -0.67112199,  0.01851102,  0.02214799],
       [-0.02496945,  0.        ,  0.99968821,  0.08422732],
       [ 0.        ,  0.        ,  0.        ,  1.        ]])]","[array([[ 7.54077932e-01, -6.56784425e-01,  8.31999549e-04,
        -2.01666208e-01],
       [ 6.56784025e-01,  7.54078391e-01,  7.24651908e-04,
         8.25896208e-02],
       [-1.10333297e-03, -0.00000000e+00,  9.99999391e-01,
         8.25970860e-02],
       [ 0.00000000e+00,  0.00000000e+00,  0.00000000e+00,
         1.00000000e+00]])]","[array([[ 7.54077932e-01, -6.56784425e-01,  8.31999549e-04,
        -2.01666208e-01],
       [ 6.56784025e-01,  7.54078391e-01,  7.24651908e-04,
         8.25896208e-02],
       [-1.10333297e-03, -0.00000000e+00,  9.99999391e-01,
         8.25970860e-02],
       [ 0.00000000e+00,  0.00000000e+00,  0.00000000e+00,
         1.00000000e+00]])]","[array([[ 0.33564011, -0.9419637 ,  0.00707855, -0.10831227],
       [ 0.94175429,  0.33571474,  0.01986131,  0.03318217],
       [-0.021085  ,  0.        ,  0.99977769,  0.0850033 ],
       [ 0.        ,  0.        ,  0.        ,  1.        ]])]","[array([[-0.5167063 , -0.85596955,  0.01818601, -0.08923732],
       [ 0.85543987, -0.51702624, -0.03010809,  0.0862909 ],
       [ 0.03517425, -0.        ,  0.99938119,  0.08200746],
       [ 0.        ,  0.        ,  0.        ,  1.        ]])]","[array([[-0.5167063 , -0.85596955,  0.01818601, -0.08923732],
       [ 0.85543987, -0.51702624, -0.03010809,  0.0862909 ],
       [ 0.03517425, -0.        ,  0.99938119,  0.08200746],
       [ 0.        ,  0.        ,  0.        ,  1.        ]])]"
11,"[array([[-0.66590677, -0.74576495, -0.02007012, -0.16499476],
       [ 0.74542646, -0.66620915,  0.0224668 ,  0.02226032],
       [-0.03012585,  0.        ,  0.99954611,  0.08433482],
       [ 0.        ,  0.        ,  0.        ,  1.        ]])]","[array([[ 0.74482015, -0.66719191, -0.00989453, -0.20134064],
       [ 0.66713304,  0.74488587, -0.0088625 ,  0.08269116],
       [ 0.01328329, -0.        ,  0.99991177,  0.08214959],
       [ 0.        ,  0.        ,  0.        ,  1.        ]])]","[array([[ 0.74482015, -0.66719191, -0.00989453, -0.20134064],
       [ 0.66713304,  0.74488587, -0.0088625 ,  0.08269116],
       [ 0.01328329, -0.        ,  0.99991177,  0.08214959],
       [ 0.        ,  0.        ,  0.        ,  1.        ]])]","[array([[ 0.34256966, -0.93945992,  0.00781545, -0.10822027],
       [ 0.93921553,  0.3426588 ,  0.02142743,  0.03327267],
       [-0.02280825,  0.        ,  0.99973986,  0.0850079 ],
       [ 0.        ,  0.        ,  0.        ,  1.        ]])]","[array([[-0.49987771, -0.86591617,  0.01764853, -0.08872724],
       [ 0.86537699, -0.50018916, -0.03055274,  0.08638841],
       [ 0.03528372, -0.        ,  0.99937734,  0.08194598],
       [ 0.        ,  0.        ,  0.        ,  1.        ]])]","[array([[-0.49987771, -0.86591617,  0.01764853, -0.08872724],
       [ 0.86537699, -0.50018916, -0.03055274,  0.08638841],
       [ 0.03528372, -0.        ,  0.99937734,  0.08194598],
       [ 0.        ,  0.        ,  0.        ,  1.        ]])]"
12,"[array([[-0.66003501, -0.75086931, -0.02343214, -0.16504035],
       [ 0.75039658, -0.66045082,  0.02664009,  0.02238249],
       [-0.035479  ,  0.        ,  0.99937042,  0.08445173],
       [ 0.        ,  0.        ,  0.        ,  1.        ]])]","[array([[ 0.74106131, -0.67139516, -0.0075284 , -0.20104003],
       [ 0.67136051,  0.74109955, -0.00682031,  0.08309568],
       [ 0.01015841, -0.        ,  0.9999484 ,  0.08216496],
       [ 0.        ,  0.        ,  0.        ,  1.        ]])]","[array([[ 0.74106131, -0.67139516, -0.0075284 , -0.20104003],
       [ 0.67136051,  0.74109955, -0.00682031,  0.08309568],
       [ 0.01015841, -0.        ,  0.9999484 ,  0.08216496],
       [ 0.        ,  0.        ,  0.        ,  1.        ]])]","[array([[ 0.35099793, -0.93633965,  0.00827673, -0.10810737],
       [ 0.93607944,  0.3510955 ,  0.02207328,  0.03336579],
       [-0.02357401,  0.        ,  0.99972209,  0.08500306],
       [ 0.        ,  0.        ,  0.        ,  1.        ]])]","[array([[-0.48096782, -0.87656571,  0.01739301, -0.088126  ],
       [ 0.87599311, -0.48128221, -0.03167813,  0.08644579],
       [ 0.03613891, -0.        ,  0.99934678,  0.08189578],
       [ 0.        ,  0.        ,  0.        ,  1.        ]])]","[array([[-0.48096782, -0.87656571,  0.01739301, -0.088126  ],
       [ 0.87599311, -0.48128221, -0.03167813,  0.08644579],
       [ 0.03613891, -0.        ,  0.99934678,  0.08189578],
       [ 0.        ,  0.        ,  0.        ,  1.        ]])]"
13,"[array([[-0.65727469, -0.75319618, -0.02618188, -0.16506065],
       [ 0.75259933, -0.65779595,  0.02997904,  0.02246035],
       [-0.03980244,  0.        ,  0.99920757,  0.08454957],
       [ 0.        ,  0.        ,  0.        ,  1.        ]])]","[array([[ 0.7367731 , -0.67610935, -0.00644625, -0.20090488],
       [ 0.67608347,  0.7368013 , -0.00591525,  0.08329215],
       [ 0.00874896, -0.        ,  0.99996173,  0.08214978],
       [ 0.        ,  0.        ,  0.        ,  1.        ]])]","[array([[ 0.7367731 , -0.67610935, -0.00644625, -0.20090488],
       [ 0.67608347,  0.7368013 , -0.00591525,  0.08329215],
       [ 0.00874896, -0.        ,  0.99996173,  0.08214978],
       [ 0.        ,  0.        ,  0.        ,  1.        ]])]","[array([[ 0.35169185, -0.93608379,  0.00774488, -0.10781664],
       [ 0.93585689,  0.35177712,  0.02060922,  0.03322583],
       [-0.02201643,  0.        ,  0.99975761,  0.08490217],
       [ 0.        ,  0.        ,  0.        ,  1.        ]])]","[array([[-0.46535055, -0.88494858,  0.01774507, -0.0876069 ],
       [ 0.88430587, -0.46568876, -0.03372097,  0.08648085],
       [ 0.03810501, -0.        ,  0.99927374,  0.08184626],
       [ 0.        ,  0.        ,  0.        ,  1.        ]])]","[array([[-0.46535055, -0.88494858,  0.01774507, -0.0876069 ],
       [ 0.88430587, -0.46568876, -0.03372097,  0.08648085],
       [ 0.03810501, -0.        ,  0.99927374,  0.08184626],
       [ 0.        ,  0.        ,  0.        ,  1.        ]])]"
14,"[array([[-0.65960712, -0.75111191, -0.02737437, -0.1649317 ],
       [ 0.75046591, -0.66017491,  0.03114511,  0.02255507],
       [-0.04146533,  0.        ,  0.99913994,  0.08457382],
       [ 0.        ,  0.        ,  0.        ,  1.        ]])]","[array([[ 0.73301807, -0.68018486, -0.00575081, -0.20089481],
       [ 0.68016393,  0.73304063, -0.00533615,  0.08333047],
       [ 0.00784514, -0.        ,  0.99996923,  0.08214752],
       [ 0.        ,  0.        ,  0.        ,  1.        ]])]","[array([[ 0.73301807, -0.68018486, -0.00575081, -0.20089481],
       [ 0.68016393,  0.73304063, -0.00533615,  0.08333047],
       [ 0.00784514, -0.        ,  0.99996923,  0.08214752],
       [ 0.        ,  0.        ,  0.        ,  1.        ]])]","[array([[ 0.35677543, -0.93415264,  0.00837507, -0.10773737],
       [ 0.93389536,  0.35687372,  0.0219226 ,  0.033276  ],
       [-0.02346789,  0.        ,  0.99972459,  0.08491268],
       [ 0.        ,  0.        ,  0.        ,  1.        ]])]","[array([[-0.4520424 , -0.89183924,  0.01674602, -0.08719084],
       [ 0.89122791, -0.45235248, -0.03301576,  0.08652511],
       [ 0.03701985, -0.        ,  0.99931453,  0.08186677],
       [ 0.        ,  0.        ,  0.        ,  1.        ]])]","[array([[-0.4520424 , -0.89183924,  0.01674602, -0.08719084],
       [ 0.89122791, -0.45235248, -0.03301576,  0.08652511],
       [ 0.03701985, -0.        ,  0.99931453,  0.08186677],
       [ 0.        ,  0.        ,  0.        ,  1.        ]])]"
15,"[array([[-0.66367527, -0.74751038, -0.02762889, -0.1647586 ],
       [ 0.74686348, -0.66425012,  0.03109202,  0.02270141],
       [-0.0415941 ,  0.        ,  0.99913459,  0.08455471],
       [ 0.        ,  0.        ,  0.        ,  1.        ]])]","[array([[ 0.72759559, -0.68598854, -0.00493782, -0.20095449],
       [ 0.68597274,  0.72761235, -0.00465535,  0.08334132],
       [ 0.00678633, -0.        ,  0.99997697,  0.08215919],
       [ 0.        ,  0.        ,  0.        ,  1.        ]])]","[array([[ 0.72759559, -0.68598854, -0.00493782, -0.20095449],
       [ 0.68597274,  0.72761235, -0.00465535,  0.08334132],
       [ 0.00678633, -0.        ,  0.99997697,  0.08215919],
       [ 0.        ,  0.        ,  0.        ,  1.        ]])]","[array([[ 0.36360588, -0.93150883,  0.00905855, -0.10775391],
       [ 0.93121989,  0.3637187 ,  0.02319958,  0.03338468],
       [-0.02490538,  0.        ,  0.99968981,  0.08498288],
       [ 0.        ,  0.        ,  0.        ,  1.        ]])]","[array([[-0.43250976, -0.90148553,  0.01609784, -0.08683662],
       [ 0.90086177, -0.43280924, -0.03352971,  0.08667547],
       [ 0.03719384, -0.        ,  0.99930807,  0.08195524],
       [ 0.        ,  0.        ,  0.        ,  1.        ]])]","[array([[-0.43250976, -0.90148553,  0.01609784, -0.08683662],
       [ 0.90086177, -0.43280924, -0.03352971,  0.08667547],
       [ 0.03719384, -0.        ,  0.99930807,  0.08195524],
       [ 0.        ,  0.        ,  0.        ,  1.        ]])]"
16,"[array([[-0.67149609, -0.7404631 , -0.0284149 , -0.16449426],
       [ 0.73980104, -0.67209702,  0.03130528,  0.02291835],
       [-0.04227797,  0.        ,  0.99910589,  0.08456803],
       [ 0.        ,  0.        ,  0.        ,  1.        ]])]","[array([[ 0.72488526, -0.68885383, -0.00466469, -0.20110719],
       [ 0.68883957,  0.72490027, -0.00443273,  0.08330895],
       [ 0.00643493, -0.        ,  0.9999793 ,  0.08216737],
       [ 0.        ,  0.        ,  0.        ,  1.        ]])]","[array([[ 0.72488526, -0.68885383, -0.00466469, -0.20110719],
       [ 0.68883957,  0.72490027, -0.00443273,  0.08330895],
       [ 0.00643493, -0.        ,  0.9999793 ,  0.08216737],
       [ 0.        ,  0.        ,  0.        ,  1.        ]])]","[array([[ 0.37148327, -0.92838442,  0.01012611, -0.10778964],
       [ 0.92803971,  0.37162126,  0.02529706,  0.03353405],
       [-0.02724847,  0.        ,  0.99962869,  0.08505837],
       [ 0.        ,  0.        ,  0.        ,  1.        ]])]","[array([[-0.4179918 , -0.90831663,  0.01561287, -0.08652221],
       [ 0.90768366, -0.41828329, -0.03390388,  0.08670326],
       [ 0.03732606, -0.        ,  0.99930314,  0.08196903],
       [ 0.        ,  0.        ,  0.        ,  1.        ]])]","[array([[-0.4179918 , -0.90831663,  0.01561287, -0.08652221],
       [ 0.90768366, -0.41828329, -0.03390388,  0.08670326],
       [ 0.03732606, -0.        ,  0.99930314,  0.08196903],
       [ 0.        ,  0.        ,  0.        ,  1.        ]])]"
17,"[array([[-0.6779038 , -0.73454036, -0.02994815, -0.16430035],
       [ 0.73382462, -0.678565  ,  0.03241859,  0.02316765],
       [-0.04413453,  0.        ,  0.9990256 ,  0.08463361],
       [ 0.        ,  0.        ,  0.        ,  1.        ]])]","[array([[ 0.72323855, -0.69058451, -0.00436176, -0.20117262],
       [ 0.69057195,  0.72325171, -0.00416475,  0.08329644],
       [ 0.00603076, -0.        ,  0.99998181,  0.08217822],
       [ 0.        ,  0.        ,  0.        ,  1.        ]])]","[array([[ 0.72323855, -0.69058451, -0.00436176, -0.20117262],
       [ 0.69057195,  0.72325171, -0.00416475,  0.08329644],
       [ 0.00603076, -0.        ,  0.99998181,  0.08217822],
       [ 0.        ,  0.        ,  0.        ,  1.        ]])]","[array([[ 0.37649811, -0.92635463,  0.01078276, -0.10781996],
       [ 0.92597495,  0.37665249,  0.02651957,  0.03365195],
       [-0.02862788,  0.        ,  0.99959014,  0.08509026],
       [ 0.        ,  0.        ,  0.        ,  1.        ]])]","[array([[-0.40643318, -0.91355729,  0.0150051 , -0.08630884],
       [ 0.91293533, -0.40671007, -0.03370466,  0.08681839],
       [ 0.03689386, -0.        ,  0.99931919,  0.08193378],
       [ 0.        ,  0.        ,  0.        ,  1.        ]])]","[array([[-0.40643318, -0.91355729,  0.0150051 , -0.08630884],
       [ 0.91293533, -0.40671007, -0.03370466,  0.08681839],
       [ 0.03689386, -0.        ,  0.99931919,  0.08193378],
       [ 0.        ,  0.        ,  0.        ,  1.        ]])]"
18,"[array([[-0.65945861, -0.75155591, -0.01667499, -0.16480008],
       [ 0.75131576, -0.6596694 ,  0.01899768,  0.02242879],
       [-0.0252778 ,  0.        ,  0.99968047,  0.08392322],
       [ 0.        ,  0.        ,  0.        ,  1.        ]])]","[array([[ 0.72085371, -0.69307759, -0.00365814, -0.201099  ],
       [ 0.69306866,  0.72086299, -0.00351714,  0.0834283 ],
       [ 0.00507467, -0.        ,  0.99998712,  0.08218263],
       [ 0.        ,  0.        ,  0.        ,  1.        ]])]","[array([[ 0.72085371, -0.69307759, -0.00365814, -0.201099  ],
       [ 0.69306866,  0.72086299, -0.00351714,  0.0834283 ],
       [ 0.00507467, -0.        ,  0.99998712,  0.08218263],
       [ 0.        ,  0.        ,  0.        ,  1.        ]])]","[array([[ 0.38315266, -0.92361596,  0.01129579, -0.10780771],
       [ 0.92321485,  0.38331913,  0.02721746,  0.03379094],
       [-0.02946837,  0.        ,  0.99956571,  0.08511309],
       [ 0.        ,  0.        ,  0.        ,  1.        ]])]","[array([[-0.38340205, -0.92346752,  0.01451252, -0.08594649],
       [ 0.92280667, -0.38367662, -0.03493004,  0.08701419],
       [ 0.03782487, -0.        ,  0.99928438,  0.08187417],
       [ 0.        ,  0.        ,  0.        ,  1.        ]])]","[array([[-0.38340205, -0.92346752,  0.01451252, -0.08594649],
       [ 0.92280667, -0.38367662, -0.03493004,  0.08701419],
       [ 0.03782487, -0.        ,  0.99928438,  0.08187417],
       [ 0.        ,  0.        ,  0.        ,  1.        ]])]"
19,"[array([[-0.64944538, -0.75984595, -0.02923764, -0.16534467],
       [ 0.75907711, -0.65010317,  0.0341732 ,  0.02270875],
       [-0.04497385,  0.        ,  0.99898816,  0.08470341],
       [ 0.        ,  0.        ,  0.        ,  1.        ]])]","[array([[ 0.72200768, -0.69188352, -0.00145248, -0.20093432],
       [ 0.69188212,  0.72200914, -0.00139188,  0.08385219],
       [ 0.00201172, -0.        ,  0.99999798,  0.08238403],
       [ 0.        ,  0.        ,  0.        ,  1.        ]])]","[array([[ 0.72200768, -0.69188352, -0.00145248, -0.20093432],
       [ 0.69188212,  0.72200914, -0.00139188,  0.08385219],
       [ 0.00201172, -0.        ,  0.99999798,  0.08238403],
       [ 0.        ,  0.        ,  0.        ,  1.        ]])]","[array([[ 0.39901085, -0.91687099,  0.01174463, -0.10772207],
       [ 0.91647406,  0.39918366,  0.02697583,  0.03396974],
       [-0.02942163,  0.        ,  0.99956709,  0.08510004],
       [ 0.        ,  0.        ,  0.        ,  1.        ]])]","[array([[-0.35510142, -0.93473433,  0.01321796, -0.08496337],
       [ 0.93408744, -0.35534734, -0.03476958,  0.08696999],
       [ 0.03719729, -0.        ,  0.99930794,  0.08187813],
       [ 0.        ,  0.        ,  0.        ,  1.        ]])]","[array([[-0.35510142, -0.93473433,  0.01321796, -0.08496337],
       [ 0.93408744, -0.35534734, -0.03476958,  0.08696999],
       [ 0.03719729, -0.        ,  0.99930794,  0.08187813],
       [ 0.        ,  0.        ,  0.        ,  1.        ]])]"
20,"[array([[-0.63924199, -0.76717969, -0.05296226, -0.16627665],
       [ 0.76456006, -0.64143224,  0.06334507,  0.02308356],
       [-0.08256876,  0.        ,  0.99658537,  0.08608854],
       [ 0.        ,  0.        ,  0.        ,  1.        ]])]","[array([[ 0.72583763, -0.68785907,  0.00310403, -0.201235  ],
       [ 0.68785278,  0.72584427,  0.00294159,  0.08408958],
       [-0.00427644, -0.        ,  0.99999086,  0.08270699],
       [ 0.        ,  0.        ,  0.        ,  1.        ]])]","[array([[ 0.72583763, -0.68785907,  0.00310403, -0.201235  ],
       [ 0.68785278,  0.72584427,  0.00294159,  0.08408958],
       [-0.00427644, -0.        ,  0.99999086,  0.08270699],
       [ 0.        ,  0.        ,  0.        ,  1.        ]])]","[array([[ 0.40421803, -0.91457847,  0.01240983, -0.10766637],
       [ 0.91414776,  0.40440849,  0.0280651 ,  0.03403822],
       [-0.03068638,  0.        ,  0.99952906,  0.08509437],
       [ 0.        ,  0.        ,  0.        ,  1.        ]])]","[array([[-0.34720903, -0.93770343,  0.01257646, -0.08461617],
       [ 0.9370889 , -0.34743673, -0.03394285,  0.08693732],
       [ 0.03619786, -0.        ,  0.99934464,  0.08184491],
       [ 0.        ,  0.        ,  0.        ,  1.        ]])]","[array([[-0.34720903, -0.93770343,  0.01257646, -0.08461617],
       [ 0.9370889 , -0.34743673, -0.03394285,  0.08693732],
       [ 0.03619786, -0.        ,  0.99934464,  0.08184491],
       [ 0.        ,  0.        ,  0.        ,  1.        ]])]"
21,"[array([[-0.63426441, -0.77174162, -0.04608179, -0.16608604],
       [ 0.7697128 , -0.63593621,  0.05592265,  0.02302966],
       [-0.07246291,  0.        ,  0.99737111,  0.08568017],
       [ 0.        ,  0.        ,  0.        ,  1.        ]])]","[array([[ 0.73840229, -0.67416706,  0.01615028, -0.20115994],
       [ 0.67400587,  0.73857889,  0.01474181,  0.08477722],
       [-0.0218667 , -0.        ,  0.9997609 ,  0.08338036],
       [ 0.        ,  0.        ,  0.        ,  1.        ]])]","[array([[ 0.73840229, -0.67416706,  0.01615028, -0.20115994],
       [ 0.67400587,  0.73857889,  0.01474181,  0.08477722],
       [-0.0218667 , -0.        ,  0.9997609 ,  0.08338036],
       [ 0.        ,  0.        ,  0.        ,  1.        ]])]","[array([[ 0.42111541, -0.90692709,  0.01204425, -0.10756696],
       [ 0.90655638,  0.42128762,  0.02592826,  0.03416206],
       [-0.02858914,  0.        ,  0.99959125,  0.0851064 ],
       [ 0.        ,  0.        ,  0.        ,  1.        ]])]","[array([[-0.31911117, -0.9476403 ,  0.0120801 , -0.08352032],
       [ 0.94696202, -0.31933974, -0.03584769,  0.08677969],
       [ 0.03782838, -0.        ,  0.99928425,  0.08197906],
       [ 0.        ,  0.        ,  0.        ,  1.        ]])]","[array([[-0.31911117, -0.9476403 ,  0.0120801 , -0.08352032],
       [ 0.94696202, -0.31933974, -0.03584769,  0.08677969],
       [ 0.03782838, -0.        ,  0.99928425,  0.08197906],
       [ 0.        ,  0.        ,  0.        ,  1.        ]])]"
22,"[array([[-0.60925205, -0.78632091, -0.10252491, -0.16780915],
       [ 0.77541836, -0.61781827,  0.13048736,  0.02438095],
       [-0.1659467 ,  0.        ,  0.98613472,  0.08880221],
       [ 0.        ,  0.        ,  0.        ,  1.        ]])]","[array([[ 0.74561769, -0.66611933,  0.01842011, -0.20141618],
       [ 0.66591615,  0.74584519,  0.01645112,  0.08520117],
       [-0.02469696, -0.        ,  0.99969498,  0.08362736],
       [ 0.        ,  0.        ,  0.        ,  1.        ]])]","[array([[ 0.74561769, -0.66611933,  0.01842011, -0.20141618],
       [ 0.66591615,  0.74584519,  0.01645112,  0.08520117],
       [-0.02469696, -0.        ,  0.99969498,  0.08362736],
       [ 0.        ,  0.        ,  0.        ,  1.        ]])]","[array([[ 0.44224369, -0.89680622,  0.01261404, -0.10752141],
       [ 0.89644165,  0.44242355,  0.02556905,  0.03437522],
       [-0.02851123,  0.        ,  0.99959347,  0.08516265],
       [ 0.        ,  0.        ,  0.        ,  1.        ]])]","[array([[-0.29606311, -0.95509981,  0.01144481, -0.08232182],
       [ 0.95438699, -0.29628424, -0.03689341,  0.08651059],
       [ 0.03862781, -0.        ,  0.99925367,  0.08216564],
       [ 0.        ,  0.        ,  0.        ,  1.        ]])]","[array([[-0.29606311, -0.95509981,  0.01144481, -0.08232182],
       [ 0.95438699, -0.29628424, -0.03689341,  0.08651059],
       [ 0.03862781, -0.        ,  0.99925367,  0.08216564],
       [ 0.        ,  0.        ,  0.        ,  1.        ]])]"
