,LP,LD1,LD2,RP,RD1,RD2
0,"[array([[-0.50919963, -0.860428  , -0.0194781 , -0.0324533 ],
       [ 0.85979918, -0.50957204,  0.03288938,  0.16391812],
       [-0.03822444,  0.        ,  0.99926918,  0.08592823],
       [ 0.        ,  0.        ,  0.        ,  1.        ]])]","[array([[ 0.2180387 , -0.97593421,  0.00339619, -0.06329233],
       [ 0.97581585,  0.21806515,  0.01519939,  0.22841735],
       [-0.01557419, -0.        ,  0.99987871,  0.08433926],
       [ 0.        ,  0.        ,  0.        ,  1.        ]])]","[array([[ 0.2180387 , -0.97593421,  0.00339619, -0.06329233],
       [ 0.97581585,  0.21806515,  0.01519939,  0.22841735],
       [-0.01557419, -0.        ,  0.99987871,  0.08433926],
       [ 0.        ,  0.        ,  0.        ,  1.        ]])]","[array([[ 0.73043394, -0.68270764,  0.0194047 ,  0.02864925],
       [ 0.68246685,  0.73069165,  0.0181304 ,  0.17528463],
       [-0.02655661,  0.        ,  0.99964731,  0.08606487],
       [ 0.        ,  0.        ,  0.        ,  1.        ]])]","[array([[-0.05905764, -0.99825125,  0.00257784,  0.07046608],
       [ 0.99730163, -0.05911387, -0.0435317 ,  0.21364199],
       [ 0.04360796, -0.        ,  0.99904872,  0.08289727],
       [ 0.        ,  0.        ,  0.        ,  1.        ]])]","[array([[-0.05905764, -0.99825125,  0.00257784,  0.07046608],
       [ 0.99730163, -0.05911387, -0.0435317 ,  0.21364199],
       [ 0.04360796, -0.        ,  0.99904872,  0.08289727],
       [ 0.        ,  0.        ,  0.        ,  1.        ]])]"
1,"[array([[-0.50897592, -0.86056041, -0.01947538, -0.03246281],
       [ 0.85993112, -0.50934839,  0.03290428,  0.16391971],
       [-0.03823588,  0.        ,  0.99926874,  0.08592648],
       [ 0.        ,  0.        ,  0.        ,  1.        ]])]","[array([[ 0.21759941, -0.97603243,  0.00334592, -0.06327181],
       [ 0.97591706,  0.21762513,  0.01500619,  0.22841215],
       [-0.01537469, -0.        ,  0.9998818 ,  0.08432892],
       [ 0.        ,  0.        ,  0.        ,  1.        ]])]","[array([[ 0.21759941, -0.97603243,  0.00334592, -0.06327181],
       [ 0.97591706,  0.21762513,  0.01500619,  0.22841215],
       [-0.01537469, -0.        ,  0.9998818 ,  0.08432892],
       [ 0.        ,  0.        ,  0.        ,  1.        ]])]","[array([[ 0.7303714 , -0.68277327,  0.01944951,  0.02864807],
       [ 0.68253131,  0.73063032,  0.01817555,  0.17528364],
       [-0.02662018,  0.        ,  0.99964562,  0.08606729],
       [ 0.        ,  0.        ,  0.        ,  1.        ]])]","[array([[-0.05537731, -0.99846219,  0.00257205,  0.07027214],
       [ 0.99738698, -0.055437  , -0.04632451,  0.21359984],
       [ 0.04639586, -0.        ,  0.99892313,  0.08274961],
       [ 0.        ,  0.        ,  0.        ,  1.        ]])]","[array([[-0.05537731, -0.99846219,  0.00257205,  0.07027214],
       [ 0.99738698, -0.055437  , -0.04632451,  0.21359984],
       [ 0.04639586, -0.        ,  0.99892313,  0.08274961],
       [ 0.        ,  0.        ,  0.        ,  1.        ]])]"
2,"[array([[-0.50912099, -0.86047684, -0.01937618, -0.03245461],
       [ 0.85985435, -0.50948956,  0.03272443,  0.16391582],
       [-0.03803057,  0.        ,  0.99927658,  0.08592188],
       [ 0.        ,  0.        ,  0.        ,  1.        ]])]","[array([[ 0.21776364, -0.97599575,  0.00335957, -0.06327786],
       [ 0.97587962,  0.21778956,  0.01505548,  0.22841508],
       [-0.01542576, -0.        ,  0.99988102,  0.08433454],
       [ 0.        ,  0.        ,  0.        ,  1.        ]])]","[array([[ 0.21776364, -0.97599575,  0.00335957, -0.06327786],
       [ 0.97587962,  0.21778956,  0.01505548,  0.22841508],
       [-0.01542576, -0.        ,  0.99988102,  0.08433454],
       [ 0.        ,  0.        ,  0.        ,  1.        ]])]","[array([[ 0.73049974, -0.68263976,  0.01931527,  0.02864938],
       [ 0.68240126,  0.73075506,  0.01804349,  0.17528966],
       [-0.02643193,  0.        ,  0.99965062,  0.08606208],
       [ 0.        ,  0.        ,  0.        ,  1.        ]])]","[array([[-0.0589615 , -0.99825695,  0.0025679 ,  0.07045794],
       [ 0.99731156, -0.05901739, -0.04343505,  0.213645  ],
       [ 0.04351089, -0.        ,  0.99905295,  0.08290135],
       [ 0.        ,  0.        ,  0.        ,  1.        ]])]","[array([[-0.0589615 , -0.99825695,  0.0025679 ,  0.07045794],
       [ 0.99731156, -0.05901739, -0.04343505,  0.213645  ],
       [ 0.04351089, -0.        ,  0.99905295,  0.08290135],
       [ 0.        ,  0.        ,  0.        ,  1.        ]])]"
3,"[array([[-0.50906636, -0.86050542, -0.01954146, -0.03245716],
       [ 0.85987212, -0.50944129,  0.03300779,  0.16391997],
       [-0.03835861,  0.        ,  0.99926404,  0.08593023],
       [ 0.        ,  0.        ,  0.        ,  1.        ]])]","[array([[ 0.217822  , -0.97598273,  0.0033606 , -0.06327866],
       [ 0.97586659,  0.21784792,  0.01505585,  0.22841776],
       [-0.01542635, -0.        ,  0.99988101,  0.08433256],
       [ 0.        ,  0.        ,  0.        ,  1.        ]])]","[array([[ 0.217822  , -0.97598273,  0.0033606 , -0.06327866],
       [ 0.97586659,  0.21784792,  0.01505585,  0.22841776],
       [-0.01542635, -0.        ,  0.99988101,  0.08433256],
       [ 0.        ,  0.        ,  0.        ,  1.        ]])]","[array([[ 0.73064498, -0.682479  ,  0.01950209,  0.02864655],
       [ 0.68223602,  0.7309052 ,  0.01820998,  0.1752957 ],
       [-0.02668211,  0.        ,  0.99964397,  0.08606868],
       [ 0.        ,  0.        ,  0.        ,  1.        ]])]","[array([[-0.0539253 , -0.99854148,  0.0026414 ,  0.07020288],
       [ 0.99734573, -0.05398995, -0.04885261,  0.21358204],
       [ 0.04892397, -0.        ,  0.99880251,  0.08261622],
       [ 0.        ,  0.        ,  0.        ,  1.        ]])]","[array([[-0.0539253 , -0.99854148,  0.0026414 ,  0.07020288],
       [ 0.99734573, -0.05398995, -0.04885261,  0.21358204],
       [ 0.04892397, -0.        ,  0.99880251,  0.08261622],
       [ 0.        ,  0.        ,  0.        ,  1.        ]])]"
4,"[array([[-0.50905102, -0.86051664, -0.01944675, -0.03245963],
       [ 0.85988941, -0.50942234,  0.03284947,  0.1639208 ],
       [-0.03817413,  0.        ,  0.9992711 ,  0.0859271 ],
       [ 0.        ,  0.        ,  0.        ,  1.        ]])]","[array([[ 0.21769364, -0.97601115,  0.00342362, -0.06327471],
       [ 0.97589047,  0.21772056,  0.0153476 ,  0.22841343],
       [-0.01572482, -0.        ,  0.99987636,  0.08434405],
       [ 0.        ,  0.        ,  0.        ,  1.        ]])]","[array([[ 0.21769364, -0.97601115,  0.00342362, -0.06327471],
       [ 0.97589047,  0.21772056,  0.0153476 ,  0.22841343],
       [-0.01572482, -0.        ,  0.99987636,  0.08434405],
       [ 0.        ,  0.        ,  0.        ,  1.        ]])]","[array([[ 0.73049153, -0.682642  ,  0.01954545,  0.02864854],
       [ 0.68239777,  0.73075297,  0.01825862,  0.17528972],
       [-0.02674699,  0.        ,  0.99964224,  0.08607213],
       [ 0.        ,  0.        ,  0.        ,  1.        ]])]","[array([[-0.05518241, -0.99847301,  0.00255767,  0.0702648 ],
       [ 0.99740225, -0.05524165, -0.04622893,  0.21360404],
       [ 0.04629963, -0.        ,  0.9989276 ,  0.08275467],
       [ 0.        ,  0.        ,  0.        ,  1.        ]])]","[array([[-0.05518241, -0.99847301,  0.00255767,  0.0702648 ],
       [ 0.99740225, -0.05524165, -0.04622893,  0.21360404],
       [ 0.04629963, -0.        ,  0.9989276 ,  0.08275467],
       [ 0.        ,  0.        ,  0.        ,  1.        ]])]"
5,"[array([[-0.50915686, -0.86045549, -0.0193813 , -0.03245657],
       [ 0.85983278, -0.50952561,  0.03272995,  0.16391389],
       [-0.03803793,  0.        ,  0.9992763 ,  0.08592005],
       [ 0.        ,  0.        ,  0.        ,  1.        ]])]","[array([[ 0.21760954, -0.97603006,  0.00337894, -0.06327312],
       [ 0.97591242,  0.21763577,  0.0151535 ,  0.22841135],
       [-0.01552565, -0.        ,  0.99987947,  0.08433572],
       [ 0.        ,  0.        ,  0.        ,  1.        ]])]","[array([[ 0.21760954, -0.97603006,  0.00337894, -0.06327312],
       [ 0.97591242,  0.21763577,  0.0151535 ,  0.22841135],
       [-0.01552565, -0.        ,  0.99987947,  0.08433572],
       [ 0.        ,  0.        ,  0.        ,  1.        ]])]","[array([[ 0.73051992, -0.68261029,  0.01959172,  0.02864219],
       [ 0.68236494,  0.73078259,  0.01830026,  0.17528872],
       [-0.02680924,  0.        ,  0.99964057,  0.08607153],
       [ 0.        ,  0.        ,  0.        ,  1.        ]])]","[array([[-0.05886814, -0.99826248,  0.00256117,  0.0704529 ],
       [ 0.99731904, -0.05892383, -0.0433902 ,  0.21364405],
       [ 0.04346572, -0.        ,  0.99905492,  0.08290379],
       [ 0.        ,  0.        ,  0.        ,  1.        ]])]","[array([[-0.05886814, -0.99826248,  0.00256117,  0.0704529 ],
       [ 0.99731904, -0.05892383, -0.0433902 ,  0.21364405],
       [ 0.04346572, -0.        ,  0.99905492,  0.08290379],
       [ 0.        ,  0.        ,  0.        ,  1.        ]])]"
6,"[array([[-0.50898294, -0.86055929, -0.01934087, -0.03245764],
       [ 0.85993867, -0.50935027,  0.03267685,  0.16390851],
       [-0.03797164,  0.        ,  0.99927882,  0.08591456],
       [ 0.        ,  0.        ,  0.        ,  1.        ]])]","[array([[ 0.21781135, -0.9759851 ,  0.00336027, -0.06327833],
       [ 0.97586898,  0.21783727,  0.01505515,  0.22841263],
       [-0.01542559, -0.        ,  0.99988102,  0.08433353],
       [ 0.        ,  0.        ,  0.        ,  1.        ]])]","[array([[ 0.21781135, -0.9759851 ,  0.00336027, -0.06327833],
       [ 0.97586898,  0.21783727,  0.01505515,  0.22841263],
       [-0.01542559, -0.        ,  0.99988102,  0.08433353],
       [ 0.        ,  0.        ,  0.        ,  1.        ]])]","[array([[ 0.73043394, -0.68270764,  0.0194047 ,  0.02865125],
       [ 0.68246685,  0.73069165,  0.0181304 ,  0.17527963],
       [-0.02655661,  0.        ,  0.99964731,  0.08606687],
       [ 0.        ,  0.        ,  0.        ,  1.        ]])]","[array([[-0.05911906, -0.9982476 ,  0.00258102,  0.07046508],
       [ 0.99729762, -0.05917537, -0.04354007,  0.21363727],
       [ 0.0436165 , -0.        ,  0.99904835,  0.082897  ],
       [ 0.        ,  0.        ,  0.        ,  1.        ]])]","[array([[-0.05911906, -0.9982476 ,  0.00258102,  0.07046508],
       [ 0.99729762, -0.05917537, -0.04354007,  0.21363727],
       [ 0.0436165 , -0.        ,  0.99904835,  0.082897  ],
       [ 0.        ,  0.        ,  0.        ,  1.        ]])]"
7,"[array([[-0.500319  , -0.86562949, -0.01914387, -0.03408539],
       [ 0.86499651, -0.50068512,  0.03309765,  0.16575379],
       [-0.03823535,  0.        ,  0.99926876,  0.08591247],
       [ 0.        ,  0.        ,  0.        ,  1.        ]])]","[array([[ 0.2291666 , -0.97338037,  0.00365005, -0.06427171],
       [ 0.97325693,  0.22919567,  0.01550155,  0.23055381],
       [-0.01592548, -0.        ,  0.99987318,  0.08432843],
       [ 0.        ,  0.        ,  0.        ,  1.        ]])]","[array([[ 0.2291666 , -0.97338037,  0.00365005, -0.06427171],
       [ 0.97325693,  0.22919567,  0.01550155,  0.23055381],
       [-0.01592548, -0.        ,  0.99987318,  0.08432843],
       [ 0.        ,  0.        ,  0.        ,  1.        ]])]","[array([[ 0.73723536, -0.675353  ,  0.01955376,  0.02718917],
       [ 0.67511557,  0.73749463,  0.01790615,  0.17660168],
       [-0.02651377,  0.        ,  0.99964845,  0.08605791],
       [ 0.        ,  0.        ,  0.        ,  1.        ]])]","[array([[-0.04739867, -0.99887465,  0.00167602,  0.06934875],
       [ 0.99825076, -0.04742829, -0.0352983 ,  0.21442549],
       [ 0.03533807, -0.        ,  0.99937542,  0.08327825],
       [ 0.        ,  0.        ,  0.        ,  1.        ]])]","[array([[-0.04739867, -0.99887465,  0.00167602,  0.06934875],
       [ 0.99825076, -0.04742829, -0.0352983 ,  0.21442549],
       [ 0.03533807, -0.        ,  0.99937542,  0.08327825],
       [ 0.        ,  0.        ,  0.        ,  1.        ]])]"
8,"[array([[-0.4806072 , -0.87673565, -0.01874343, -0.05415727],
       [ 0.87606967, -0.48097255,  0.03416625,  0.17298498],
       [-0.03896984,  0.        ,  0.99924039,  0.08579892],
       [ 0.        ,  0.        ,  0.        ,  1.        ]])]","[array([[ 0.25810948, -0.96610478,  0.00458899, -0.08298535],
       [ 0.96595212,  0.25815027,  0.01717388,  0.2386274 ],
       [-0.01777641, -0.        ,  0.99984199,  0.08430629],
       [ 0.        ,  0.        ,  0.        ,  1.        ]])]","[array([[ 0.25810948, -0.96610478,  0.00458899, -0.08298535],
       [ 0.96595212,  0.25815027,  0.01717388,  0.2386274 ],
       [-0.01777641, -0.        ,  0.99984199,  0.08430629],
       [ 0.        ,  0.        ,  0.        ,  1.        ]])]","[array([[ 0.75324343, -0.65743712,  0.02001914,  0.00734359],
       [ 0.65720505,  0.75350941,  0.0174667 ,  0.182425  ],
       [-0.02656786,  0.        ,  0.99964701,  0.08592112],
       [ 0.        ,  0.        ,  0.        ,  1.        ]])]","[array([[-2.89477827e-02, -9.99580817e-01,  4.64146016e-04,
         5.07723033e-02],
       [ 9.99452353e-01, -2.89515035e-02, -1.60251247e-02,
         2.19264332e-01],
       [ 1.60318450e-02, -0.00000000e+00,  9.99871482e-01,
         8.39671873e-02],
       [ 0.00000000e+00,  0.00000000e+00,  0.00000000e+00,
         1.00000000e+00]])]","[array([[-2.89477827e-02, -9.99580817e-01,  4.64146016e-04,
         5.07723033e-02],
       [ 9.99452353e-01, -2.89515035e-02, -1.60251247e-02,
         2.19264332e-01],
       [ 1.60318450e-02, -0.00000000e+00,  9.99871482e-01,
         8.39671873e-02],
       [ 0.00000000e+00,  0.00000000e+00,  0.00000000e+00,
         1.00000000e+00]])]"
9,"[array([[-0.48392885, -0.87490363, -0.01888136, -0.09310502],
       [ 0.87423845, -0.48429705,  0.03411   ,  0.17544018],
       [-0.03898716,  0.        ,  0.99923971,  0.08558231],
       [ 0.        ,  0.        ,  0.        ,  1.        ]])]","[array([[ 0.25096974, -0.96798251,  0.00490485, -0.12220676],
       [ 0.9677977 ,  0.25101767,  0.01891424,  0.24080861],
       [-0.01953986, -0.        ,  0.99980908,  0.08416437],
       [ 0.        ,  0.        ,  0.        ,  1.        ]])]","[array([[ 0.25096974, -0.96798251,  0.00490485, -0.12220676],
       [ 0.9677977 ,  0.25101767,  0.01891424,  0.24080861],
       [-0.01953986, -0.        ,  0.99980908,  0.08416437],
       [ 0.        ,  0.        ,  0.        ,  1.        ]])]","[array([[ 0.74990658, -0.66123436,  0.02022961, -0.03160936],
       [ 0.6609939 ,  0.75017939,  0.01783109,  0.18525358],
       [-0.02696636,  0.        ,  0.99963634,  0.08573905],
       [ 0.        ,  0.        ,  0.        ,  1.        ]])]","[array([[-3.54008261e-02, -9.99373029e-01,  5.74913910e-04,
         1.15563671e-02],
       [ 9.99241267e-01, -3.54054941e-02, -1.62278050e-02,
         2.22330302e-01],
       [ 1.62379858e-02, -0.00000000e+00,  9.99868155e-01,
         8.36426321e-02],
       [ 0.00000000e+00,  0.00000000e+00,  0.00000000e+00,
         1.00000000e+00]])]","[array([[-3.54008261e-02, -9.99373029e-01,  5.74913910e-04,
         1.15563671e-02],
       [ 9.99241267e-01, -3.54054941e-02, -1.62278050e-02,
         2.22330302e-01],
       [ 1.62379858e-02, -0.00000000e+00,  9.99868155e-01,
         8.36426321e-02],
       [ 0.00000000e+00,  0.00000000e+00,  0.00000000e+00,
         1.00000000e+00]])]"
10,"[array([[-0.48170115, -0.87613789, -0.01861172, -0.13247396],
       [ 0.87548465, -0.48206057,  0.03382653,  0.1760777 ],
       [-0.03860868,  0.        ,  0.99925441,  0.08528183],
       [ 0.        ,  0.        ,  0.        ,  1.        ]])]","[array([[ 0.25194857, -0.96773172,  0.00415192, -0.16136576],
       [ 0.96760034,  0.25198278,  0.01594533,  0.24149923],
       [-0.01647702, -0.        ,  0.99986424,  0.08381797],
       [ 0.        ,  0.        ,  0.        ,  1.        ]])]","[array([[ 0.25194857, -0.96773172,  0.00415192, -0.16136576],
       [ 0.96760034,  0.25198278,  0.01594533,  0.24149923],
       [-0.01647702, -0.        ,  0.99986424,  0.08381797],
       [ 0.        ,  0.        ,  0.        ,  1.        ]])]","[array([[ 0.75174549, -0.65913899,  0.02035928, -0.07095996],
       [ 0.6588974 ,  0.75202114,  0.01784471,  0.18568389],
       [-0.02707275,  0.        ,  0.99963347,  0.08542843],
       [ 0.        ,  0.        ,  0.        ,  1.        ]])]","[array([[-2.07653135e-02, -9.99784033e-01,  8.29809237e-04,
        -2.81796935e-02],
       [ 9.98986707e-01, -2.07818870e-02, -3.99208227e-02,
         2.22795472e-01],
       [ 3.99294461e-02, -0.00000000e+00,  9.99202502e-01,
         8.22652436e-02],
       [ 0.00000000e+00,  0.00000000e+00,  0.00000000e+00,
         1.00000000e+00]])]","[array([[-2.07653135e-02, -9.99784033e-01,  8.29809237e-04,
        -2.81796935e-02],
       [ 9.98986707e-01, -2.07818870e-02, -3.99208227e-02,
         2.22795472e-01],
       [ 3.99294461e-02, -0.00000000e+00,  9.99202502e-01,
         8.22652436e-02],
       [ 0.00000000e+00,  0.00000000e+00,  0.00000000e+00,
         1.00000000e+00]])]"
11,"[array([[-0.4688256 , -0.88311491, -0.01762441, -0.16637474],
       [ 0.88249156, -0.46915675,  0.03317523,  0.17486153],
       [-0.03756615,  0.        ,  0.99929414,  0.08491648],
       [ 0.        ,  0.        ,  0.        ,  1.        ]])]","[array([[ 0.26859014, -0.96324033,  0.00523462, -0.19424375],
       [ 0.96305745,  0.26864115,  0.01876928,  0.24078066],
       [-0.01948556, -0.        ,  0.99981014,  0.08357664],
       [ 0.        ,  0.        ,  0.        ,  1.        ]])]","[array([[ 0.26859014, -0.96324033,  0.00523462, -0.19424375],
       [ 0.96305745,  0.26864115,  0.01876928,  0.24078066],
       [-0.01948556, -0.        ,  0.99981014,  0.08357664],
       [ 0.        ,  0.        ,  0.        ,  1.        ]])]","[array([[ 0.76185842, -0.6474818 ,  0.01841394, -0.10470603],
       [ 0.64729276,  0.76208091,  0.01564491,  0.18345411],
       [-0.02416271,  0.        ,  0.99970804,  0.08504324],
       [ 0.        ,  0.        ,  0.        ,  1.        ]])]","[array([[-1.28411964e-02, -9.99917505e-01,  2.93153814e-04,
        -6.09625157e-02],
       [ 9.99657043e-01, -1.28445422e-02, -2.28213374e-02,
         2.19777294e-01],
       [ 2.28232202e-02, -0.00000000e+00,  9.99739516e-01,
         8.28562216e-02],
       [ 0.00000000e+00,  0.00000000e+00,  0.00000000e+00,
         1.00000000e+00]])]","[array([[-1.28411964e-02, -9.99917505e-01,  2.93153814e-04,
        -6.09625157e-02],
       [ 9.99657043e-01, -1.28445422e-02, -2.28213374e-02,
         2.19777294e-01],
       [ 2.28232202e-02, -0.00000000e+00,  9.99739516e-01,
         8.28562216e-02],
       [ 0.00000000e+00,  0.00000000e+00,  0.00000000e+00,
         1.00000000e+00]])]"
12,"[array([[-0.41445057, -0.90994765, -0.0150332 , -0.19264096],
       [ 0.90934963, -0.41472313,  0.03298449,  0.17622309],
       [-0.03624877,  0.        ,  0.9993428 ,  0.08468997],
       [ 0.        ,  0.        ,  0.        ,  1.        ]])]","[array([[ 0.32743831, -0.94485148,  0.00631088, -0.21643437],
       [ 0.94467604,  0.32749912,  0.0182072 ,  0.24372705],
       [-0.01926991, -0.        ,  0.99981432,  0.08342378],
       [ 0.        ,  0.        ,  0.        ,  1.        ]])]","[array([[ 0.32743831, -0.94485148,  0.00631088, -0.21643437],
       [ 0.94467604,  0.32749912,  0.0182072 ,  0.24372705],
       [-0.01926991, -0.        ,  0.99981432,  0.08342378],
       [ 0.        ,  0.        ,  0.        ,  1.        ]])]","[array([[ 0.79989807, -0.59980615,  0.01989111, -0.130584  ],
       [ 0.59962078,  0.80014535,  0.0149108 ,  0.18097678],
       [-0.02485937,  0.        ,  0.99969096,  0.08486785],
       [ 0.        ,  0.        ,  0.        ,  1.        ]])]","[array([[ 0.04875207, -0.99881021, -0.00118629, -0.08469396],
       [ 0.99851464,  0.0487665 , -0.02429694,  0.21455277],
       [ 0.02432588,  0.        ,  0.99970408,  0.08261344],
       [ 0.        ,  0.        ,  0.        ,  1.        ]])]","[array([[ 0.04875207, -0.99881021, -0.00118629, -0.08469396],
       [ 0.99851464,  0.0487665 , -0.02429694,  0.21455277],
       [ 0.02432588,  0.        ,  0.99970408,  0.08261344],
       [ 0.        ,  0.        ,  0.        ,  1.        ]])]"
13,"[array([[-0.32030058, -0.94724466, -0.01162302, -0.20269218],
       [ 0.94662161, -0.32051139,  0.03435087,  0.18444186],
       [-0.03626399,  0.        ,  0.99934225,  0.08464331],
       [ 0.        ,  0.        ,  0.        ,  1.        ]])]","[array([[ 0.42234328, -0.90641883,  0.00557268, -0.2195074 ],
       [ 0.90633994,  0.42238004,  0.01195886,  0.2540401 ],
       [-0.01319352, -0.        ,  0.99991296,  0.08312555],
       [ 0.        ,  0.        ,  0.        ,  1.        ]])]","[array([[ 0.42234328, -0.90641883,  0.00557268, -0.2195074 ],
       [ 0.90633994,  0.42238004,  0.01195886,  0.2540401 ],
       [-0.01319352, -0.        ,  0.99991296,  0.08312555],
       [ 0.        ,  0.        ,  0.        ,  1.        ]])]","[array([[ 0.85702592, -0.51493634,  0.01863167, -0.14051644],
       [ 0.51481469,  0.85722842,  0.01119203,  0.18277605],
       [-0.02173478,  0.        ,  0.99976377,  0.08472386],
       [ 0.        ,  0.        ,  0.        ,  1.        ]])]","[array([[ 0.15196941, -0.98836938, -0.00559121, -0.09150171],
       [ 0.98770112,  0.15207223, -0.03633917,  0.2115441 ],
       [ 0.03676679,  0.        ,  0.99932387,  0.08214982],
       [ 0.        ,  0.        ,  0.        ,  1.        ]])]","[array([[ 0.15196941, -0.98836938, -0.00559121, -0.09150171],
       [ 0.98770112,  0.15207223, -0.03633917,  0.2115441 ],
       [ 0.03676679,  0.        ,  0.99932387,  0.08214982],
       [ 0.        ,  0.        ,  0.        ,  1.        ]])]"
14,"[array([[-0.28850931, -0.95742158, -0.0103096 , -0.20023306],
       [ 0.95681089, -0.28869345,  0.03419072,  0.19728755],
       [-0.03571125,  0.        ,  0.99936215,  0.08466293],
       [ 0.        ,  0.        ,  0.        ,  1.        ]])]","[array([[ 0.45320137, -0.89138993,  0.00570072, -0.21464706],
       [ 0.89131942,  0.45323723,  0.01121172,  0.26738961],
       [-0.01257779, -0.        ,  0.9999209 ,  0.08313397],
       [ 0.        ,  0.        ,  0.        ,  1.        ]])]","[array([[ 0.45320137, -0.89138993,  0.00570072, -0.21464706],
       [ 0.89131942,  0.45323723,  0.01121172,  0.26738961],
       [-0.01257779, -0.        ,  0.9999209 ,  0.08313397],
       [ 0.        ,  0.        ,  0.        ,  1.        ]])]","[array([[ 0.87481561, -0.4839752 ,  0.02157929, -0.13819015],
       [ 0.48382802,  0.87508172,  0.0119347 ,  0.1934506 ],
       [-0.02465975,  0.        ,  0.9996959 ,  0.08482838],
       [ 0.        ,  0.        ,  0.        ,  1.        ]])]","[array([[ 0.18620534, -0.98248463, -0.00717829, -0.08822949],
       [ 0.98175539,  0.18634365, -0.03784707,  0.2204684 ],
       [ 0.03852179,  0.        ,  0.99925776,  0.08211301],
       [ 0.        ,  0.        ,  0.        ,  1.        ]])]","[array([[ 0.18620534, -0.98248463, -0.00717829, -0.08822949],
       [ 0.98175539,  0.18634365, -0.03784707,  0.2204684 ],
       [ 0.03852179,  0.        ,  0.99925776,  0.08211301],
       [ 0.        ,  0.        ,  0.        ,  1.        ]])]"
15,"[array([[-0.27743144, -0.96069413, -0.00992933, -0.19019143],
       [ 0.96007942, -0.27760907,  0.03436143,  0.22111542],
       [-0.0357673 ,  0.        ,  0.99936015,  0.08475819],
       [ 0.        ,  0.        ,  0.        ,  1.        ]])]","[array([[ 0.46372553, -0.88595812,  0.00606949, -0.20382228],
       [ 0.88588224,  0.46376525,  0.0115949 ,  0.29138089],
       [-0.01308741, -0.        ,  0.99991436,  0.08325218],
       [ 0.        ,  0.        ,  0.        ,  1.        ]])]","[array([[ 0.46372553, -0.88595812,  0.00606949, -0.20382228],
       [ 0.88588224,  0.46376525,  0.0115949 ,  0.29138089],
       [-0.01308741, -0.        ,  0.99991436,  0.08325218],
       [ 0.        ,  0.        ,  0.        ,  1.        ]])]","[array([[ 0.87909185, -0.47637145,  0.01636319, -0.12816045],
       [ 0.47628895,  0.87924413,  0.00886552,  0.21647242],
       [-0.01861051,  0.        ,  0.99982681,  0.08470288],
       [ 0.        ,  0.        ,  0.        ,  1.        ]])]","[array([[ 0.19817786, -0.98013687, -0.00756669, -0.07795094],
       [ 0.97942322,  0.19832226, -0.03739565,  0.24305127],
       [ 0.03815349,  0.        ,  0.99927189,  0.08222272],
       [ 0.        ,  0.        ,  0.        ,  1.        ]])]","[array([[ 0.19817786, -0.98013687, -0.00756669, -0.07795094],
       [ 0.97942322,  0.19832226, -0.03739565,  0.24305127],
       [ 0.03815349,  0.        ,  0.99927189,  0.08222272],
       [ 0.        ,  0.        ,  0.        ,  1.        ]])]"
16,"[array([[-0.27855688, -0.96036678, -0.0100851 , -0.1688655 ],
       [ 0.95973798, -0.27873938,  0.03474712,  0.25683221],
       [-0.0361811 ,  0.        ,  0.99934525,  0.08495046],
       [ 0.        ,  0.        ,  0.        ,  1.        ]])]","[array([[ 0.46384243, -0.88589331,  0.00657668, -0.18264971],
       [ 0.88580427,  0.46388905,  0.01255955,  0.32711392],
       [-0.01417728, -0.        ,  0.9998995 ,  0.08347584],
       [ 0.        ,  0.        ,  0.        ,  1.        ]])]","[array([[ 0.46384243, -0.88589331,  0.00657668, -0.18264971],
       [ 0.88580427,  0.46388905,  0.01255955,  0.32711392],
       [-0.01417728, -0.        ,  0.9998995 ,  0.08347584],
       [ 0.        ,  0.        ,  0.        ,  1.        ]])]","[array([[ 0.87877724, -0.47679554,  0.02041024, -0.10681817],
       [ 0.47666699,  0.87901423,  0.01107094,  0.25228391],
       [-0.02321947,  0.        ,  0.99973039,  0.08498712],
       [ 0.        ,  0.        ,  0.        ,  1.        ]])]","[array([[ 0.19681237, -0.98042007, -0.00643295, -0.05665641],
       [ 0.97989677,  0.19691747, -0.0320286 ,  0.2788999 ],
       [ 0.03266824,  0.        ,  0.99946625,  0.08259415],
       [ 0.        ,  0.        ,  0.        ,  1.        ]])]","[array([[ 0.19681237, -0.98042007, -0.00643295, -0.05665641],
       [ 0.97989677,  0.19691747, -0.0320286 ,  0.2788999 ],
       [ 0.03266824,  0.        ,  0.99946625,  0.08259415],
       [ 0.        ,  0.        ,  0.        ,  1.        ]])]"
17,"[array([[-0.27721657, -0.96075167, -0.01035328, -0.1441759 ],
       [ 0.96008234, -0.27740984,  0.03585643,  0.29273062],
       [-0.03732123,  0.        ,  0.99930332,  0.085189  ],
       [ 0.        ,  0.        ,  0.        ,  1.        ]])]","[array([[ 0.4663709 , -0.88455897,  0.00732168, -0.15786111],
       [ 0.88444999,  0.46642837,  0.01388522,  0.36304942],
       [-0.01569734, -0.        ,  0.99987679,  0.08374218],
       [ 0.        ,  0.        ,  0.        ,  1.        ]])]","[array([[ 0.4663709 , -0.88455897,  0.00732168, -0.15786111],
       [ 0.88444999,  0.46642837,  0.01388522,  0.36304942],
       [-0.01569734, -0.        ,  0.99987679,  0.08374218],
       [ 0.        ,  0.        ,  0.        ,  1.        ]])]","[array([[ 0.88020244, -0.47411502,  0.02141526, -0.08215031],
       [ 0.47397475,  0.88046292,  0.01153177,  0.28809007],
       [-0.02432272,  0.        ,  0.99970416,  0.08522083],
       [ 0.        ,  0.        ,  0.        ,  1.        ]])]","[array([[ 0.19587351, -0.98061536, -0.00520373, -0.03177024],
       [ 0.98026949,  0.19594262, -0.02604262,  0.31449964],
       [ 0.02655742,  0.        ,  0.99964729,  0.08318447],
       [ 0.        ,  0.        ,  0.        ,  1.        ]])]","[array([[ 0.19587351, -0.98061536, -0.00520373, -0.03177024],
       [ 0.98026949,  0.19594262, -0.02604262,  0.31449964],
       [ 0.02655742,  0.        ,  0.99964729,  0.08318447],
       [ 0.        ,  0.        ,  0.        ,  1.        ]])]"
18,"[array([[-0.31455826, -0.94916416, -0.01185291, -0.12855964],
       [ 0.94849104, -0.31478149,  0.03574022,  0.32030916],
       [-0.03765442,  0.        ,  0.99929082,  0.08532446],
       [ 0.        ,  0.        ,  0.        ,  1.        ]])]","[array([[ 0.43435149, -0.90070408,  0.00842318, -0.14510655],
       [ 0.90053476,  0.43443315,  0.01746367,  0.39012794],
       [-0.01938891, -0.        ,  0.99981202,  0.08400957],
       [ 0.        ,  0.        ,  0.        ,  1.        ]])]","[array([[ 0.43435149, -0.90070408,  0.00842318, -0.14510655],
       [ 0.90053476,  0.43443315,  0.01746367,  0.39012794],
       [-0.01938891, -0.        ,  0.99981202,  0.08400957],
       [ 0.        ,  0.        ,  0.        ,  1.        ]])]","[array([[ 0.86161586, -0.50710079,  0.02160774, -0.06641271],
       [ 0.50694141,  0.86188676,  0.01271316,  0.31815176],
       [-0.02507028,  0.        ,  0.99968569,  0.08537857],
       [ 0.        ,  0.        ,  0.        ,  1.        ]])]","[array([[ 0.15236995, -0.98832068, -0.00237385, -0.01691577],
       [ 0.98820076,  0.15238844, -0.01539566,  0.34634256],
       [ 0.0155776 ,  0.        ,  0.99987866,  0.08368263],
       [ 0.        ,  0.        ,  0.        ,  1.        ]])]","[array([[ 0.15236995, -0.98832068, -0.00237385, -0.01691577],
       [ 0.98820076,  0.15238844, -0.01539566,  0.34634256],
       [ 0.0155776 ,  0.        ,  0.99987866,  0.08368263],
       [ 0.        ,  0.        ,  0.        ,  1.        ]])]"
19,"[array([[-0.33759223, -0.94120489, -0.01283919, -0.12164114],
       [ 0.94052494, -0.33783629,  0.03576971,  0.33870335],
       [-0.03800417,  0.        ,  0.99927758,  0.08539229],
       [ 0.        ,  0.        ,  0.        ,  1.        ]])]","[array([[ 0.41613851, -0.90925724,  0.00894557, -0.13980886],
       [ 0.90904722,  0.41623465,  0.01954145,  0.40819535],
       [-0.02149166, -0.        ,  0.99976903,  0.08415543],
       [ 0.        ,  0.        ,  0.        ,  1.        ]])]","[array([[ 0.41613851, -0.90925724,  0.00894557, -0.13980886],
       [ 0.90904722,  0.41623465,  0.01954145,  0.40819535],
       [-0.02149166, -0.        ,  0.99976903,  0.08415543],
       [ 0.        ,  0.        ,  0.        ,  1.        ]])]","[array([[ 0.84742173, -0.53088874, -0.00579276, -0.05946788],
       [ 0.53087634,  0.84744153, -0.00362894,  0.33768141],
       [ 0.00683559,  0.        ,  0.99997664,  0.08445388],
       [ 0.        ,  0.        ,  0.        ,  1.        ]])]","[array([[ 0.13365234, -0.99102331, -0.00313977, -0.01070972],
       [ 0.99074996,  0.13368922, -0.02327473,  0.36714038],
       [ 0.02348556,  0.        ,  0.99972418,  0.08350916],
       [ 0.        ,  0.        ,  0.        ,  1.        ]])]","[array([[ 0.13365234, -0.99102331, -0.00313977, -0.01070972],
       [ 0.99074996,  0.13368922, -0.02327473,  0.36714038],
       [ 0.02348556,  0.        ,  0.99972418,  0.08350916],
       [ 0.        ,  0.        ,  0.        ,  1.        ]])]"
20,"[array([[-0.30772188, -0.95142943, -0.00944872, -0.11623954],
       [ 0.95098124, -0.30786691,  0.02920025,  0.35582403],
       [-0.03069093,  0.        ,  0.99952892,  0.08517448],
       [ 0.        ,  0.        ,  0.        ,  1.        ]])]","[array([[ 0.44256679, -0.89668576,  0.00944918, -0.13227971],
       [ 0.89648145,  0.44266765,  0.01914064,  0.42578689],
       [-0.02134599, -0.        ,  0.99977215,  0.0842088 ],
       [ 0.        ,  0.        ,  0.        ,  1.        ]])]","[array([[ 0.44256679, -0.89668576,  0.00944918, -0.13227971],
       [ 0.89648145,  0.44266765,  0.01914064,  0.42578689],
       [-0.02134599, -0.        ,  0.99977215,  0.0842088 ],
       [ 0.        ,  0.        ,  0.        ,  1.        ]])]","[array([[ 0.8653598 , -0.50106151,  0.00947544, -0.05409098],
       [ 0.50103148,  0.86541167,  0.00548615,  0.35310942],
       [-0.01094906,  0.        ,  0.99994006,  0.08496526],
       [ 0.        ,  0.        ,  0.        ,  1.        ]])]","[array([[ 0.16386222, -0.98647506, -0.00401528, -0.00450785],
       [ 0.98617903,  0.16391141, -0.02416536,  0.38095029],
       [ 0.02449668,  0.        ,  0.99969991,  0.08351001],
       [ 0.        ,  0.        ,  0.        ,  1.        ]])]","[array([[ 0.16386222, -0.98647506, -0.00401528, -0.00450785],
       [ 0.98617903,  0.16391141, -0.02416536,  0.38095029],
       [ 0.02449668,  0.        ,  0.99969991,  0.08351001],
       [ 0.        ,  0.        ,  0.        ,  1.        ]])]"
21,"[array([[-0.29308057, -0.95603271, -0.01025817, -0.11134487],
       [ 0.95544764, -0.29326004,  0.03344181,  0.37843614],
       [-0.03497978,  0.        ,  0.99938802,  0.08538955],
       [ 0.        ,  0.        ,  0.        ,  1.        ]])]","[array([[ 0.45489105, -0.89049365,  0.00975625, -0.12639976],
       [ 0.89028891,  0.45499566,  0.01909442,  0.44861529],
       [-0.02144251, -0.        ,  0.99977008,  0.08427387],
       [ 0.        ,  0.        ,  0.        ,  1.        ]])]","[array([[ 0.45489105, -0.89049365,  0.00975625, -0.12639976],
       [ 0.89028891,  0.45499566,  0.01909442,  0.44861529],
       [-0.02144251, -0.        ,  0.99977008,  0.08427387],
       [ 0.        ,  0.        ,  0.        ,  1.        ]])]","[array([[ 0.87165989, -0.48963094,  0.02169279, -0.04917566],
       [ 0.48947939,  0.87192978,  0.01218155,  0.37487304],
       [-0.02487905,  0.        ,  0.99969047,  0.08550229],
       [ 0.        ,  0.        ,  0.        ,  1.        ]])]","[array([[ 1.76971386e-01, -9.84206372e-01, -4.35263617e-03,
         7.85472321e-04],
       [ 9.83908824e-01,  1.77024904e-01, -2.41993762e-02,
         4.02079792e-01],
       [ 2.45877052e-02,  0.00000000e+00,  9.99697677e-01,
         8.35491110e-02],
       [ 0.00000000e+00,  0.00000000e+00,  0.00000000e+00,
         1.00000000e+00]])]","[array([[ 1.76971386e-01, -9.84206372e-01, -4.35263617e-03,
         7.85472321e-04],
       [ 9.83908824e-01,  1.77024904e-01, -2.41993762e-02,
         4.02079792e-01],
       [ 2.45877052e-02,  0.00000000e+00,  9.99697677e-01,
         8.35491110e-02],
       [ 0.00000000e+00,  0.00000000e+00,  0.00000000e+00,
         1.00000000e+00]])]"
22,"[array([[-0.26474196, -0.96427169, -0.00958181, -0.10304937],
       [ 0.96364074, -0.2649153 ,  0.03487705,  0.40522004],
       [-0.03616932,  0.        ,  0.99934568,  0.08552819],
       [ 0.        ,  0.        ,  0.        ,  1.        ]])]","[array([[ 0.47917013, -0.8776625 ,  0.01022344, -0.11607109],
       [ 0.87746281,  0.47927918,  0.0187213 ,  0.47576744],
       [-0.02133086, -0.        ,  0.99977247,  0.08436932],
       [ 0.        ,  0.        ,  0.        ,  1.        ]])]","[array([[ 0.47917013, -0.8776625 ,  0.01022344, -0.11607109],
       [ 0.87746281,  0.47927918,  0.0187213 ,  0.47576744],
       [-0.02133086, -0.        ,  0.99977247,  0.08436932],
       [ 0.        ,  0.        ,  0.        ,  1.        ]])]","[array([[ 0.88657022, -0.46194798,  0.02443975, -0.04103496],
       [ 0.46177256,  0.88690702,  0.01272951,  0.39998059],
       [-0.02755616,  0.        ,  0.99962026,  0.08569026],
       [ 0.        ,  0.        ,  0.        ,  1.        ]])]","[array([[ 0.20577275, -0.97858432, -0.00550473,  0.00966389],
       [ 0.97823435,  0.20584637, -0.02616925,  0.42570754],
       [ 0.02674194,  0.        ,  0.99964237,  0.08352461],
       [ 0.        ,  0.        ,  0.        ,  1.        ]])]","[array([[ 0.20577275, -0.97858432, -0.00550473,  0.00966389],
       [ 0.97823435,  0.20584637, -0.02616925,  0.42570754],
       [ 0.02674194,  0.        ,  0.99964237,  0.08352461],
       [ 0.        ,  0.        ,  0.        ,  1.        ]])]"
23,"[array([[-0.21897643, -0.97569799, -0.00792176, -0.08910749],
       [ 0.97506016, -0.21911968,  0.03527407,  0.43391417],
       [-0.03615265,  0.        ,  0.99934628,  0.08565382],
       [ 0.        ,  0.        ,  0.        ,  1.        ]])]","[array([[ 0.51870429, -0.8548919 ,  0.01028055, -0.09876881],
       [ 0.85472405,  0.51880616,  0.01694035,  0.5049414 ],
       [-0.01981578, -0.        ,  0.99980365,  0.08444214],
       [ 0.        ,  0.        ,  0.        ,  1.        ]])]","[array([[ 0.51870429, -0.8548919 ,  0.01028055, -0.09876881],
       [ 0.85472405,  0.51880616,  0.01694035,  0.5049414 ],
       [-0.01981578, -0.        ,  0.99980365,  0.08444214],
       [ 0.        ,  0.        ,  0.        ,  1.        ]])]","[array([[ 0.90691053, -0.42055807,  0.02538109, -0.02737125],
       [ 0.42039347,  0.90726562,  0.01176527,  0.42580717],
       [-0.02797537,  0.        ,  0.99960861,  0.08581165],
       [ 0.        ,  0.        ,  0.        ,  1.        ]])]","[array([[ 0.25166241, -0.96778636, -0.00745655,  0.02444207],
       [ 0.96736183,  0.25177285, -0.02866214,  0.44919577],
       [ 0.02961619,  0.        ,  0.99956134,  0.08351321],
       [ 0.        ,  0.        ,  0.        ,  1.        ]])]","[array([[ 0.25166241, -0.96778636, -0.00745655,  0.02444207],
       [ 0.96736183,  0.25177285, -0.02866214,  0.44919577],
       [ 0.02961619,  0.        ,  0.99956134,  0.08351321],
       [ 0.        ,  0.        ,  0.        ,  1.        ]])]"
24,"[array([[-0.18881449, -0.98198862, -0.00688727, -0.07776468],
       [ 0.98133599, -0.18894006,  0.03579557,  0.45564788],
       [-0.03645212,  0.        ,  0.9993354 ,  0.08577653],
       [ 0.        ,  0.        ,  0.        ,  1.        ]])]","[array([[ 0.54420607, -0.83888678,  0.01042684, -0.08519874],
       [ 0.83873285,  0.54430595,  0.01606989,  0.52690667],
       [-0.01915621, -0.        ,  0.9998165 ,  0.08454517],
       [ 0.        ,  0.        ,  0.        ,  1.        ]])]","[array([[ 0.54420607, -0.83888678,  0.01042684, -0.08519874],
       [ 0.83873285,  0.54430595,  0.01606989,  0.52690667],
       [-0.01915621, -0.        ,  0.9998165 ,  0.08454517],
       [ 0.        ,  0.        ,  0.        ,  1.        ]])]","[array([[ 0.91840801, -0.39494023,  0.02342932, -0.01630343],
       [ 0.39481178,  0.91870682,  0.01007196,  0.44554074],
       [-0.0255025 ,  0.        ,  0.99967476,  0.08585526],
       [ 0.        ,  0.        ,  0.        ,  1.        ]])]","[array([[ 0.28281194, -0.95913616, -0.00867382,  0.03613246],
       [ 0.95868538,  0.28294492, -0.02940279,  0.4674313 ],
       [ 0.03065549,  0.        ,  0.99953001,  0.08355016],
       [ 0.        ,  0.        ,  0.        ,  1.        ]])]","[array([[ 0.28281194, -0.95913616, -0.00867382,  0.03613246],
       [ 0.95868538,  0.28294492, -0.02940279,  0.4674313 ],
       [ 0.03065549,  0.        ,  0.99953001,  0.08355016],
       [ 0.        ,  0.        ,  0.        ,  1.        ]])]"
25,"[array([[-0.17024192, -0.98538319, -0.00613629, -0.07217131],
       [ 0.98474371, -0.17035248,  0.0354946 ,  0.46378398],
       [-0.03602112,  0.        ,  0.99935103,  0.08582287],
       [ 0.        ,  0.        ,  0.        ,  1.        ]])]","[array([[ 0.55886709, -0.82919204,  0.01039894, -0.07823034],
       [ 0.82904853,  0.55896383,  0.01542626,  0.53513759],
       [-0.01860396, -0.        ,  0.99982693,  0.08457761],
       [ 0.        ,  0.        ,  0.        ,  1.        ]])]","[array([[ 0.55886709, -0.82919204,  0.01039894, -0.07823034],
       [ 0.82904853,  0.55896383,  0.01542626,  0.53513759],
       [-0.01860396, -0.        ,  0.99982693,  0.08457761],
       [ 0.        ,  0.        ,  0.        ,  1.        ]])]","[array([[ 0.9244926 , -0.3806632 ,  0.02022259, -0.01084402],
       [ 0.38057216,  0.92471375,  0.00832474,  0.45245402],
       [-0.02186903,  0.        ,  0.99976084,  0.08578387],
       [ 0.        ,  0.        ,  0.        ,  1.        ]])]","[array([[ 0.30145934, -0.95343184, -0.00948654,  0.04189691],
       [ 0.95296011,  0.30160857, -0.02998843,  0.47350299],
       [ 0.03145314,  0.        ,  0.99950523,  0.08356779],
       [ 0.        ,  0.        ,  0.        ,  1.        ]])]","[array([[ 0.30145934, -0.95343184, -0.00948654,  0.04189691],
       [ 0.95296011,  0.30160857, -0.02998843,  0.47350299],
       [ 0.03145314,  0.        ,  0.99950523,  0.08356779],
       [ 0.        ,  0.        ,  0.        ,  1.        ]])]"
26,"[array([[-0.22562207, -0.97417919, -0.00834206, -0.07499035],
