,LP,LD1,LD2,RP,RD1,RD2
0,"[array([[-0.34488424, -0.93850032, -0.0164928 , -0.11582403],
       [ 0.93742904, -0.34527837,  0.04482905,  0.07926205],
       [-0.04776669,  0.        ,  0.99885852,  0.08501897],
       [ 0.        ,  0.        ,  0.        ,  1.        ]])]","[array([[ 0.48869346, -0.87233592,  0.01444769, -0.13409896],
       [ 0.87195495,  0.48890698,  0.0257784 ,  0.14896691],
       [-0.029551  , -0.        ,  0.99956327,  0.08325772],
       [ 0.        ,  0.        ,  0.        ,  1.        ]])]","[array([[ 0.48869346, -0.87233592,  0.01444769, -0.13409896],
       [ 0.87195495,  0.48890698,  0.0257784 ,  0.14896691],
       [-0.029551  , -0.        ,  0.99956327,  0.08325772],
       [ 0.        ,  0.        ,  0.        ,  1.        ]])]","[array([[ 0.36522538, -0.9308941 , -0.00682675, -0.05773673],
       [ 0.93073152,  0.36528917, -0.01739713,  0.08670356],
       [ 0.01868862,  0.        ,  0.99982535,  0.08542137],
       [ 0.        ,  0.        ,  0.        ,  1.        ]])]","[array([[-0.22562791, -0.97420216,  0.00471242, -0.03596431],
       [ 0.97398974, -0.22567711, -0.02034256,  0.14265307],
       [ 0.02088125, -0.        ,  0.99978196,  0.08649298],
       [ 0.        ,  0.        ,  0.        ,  1.        ]])]","[array([[-0.22562791, -0.97420216,  0.00471242, -0.03596431],
       [ 0.97398974, -0.22567711, -0.02034256,  0.14265307],
       [ 0.02088125, -0.        ,  0.99978196,  0.08649298],
       [ 0.        ,  0.        ,  0.        ,  1.        ]])]"
1,"[array([[-0.34462554, -0.93859438, -0.01654799, -0.1158329 ],
       [ 0.9375142 , -0.3450226 ,  0.04501692,  0.07926405],
       [-0.04796206,  0.        ,  0.99884916,  0.08502535],
       [ 0.        ,  0.        ,  0.        ,  1.        ]])]","[array([[ 0.48893205, -0.87220249,  0.01443135, -0.13410695],
       [ 0.87182281,  0.48914499,  0.02573279,  0.14897319],
       [-0.02950323, -0.        ,  0.99956469,  0.0832562 ],
       [ 0.        ,  0.        ,  0.        ,  1.        ]])]","[array([[ 0.48893205, -0.87220249,  0.01443135, -0.13410695],
       [ 0.87182281,  0.48914499,  0.02573279,  0.14897319],
       [-0.02950323, -0.        ,  0.99956469,  0.0832562 ],
       [ 0.        ,  0.        ,  0.        ,  1.        ]])]","[array([[ 0.3631022 , -0.93173127, -0.00579913, -0.0576956 ],
       [ 0.93161246,  0.36314851, -0.01487884,  0.08666582],
       [ 0.01596903,  0.        ,  0.99987249,  0.08548329],
       [ 0.        ,  0.        ,  0.        ,  1.        ]])]","[array([[-0.22551735, -0.9742276 ,  0.00474494, -0.03596718],
       [ 0.97401203, -0.22556726, -0.02049343,  0.14265587],
       [ 0.02103557, -0.        ,  0.99977873,  0.08648507],
       [ 0.        ,  0.        ,  0.        ,  1.        ]])]","[array([[-0.22551735, -0.9742276 ,  0.00474494, -0.03596718],
       [ 0.97401203, -0.22556726, -0.02049343,  0.14265587],
       [ 0.02103557, -0.        ,  0.99977873,  0.08648507],
       [ 0.        ,  0.        ,  0.        ,  1.        ]])]"
2,"[array([[-0.34494497, -0.9384779 , -0.01649862, -0.11582042],
       [ 0.93740627, -0.34533931,  0.04483587,  0.07926387],
       [-0.0477751 ,  0.        ,  0.99885812,  0.08502116],
       [ 0.        ,  0.        ,  0.        ,  1.        ]])]","[array([[ 0.48873733, -0.87231455,  0.01425272, -0.13409826],
       [ 0.87194386,  0.48894511,  0.02542792,  0.14896844],
       [-0.02914994, -0.        ,  0.99957505,  0.08324197],
       [ 0.        ,  0.        ,  0.        ,  1.        ]])]","[array([[ 0.48873733, -0.87231455,  0.01425272, -0.13409826],
       [ 0.87194386,  0.48894511,  0.02542792,  0.14896844],
       [-0.02914994, -0.        ,  0.99957505,  0.08324197],
       [ 0.        ,  0.        ,  0.        ,  1.        ]])]","[array([[ 0.36527004, -0.93087707, -0.00675848, -0.05773658],
       [ 0.93071777,  0.36533256, -0.01722079,  0.08670825],
       [ 0.01849953,  0.        ,  0.99982887,  0.08542561],
       [ 0.        ,  0.        ,  0.        ,  1.        ]])]","[array([[-0.22572151, -0.97418008,  0.00479359, -0.03596303],
       [ 0.97396047, -0.22577241, -0.02068377,  0.14265469],
       [ 0.02123198, -0.        ,  0.99977458,  0.08647582],
       [ 0.        ,  0.        ,  0.        ,  1.        ]])]","[array([[-0.22572151, -0.97418008,  0.00479359, -0.03596303],
       [ 0.97396047, -0.22577241, -0.02068377,  0.14265469],
       [ 0.02123198, -0.        ,  0.99977458,  0.08647582],
       [ 0.        ,  0.        ,  0.        ,  1.        ]])]"
3,"[array([[-0.3448801 , -0.93850032, -0.01657907, -0.11582313],
       [ 0.9374178 , -0.34527837,  0.04506352,  0.0792643 ],
       [-0.04801653,  0.        ,  0.99884654,  0.08502657],
       [ 0.        ,  0.        ,  0.        ,  1.        ]])]","[array([[ 0.48886343, -0.87224105,  0.01442582, -0.13409994],
       [ 0.87186153,  0.48907623,  0.02572768,  0.14897665],
       [-0.02949606, -0.        ,  0.9995649 ,  0.08325297],
       [ 0.        ,  0.        ,  0.        ,  1.        ]])]","[array([[ 0.48886343, -0.87224105,  0.01442582, -0.13409994],
       [ 0.87186153,  0.48907623,  0.02572768,  0.14897665],
       [-0.02949606, -0.        ,  0.9995649 ,  0.08325297],
       [ 0.        ,  0.        ,  0.        ,  1.        ]])]","[array([[ 0.36327026, -0.93166589, -0.00577801, -0.05769779],
       [ 0.93154806,  0.36331621, -0.01481678,  0.08667075],
       [ 0.01590354,  0.        ,  0.99987353,  0.08548476],
       [ 0.        ,  0.        ,  0.        ,  1.        ]])]","[array([[-0.22559058, -0.97421064,  0.0047459 , -0.03596462],
       [ 0.97399512, -0.2256405 , -0.02049061,  0.1426544 ],
       [ 0.02103303, -0.        ,  0.99977878,  0.08648715],
       [ 0.        ,  0.        ,  0.        ,  1.        ]])]","[array([[-0.22559058, -0.97421064,  0.0047459 , -0.03596462],
       [ 0.97399512, -0.2256405 , -0.02049061,  0.1426544 ],
       [ 0.02103303, -0.        ,  0.99977878,  0.08648715],
       [ 0.        ,  0.        ,  0.        ,  1.        ]])]"
4,"[array([[-0.34484725, -0.93851316, -0.01653559, -0.11582401],
       [ 0.93743608, -0.34524347,  0.04495051,  0.07926329],
       [-0.04789545,  0.        ,  0.99885235,  0.08502186],
       [ 0.        ,  0.        ,  0.        ,  1.        ]])]","[array([[ 0.48891287, -0.87221448,  0.01435666, -0.13410339],
       [ 0.87183868,  0.48912361,  0.02560107,  0.14897559],
       [-0.0293518 , -0.        ,  0.99956914,  0.08324839],
       [ 0.        ,  0.        ,  0.        ,  1.        ]])]","[array([[ 0.48891287, -0.87221448,  0.01435666, -0.13410339],
       [ 0.87183868,  0.48912361,  0.02560107,  0.14897559],
       [-0.0293518 , -0.        ,  0.99956914,  0.08324839],
       [ 0.        ,  0.        ,  0.        ,  1.        ]])]","[array([[ 0.36521476, -0.93089877, -0.00675762, -0.05773354],
       [ 0.93073945,  0.36527727, -0.01722159,  0.08670527],
       [ 0.01849996,  0.        ,  0.99982886,  0.0854276 ],
       [ 0.        ,  0.        ,  0.        ,  1.        ]])]","[array([[-0.22579638, -0.97416311,  0.00471526, -0.03595942],
       [ 0.97395077, -0.22584561, -0.02033883,  0.14265199],
       [ 0.02087826, -0.        ,  0.99978203,  0.08649407],
       [ 0.        ,  0.        ,  0.        ,  1.        ]])]","[array([[-0.22579638, -0.97416311,  0.00471526, -0.03595942],
       [ 0.97395077, -0.22584561, -0.02033883,  0.14265199],
       [ 0.02087826, -0.        ,  0.99978203,  0.08649407],
       [ 0.        ,  0.        ,  0.        ,  1.        ]])]"
5,"[array([[-0.3449119 , -0.93848748, -0.01664411, -0.11582127],
       [ 0.93739668, -0.34531326,  0.04523512,  0.07926338],
       [-0.04820003,  0.        ,  0.9988377 ,  0.08502568],
       [ 0.        ,  0.        ,  0.        ,  1.        ]])]","[array([[ 0.48862608, -0.87237609,  0.0143011 , -0.134094  ],
       [ 0.87200268,  0.48883532,  0.02552175,  0.14896707],
       [-0.02925545, -0.        ,  0.99957197,  0.08324632],
       [ 0.        ,  0.        ,  0.        ,  1.        ]])]","[array([[ 0.48862608, -0.87237609,  0.0143011 , -0.134094  ],
       [ 0.87200268,  0.48883532,  0.02552175,  0.14896707],
       [-0.02925545, -0.        ,  0.99957197,  0.08324632],
       [ 0.        ,  0.        ,  0.        ,  1.        ]])]","[array([[ 0.36512933, -0.93093281, -0.00668456, -0.05773193],
       [ 0.93077684,  0.36519051, -0.01704007,  0.08670266],
       [ 0.0183043 ,  0.        ,  0.99983246,  0.08543198],
       [ 0.        ,  0.        ,  0.        ,  1.        ]])]","[array([[-0.22558753, -0.97421145,  0.00472416, -0.03596372],
       [ 0.9739979 , -0.22563699, -0.02039708,  0.14265736],
       [ 0.02093701, -0.        ,  0.9997808 ,  0.0864902 ],
       [ 0.        ,  0.        ,  0.        ,  1.        ]])]","[array([[-0.22558753, -0.97421145,  0.00472416, -0.03596372],
       [ 0.9739979 , -0.22563699, -0.02039708,  0.14265736],
       [ 0.02093701, -0.        ,  0.9997808 ,  0.0864902 ],
       [ 0.        ,  0.        ,  0.        ,  1.        ]])]"
6,"[array([[-0.34475162, -0.9385484 , -0.01652942, -0.11582655],
       [ 0.93747149, -0.34514765,  0.04494789,  0.07926458],
       [-0.04789086,  0.        ,  0.99885257,  0.08501676],
       [ 0.        ,  0.        ,  0.        ,  1.        ]])]","[array([[ 0.48879779, -0.87227861,  0.01437883, -0.13409702],
       [ 0.87190144,  0.48900923,  0.02564849,  0.14897208],
       [-0.02940401, -0.        ,  0.99956761,  0.08325005],
       [ 0.        ,  0.        ,  0.        ,  1.        ]])]","[array([[ 0.48879779, -0.87227861,  0.01437883, -0.13409702],
       [ 0.87190144,  0.48900923,  0.02564849,  0.14897208],
       [-0.02940401, -0.        ,  0.99956761,  0.08325005],
       [ 0.        ,  0.        ,  0.        ,  1.        ]])]","[array([[ 0.36515015, -0.9309243 , -0.00673192, -0.05773232],
       [ 0.93076613,  0.3652122 , -0.01715964,  0.0867051 ],
       [ 0.01843291,  0.        ,  0.9998301 ,  0.0854251 ],
       [ 0.        ,  0.        ,  0.        ,  1.        ]])]","[array([[-0.22554294, -0.97422167,  0.00474496, -0.03596528],
       [ 0.97400615, -0.22559285, -0.02049107,  0.1426577 ],
       [ 0.02103327, -0.        ,  0.99977878,  0.08648514],
       [ 0.        ,  0.        ,  0.        ,  1.        ]])]","[array([[-0.22554294, -0.97422167,  0.00474496, -0.03596528],
       [ 0.97400615, -0.22559285, -0.02049107,  0.1426577 ],
       [ 0.02103327, -0.        ,  0.99977878,  0.08648514],
       [ 0.        ,  0.        ,  0.        ,  1.        ]])]"
7,"[array([[-0.3448801 , -0.93850032, -0.01657907, -0.11582813],
       [ 0.9374178 , -0.34527837,  0.04506352,  0.0792573 ],
       [-0.04801653,  0.        ,  0.99884654,  0.08501857],
       [ 0.        ,  0.        ,  0.        ,  1.        ]])]","[array([[ 0.48869947, -0.87233334,  0.01440051, -0.13410514],
       [ 0.87195486,  0.48891159,  0.02569389,  0.14896394],
       [-0.02945421, -0.        ,  0.99956613,  0.08325264],
       [ 0.        ,  0.        ,  0.        ,  1.        ]])]","[array([[ 0.48869947, -0.87233334,  0.01440051, -0.13410514],
       [ 0.87195486,  0.48891159,  0.02569389,  0.14896394],
       [-0.02945421, -0.        ,  0.99956613,  0.08325264],
       [ 0.        ,  0.        ,  0.        ,  1.        ]])]","[array([[ 0.36196677, -0.93216408, -0.00708478, -0.05767801],
       [ 0.93198557,  0.3620361 , -0.01824175,  0.08664359],
       [ 0.01956925,  0.        ,  0.9998085 ,  0.08539665],
       [ 0.        ,  0.        ,  0.        ,  1.        ]])]","[array([[-0.22567625, -0.97419112,  0.00467939, -0.03596562],
       [ 0.97398176, -0.22572476, -0.02019546,  0.14264966],
       [ 0.02073049, -0.        ,  0.9997851 ,  0.08649377],
       [ 0.        ,  0.        ,  0.        ,  1.        ]])]","[array([[-0.22567625, -0.97419112,  0.00467939, -0.03596562],
       [ 0.97398176, -0.22572476, -0.02019546,  0.14264966],
       [ 0.02073049, -0.        ,  0.9997851 ,  0.08649377],
       [ 0.        ,  0.        ,  0.        ,  1.        ]])]"
8,"[array([[-0.34500116, -0.93845758, -0.01647932, -0.11582993],
       [ 0.93738882, -0.34539451,  0.04477531,  0.07925663],
       [-0.04771159,  0.        ,  0.99886115,  0.08500774],
       [ 0.        ,  0.        ,  0.        ,  1.        ]])]","[array([[ 0.48840353, -0.87250003,  0.01434145, -0.13411248],
       [ 0.87212412,  0.48861405,  0.02560901,  0.14896022],
       [-0.02935129, -0.        ,  0.99956916,  0.08324237],
       [ 0.        ,  0.        ,  0.        ,  1.        ]])]","[array([[ 0.48840353, -0.87250003,  0.01434145, -0.13411248],
       [ 0.87212412,  0.48861405,  0.02560901,  0.14896022],
       [-0.02935129, -0.        ,  0.99956916,  0.08324237],
       [ 0.        ,  0.        ,  0.        ,  1.        ]])]","[array([[ 0.36142159, -0.93237637, -0.00698165, -0.05767668],
       [ 0.93220246,  0.36148901, -0.01800753,  0.08663188],
       [ 0.01931359,  0.        ,  0.99981348,  0.08540938],
       [ 0.        ,  0.        ,  0.        ,  1.        ]])]","[array([[-0.22571096, -0.97418263,  0.00477047, -0.0360034 ],
       [ 0.97396512, -0.22576137, -0.02058506,  0.14265369],
       [ 0.0211306 , -0.        ,  0.99977672,  0.08649405],
       [ 0.        ,  0.        ,  0.        ,  1.        ]])]","[array([[-0.22571096, -0.97418263,  0.00477047, -0.0360034 ],
       [ 0.97396512, -0.22576137, -0.02058506,  0.14265369],
       [ 0.0211306 , -0.        ,  0.99977672,  0.08649405],
       [ 0.        ,  0.        ,  0.        ,  1.        ]])]"
9,"[array([[-0.34490138, -0.93849285, -0.01655945, -0.11583157],
       [ 0.93741302, -0.34529868,  0.04500719,  0.07925818],
       [-0.04795688,  0.        ,  0.99884941,  0.08501623],
       [ 0.        ,  0.        ,  0.        ,  1.        ]])]","[array([[ 0.48858893, -0.87239579,  0.01436801, -0.13411591],
       [ 0.87201882,  0.48880015,  0.0256436 ,  0.1489664 ],
       [-0.02939446, -0.        ,  0.99956789,  0.08324874],
       [ 0.        ,  0.        ,  0.        ,  1.        ]])]","[array([[ 0.48858893, -0.87239579,  0.01436801, -0.13411591],
       [ 0.87201882,  0.48880015,  0.0256436 ,  0.1489664 ],
       [-0.02939446, -0.        ,  0.99956789,  0.08324874],
       [ 0.        ,  0.        ,  0.        ,  1.        ]])]","[array([[ 0.36111775, -0.93249325, -0.00709244, -0.05767092],
       [ 0.93231346,  0.36118739, -0.01831087,  0.08662972],
       [ 0.01963646,  0.        ,  0.99980719,  0.08540214],
       [ 0.        ,  0.        ,  0.        ,  1.        ]])]","[array([[-0.22570601, -0.97418344,  0.00483936, -0.03601357],
       [ 0.97395959, -0.22575789, -0.02088264,  0.14266091],
       [ 0.02143605, -0.        ,  0.99977022,  0.08648233],
       [ 0.        ,  0.        ,  0.        ,  1.        ]])]","[array([[-0.22570601, -0.97418344,  0.00483936, -0.03601357],
       [ 0.97395959, -0.22575789, -0.02088264,  0.14266091],
       [ 0.02143605, -0.        ,  0.99977022,  0.08648233],
       [ 0.        ,  0.        ,  0.        ,  1.        ]])]"
10,"[array([[-0.34944507, -0.93681249, -0.01644707, -0.11581167],
       [ 0.93577658, -0.3498319 ,  0.04404349,  0.07920727],
       [-0.0470142 ,  0.        ,  0.99889422,  0.08500512],
       [ 0.        ,  0.        ,  0.        ,  1.        ]])]","[array([[ 0.48378995, -0.87506743,  0.0142925 , -0.13446232],
       [ 0.87468581,  0.48400102,  0.02584066,  0.148827  ],
       [-0.02952991, -0.        ,  0.9995639 ,  0.08331005],
       [ 0.        ,  0.        ,  0.        ,  1.        ]])]","[array([[ 0.48378995, -0.87506743,  0.0142925 , -0.13446232],
       [ 0.87468581,  0.48400102,  0.02584066,  0.148827  ],
       [-0.02952991, -0.        ,  0.9995639 ,  0.08331005],
       [ 0.        ,  0.        ,  0.        ,  1.        ]])]","[array([[ 0.35537195, -0.93470576, -0.00599284, -0.05771685],
       [ 0.93457288,  0.35542248, -0.01576024,  0.08658694],
       [ 0.01686118,  0.        ,  0.99985784,  0.08542431],
       [ 0.        ,  0.        ,  0.        ,  1.        ]])]","[array([[-0.24737905, -0.9689167 ,  0.00200731, -0.03585995],
       [ 0.96888481, -0.2473872 , -0.00786182,  0.14264589],
       [ 0.00811403, -0.        ,  0.99996708,  0.08687097],
       [ 0.        ,  0.        ,  0.        ,  1.        ]])]","[array([[-0.24737905, -0.9689167 ,  0.00200731, -0.03585995],
       [ 0.96888481, -0.2473872 , -0.00786182,  0.14264589],
       [ 0.00811403, -0.        ,  0.99996708,  0.08687097],
       [ 0.        ,  0.        ,  0.        ,  1.        ]])]"
11,"[array([[-0.35925953, -0.93308852, -0.01668561, -0.11580947],
       [ 0.93208376, -0.3596468 ,  0.04329012,  0.07908034],
       [-0.04639444,  0.        ,  0.9989232 ,  0.08500224],
       [ 0.        ,  0.        ,  0.        ,  1.        ]])]","[array([[ 0.47445635, -0.88015735,  0.01463583, -0.13523442],
       [ 0.87973888,  0.47468204,  0.02713781,  0.14849637],
       [-0.03083291, -0.        ,  0.99952455,  0.08337949],
       [ 0.        ,  0.        ,  0.        ,  1.        ]])]","[array([[ 0.47445635, -0.88015735,  0.01463583, -0.13523442],
       [ 0.87973888,  0.47468204,  0.02713781,  0.14849637],
       [-0.03083291, -0.        ,  0.99952455,  0.08337949],
       [ 0.        ,  0.        ,  0.        ,  1.        ]])]","[array([[ 0.34597373, -0.93823533, -0.00407989, -0.05784065],
       [ 0.9381701 ,  0.34599778, -0.01106335,  0.08653372],
       [ 0.01179166,  0.        ,  0.99993048,  0.08543987],
       [ 0.        ,  0.        ,  0.        ,  1.        ]])]","[array([[-0.24876981, -0.96854525,  0.00580382, -0.03707262],
       [ 0.96828177, -0.2488375 , -0.02259008,  0.14296012],
       [ 0.02332372, -0.        ,  0.99972797,  0.08576831],
       [ 0.        ,  0.        ,  0.        ,  1.        ]])]","[array([[-0.24876981, -0.96854525,  0.00580382, -0.03707262],
       [ 0.96828177, -0.2488375 , -0.02259008,  0.14296012],
       [ 0.02332372, -0.        ,  0.99972797,  0.08576831],
       [ 0.        ,  0.        ,  0.        ,  1.        ]])]"
12,"[array([[-0.39024143, -0.92054352, -0.01764239, -0.11570677],
       [ 0.91960424, -0.39064002,  0.0415743 ,  0.07877333],
       [-0.04516277,  0.        ,  0.99897964,  0.08499665],
       [ 0.        ,  0.        ,  0.        ,  1.        ]])]","[array([[ 0.44486271, -0.8954875 ,  0.01411754, -0.13747533],
       [ 0.89503692,  0.44508667,  0.02840365,  0.14751172],
       [-0.03171864, -0.        ,  0.99949684,  0.08346165],
       [ 0.        ,  0.        ,  0.        ,  1.        ]])]","[array([[ 0.44486271, -0.8954875 ,  0.01411754, -0.13747533],
       [ 0.89503692,  0.44508667,  0.02840365,  0.14751172],
       [-0.03171864, -0.        ,  0.99949684,  0.08346165],
       [ 0.        ,  0.        ,  0.        ,  1.        ]])]","[array([[ 0.30527982, -0.95226119, -0.00168878, -0.05775259],
       [ 0.95224662,  0.30528449, -0.00526775,  0.08609108],
       [ 0.00553183,  0.        ,  0.9999847 ,  0.08541309],
       [ 0.        ,  0.        ,  0.        ,  1.        ]])]","[array([[-0.27598676, -0.96115908,  0.00212989, -0.03895956],
       [ 0.96113046, -0.27599498, -0.0074174 ,  0.14346612],
       [ 0.00771714, -0.        ,  0.99997022,  0.08610559],
       [ 0.        ,  0.        ,  0.        ,  1.        ]])]","[array([[-0.27598676, -0.96115908,  0.00212989, -0.03895956],
       [ 0.96113046, -0.27599498, -0.0074174 ,  0.14346612],
       [ 0.00771714, -0.        ,  0.99997022,  0.08610559],
       [ 0.        ,  0.        ,  0.        ,  1.        ]])]"
13,"[array([[-0.41438316, -0.90990245, -0.01908218, -0.11562696],
       [ 0.90893923, -0.41482229,  0.04185629,  0.07853716],
       [-0.04600085,  0.        ,  0.9989414 ,  0.08503842],
       [ 0.        ,  0.        ,  0.        ,  1.        ]])]","[array([[ 0.42124827, -0.90683709,  0.01401363, -0.13919046],
       [ 0.90633572,  0.4214813 ,  0.030151  ,  0.14666619],
       [-0.03324852, -0.        ,  0.99944711,  0.0835273 ],
       [ 0.        ,  0.        ,  0.        ,  1.        ]])]","[array([[ 0.42124827, -0.90683709,  0.01401363, -0.13919046],
       [ 0.90633572,  0.4214813 ,  0.030151  ,  0.14666619],
       [-0.03324852, -0.        ,  0.99944711,  0.0835273 ],
       [ 0.        ,  0.        ,  0.        ,  1.        ]])]","[array([[ 2.77981531e-01, -9.60586413e-01, -1.07274971e-04,
        -5.76819907e-02],
       [ 9.60586341e-01,  2.77981552e-01, -3.70696828e-04,
         8.57719522e-02],
       [ 3.85906799e-04,  0.00000000e+00,  9.99999926e-01,
         8.54283557e-02],
       [ 0.00000000e+00,  0.00000000e+00,  0.00000000e+00,
         1.00000000e+00]])]","[array([[-0.28481861, -0.95854442,  0.00842383, -0.04111175],
       [ 0.95812545, -0.28494316, -0.02833764,  0.14384664],
       [ 0.0295632 , -0.        ,  0.99956291,  0.08487289],
       [ 0.        ,  0.        ,  0.        ,  1.        ]])]","[array([[-0.28481861, -0.95854442,  0.00842383, -0.04111175],
       [ 0.95812545, -0.28494316, -0.02833764,  0.14384664],
       [ 0.0295632 , -0.        ,  0.99956291,  0.08487289],
       [ 0.        ,  0.        ,  0.        ,  1.        ]])]"
14,"[array([[-0.46291356, -0.88616232, -0.0206732 , -0.11543583],
       [ 0.88527995, -0.46337495,  0.0395356 ,  0.07807184],
       [-0.04461441,  0.        ,  0.99900428,  0.08500936],
       [ 0.        ,  0.        ,  0.        ,  1.        ]])]","[array([[ 0.41121637, -0.91142641,  0.0142478 , -0.1423981 ],
       [ 0.91087983,  0.41146312,  0.03156011,  0.14505961],
       [-0.03462716, -0.        ,  0.9994003 ,  0.08362114],
       [ 0.        ,  0.        ,  0.        ,  1.        ]])]","[array([[ 0.41121637, -0.91142641,  0.0142478 , -0.1423981 ],
       [ 0.91087983,  0.41146312,  0.03156011,  0.14505961],
       [-0.03462716, -0.        ,  0.9994003 ,  0.08362114],
       [ 0.        ,  0.        ,  0.        ,  1.        ]])]","[array([[ 2.40126454e-01, -9.70741309e-01,  7.72521604e-04,
        -5.77881617e-02],
       [ 9.70736285e-01,  2.40127697e-01,  3.12299931e-03,
         8.53446405e-02],
       [-3.21712827e-03,  0.00000000e+00,  9.99994825e-01,
         8.54730637e-02],
       [ 0.00000000e+00,  0.00000000e+00,  0.00000000e+00,
         1.00000000e+00]])]","[array([[-0.31461423, -0.9491685 ,  0.00985154, -0.04357133],
       [ 0.9487035 , -0.31476843, -0.02970683,  0.14413616],
       [ 0.03129774, -0.        ,  0.99951011,  0.08474273],
       [ 0.        ,  0.        ,  0.        ,  1.        ]])]","[array([[-0.31461423, -0.9491685 ,  0.00985154, -0.04357133],
       [ 0.9487035 , -0.31476843, -0.02970683,  0.14413616],
       [ 0.03129774, -0.        ,  0.99951011,  0.08474273],
       [ 0.        ,  0.        ,  0.        ,  1.        ]])]"
15,"[array([[-0.52512395, -0.85071068, -0.02315542, -0.11512206],
       [ 0.84988483, -0.52563422,  0.0374758 ,  0.07747549],
       [-0.04405234,  0.        ,  0.99902922,  0.08501677],
       [ 0.        ,  0.        ,  0.        ,  1.        ]])]","[array([[ 0.41120706, -0.91141546,  0.01518573, -0.14639775],
       [ 0.9107946 ,  0.41148737,  0.03363532,  0.14277742],
       [-0.03690448, -0.        ,  0.9993188 ,  0.08378056],
       [ 0.        ,  0.        ,  0.        ,  1.        ]])]","[array([[ 0.41120706, -0.91141546,  0.01518573, -0.14639775],
       [ 0.9107946 ,  0.41148737,  0.03363532,  0.14277742],
       [-0.03690448, -0.        ,  0.9993188 ,  0.08378056],
       [ 0.        ,  0.        ,  0.        ,  1.        ]])]","[array([[ 1.82020697e-01, -9.83294359e-01,  8.18648373e-04,
        -5.79230010e-02],
       [ 9.83284414e-01,  1.82022538e-01,  4.42237723e-03,
         8.46738792e-02],
       [-4.49751104e-03,  0.00000000e+00,  9.99989886e-01,
         8.54727442e-02],
       [ 0.00000000e+00,  0.00000000e+00,  0.00000000e+00,
         1.00000000e+00]])]","[array([[-0.31352269, -0.94946725,  0.01467839, -0.04794715],
       [ 0.9484284 , -0.31386611, -0.04440316,  0.14474432],
       [ 0.04676639, -0.        ,  0.99890585,  0.08419583],
       [ 0.        ,  0.        ,  0.        ,  1.        ]])]","[array([[-0.31352269, -0.94946725,  0.01467839, -0.04794715],
       [ 0.9484284 , -0.31386611, -0.04440316,  0.14474432],
       [ 0.04676639, -0.        ,  0.99890585,  0.08419583],
       [ 0.        ,  0.        ,  0.        ,  1.        ]])]"
16,"[array([[-0.55286476, -0.83293604, -0.02362432, -0.11493948],
       [ 0.83217665, -0.55336927,  0.03555952,  0.07721267],
       [-0.04269178,  0.        ,  0.99908829,  0.0849923 ],
       [ 0.        ,  0.        ,  0.        ,  1.        ]])]","[array([[ 0.39922129, -0.91673125,  0.01503912, -0.14822053],
       [ 0.91608147,  0.39950446,  0.03450984,  0.14156238],
       [-0.03764444, -0.        ,  0.9992912 ,  0.08383209],
       [ 0.        ,  0.        ,  0.        ,  1.        ]])]","[array([[ 0.39922129, -0.91673125,  0.01503912, -0.14822053],
       [ 0.91608147,  0.39950446,  0.03450984,  0.14156238],
       [-0.03764444, -0.        ,  0.9992912 ,  0.08383209],
       [ 0.        ,  0.        ,  0.        ,  1.        ]])]","[array([[ 1.55268710e-01, -9.87871792e-01,  9.74697621e-04,
        -5.80253813e-02],
       [ 9.87852328e-01,  1.55271769e-01,  6.20123214e-03,
         8.43771448e-02],
       [-6.27736533e-03,  0.00000000e+00,  9.99980297e-01,
         8.54966130e-02],
       [ 0.00000000e+00,  0.00000000e+00,  0.00000000e+00,
         1.00000000e+00]])]","[array([[-0.35361512, -0.93537649,  0.00521218, -0.04857847],
       [ 0.9352749 , -0.35365353, -0.01378566,  0.14478452],
       [ 0.01473808, -0.        ,  0.99989139,  0.08554333],
       [ 0.        ,  0.        ,  0.        ,  1.        ]])]","[array([[-0.35361512, -0.93537649,  0.00521218, -0.04857847],
       [ 0.9352749 , -0.35365353, -0.01378566,  0.14478452],
       [ 0.01473808, -0.        ,  0.99989139,  0.08554333],
       [ 0.        ,  0.        ,  0.        ,  1.        ]])]"
17,"[array([[-0.61906413, -0.7849469 , -0.02485896, -0.11451773],
       [ 0.78431481, -0.61956304,  0.03149471,  0.07656882],
       [-0.04012337,  0.        ,  0.99919473,  0.08497776],
       [ 0.        ,  0.        ,  0.        ,  1.        ]])]","[array([[ 0.37527482, -0.92680481,  0.01420041, -0.15256636],
       [ 0.92614199,  0.37554339,  0.03504523,  0.13828563],
       [-0.03781296, -0.        ,  0.99928483,  0.08397545],
       [ 0.        ,  0.        ,  0.        ,  1.        ]])]","[array([[ 0.37527482, -0.92680481,  0.01420041, -0.15256636],
       [ 0.92614199,  0.37554339,  0.03504523,  0.13828563],
       [-0.03781296, -0.        ,  0.99928483,  0.08397545],
       [ 0.        ,  0.        ,  0.        ,  1.        ]])]","[array([[ 0.09785793, -0.99519946,  0.00136637, -0.05805241],
       [ 0.99510246,  0.09786747,  0.01389438,  0.08377128],
       [-0.01396141,  0.        ,  0.99990253,  0.08555374],
       [ 0.        ,  0.        ,  0.        ,  1.        ]])]","[array([[-0.39556218, -0.91841206,  0.00706004, -0.05216529],
       [ 0.91826582, -0.39562518, -0.01638932,  0.1447663 ],
       [ 0.01784528, -0.        ,  0.99984076,  0.08512652],
       [ 0.        ,  0.        ,  0.        ,  1.        ]])]","[array([[-0.39556218, -0.91841206,  0.00706004, -0.05216529],
       [ 0.91826582, -0.39562518, -0.01638932,  0.1447663 ],
       [ 0.01784528, -0.        ,  0.99984076,  0.08512652],
       [ 0.        ,  0.        ,  0.        ,  1.        ]])]"
18,"[array([[-0.63725794, -0.77020872, -0.0260931 , -0.11437155],
       [ 0.76956387, -0.63779192,  0.03151049,  0.07639989],
       [-0.04091162,  0.        ,  0.99916277,  0.08499742],
       [ 0.        ,  0.        ,  0.        ,  1.        ]])]","[array([[ 0.36806388, -0.92969866,  0.01376133, -0.15370808],
       [ 0.92904953,  0.36832105,  0.03473569,  0.13728967],
       [-0.03736232, -0.        ,  0.99930178,  0.08397712],
       [ 0.        ,  0.        ,  0.        ,  1.        ]])]","[array([[ 0.36806388, -0.92969866,  0.01376133, -0.15370808],
       [ 0.92904953,  0.36832105,  0.03473569,  0.13728967],
       [-0.03736232, -0.        ,  0.99930178,  0.08397712],
       [ 0.        ,  0.        ,  0.        ,  1.        ]])]","[array([[ 0.08086053, -0.99672472,  0.00118752, -0.05803521],
       [ 0.99661725,  0.08086925,  0.01463633,  0.08359149],
       [-0.01468443,  0.        ,  0.99989218,  0.08553193],
       [ 0.        ,  0.        ,  0.        ,  1.        ]])]","[array([[-0.40625685, -0.91373003,  0.00726602, -0.05314582],
       [ 0.91358393, -0.40632182, -0.0163397 ,  0.14473711],
       [ 0.01788241, -0.        ,  0.9998401 ,  0.08504534],
       [ 0.        ,  0.        ,  0.        ,  1.        ]])]","[array([[-0.40625685, -0.91373003,  0.00726602, -0.05314582],
       [ 0.91358393, -0.40632182, -0.0163397 ,  0.14473711],
       [ 0.01788241, -0.        ,  0.9998401 ,  0.08504534],
       [ 0.        ,  0.        ,  0.        ,  1.        ]])]"
19,"[array([[-0.63904065, -0.76875467, -0.02536338, -0.11432807],
       [ 0.76814988, -0.63954379,  0.0304877 ,  0.07637863],
       [-0.03965855,  0.        ,  0.99921329,  0.08499135],
       [ 0.        ,  0.        ,  0.        ,  1.        ]])]","[array([[ 0.36853548, -0.92951717,  0.01339496, -0.15372326],
       [ 0.9289038 ,  0.36877883,  0.03376238,  0.13718736],
       [-0.03632249, -0.        ,  0.99934012,  0.08401006],
       [ 0.        ,  0.        ,  0.        ,  1.        ]])]","[array([[ 0.36853548, -0.92951717,  0.01339496, -0.15372326],
       [ 0.9289038 ,  0.36877883,  0.03376238,  0.13718736],
       [-0.03632249, -0.        ,  0.99934012,  0.08401006],
       [ 0.        ,  0.        ,  0.        ,  1.        ]])]","[array([[ 0.08085844, -0.99672472,  0.00132231, -0.05795616],
       [ 0.99659147,  0.08086925,  0.01629768,  0.08360807],
       [-0.01635123,  0.        ,  0.99986631,  0.08545527],
       [ 0.        ,  0.        ,  0.        ,  1.        ]])]","[array([[-0.3974761 , -0.91749708,  0.01455498, -0.05358684],
       [ 0.91688256, -0.3977425 , -0.03357487,  0.14475218],
       [ 0.03659398, -0.        ,  0.99933022,  0.08378131],
       [ 0.        ,  0.        ,  0.        ,  1.        ]])]","[array([[-0.3974761 , -0.91749708,  0.01455498, -0.05358684],
       [ 0.91688256, -0.3977425 , -0.03357487,  0.14475218],
       [ 0.03659398, -0.        ,  0.99933022,  0.08378131],
       [ 0.        ,  0.        ,  0.        ,  1.        ]])]"
20,"[array([[-0.63613317, -0.77116351, -0.02532656, -0.1143416 ],
       [ 0.77055305, -0.63663714,  0.03067826,  0.07640886],
       [-0.03978178,  0.        ,  0.99920839,  0.08499611],
       [ 0.        ,  0.        ,  0.        ,  1.        ]])]","[array([[ 0.37177813, -0.9282276 ,  0.01321195, -0.15349057],
       [ 0.92764202,  0.37201281,  0.0329658 ,  0.13737604],
       [-0.03551478, -0.        ,  0.99936915,  0.08399237],
       [ 0.        ,  0.        ,  0.        ,  1.        ]])]","[array([[ 0.37177813, -0.9282276 ,  0.01321195, -0.15349057],
       [ 0.92764202,  0.37201281,  0.0329658 ,  0.13737604],
       [-0.03551478, -0.        ,  0.99936915,  0.08399237],
       [ 0.        ,  0.        ,  0.        ,  1.        ]])]","[array([[ 0.08644003, -0.99625595,  0.00148352, -0.05792403],
       [ 0.99610926,  0.08645276,  0.0170957 ,  0.08366742],
       [-0.01715995,  0.        ,  0.99985276,  0.08537738],
       [ 0.        ,  0.        ,  0.        ,  1.        ]])]","[array([[-0.39436163, -0.91883952,  0.01458885, -0.05327034],
       [ 0.91821144, -0.39463138, -0.03396794,  0.14476269],
       [ 0.03696831, -0.        ,  0.99931644,  0.08357541],
       [ 0.        ,  0.        ,  0.        ,  1.        ]])]","[array([[-0.39436163, -0.91883952,  0.01458885, -0.05327034],
       [ 0.91821144, -0.39463138, -0.03396794,  0.14476269],
       [ 0.03696831, -0.        ,  0.99931644,  0.08357541],
       [ 0.        ,  0.        ,  0.        ,  1.        ]])]"
21,"[array([[-0.61919434, -0.78487315, -0.02392716, -0.11443598],
       [ 0.7842878 , -0.61965647,  0.03030677,  0.07659636],
       [-0.0386136 ,  0.        ,  0.99925422,  0.08498094],
       [ 0.        ,  0.        ,  0.        ,  1.        ]])]","[array([[ 0.38741501, -0.9218194 ,  0.0125935 , -0.15216998],
       [ 0.92133276,  0.38761964,  0.02994928,  0.13833691],
       [-0.03248931, -0.        ,  0.99947208,  0.08393916],
       [ 0.        ,  0.        ,  0.        ,  1.        ]])]","[array([[ 0.38741501, -0.9218194 ,  0.0125935 , -0.15216998],
       [ 0.92133276,  0.38761964,  0.02994928,  0.13833691],
       [-0.03248931, -0.        ,  0.99947208,  0.08393916],
       [ 0.        ,  0.        ,  0.        ,  1.        ]])]","[array([[ 0.10516618, -0.99445248,  0.00208259, -0.05772649],
       [ 0.99425755,  0.1051868 ,  0.01968918,  0.08385116],
       [-0.01979901,  0.        ,  0.99980398,  0.0852045 ],
       [ 0.        ,  0.        ,  0.        ,  1.        ]])]","[array([[-0.38854054, -0.92142606,  0.00320475, -0.05112102],
       [ 0.92139472, -0.38855375, -0.00759983,  0.14478103],
       [ 0.00824791, -0.        ,  0.99996599,  0.08430772],
       [ 0.        ,  0.        ,  0.        ,  1.        ]])]","[array([[-0.38854054, -0.92142606,  0.00320475, -0.05112102],
       [ 0.92139472, -0.38855375, -0.00759983,  0.14478103],
       [ 0.00824791, -0.        ,  0.99996599,  0.08430772],
       [ 0.        ,  0.        ,  0.        ,  1.        ]])]"
22,"[array([[-0.56625731, -0.82392863, -0.02223213, -0.11474002],
       [ 0.82329433, -0.56669358,  0.0323238 ,  0.07715807],
       [-0.03923131,  0.        ,  0.99923016,  0.08500578],
       [ 0.        ,  0.        ,  0.        ,  1.        ]])]","[array([[ 0.43228932, -0.90167716,  0.01021016, -0.14824335],
       [ 0.90142576,  0.43240988,  0.02129061,  0.14112451],
       [-0.02361223, -0.        ,  0.99972119,  0.08377487],
       [ 0.        ,  0.        ,  0.        ,  1.        ]])]","[array([[ 0.43228932, -0.90167716,  0.01021016, -0.14824335],
       [ 0.90142576,  0.43240988,  0.02129061,  0.14112451],
       [-0.02361223, -0.        ,  0.99972119,  0.08377487],
       [ 0.        ,  0.        ,  0.        ,  1.        ]])]","[array([[ 0.17101848, -0.98526028,  0.00385596, -0.057803  ],
       [ 0.98500993,  0.17106195,  0.02220905,  0.08445895],
       [-0.0225413 ,  0.        ,  0.99974591,  0.08540093],
       [ 0.        ,  0.        ,  0.        ,  1.        ]])]","[array([[-3.46445863e-01, -9.38069827e-01,  5.12926785e-04,
        -4.69554817e-02],
       [ 9.38068799e-01, -3.46446243e-01, -1.38884791e-03,
         1.44634776e-01],
       [ 1.48053788e-03, -0.00000000e+00,  9.99998904e-01,
         8.47139189e-02],
       [ 0.00000000e+00,  0.00000000e+00,  0.00000000e+00,
         1.00000000e+00]])]","[array([[-3.46445863e-01, -9.38069827e-01,  5.12926785e-04,
        -4.69554817e-02],
       [ 9.38068799e-01, -3.46446243e-01, -1.38884791e-03,
         1.44634776e-01],
       [ 1.48053788e-03, -0.00000000e+00,  9.99998904e-01,
         8.47139189e-02],
       [ 0.00000000e+00,  0.00000000e+00,  0.00000000e+00,
         1.00000000e+00]])]"
23,"[array([[-0.48430872, -0.87466477, -0.02016458, -0.1151758 ],
       [ 0.87390762, -0.48472832,  0.03638584,  0.07797468],
       [-0.04159975,  0.        ,  0.99913436,  0.08502383],
       [ 0.        ,  0.        ,  0.        ,  1.        ]])]","[array([[ 0.45518472, -0.89033224,  0.0107411 , -0.14296837],
       [ 0.89008446,  0.45531143,  0.02100353,  0.14460722],
       [-0.02359067, -0.        ,  0.9997217 ,  0.08369718],
       [ 0.        ,  0.        ,  0.        ,  1.        ]])]","[array([[ 0.45518472, -0.89033224,  0.0107411 , -0.14296837],
       [ 0.89008446,  0.45531143,  0.02100353,  0.14460722],
       [-0.02359067, -0.        ,  0.9997217 ,  0.08369718],
       [ 0.        ,  0.        ,  0.        ,  1.        ]])]","[array([[ 0.23096998, -0.97295622,  0.00301095, -0.05771971],
       [ 0.97287356,  0.23098961,  0.01268249,  0.08522767],
       [-0.013035  ,  0.        ,  0.99991504,  0.08534998],
       [ 0.        ,  0.        ,  0.        ,  1.        ]])]","[array([[-0.28225609, -0.95931966,  0.00610715, -0.0436629 ],
       [ 0.95909518, -0.28232215, -0.02075187,  0.14467884],
       [ 0.02163186, -0.        ,  0.999766  ,  0.08399011],
       [ 0.        ,  0.        ,  0.        ,  1.        ]])]","[array([[-0.28225609, -0.95931966,  0.00610715, -0.0436629 ],
       [ 0.95909518, -0.28232215, -0.02075187,  0.14467884],
       [ 0.02163186, -0.        ,  0.999766  ,  0.08399011],
       [ 0.        ,  0.        ,  0.        ,  1.        ]])]"
24,"[array([[-0.43109798, -0.90211089, -0.01872093, -0.11543892],
       [ 0.90126148, -0.43150428,  0.03913832,  0.07851038],
       [-0.04338526,  0.        ,  0.99905842,  0.08500583],
       [ 0.        ,  0.        ,  0.        ,  1.        ]])]","[array([[ 0.47286749, -0.88106755,  0.01078488, -0.13952699],
       [ 0.88083848,  0.47299046,  0.02008964,  0.14651079],
       [-0.02280147, -0.        ,  0.99974001,  0.08351009],
       [ 0.        ,  0.        ,  0.        ,  1.        ]])]","[array([[ 0.47286749, -0.88106755,  0.01078488, -0.13952699],
       [ 0.88083848,  0.47299046,  0.02008964,  0.14651079],
       [-0.02280147, -0.        ,  0.99974001,  0.08351009],
       [ 0.        ,  0.        ,  0.        ,  1.        ]])]","[array([[ 0.27533353, -0.9613469 ,  0.00189128, -0.05769142],
       [ 0.96132423,  0.27534002,  0.00660339,  0.08575698],
       [-0.00686889,  0.        ,  0.99997641,  0.08539686],
       [ 0.        ,  0.        ,  0.        ,  1.        ]])]","[array([[-0.25168553, -0.96779833,  0.00455933, -0.04081763],
       [ 0.96763957, -0.25172683, -0.01752898,  0.14437782],
       [ 0.01811223, -0.        ,  0.99983596,  0.08456703],
       [ 0.        ,  0.        ,  0.        ,  1.        ]])]","[array([[-0.25168553, -0.96779833,  0.00455933, -0.04081763],
       [ 0.96763957, -0.25172683, -0.01752898,  0.14437782],
       [ 0.01811223, -0.        ,  0.99983596,  0.08456703],
       [ 0.        ,  0.        ,  0.        ,  1.        ]])]"
25,"[array([[-0.37042198, -0.92871855, -0.01641386, -0.11564872],
       [ 0.92780813, -0.37078546,  0.04111233,  0.07912441],
       [-0.04426781,  0.        ,  0.9990197 ,  0.0849966 ],
       [ 0.        ,  0.        ,  0.        ,  1.        ]])]","[array([[ 0.48811682, -0.87269735,  0.01188708, -0.13560525],
       [ 0.87243868,  0.48826154,  0.02124645,  0.14840263],
       [-0.02434573, -0.        ,  0.9997036 ,  0.08346619],
       [ 0.        ,  0.        ,  0.        ,  1.        ]])]","[array([[ 0.48811682, -0.87269735,  0.01188708, -0.13560525],
       [ 0.87243868,  0.48826154,  0.02124645,  0.14840263],
       [-0.02434573, -0.        ,  0.9997036 ,  0.08346619],
       [ 0.        ,  0.        ,  0.        ,  1.        ]])]","[array([[ 3.19313552e-01, -9.47648848e-01, -7.19050797e-04,
        -5.75530071e-02],
       [ 9.47646445e-01,  3.19314362e-01, -2.13397122e-03,
         8.62616346e-02],
       [ 2.25185862e-03,  0.00000000e+00,  9.99997465e-01,
         8.53555584e-02],
       [ 0.00000000e+00,  0.00000000e+00,  0.00000000e+00,
         1.00000000e+00]])]","[array([[-0.21365152, -0.97690131,  0.00410517, -0.03791827],
       [ 0.97672103, -0.21369096, -0.01876702,  0.14398102],
       [ 0.01921077, -0.        ,  0.99981546,  0.0851191 ],
       [ 0.        ,  0.        ,  0.        ,  1.        ]])]","[array([[-0.21365152, -0.97690131,  0.00410517, -0.03791827],
       [ 0.97672103, -0.21369096, -0.01876702,  0.14398102],
       [ 0.01921077, -0.        ,  0.99981546,  0.0851191 ],
       [ 0.        ,  0.        ,  0.        ,  1.        ]])]"
26,"[array([[-0.27005563, -0.96276521, -0.01237371, -0.11592321],
       [ 0.96175619, -0.27033896,  0.0440668 ,  0.08010756],
       [-0.04577108,  0.        ,  0.99895195,  0.08499227],
       [ 0.        ,  0.        ,  0.        ,  1.        ]])]","[array([[ 0.50744881, -0.86158893,  0.01265808, -0.12924102],
       [ 0.861321  ,  0.50760666,  0.02148527,  0.15082322],
