,transforms
0,"[array([[ 1.24120423e-01, -9.91788779e-01,  4.99423863e-04,
        -6.73790000e-02],
       [ 9.92219653e-01,  1.27874700e-01, -9.84795720e-03,
         1.60326500e-01],
       [ 9.70982004e-03,  1.75471287e-03,  9.99951383e-01,
         1.04444000e-01],
       [ 0.00000000e+00,  0.00000000e+00,  0.00000000e+00,
         1.00000000e+00]])]"
1,"[array([[ 1.24201328e-01, -9.91798244e-01,  6.70534590e-04,
        -6.73810000e-02],
       [ 9.92205822e-01,  1.27798067e-01, -1.02441396e-02,
         1.60326000e-01],
       [ 1.00815450e-02,  1.97432032e-03,  9.99947303e-01,
         1.04441500e-01],
       [ 0.00000000e+00,  0.00000000e+00,  0.00000000e+00,
         1.00000000e+00]])]"
2,"[array([[ 1.23998072e-01, -9.91787861e-01,  6.85386552e-04,
        -6.73775000e-02],
       [ 9.92232492e-01,  1.27878622e-01, -1.01209480e-02,
         1.60327500e-01],
       [ 9.95785919e-03,  1.97411252e-03,  9.99948547e-01,
         1.04443500e-01],
       [ 0.00000000e+00,  0.00000000e+00,  0.00000000e+00,
         1.00000000e+00]])]"
3,"[array([[ 1.24059353e-01, -9.91829492e-01,  4.96980626e-04,
        -6.73810000e-02],
       [ 9.92226869e-01,  1.27558535e-01, -9.89089390e-03,
         1.60327500e-01],
       [ 9.75283386e-03,  1.75467402e-03,  9.99950960e-01,
         1.04443000e-01],
       [ 0.00000000e+00,  0.00000000e+00,  0.00000000e+00,
         1.00000000e+00]])]"
4,"[array([[ 1.24430585e-01, -9.91817643e-01,  6.77693029e-04,
        -6.73815000e-02],
       [ 9.92179976e-01,  1.27647905e-01, -9.95579714e-03,
         1.60328500e-01],
       [ 9.79410448e-03,  1.94308130e-03,  9.99950210e-01,
         1.04443000e-01],
       [ 0.00000000e+00,  0.00000000e+00,  0.00000000e+00,
         1.00000000e+00]])]"
5,"[array([[ 1.24094904e-01, -9.91808469e-01,  5.83519046e-04,
        -6.73820000e-02],
       [ 9.92222021e-01,  1.27720565e-01, -9.94296580e-03,
         1.60330000e-01],
       [ 9.79370367e-03,  1.84875204e-03,  9.99950397e-01,
         1.04443500e-01],
       [ 0.00000000e+00,  0.00000000e+00,  0.00000000e+00,
         1.00000000e+00]])]"
6,"[array([[ 1.24354055e-01, -9.91784567e-01,  5.35408349e-04,
        -6.73820000e-02],
       [ 9.92188367e-01,  1.27906485e-01, -1.00599350e-02,
         1.60330500e-01],
       [ 9.91527349e-03,  1.81783292e-03,  9.99949254e-01,
         1.04444000e-01],
       [ 0.00000000e+00,  0.00000000e+00,  0.00000000e+00,
         1.00000000e+00]])]"
7,"[array([[ 1.24206681e-01, -9.91805401e-01,  5.67465610e-04,
        -6.73800000e-02],
       [ 9.92206780e-01,  1.27744385e-01, -1.00684453e-02,
         1.60334000e-01],
       [ 9.92000113e-03,  1.84909684e-03,  9.99949151e-01,
         1.04444500e-01],
       [ 0.00000000e+00,  0.00000000e+00,  0.00000000e+00,
         1.00000000e+00]])]"
8,"[array([[ 1.24349412e-01, -9.91795522e-01,  5.41889577e-04,
        -6.73810000e-02],
       [ 9.92191770e-01,  1.27821950e-01, -9.77214320e-03,
         1.60333000e-01],
       [ 9.62891759e-03,  1.78662363e-03,  9.99952105e-01,
         1.04447500e-01],
       [ 0.00000000e+00,  0.00000000e+00,  0.00000000e+00,
         1.00000000e+00]])]"
9,"[array([[ 1.24237338e-01, -9.91811296e-01,  5.84099860e-04,
        -6.73810000e-02],
       [ 9.92204182e-01,  1.27698604e-01, -9.94476794e-03,
         1.60329000e-01],
       [ 9.79515938e-03,  1.84934159e-03,  9.99950379e-01,
         1.04444500e-01],
       [ 0.00000000e+00,  0.00000000e+00,  0.00000000e+00,
         1.00000000e+00]])]"
10,"[array([[ 1.24257496e-01, -9.91819745e-01,  6.30812968e-04,
        -6.73825000e-02],
       [ 9.92200443e-01,  1.27632044e-01, -1.00739090e-02,
         1.60329500e-01],
       [ 9.91745893e-03,  1.91150373e-03,  9.99949058e-01,
         1.04443500e-01],
       [ 0.00000000e+00,  0.00000000e+00,  0.00000000e+00,
         1.00000000e+00]])]"
11,"[array([[ 1.24430433e-01, -9.91805002e-01,  5.05484686e-04,
        -6.74525000e-02],
       [ 9.92178764e-01,  1.27748371e-01, -1.00591379e-02,
         1.60321000e-01],
       [ 9.91806836e-03,  1.78647133e-03,  9.99949278e-01,
         1.04444500e-01],
       [ 0.00000000e+00,  0.00000000e+00,  0.00000000e+00,
         1.00000000e+00]])]"
12,"[array([[ 1.23758991e-01, -9.91852298e-01,  5.08209487e-04,
        -6.75930000e-02],
       [ 9.92262715e-01,  1.27380652e-01, -1.00607957e-02,
         1.60333000e-01],
       [ 9.92056036e-03,  1.78571008e-03,  9.99949260e-01,
         1.04445500e-01],
       [ 0.00000000e+00,  0.00000000e+00,  0.00000000e+00,
         1.00000000e+00]])]"
13,"[array([[ 1.24125186e-01, -9.91826727e-01,  8.38261741e-04,
        -6.75630000e-02],
       [ 9.92216147e-01,  1.27574300e-01, -1.01855722e-02,
         1.60345500e-01],
       [ 1.00027622e-02,  2.13093894e-03,  9.99947774e-01,
         1.04441000e-01],
       [ 0.00000000e+00,  0.00000000e+00,  0.00000000e+00,
         1.00000000e+00]])]"
14,"[array([[ 1.24308665e-01, -9.91846475e-01,  9.02313856e-04,
        -6.75460000e-02],
       [ 9.92195632e-01,  1.27420151e-01, -9.94548101e-03,
         1.60352000e-01],
       [ 9.75618388e-03,  2.16231933e-03,  9.99950135e-01,
         1.04438500e-01],
       [ 0.00000000e+00,  0.00000000e+00,  0.00000000e+00,
         1.00000000e+00]])]"
15,"[array([[ 0.12385021, -0.99196162,  0.00112048, -0.067912  ],
       [ 0.99224998,  0.12651613, -0.01027318,  0.160397  ],
       [ 0.01005533,  0.00241132,  0.9999466 ,  0.1044405 ],
       [ 0.        ,  0.        ,  0.        ,  1.        ]])]"
16,"[array([[ 0.12494513, -0.99182955,  0.0012196 , -0.0678305 ],
       [ 0.99211397,  0.12754555, -0.01016141,  0.160403  ],
       [ 0.00992941,  0.00250581,  0.99994763,  0.104443  ],
       [ 0.        ,  0.        ,  0.        ,  1.        ]])]"
17,"[array([[ 0.1248437 , -0.99184845,  0.00102934, -0.067845  ],
       [ 0.99212877,  0.12740257, -0.00993051,  0.160394  ],
       [ 0.00972432,  0.00228623,  0.99995016,  0.1044445 ],
       [ 0.        ,  0.        ,  0.        ,  1.        ]])]"
18,"[array([[ 0.12493019, -0.99182535,  0.00117214, -0.067843  ],
       [ 0.99211706,  0.12757945, -0.01003239,  0.160395  ],
       [ 0.00980737,  0.00244261,  0.99994899,  0.104442  ],
       [ 0.        ,  0.        ,  0.        ,  1.        ]])]"
19,"[array([[ 0.12483331, -0.9917584 ,  0.00150164, -0.0676665 ],
       [ 0.99213333,  0.12809312, -0.00964919,  0.1603855 ],
       [ 0.00938627,  0.00272539,  0.99995232,  0.1044435 ],
       [ 0.        ,  0.        ,  0.        ,  1.        ]])]"
20,"[array([[ 0.125245  , -0.99163334,  0.00190401, -0.0673615 ],
       [ 0.99208419,  0.12904925, -0.00940318,  0.1603525 ],
       [ 0.0090907 ,  0.00310169,  0.99995398,  0.1044465 ],
       [ 0.        ,  0.        ,  0.        ,  1.        ]])]"
21,"[array([[ 0.12758311, -0.99150289,  0.0010083 , -0.066239  ],
       [ 0.99177577,  0.13006347, -0.01038043,  0.1601915 ],
       [ 0.01016697,  0.00234998,  0.99994561,  0.1044415 ],
       [ 0.        ,  0.        ,  0.        ,  1.        ]])]"
22,"[array([[ 0.13494117, -0.99110092, -0.00309243, -0.0631645 ],
       [ 0.99084307,  0.13308899, -0.00419249,  0.1598335 ],
       [ 0.00457146, -0.00250697,  0.99998643,  0.104538  ],
       [ 0.        ,  0.        ,  0.        ,  1.        ]])]"
23,"[array([[ 0.15181229, -0.98872444, -0.00246226, -0.060098  ],
       [ 0.98840112,  0.14973456, -0.00370134,  0.159143  ],
       [ 0.00403225, -0.0018803 ,  0.99999012,  0.10456   ],
       [ 0.        ,  0.        ,  0.        ,  1.        ]])]"
24,"[array([[ 0.18591593, -0.9822921 , -0.00223356, -0.0556515 ],
       [ 0.98255012,  0.18735195, -0.00520096,  0.1575185 ],
       [ 0.00552555, -0.00121962,  0.99998398,  0.1045635 ],
       [ 0.        ,  0.        ,  0.        ,  1.        ]])]"
25,"[array([[ 0.23832248, -0.97158744, -0.00260983, -0.050867  ],
       [ 0.9711745 ,  0.23667595, -0.00424172,  0.1551425 ],
       [ 0.00474149, -0.00153178,  0.9999876 ,  0.1046525 ],
       [ 0.        ,  0.        ,  0.        ,  1.        ]])]"
26,"[array([[ 0.31140605, -0.95046991, -0.0036612 , -0.0459855 ],
       [ 0.95026228,  0.31080932, -0.00435519,  0.151776  ],
       [ 0.00527877, -0.00212626,  0.99998381,  0.104693  ],
       [ 0.        ,  0.        ,  0.        ,  1.        ]])]"
27,"[array([[ 0.37791049, -0.92569591, -0.00436345, -0.042386  ],
       [ 0.92582252,  0.37826184, -0.00472859,  0.1482195 ],
       [ 0.00602695, -0.00225063,  0.9999793 ,  0.104728  ],
       [ 0.        ,  0.        ,  0.        ,  1.        ]])]"
28,"[array([[ 0.39918517, -0.91775346, -0.00621124, -0.0416155 ],
       [ 0.91681082,  0.39714422, -0.00868849,  0.1476265 ],
       [ 0.01044573, -0.00224993,  0.99994296,  0.10473   ],
       [ 0.        ,  0.        ,  0.        ,  1.        ]])]"
29,"[array([[ 0.39929661, -0.91780654, -0.00818095, -0.04192   ],
       [ 0.91675838,  0.39700512, -0.00819908,  0.1477025 ],
       [ 0.01078392, -0.00425374,  0.99993292,  0.104769  ],
       [ 0.        ,  0.        ,  0.        ,  1.        ]])]"
30,"[array([[ 0.39400928, -0.91852497, -0.00616262, -0.044993  ],
       [ 0.91907804,  0.39534661, -0.00522223,  0.1490005 ],
       [ 0.007228  , -0.00359605,  0.99996737,  0.1047315 ],
       [ 0.        ,  0.        ,  0.        ,  1.        ]])]"
31,"[array([[ 0.38812919, -0.92491888, -0.00711187, -0.05073   ],
       [ 0.92160288,  0.38006886,  0.0051287 ,  0.1509325 ],
       [-0.00196638, -0.00852749,  0.99996156,  0.104759  ],
       [ 0.        ,  0.        ,  0.        ,  1.        ]])]"
32,"[array([[ 0.35635143, -0.93769111, -0.00931671, -0.057724  ],
       [ 0.93434984,  0.34730464,  0.00570361,  0.15271   ],
       [-0.00200926, -0.01071773,  0.99994033,  0.1047045 ],
       [ 0.        ,  0.        ,  0.        ,  1.        ]])]"
33,"[array([[ 0.25596574, -0.96560677, -0.00119636, -0.0673115 ],
       [ 0.96662325,  0.26000115, -0.01106363,  0.1553165 ],
       [ 0.01100127,  0.00172145,  0.99993808,  0.1044405 ],
       [ 0.        ,  0.        ,  0.        ,  1.        ]])]"
34,"[array([[ 0.20183828, -0.97799892,  0.00181255, -0.071112  ],
       [ 0.9793584 ,  0.20856831, -0.01148438,  0.1566015 ],
       [ 0.01088222,  0.00416823,  0.99993241,  0.1044785 ],
       [ 0.        ,  0.        ,  0.        ,  1.        ]])]"
35,"[array([[ 0.17780889, -0.982806  ,  0.00485938, -0.0726595 ],
       [ 0.98402745,  0.18452492, -0.00961816,  0.1567655 ],
       [ 0.00860099,  0.006551  ,  0.99994194,  0.1044755 ],
       [ 0.        ,  0.        ,  0.        ,  1.        ]])]"
36,"[array([[ 0.18029556, -0.98218308,  0.00511702, -0.0711635 ],
       [ 0.98358075,  0.18780673, -0.00896951,  0.1565195 ],
       [ 0.00790008,  0.00671074,  0.99994668,  0.104494  ],
       [ 0.        ,  0.        ,  0.        ,  1.        ]])]"
37,"[array([[ 0.18055695, -0.98219832,  0.00468132, -0.070885  ],
       [ 0.98352869,  0.1877391 , -0.00939659,  0.156446  ],
       [ 0.00839704,  0.00636244,  0.99994489,  0.1044905 ],
       [ 0.        ,  0.        ,  0.        ,  1.        ]])]"
38,"[array([[ 0.18073834, -0.98216164,  0.00475525, -0.0706875 ],
       [ 0.9834961 ,  0.18792885, -0.00932412,  0.156427  ],
       [ 0.00831123,  0.00642304,  0.99994522,  0.1044875 ],
       [ 0.        ,  0.        ,  0.        ,  1.        ]])]"
39,"[array([[ 0.18437498, -0.9823754 ,  0.0022895 , -0.068825  ],
       [ 0.98282324,  0.18687885, -0.00859107,  0.1562065 ],
       [ 0.0080217 ,  0.00385479,  0.99996048,  0.1044585 ],
       [ 0.        ,  0.        ,  0.        ,  1.        ]])]"
40,"[array([[ 0.22069891, -0.97590031, -0.00377538, -0.060957  ],
       [ 0.97533203,  0.21819776, -0.00366358,  0.155751  ],
       [ 0.0044065 , -0.00288505,  0.99998616,  0.104563  ],
       [ 0.        ,  0.        ,  0.        ,  1.        ]])]"
41,"[array([[ 0.2463707 , -0.96963073, -0.00646844, -0.054622  ],
       [ 0.96916605,  0.24450984, -0.00281085,  0.1547805 ],
       [ 0.00431792, -0.00558485,  0.99997513,  0.104671  ],
       [ 0.        ,  0.        ,  0.        ,  1.        ]])]"
42,"[array([[ 0.25897256, -0.96598595, -0.01199852, -0.0502305 ],
       [ 0.96586957,  0.25836144, -0.00237557,  0.1536205 ],
       [ 0.00540219, -0.01097747,  0.99992519,  0.1049075 ],
       [ 0.        ,  0.        ,  0.        ,  1.        ]])]"
43,"[array([[ 0.26855762, -0.96329305, -0.01173282, -0.047098  ],
       [ 0.96324938,  0.26823785, -0.00216559,  0.1527135 ],
       [ 0.00523731, -0.01072201,  0.99992882,  0.1049345 ],
       [ 0.        ,  0.        ,  0.        ,  1.        ]])]"
44,"[array([[ 0.27972619, -0.95992754, -0.01258349, -0.0451665 ],
       [ 0.96004124,  0.2800479 , -0.00529726,  0.1520105 ],
       [ 0.00860632, -0.01059674,  0.99990679,  0.1049335 ],
       [ 0.        ,  0.        ,  0.        ,  1.        ]])]"
45,"[array([[ 0.29444307, -0.95558965, -0.01370712, -0.0416285 ],
       [ 0.95563106,  0.29446749, -0.00468953,  0.1506455 ],
       [ 0.00851832, -0.0117187 ,  0.99989506,  0.1049795 ],
       [ 0.        ,  0.        ,  0.        ,  1.        ]])]"
46,"[array([[ 0.29894899, -0.95418606, -0.01076736, -0.0411675 ],
       [ 0.95423321,  0.2990877 , -0.00529826,  0.15038   ],
       [ 0.00827526, -0.00869005,  0.99992799,  0.104906  ],
       [ 0.        ,  0.        ,  0.        ,  1.        ]])]"
47,"[array([[ 0.30402615, -0.95270929, -0.01032156, -0.0407675 ],
       [ 0.95265406,  0.30373566, -0.00120065,  0.1501675 ],
       [ 0.00428206, -0.00946928,  0.99994601,  0.1049465 ],
       [ 0.        ,  0.        ,  0.        ,  1.        ]])]"
48,"[array([[ 0.30429573, -0.95244188, -0.0134149 , -0.0411315 ],
       [ 0.95255986,  0.30447502, -0.00181958,  0.1500965 ],
       [ 0.00581589, -0.01222402,  0.99990836,  0.1050175 ],
       [ 0.        ,  0.        ,  0.        ,  1.        ]])]"
49,"[array([[ 0.30392946, -0.95262748, -0.01579224, -0.041831  ],
       [ 0.9526668 ,  0.30380518, -0.00259208,  0.150233  ],
       [ 0.00727005, -0.01425846,  0.99987194,  0.10506   ],
       [ 0.        ,  0.        ,  0.        ,  1.        ]])]"
50,"[array([[ 0.31791791, -0.94797791, -0.00422313, -0.0414625 ],
       [ 0.94810038,  0.3183263 , -0.00472197,  0.1496885 ],
       [ 0.00581963, -0.00250035,  0.99997993,  0.104729  ],
       [ 0.        ,  0.        ,  0.        ,  1.        ]])]"
51,"[array([[ 0.32524496, -0.94553947, -0.00408157, -0.0418075 ],
       [ 0.94561191,  0.32549923, -0.00474743,  0.1496335 ],
       [ 0.00581685, -0.00231405,  0.9999804 ,  0.10474   ],
       [ 0.        ,  0.        ,  0.        ,  1.        ]])]"
52,"[array([[ 0.32371623, -0.94612975, -0.00476264, -0.0424435 ],
       [ 0.94613556,  0.32377384, -0.00465026,  0.1498755 ],
       [ 0.00594165, -0.00300051,  0.99997785,  0.104732  ],
       [ 0.        ,  0.        ,  0.        ,  1.        ]])]"
53,"[array([[ 0.31361686, -0.94957063, -0.00420988, -0.0472205 ],
       [ 0.94953329,  0.31354249, -0.00447222,  0.1518215 ],
       [ 0.00556692, -0.0025954 ,  0.99998114,  0.1046865 ],
       [ 0.        ,  0.        ,  0.        ,  1.        ]])]"
54,"[array([[ 0.27864472, -0.96099327, -0.00559401, -0.0581125 ],
       [ 0.96038025,  0.27653783, -0.0037778 ,  0.1546815 ],
       [ 0.00518698, -0.0043312 ,  0.99997722,  0.104597  ],
       [ 0.        ,  0.        ,  0.        ,  1.        ]])]"
55,"[array([[ 0.17483603, -0.98328208,  0.00149672, -0.070959  ],
       [ 0.98454408,  0.18205676, -0.01068885,  0.156573  ],
       [ 0.01026256,  0.00341788,  0.99994175,  0.1044935 ],
       [ 0.        ,  0.        ,  0.        ,  1.        ]])]"
56,"[array([[ 0.13109259, -0.99041929,  0.00310221, -0.074655  ],
       [ 0.99131796,  0.13801798, -0.01066858,  0.1569935 ],
       [ 0.01016991,  0.00454522,  0.99993828,  0.1044495 ],
       [ 0.        ,  0.        ,  0.        ,  1.        ]])]"
57,"[array([[ 1.29404901e-01, -9.91928735e-01, -3.64391184e-03,
        -7.63860000e-02],
       [ 9.91591555e-01,  1.26746101e-01, -2.79046795e-04,
         1.57148500e-01],
       [ 7.48245493e-04, -3.57915667e-03,  9.99993322e-01,
         1.04500000e-01],
       [ 0.00000000e+00,  0.00000000e+00,  0.00000000e+00,
         1.00000000e+00]])]"
58,"[array([[ 0.09513832, -0.99584684,  0.00889355, -0.0818265 ],
       [ 0.99545956,  0.09063138,  0.00215742,  0.156816  ],
       [-0.00299386,  0.00866145,  0.99995812,  0.104785  ],
       [ 0.        ,  0.        ,  0.        ,  1.        ]])]"
59,"[array([[ 0.02202005, -0.99968233,  0.01371549, -0.0885565 ],
       [ 0.99975172,  0.02118992,  0.00310529,  0.1561355 ],
       [-0.00340688,  0.01364669,  0.99990112,  0.104833  ],
       [ 0.        ,  0.        ,  0.        ,  1.        ]])]"
60,"[array([[-0.03848877, -0.99915743,  0.00987892, -0.092108  ],
       [ 0.99925336, -0.03979971,  0.00374957,  0.1555715 ],
       [-0.00336673,  0.01002038,  0.99994417,  0.104719  ],
       [ 0.        ,  0.        ,  0.        ,  1.        ]])]"
61,"[array([[-0.12334142, -0.9919565 ,  0.00485136, -0.097472  ],
       [ 0.99233016, -0.12643992,  0.00889731,  0.15369   ],
       [-0.00823112,  0.00593761,  0.99994865,  0.104698  ],
       [ 0.        ,  0.        ,  0.        ,  1.        ]])]"
62,"[array([[-0.21197811, -0.97556295,  0.00519506, -0.103091  ],
       [ 0.97717045, -0.21955491,  0.01571286,  0.150791  ],
       [-0.01425486,  0.00851911,  0.99986305,  0.104884  ],
       [ 0.        ,  0.        ,  0.        ,  1.        ]])]"
63,"[array([[-0.22436011, -0.97286663,  0.0051776 , -0.103568  ],
       [ 0.97439386, -0.23119823,  0.01638253,  0.1503175 ],
       [-0.01480357,  0.00882603,  0.99985239,  0.104888  ],
       [ 0.        ,  0.        ,  0.        ,  1.        ]])]"
64,"[array([[-0.24259678, -0.96811518,  0.0062131 , -0.104768  ],
       [ 0.97000978, -0.25029365,  0.01711214,  0.1495415 ],
       [-0.01509417,  0.01029976,  0.99983427,  0.1049195 ],
       [ 0.        ,  0.        ,  0.        ,  1.        ]])]"
65,"[array([[-0.25060819, -0.96619835,  0.00702109, -0.105784  ],
       [ 0.96796154, -0.25754646,  0.01801785,  0.1489975 ],
       [-0.01568398,  0.01142633,  0.99981301,  0.1049535 ],
       [ 0.        ,  0.        ,  0.        ,  1.        ]])]"
66,"[array([[-0.25273335, -0.96567012,  0.0073016 , -0.105946  ],
       [ 0.96741361, -0.25950898,  0.01780992,  0.1488995 ],
       [-0.01538705,  0.01167493,  0.99981473,  0.1049555 ],
       [ 0.        ,  0.        ,  0.        ,  1.        ]])]"
67,"[array([[-0.2526602 , -0.96715894,  0.01308824, -0.1013355 ],
       [ 0.96748637, -0.25363291,  0.0153332 ,  0.150368  ],
       [-0.01153013,  0.01655078,  0.99979677,  0.104981  ],
       [ 0.        ,  0.        ,  0.        ,  1.        ]])]"
68,"[array([[-0.16414851, -0.98607141,  0.00491714, -0.0903245 ],
       [ 0.98642945, -0.1662291 ,  0.00435874,  0.1546525 ],
       [-0.00349252,  0.00557332,  0.99997841,  0.104606  ],
       [ 0.        ,  0.        ,  0.        ,  1.        ]])]"
69,"[array([[-0.05618512, -0.99816176, -0.0033472 , -0.0796945 ],
       [ 0.99837285, -0.06054316,  0.00956743,  0.1580835 ],
       [-0.00974043, -0.00276195,  0.99994863,  0.104498  ],
       [ 0.        ,  0.        ,  0.        ,  1.        ]])]"
70,"[array([[-0.01383952, -0.99988476, -0.00137561, -0.075435  ],
       [ 0.99987399, -0.0151288 ,  0.00775859,  0.1586195 ],
       [-0.00777689, -0.00125811,  0.99996896,  0.104549  ],
       [ 0.        ,  0.        ,  0.        ,  1.        ]])]"
71,"[array([[-1.32190943e-02, -9.99844271e-01, -4.22053604e-03,
        -7.64840000e-02],
       [ 9.99912243e-01, -1.71315814e-02, -9.28824078e-04,
         1.58355000e-01],
       [ 8.72959055e-04, -4.23583056e-03,  9.99990662e-01,
         1.04487500e-01],
       [ 0.00000000e+00,  0.00000000e+00,  0.00000000e+00,
         1.00000000e+00]])]"
72,"[array([[-0.01360729, -0.99981582, -0.00481198, -0.0772145 ],
       [ 0.99990688, -0.01857379, -0.00110588,  0.158315  ],
       [ 0.00104031, -0.0048317 ,  0.99998781,  0.104487  ],
       [ 0.        ,  0.        ,  0.        ,  1.        ]])]"
73,"[array([[-1.26430017e-02, -9.99854569e-01, -4.16800451e-03,
        -7.78580000e-02],
       [ 9.99920032e-01, -1.65355977e-02, -3.43842788e-04,
         1.58375500e-01],
       [ 2.91121749e-04, -4.17312049e-03,  9.99991255e-01,
         1.04482500e-01],
       [ 0.00000000e+00,  0.00000000e+00,  0.00000000e+00,
         1.00000000e+00]])]"
74,"[array([[-1.06836828e-02, -9.99876300e-01, -3.57076648e-03,
        -7.87150000e-02],
       [ 9.99942823e-01, -1.53160787e-02, -4.95452545e-04,
         1.58384000e-01],
       [ 4.57278251e-04, -3.57793641e-03,  9.99993502e-01,
         1.04481000e-01],
       [ 0.00000000e+00,  0.00000000e+00,  0.00000000e+00,
         1.00000000e+00]])]"
75,"[array([[-0.00943314, -0.9999067 , -0.00215209, -0.0790585 ],
       [ 0.99995457, -0.01349232,  0.00135109,  0.158335  ],
       [-0.00137134, -0.00213367,  0.99999677,  0.104498  ],
       [ 0.        ,  0.        ,  0.        ,  1.        ]])]"
76,"[array([[-0.01001528, -0.9998939 , -0.00240598, -0.079096  ],
       [ 0.99994873, -0.01437026,  0.00147203,  0.158295  ],
       [-0.00149606, -0.00238458,  0.99999602,  0.1045    ],
       [ 0.        ,  0.        ,  0.        ,  1.        ]])]"
77,"[array([[-0.01164161, -0.99986698, -0.0026582 , -0.0791595 ],
       [ 0.99993123, -0.01609602,  0.00138277,  0.1582365 ],
       [-0.00141362, -0.00263561,  0.99999551,  0.104494  ],
       [ 0.        ,  0.        ,  0.        ,  1.        ]])]"
78,"[array([[-0.0115599 , -0.99986629, -0.00294625, -0.079353  ],
       [ 0.99993151, -0.01609045,  0.00179568,  0.1581785 ],
       [-0.00182962, -0.00291698,  0.99999405,  0.1044935 ],
       [ 0.        ,  0.        ,  0.        ,  1.        ]])]"
79,"[array([[-0.0142593 , -0.99981859, -0.00244852, -0.080168  ],
       [ 0.99989688, -0.01889292,  0.00166971,  0.158095  ],
       [-0.00170446, -0.00241654,  0.99999561,  0.1044855 ],
       [ 0.        ,  0.        ,  0.        ,  1.        ]])]"
80,"[array([[-0.02451565, -0.99966173,  0.00509706, -0.086358  ],
       [ 0.99969833, -0.02549582,  0.0016213 ,  0.157625  ],
       [-0.00149587,  0.00513675,  0.9999857 ,  0.104599  ],
       [ 0.        ,  0.        ,  0.        ,  1.        ]])]"
81,"[array([[-0.031106  , -0.99934274,  0.01392695, -0.0885915 ],
       [ 0.99950893, -0.03341268,  0.00421917,  0.1571585 ],
       [-0.00378429,  0.01406025,  0.99989411,  0.1048255 ],
       [ 0.        ,  0.        ,  0.        ,  1.        ]])]"
82,"[array([[-0.04140899, -0.99897693,  0.01209939, -0.0910385 ],
       [ 0.99913741, -0.04353318,  0.00362205,  0.155824  ],
       [-0.00311815,  0.01224567,  0.99992024,  0.1047645 ],
       [ 0.        ,  0.        ,  0.        ,  1.        ]])]"
83,"[array([[-0.04590731, -0.99881014,  0.00758753, -0.0915105 ],
       [ 0.99894134, -0.04815015,  0.00330409,  0.1555505 ],
       [-0.00295237,  0.00773786,  0.99996576,  0.1046485 ],
       [ 0.        ,  0.        ,  0.        ,  1.        ]])]"
84,"[array([[-0.07457279, -0.99709268,  0.00456287, -0.093002  ],
       [ 0.99721358, -0.07605156,  0.00234202,  0.1543625 ],
       [-0.00199526,  0.00472778,  0.99998685,  0.1045475 ],
       [ 0.        ,  0.        ,  0.        ,  1.        ]])]"
85,"[array([[-0.07797389, -0.99680869,  0.00571785, -0.0938615 ],
       [ 0.99695185, -0.07960571,  0.00311537,  0.1542445 ],
       [-0.00266009,  0.00594773,  0.9999788 ,  0.104584  ],
       [ 0.        ,  0.        ,  0.        ,  1.        ]])]"
86,"[array([[-0.0884357 , -0.99577717,  0.00432526, -0.094666  ],
       [ 0.99606084, -0.09167026,  0.00688439,  0.1539305 ],
       [-0.00647498,  0.00493825,  0.99996695,  0.104661  ],
       [ 0.        ,  0.        ,  0.        ,  1.        ]])]"
87,"[array([[-0.09214862, -0.99545894,  0.00506073, -0.094611  ],
       [ 0.99572285, -0.09501994,  0.00717724,  0.153796  ],
       [-0.00668046,  0.00571995,  0.99996144,  0.1046855 ],
       [ 0.        ,  0.        ,  0.        ,  1.        ]])]"
88,"[array([[-0.12021321, -0.99253163,  0.00428724, -0.0977335 ],
       [ 0.99271903, -0.12187449,  0.00817136,  0.1532425 ],
       [-0.00759681,  0.00525132,  0.99995742,  0.104667  ],
       [ 0.        ,  0.        ,  0.        ,  1.        ]])]"
89,"[array([[-0.12617969, -0.9916098 ,  0.00677506, -0.0985015 ],
       [ 0.99197291, -0.12902521,  0.0092009 ,  0.1529725 ],
       [-0.00827271,  0.00790588,  0.99993472,  0.1047285 ],
       [ 0.        ,  0.        ,  0.        ,  1.        ]])]"
90,"[array([[-0.12854998, -0.99142999,  0.00938473, -0.097404  ],
       [ 0.99165933, -0.13020135,  0.0106043 ,  0.1529965 ],
       [-0.00931038,  0.01068607,  0.99989973,  0.104832  ],
       [ 0.        ,  0.        ,  0.        ,  1.        ]])]"
91,"[array([[-0.12806472, -0.99140619,  0.00563518, -0.098052  ],
       [ 0.99172885, -0.13064219,  0.00936129,  0.152792  ],
       [-0.00856271,  0.00681014,  0.9999403 ,  0.104728  ],
       [ 0.        ,  0.        ,  0.        ,  1.        ]])]"
92,"[array([[-0.13207183, -0.99084838,  0.00625047, -0.0976935 ],
       [ 0.99120703, -0.13477613,  0.0090073 ,  0.152569  ],
       [-0.00810308,  0.00740769,  0.9999399 ,  0.1047235 ],
       [ 0.        ,  0.        ,  0.        ,  1.        ]])]"
93,"[array([[-0.13460502, -0.99058285,  0.00602854, -0.0980515 ],
       [ 0.9908634 , -0.13672262,  0.00933517,  0.152458  ],
       [-0.00843892,  0.00724855,  0.99993825,  0.10473   ],
       [ 0.        ,  0.        ,  0.        ,  1.        ]])]"
94,"[array([[-0.13374543, -0.99057087,  0.00984225, -0.0976325 ],
       [ 0.99097764, -0.13654854,  0.01009459,  0.15255   ],
       [-0.00868802,  0.01112896,  0.99990061,  0.104832  ],
       [ 0.        ,  0.        ,  0.        ,  1.        ]])]"
95,"[array([[-0.13031823, -0.99097177,  0.00924606, -0.0969295 ],
       [ 0.99142997, -0.13365419,  0.01044677,  0.1527    ],
       [-0.0091532 ,  0.01055987,  0.99990268,  0.104833  ],
       [ 0.        ,  0.        ,  0.        ,  1.        ]])]"
96,"[array([[-0.12140458, -0.99238317,  0.00702351, -0.092922  ],
       [ 0.99259987, -0.12296759,  0.00341319,  0.1535005 ],
       [-0.00253532,  0.00738995,  0.99996951,  0.104624  ],
       [ 0.        ,  0.        ,  0.        ,  1.        ]])]"
97,"[array([[-1.05035429e-01, -9.94296683e-01,  3.72762192e-03,
        -8.90015000e-02],
       [ 9.94468459e-01, -1.06584346e-01,  1.84646588e-04,
         1.54295000e-01],
       [ 2.07908609e-04,  3.72606850e-03,  9.99993035e-01,
         1.04549500e-01],
       [ 0.00000000e+00,  0.00000000e+00,  0.00000000e+00,
         1.00000000e+00]])]"
98,"[array([[-0.02772545, -0.99950332,  0.00365061, -0.0817445 ],
       [ 0.99961267, -0.03130997, -0.00231057,  0.156728  ],
       [ 0.00241091,  0.00357649,  0.99999067,  0.104689  ],
       [ 0.        ,  0.        ,  0.        ,  1.        ]])]"
99,"[array([[ 0.03675175, -0.99931979,  0.00619091, -0.0742855 ],
       [ 0.99932324,  0.03634404, -0.00176694,  0.1583465 ],
       [ 0.00153825,  0.00625105,  0.99997928,  0.1047615 ],
       [ 0.        ,  0.        ,  0.        ,  1.        ]])]"
100,"[array([[ 3.69793519e-02, -9.99490387e-01, -3.42075656e-03,
        -7.55595000e-02],
       [ 9.99316029e-01,  3.17373278e-02,  8.49591424e-05,
         1.58109500e-01],
       [ 4.15965713e-05, -3.42172971e-03,  9.99994146e-01,
         1.04504500e-01],
       [ 0.00000000e+00,  0.00000000e+00,  0.00000000e+00,
         1.00000000e+00]])]"
101,"[array([[ 3.74393867e-02, -9.99479777e-01, -2.99922532e-03,
        -7.55770000e-02],
       [ 9.99298830e-01,  3.21106655e-02,  4.87022781e-04,
         1.58115500e-01],
       [-3.74393867e-04, -3.01331759e-03,  9.99995384e-01,
         1.04509000e-01],
       [ 0.00000000e+00,  0.00000000e+00,  0.00000000e+00,
         1.00000000e+00]])]"
102,"[array([[ 0.03840118, -0.99926153,  0.00192601, -0.074781  ],
       [ 0.99926177,  0.03837757,  0.00104892,  0.15816   ],
       [-0.00112211,  0.00188433,  0.9999976 ,  0.104592  ],
       [ 0.        ,  0.        ,  0.        ,  1.        ]])]"
103,"[array([[ 0.07064419, -0.99752743,  0.00108204, -0.0693755 ],
       [ 0.99750095,  0.07027099,  0.00104884,  0.157912  ],
       [-0.00112266,  0.00100567,  0.99999886,  0.10461   ],
       [ 0.        ,  0.        ,  0.        ,  1.        ]])]"
104,"[array([[ 0.14816477, -0.98926291, -0.00337623, -0.060017  ],
       [ 0.98895623,  0.1461183 , -0.00310728,  0.156307  ],
       [ 0.00357324, -0.00288598,  0.99998947,  0.104569  ],
       [ 0.        ,  0.        ,  0.        ,  1.        ]])]"
105,"[array([[ 2.03791307e-01, -9.78731059e-01, -1.81733258e-03,
        -5.42295000e-02],
       [ 9.78995825e-01,  2.05146683e-01, -5.77399481e-03,
         1.53967000e-01],
       [ 6.02318375e-03, -5.94174845e-04,  9.99981679e-01,
         1.04578500e-01],
       [ 0.00000000e+00,  0.00000000e+00,  0.00000000e+00,
         1.00000000e+00]])]"
106,"[array([[ 3.32055898e-01, -9.42508945e-01, -3.62820081e-03,
        -4.69120000e-02],
       [ 9.43221609e-01,  3.34179858e-01, -7.71075380e-03,
         1.49149500e-01],
       [ 8.47802292e-03, -8.42863723e-04,  9.99963690e-01,
         1.04668500e-01],
       [ 0.00000000e+00,  0.00000000e+00,  0.00000000e+00,
         1.00000000e+00]])]"
107,"[array([[ 0.36605126, -0.92796268, -0.00177847, -0.0447825 ],
       [ 0.93049577,  0.37265649, -0.0138806 ,  0.147546  ],
       [ 0.01356818,  0.00352269,  0.99990208,  0.1046195 ],
       [ 0.        ,  0.        ,  0.        ,  1.        ]])]"
108,"[array([[ 0.36533353, -0.92847239, -0.00520873, -0.045022  ],
       [ 0.93077104,  0.37140143, -0.01302139,  0.147599  ],
       [ 0.01402424,  0.        ,  0.99990165,  0.104688  ],
       [ 0.        ,  0.        ,  0.        ,  1.        ]])]"
109,"[array([[ 0.36432808, -0.92888755, -0.00698651, -0.0451095 ],
       [ 0.93116183,  0.3703573 , -0.01255444,  0.14762   ],
       [ 0.01423706, -0.00184025,  0.99989678,  0.1047345 ],
       [ 0.        ,  0.        ,  0.        ,  1.        ]])]"
110,"[array([[ 0.36398833, -0.92920984, -0.00919437, -0.0453405 ],
       [ 0.93128695,  0.3695306 , -0.0122268 ,  0.1476475 ],
       [ 0.01473503, -0.0040258 ,  0.99988298,  0.1047895 ],
       [ 0.        ,  0.        ,  0.        ,  1.        ]])]"
111,"[array([[ 0.36297879, -0.929757  , -0.00802649, -0.045491  ],
       [ 0.93168283,  0.36816279, -0.01255449,  0.1476625 ],
       [ 0.01461187, -0.00284091,  0.99988897,  0.1047555 ],
       [ 0.        ,  0.        ,  0.        ,  1.        ]])]"
112,"[array([[ 0.36251316, -0.9326595 , -0.00627624, -0.0492785 ],
       [ 0.93195729,  0.36073236, -0.00432877,  0.149136  ],
       [ 0.00630963, -0.00429219,  0.99997093,  0.1047195 ],
       [ 0.        ,  0.        ,  0.        ,  1.        ]])]"
113,"[array([[ 0.34508878, -0.93889302, -0.00887959, -0.0549745 ],
       [ 0.93854352,  0.34414046, -0.00425387,  0.1508435 ],
       [ 0.00705703, -0.00687339,  0.99995153,  0.1046995 ],
       [ 0.        ,  0.        ,  0.        ,  1.        ]])]"
114,"[array([[ 0.26898254, -0.96403318, -0.00790875, -0.0668135 ],
       [ 0.96314445,  0.26564568,  0.00333009,  0.1536335 ],
       [-0.00108008, -0.00850923,  0.99996318,  0.10473   ],
       [ 0.        ,  0.        ,  0.        ,  1.        ]])]"
115,"[array([[ 0.1172453 , -0.99324763, -0.00521892, -0.078149  ],
       [ 0.99309514,  0.11591441, -0.00335817,  0.1552375 ],
       [ 0.00394695, -0.00479451,  0.99998074,  0.1044885 ],
       [ 0.        ,  0.        ,  0.        ,  1.        ]])]"
116,"[array([[ 0.04199367, -0.99925022, -0.00429133, -0.0835155 ],
       [ 0.99911663,  0.03848457, -0.00140097,  0.1547575 ],
       [ 0.00157996, -0.00423424,  0.99998981,  0.1044555 ],
       [ 0.        ,  0.        ,  0.        ,  1.        ]])]"
117,"[array([[ 4.31718736e-02, -9.99241790e-01, -4.11876640e-03,
        -8.30620000e-02],
       [ 9.99067029e-01,  3.87195996e-02, -9.46025535e-04,
         1.54742000e-01],
       [ 1.12296781e-03, -4.07905020e-03,  9.99991070e-01,
         1.04455000e-01],
       [ 0.00000000e+00,  0.00000000e+00,  0.00000000e+00,
         1.00000000e+00]])]"
118,"[array([[ 0.04354729, -0.9992206 , -0.00384438, -0.082636  ],
       [ 0.99905053,  0.03929096, -0.00112301,  0.15475   ],
       [ 0.00128937, -0.00379729,  0.99999198,  0.1044575 ],
       [ 0.        ,  0.        ,  0.        ,  1.        ]])]"
119,"[array([[ 4.49418433e-02, -9.99167399e-01, -3.66165066e-03,
        -8.19960000e-02],
       [ 9.98989410e-01,  4.06356944e-02, -4.59513650e-04,
         1.54772500e-01],
       [ 6.23614847e-04, -3.63995409e-03,  9.99993191e-01,
         1.04465000e-01],
       [ 0.00000000e+00,  0.00000000e+00,  0.00000000e+00,
         1.00000000e+00]])]"
120,"[array([[ 4.54868723e-02, -9.99131166e-01, -3.71074022e-03,
        -8.14435000e-02],
       [ 9.98964894e-01,  4.15114949e-02, -1.22384165e-04,
         1.54802500e-01],
       [ 2.91049457e-04, -3.70246138e-03,  9.99993108e-01,
         1.04468000e-01],
       [ 0.00000000e+00,  0.00000000e+00,  0.00000000e+00,
         1.00000000e+00]])]"
121,"[array([[ 4.43470843e-02, -9.99181232e-01, -4.64141821e-03,
        -8.16310000e-02],
       [ 9.99015838e-01,  4.01944215e-02, -6.26802233e-04,
         1.54729500e-01],
       [ 8.32027848e-04, -4.61247460e-03,  9.99989032e-01,
         1.04465500e-01],
       [ 0.00000000e+00,  0.00000000e+00,  0.00000000e+00,
         1.00000000e+00]])]"
122,"[array([[ 0.0216482 , -0.99978992, -0.00137877, -0.0863385 ],
       [ 0.9997644 ,  0.02045246, -0.00154946,  0.1542345 ],
       [ 0.00157895, -0.00134679,  0.99999785,  0.1044205 ],
       [ 0.        ,  0.        ,  0.        ,  1.        ]])]"
123,"[array([[-9.35159837e-03, -9.99935591e-01,  3.46834756e-03,
        -9.07750000e-02],
       [ 9.99956023e-01, -1.08041898e-02,  7.39027861e-04,
         1.53679500e-01],
       [-7.06565210e-04,  3.47613062e-03,  9.99993712e-01,
         1.04527500e-01],
       [ 0.00000000e+00,  0.00000000e+00,  0.00000000e+00,
         1.00000000e+00]])]"
124,"[array([[-0.03914478, -0.99916251,  0.00841656, -0.093862  ],
       [ 0.99923074, -0.04002162,  0.00270008,  0.152986  ],
       [-0.00236863,  0.0085179 ,  0.99996093,  0.104649  ],
       [ 0.        ,  0.        ,  0.        ,  1.        ]])]"
125,"[array([[-0.0835407 , -0.99620548,  0.00910332, -0.09833   ],
       [ 0.99647342, -0.08647704,  0.00864319,  0.151076  ],
       [-0.00785283,  0.00981699,  0.99992121,  0.104794  ],
       [ 0.        ,  0.        ,  0.        ,  1.        ]])]"
126,"[array([[-0.09490234, -0.99512792,  0.01097152, -0.0999605 ],
       [ 0.9954508 , -0.09787733,  0.009525  ,  0.150452  ],
       [-0.00844134,  0.0118516 ,  0.99989444,  0.1048645 ],
       [ 0.        ,  0.        ,  0.        ,  1.        ]])]"
127,"[array([[-0.09908936, -0.99424273,  0.00964103, -0.100799  ],
       [ 0.99499968, -0.10658197,  0.01354892,  0.1501615 ],
       [-0.01252758,  0.01103112,  0.99986173,  0.104953  ],
       [ 0.        ,  0.        ,  0.        ,  1.        ]])]"
128,"[array([[-0.10690319, -0.99337325,  0.00889057, -0.1035185 ],
       [ 0.99417449, -0.11445013,  0.01477436,  0.149203  ],
       [-0.01373991,  0.01052415,  0.99985133,  0.104932  ],
       [ 0.        ,  0.        ,  0.        ,  1.        ]])]"
129,"[array([[-0.1419575 , -0.98876117,  0.00459289, -0.10555   ],
       [ 0.98980467, -0.14936698,  0.01238702,  0.1483665 ],
       [-0.01160975,  0.00639204,  0.99991273,  0.104816  ],
       [ 0.        ,  0.        ,  0.        ,  1.        ]])]"
130,"[array([[-0.17307688, -0.98355235,  0.00331714, -0.106669  ],
       [ 0.98490382, -0.18058091,  0.0036039 ,  0.14758   ],
       [-0.00297541,  0.00391342,  0.999988  ,  0.1047865 ],
       [ 0.        ,  0.        ,  0.        ,  1.        ]])]"
131,"[array([[-0.18691098, -0.98112613,  0.0136462 , -0.1078305 ],
       [ 0.98236152, -0.19294387, -0.00299034,  0.146874  ],
       [ 0.00548876,  0.01281292,  0.99990241,  0.105123  ],
       [ 0.        ,  0.        ,  0.        ,  1.        ]])]"
132,"[array([[-0.18919462, -0.98063093,  0.01365534, -0.1081815 ],
       [ 0.98191841, -0.19545758, -0.00393877,  0.146752  ],
       [ 0.00645172,  0.01262226,  0.999899  ,  0.105134  ],
       [ 0.        ,  0.        ,  0.        ,  1.        ]])]"
133,"[array([[-0.18799204, -0.98086938,  0.01368292, -0.10771   ],
       [ 0.98215993, -0.19423063, -0.00203132,  0.1469715 ],
       [ 0.0045678 ,  0.01302785,  0.99990432,  0.1051245 ],
       [ 0.        ,  0.        ,  0.        ,  1.        ]])]"
134,"[array([[-1.86694839e-01, -9.80847107e-01, -1.51065176e-03,
        -1.02423500e-01],
       [ 9.82401408e-01, -1.94778815e-01,  5.51685058e-03,
         1.49060500e-01],
       [-5.70188594e-03, -4.07159447e-04,  9.99983641e-01,
         1.04688500e-01],
       [ 0.00000000e+00,  0.00000000e+00,  0.00000000e+00,
         1.00000000e+00]])]"
135,"[array([[-0.17410141, -0.98432976, -0.0064325 , -0.096915  ],
       [ 0.98472326, -0.17623535,  0.00187368,  0.15091   ],
       [-0.00296503, -0.00600163,  0.99997756,  0.104402  ],
       [ 0.        ,  0.        ,  0.        ,  1.        ]])]"
136,"[array([[-0.11450205, -0.99324481, -0.00205196, -0.0917025 ],
       [ 0.99341862, -0.11601265, -0.00320907,  0.153362  ],
       [ 0.00295301, -0.00241041,  0.99999275,  0.1044145 ],
       [ 0.        ,  0.        ,  0.        ,  1.        ]])]"
137,"[array([[-0.07397398, -0.99711847, -0.00264897, -0.0876185 ],
       [ 0.9972558 , -0.07580543, -0.0031569 ,  0.1549565 ],
       [ 0.00295231, -0.00288067,  0.99999151,  0.104413  ],
       [ 0.        ,  0.        ,  0.        ,  1.        ]])]"
138,"[array([[-0.05298216, -0.99830038, -0.01131623, -0.084172  ],
       [ 0.99859321, -0.05714167, -0.0027242 ,  0.1555775 ],
       [ 0.00212095, -0.01145344,  0.99993226,  0.1046265 ],
       [ 0.        ,  0.        ,  0.        ,  1.        ]])]"
139,"[array([[-0.04733188, -0.99859527, -0.00779474, -0.083546  ],
       [ 0.99887731, -0.05239253, -0.00232632,  0.155544  ],
       [ 0.00195483, -0.00790594,  0.99996691,  0.10453   ],
       [ 0.        ,  0.        ,  0.        ,  1.        ]])]"
140,"[array([[ 8.48237247e-03, -9.99967539e-01, -7.28346433e-03,
        -7.73835000e-02],
       [ 9.99963606e-01,  3.45195133e-03, -8.52991049e-04,
         1.56867000e-01],
       [ 9.14765659e-04, -7.28047918e-03,  9.99973111e-01,
         1.04558000e-01],
       [ 0.00000000e+00,  0.00000000e+00,  0.00000000e+00,
         1.00000000e+00]])]"
141,"[array([[ 0.05696799, -0.99840194, -0.00580769, -0.071396  ],
       [ 0.99837339,  0.05622454, -0.00195766,  0.1570985 ],
       [ 0.00228537, -0.00568845,  0.99998122,  0.1046805 ],
       [ 0.        ,  0.        ,  0.        ,  1.        ]])]"
142,"[array([[ 0.14888917, -0.99180713, -0.01450373, -0.061763  ],
       [ 0.98878541,  0.12671862,  0.01395076,  0.156224  ],
       [-0.01163722, -0.01615599,  0.99979749,  0.1047635 ],
       [ 0.        ,  0.        ,  0.        ,  1.        ]])]"
143,"[array([[ 0.19576818, -0.98033784, -0.00825069, -0.054481  ],
       [ 0.98062739,  0.19719979, -0.00517371,  0.1539785 ],
       [ 0.00668902, -0.00706854,  0.99995258,  0.104729  ],
       [ 0.        ,  0.        ,  0.        ,  1.        ]])]"
144,"[array([[ 0.22576541, -0.9731111 , -0.01118142, -0.0505335 ],
       [ 0.9740555 ,  0.23020504, -0.01350343,  0.152545  ],
       [ 0.01567988, -0.0077734 ,  0.9998463 ,  0.1048835 ],
       [ 0.        ,  0.        ,  0.        ,  1.        ]])]"
145,"[array([[ 0.24333823, -0.96882315, -0.01301888, -0.0491935 ],
       [ 0.96979692,  0.24758432, -0.01399803,  0.1517865 ],
       [ 0.0167463 , -0.00914897,  0.99981727,  0.1049345 ],
       [ 0.        ,  0.        ,  0.        ,  1.        ]])]"
146,"[array([[ 0.2431553 , -0.96870241, -0.01733092, -0.0495815 ],
       [ 0.96984819,  0.24784824, -0.01259291,  0.1518255 ],
