,LP,LD1,LD2,RP,RD1,RD2
0,"[array([[-0.11028311, -0.99388373, -0.00572345, -0.03911509],
       [ 0.99254798, -0.11043153,  0.05151107,  0.28753677],
       [-0.05182806,  0.        ,  0.99865602,  0.08617295],
       [ 0.        ,  0.        ,  0.        ,  1.        ]])]","[array([[ 0.47334855, -0.88085862,  0.00540851, -0.04125535],
       [ 0.88080112,  0.47337944,  0.01006408,  0.35843773],
       [-0.01142531, -0.        ,  0.99993473,  0.08329332],
       [ 0.        ,  0.        ,  0.        ,  1.        ]])]","[array([[ 0.47334855, -0.88085862,  0.00540851, -0.04125535],
       [ 0.88080112,  0.47337944,  0.01006408,  0.35843773],
       [-0.01142531, -0.        ,  0.99993473,  0.08329332],
       [ 0.        ,  0.        ,  0.        ,  1.        ]])]","[array([[ 0.56337902, -0.8259742 ,  0.01925383,  0.02104779],
       [ 0.82549226,  0.56370793,  0.02821171,  0.29879788],
       [-0.03415568,  0.        ,  0.99941652,  0.08642309],
       [ 0.        ,  0.        ,  0.        ,  1.        ]])]","[array([[-0.15764389, -0.98748491,  0.00468506,  0.05327716],
       [ 0.98704911, -0.15771349, -0.02933436,  0.34710528],
       [ 0.02970613, -0.        ,  0.99955868,  0.08289435],
       [ 0.        ,  0.        ,  0.        ,  1.        ]])]","[array([[-0.15764389, -0.98748491,  0.00468506,  0.05327716],
       [ 0.98704911, -0.15771349, -0.02933436,  0.34710528],
       [ 0.02970613, -0.        ,  0.99955868,  0.08289435],
       [ 0.        ,  0.        ,  0.        ,  1.        ]])]"
1,"[array([[-0.11164054, -0.99373036, -0.00603052, -0.03908193],
       [ 0.99228373, -0.1118033 ,  0.05360051,  0.28752708],
       [-0.05393869,  0.        ,  0.99854425,  0.08621923],
       [ 0.        ,  0.        ,  0.        ,  1.        ]])]","[array([[ 0.47315437, -0.88096309,  0.00538321, -0.04124664],
       [ 0.88090608,  0.47318499,  0.01002232,  0.35842852],
       [-0.01137655, -0.        ,  0.99993528,  0.08329277],
       [ 0.        ,  0.        ,  0.        ,  1.        ]])]","[array([[ 0.47315437, -0.88096309,  0.00538321, -0.04124664],
       [ 0.88090608,  0.47318499,  0.01002232,  0.35842852],
       [-0.01137655, -0.        ,  0.99993528,  0.08329277],
       [ 0.        ,  0.        ,  0.        ,  1.        ]])]","[array([[ 0.56344672, -0.82592461,  0.0193991 ,  0.02104971],
       [ 0.82543553,  0.56378057,  0.02841921,  0.2987998 ],
       [-0.03440896,  0.        ,  0.99940784,  0.08643176],
       [ 0.        ,  0.        ,  0.        ,  1.        ]])]","[array([[-0.15776513, -0.98746546,  0.00470518,  0.05328528],
       [ 0.98702659, -0.15783528, -0.02943705,  0.34710432],
       [ 0.02981071, -0.        ,  0.99955556,  0.08289102],
       [ 0.        ,  0.        ,  0.        ,  1.        ]])]","[array([[-0.15776513, -0.98746546,  0.00470518,  0.05328528],
       [ 0.98702659, -0.15783528, -0.02943705,  0.34710432],
       [ 0.02981071, -0.        ,  0.99955556,  0.08289102],
       [ 0.        ,  0.        ,  0.        ,  1.        ]])]"
2,"[array([[-0.10716955, -0.99422418, -0.00574084, -0.0391887 ],
       [ 0.99280078, -0.10732321,  0.0531822 ,  0.28756246],
       [-0.05349115,  0.        ,  0.99856832,  0.0862102 ],
       [ 0.        ,  0.        ,  0.        ,  1.        ]])]","[array([[ 0.4730771 , -0.88100488,  0.00533517, -0.04124537],
       [ 0.88094886,  0.47310719,  0.00993497,  0.35842381],
       [-0.01127687, -0.        ,  0.99993641,  0.0832906 ],
       [ 0.        ,  0.        ,  0.        ,  1.        ]])]","[array([[ 0.4730771 , -0.88100488,  0.00533517, -0.04124537],
       [ 0.88094886,  0.47310719,  0.00993497,  0.35842381],
       [-0.01127687, -0.        ,  0.99993641,  0.0832906 ],
       [ 0.        ,  0.        ,  0.        ,  1.        ]])]","[array([[ 0.56344069, -0.82590363,  0.02043997,  0.02105303],
       [ 0.82536071,  0.56381131,  0.02994166,  0.29879875],
       [-0.03625322,  0.        ,  0.99934264,  0.08647507],
       [ 0.        ,  0.        ,  0.        ,  1.        ]])]","[array([[-0.15797946, -0.9874312 ,  0.00470249,  0.05329557],
       [ 0.98699404, -0.15804943, -0.02937934,  0.34709441],
       [ 0.0297533 , -0.        ,  0.99955727,  0.08289285],
       [ 0.        ,  0.        ,  0.        ,  1.        ]])]","[array([[-0.15797946, -0.9874312 ,  0.00470249,  0.05329557],
       [ 0.98699404, -0.15804943, -0.02937934,  0.34709441],
       [ 0.0297533 , -0.        ,  0.99955727,  0.08289285],
       [ 0.        ,  0.        ,  0.        ,  1.        ]])]"
3,"[array([[-0.10734206, -0.9942056 , -0.00573584, -0.03918363],
       [ 0.99278925, -0.1074952 ,  0.05304981,  0.28755976],
       [-0.05335899,  0.        ,  0.99857539,  0.08620724],
       [ 0.        ,  0.        ,  0.        ,  1.        ]])]","[array([[ 0.47311178, -0.88098553,  0.00545339, -0.04124739],
       [ 0.88092701,  0.47314321,  0.01015412,  0.35842567],
       [-0.01152587, -0.        ,  0.99993357,  0.08329952],
       [ 0.        ,  0.        ,  0.        ,  1.        ]])]","[array([[ 0.47311178, -0.88098553,  0.00545339, -0.04124739],
       [ 0.88092701,  0.47314321,  0.01015412,  0.35842567],
       [-0.01152587, -0.        ,  0.99993357,  0.08329952],
       [ 0.        ,  0.        ,  0.        ,  1.        ]])]","[array([[ 0.56313429, -0.82614027,  0.01928794,  0.0210618 ],
       [ 0.82565611,  0.56346451,  0.02827958,  0.29879205],
       [-0.03423097,  0.        ,  0.99941395,  0.08642677],
       [ 0.        ,  0.        ,  0.        ,  1.        ]])]","[array([[-0.15788865, -0.98744566,  0.004716  ,  0.05329048],
       [ 0.98700547, -0.15795907, -0.02948104,  0.34709729],
       [ 0.02985586, -0.        ,  0.99955421,  0.08288658],
       [ 0.        ,  0.        ,  0.        ,  1.        ]])]","[array([[-0.15788865, -0.98744566,  0.004716  ,  0.05329048],
       [ 0.98700547, -0.15795907, -0.02948104,  0.34709729],
       [ 0.02985586, -0.        ,  0.99955421,  0.08288658],
       [ 0.        ,  0.        ,  0.        ,  1.        ]])]"
4,"[array([[-0.10730697, -0.99420939, -0.00573542, -0.03917946],
       [ 0.99279232, -0.10746013,  0.05306352,  0.28756009],
       [-0.05337257,  0.        ,  0.99857467,  0.08620255],
       [ 0.        ,  0.        ,  0.        ,  1.        ]])]","[array([[ 0.47311313, -0.88098553,  0.00533485, -0.04124343],
       [ 0.88092953,  0.47314321,  0.00993341,  0.35842159],
       [-0.01127534, -0.        ,  0.99993643,  0.08328656],
       [ 0.        ,  0.        ,  0.        ,  1.        ]])]","[array([[ 0.47311313, -0.88098553,  0.00533485, -0.04124343],
       [ 0.88092953,  0.47314321,  0.00993341,  0.35842159],
       [-0.01127534, -0.        ,  0.99993643,  0.08328656],
       [ 0.        ,  0.        ,  0.        ,  1.        ]])]","[array([[ 0.56320262, -0.82609206,  0.01935749,  0.02105769],
       [ 0.82560456,  0.56353518,  0.02837635,  0.29878683],
       [-0.03435011,  0.        ,  0.99940986,  0.08642844],
       [ 0.        ,  0.        ,  0.        ,  1.        ]])]","[array([[-0.1578965 , -0.9874444 ,  0.00471647,  0.05328875],
       [ 0.98700417, -0.15796693, -0.02948247,  0.34709722],
       [ 0.02985734, -0.        ,  0.99955417,  0.08288254],
       [ 0.        ,  0.        ,  0.        ,  1.        ]])]","[array([[-0.1578965 , -0.9874444 ,  0.00471647,  0.05328875],
       [ 0.98700417, -0.15796693, -0.02948247,  0.34709722],
       [ 0.02985734, -0.        ,  0.99955417,  0.08288254],
       [ 0.        ,  0.        ,  0.        ,  1.        ]])]"
5,"[array([[-0.11199871, -0.99368899, -0.00620401, -0.03906644],
       [ 0.99216794, -0.11217041,  0.05495973,  0.2875175 ],
       [-0.05530878,  0.        ,  0.9984693 ,  0.08624592],
       [ 0.        ,  0.        ,  0.        ,  1.        ]])]","[array([[ 0.47311915, -0.88098243,  0.0053124 , -0.04124261],
       [ 0.8809269 ,  0.47314897,  0.00989145,  0.35842669],
       [-0.01122775, -0.        ,  0.99993697,  0.08328104],
       [ 0.        ,  0.        ,  0.        ,  1.        ]])]","[array([[ 0.47311915, -0.88098243,  0.0053124 , -0.04124261],
       [ 0.8809269 ,  0.47314897,  0.00989145,  0.35842669],
       [-0.01122775, -0.        ,  0.99993697,  0.08328104],
       [ 0.        ,  0.        ,  0.        ,  1.        ]])]","[array([[ 0.56317383, -0.8261108 ,  0.01939556,  0.02106117],
       [ 0.82562131,  0.56350772,  0.02843419,  0.29878821],
       [-0.03441934,  0.        ,  0.99940748,  0.08642899],
       [ 0.        ,  0.        ,  0.        ,  1.        ]])]","[array([[-0.15766573, -0.98748115,  0.00474201,  0.0532809 ],
       [ 0.98703483, -0.15773703, -0.02968639,  0.34709941],
       [ 0.03006274, -0.        ,  0.99954801,  0.082874  ],
       [ 0.        ,  0.        ,  0.        ,  1.        ]])]","[array([[-0.15766573, -0.98748115,  0.00474201,  0.0532809 ],
       [ 0.98703483, -0.15773703, -0.02968639,  0.34709941],
       [ 0.03006274, -0.        ,  0.99954801,  0.082874  ],
       [ 0.        ,  0.        ,  0.        ,  1.        ]])]"
6,"[array([[-0.14272155, -0.98973052, -0.00800337, -0.03717822],
       [ 0.98817802, -0.14294578,  0.05541386,  0.2855428 ],
       [-0.05598884,  0.        ,  0.99843139,  0.08624415],
       [ 0.        ,  0.        ,  0.        ,  1.        ]])]","[array([[ 0.44319279, -0.89641289,  0.00490858, -0.04170139],
       [ 0.89635791,  0.44321997,  0.0099276 ,  0.35630831],
       [-0.01107481, -0.        ,  0.99993867,  0.08325818],
       [ 0.        ,  0.        ,  0.        ,  1.        ]])]","[array([[ 0.44319279, -0.89641289,  0.00490858, -0.04170139],
       [ 0.89635791,  0.44321997,  0.0099276 ,  0.35630831],
       [-0.01107481, -0.        ,  0.99993867,  0.08325818],
       [ 0.        ,  0.        ,  0.        ,  1.        ]])]","[array([[ 0.53661885, -0.84361718,  0.01871535,  0.02257064],
       [ 0.84310457,  0.53694512,  0.02940448,  0.29894985],
       [-0.03485524,  0.        ,  0.99939237,  0.08642676],
       [ 0.        ,  0.        ,  0.        ,  1.        ]])]","[array([[-0.19007398, -0.98175348,  0.00565559,  0.05317224],
       [ 0.98131918, -0.1901581 , -0.02919884,  0.34824638],
       [ 0.02974152, -0.        ,  0.99955762,  0.08287622],
       [ 0.        ,  0.        ,  0.        ,  1.        ]])]","[array([[-0.19007398, -0.98175348,  0.00565559,  0.05317224],
       [ 0.98131918, -0.1901581 , -0.02919884,  0.34824638],
       [ 0.02974152, -0.        ,  0.99955762,  0.08287622],
       [ 0.        ,  0.        ,  0.        ,  1.        ]])]"
7,"[array([[-0.2208873 , -0.97523918, -0.01083246, -0.03184447],
       [ 0.97406857, -0.22115275,  0.04776898,  0.28102725],
       [-0.04898181,  0.        ,  0.99879967,  0.08604119],
       [ 0.        ,  0.        ,  0.        ,  1.        ]])]","[array([[ 0.37298867, -0.92782522,  0.00445068, -0.04183625],
       [ 0.92775918,  0.37301522,  0.01107046,  0.35125083],
       [-0.01193163, -0.        ,  0.99992882,  0.08328643],
       [ 0.        ,  0.        ,  0.        ,  1.        ]])]","[array([[ 0.37298867, -0.92782522,  0.00445068, -0.04183625],
       [ 0.92775918,  0.37301522,  0.01107046,  0.35125083],
       [-0.01193163, -0.        ,  0.99992882,  0.08328643],
       [ 0.        ,  0.        ,  0.        ,  1.        ]])]","[array([[ 0.47057069, -0.88221438,  0.01615626,  0.02661356],
       [ 0.88169487,  0.47084795,  0.03027151,  0.29894681],
       [-0.03431311,  0.        ,  0.99941113,  0.08642061],
       [ 0.        ,  0.        ,  0.        ,  1.        ]])]","[array([[-0.26512497, -0.96418415,  0.00759387,  0.05339744],
       [ 0.96378889, -0.2652337 , -0.02760544,  0.35042055],
       [ 0.02863088, -0.        ,  0.99959005,  0.08291954],
       [ 0.        ,  0.        ,  0.        ,  1.        ]])]","[array([[-0.26512497, -0.96418415,  0.00759387,  0.05339744],
       [ 0.96378889, -0.2652337 , -0.02760544,  0.35042055],
       [ 0.02863088, -0.        ,  0.99959005,  0.08291954],
       [ 0.        ,  0.        ,  0.        ,  1.        ]])]"
8,"[array([[-0.32653124, -0.9450234 , -0.01755344, -0.02264134],
       [ 0.94366086, -0.32700271,  0.05072867,  0.27596834],
       [-0.0536798 ,  0.        ,  0.9985582 ,  0.08613943],
       [ 0.        ,  0.        ,  0.        ,  1.        ]])]","[array([[ 0.27563994, -0.9612491 ,  0.00477365, -0.04070897],
       [ 0.96110498,  0.27568127,  0.01664484,  0.34491243],
       [-0.01731584, -0.        ,  0.99985007,  0.08352364],
       [ 0.        ,  0.        ,  0.        ,  1.        ]])]","[array([[ 0.27563994, -0.9612491 ,  0.00477365, -0.04070897],
       [ 0.96110498,  0.27568127,  0.01664484,  0.34491243],
       [-0.01731584, -0.        ,  0.99985007,  0.08352364],
       [ 0.        ,  0.        ,  0.        ,  1.        ]])]","[array([[ 0.36098143, -0.93242145,  0.01681219,  0.03378778],
       [ 0.93141184,  0.36137272,  0.04337915,  0.30004856],
       [-0.04652312,  0.        ,  0.99891721,  0.08691812],
       [ 0.        ,  0.        ,  0.        ,  1.        ]])]","[array([[-0.37058266, -0.92874382,  0.01016893,  0.0544123 ],
       [ 0.92839436, -0.37072215, -0.0254755 ,  0.35438463],
       [ 0.02743006, -0.        ,  0.99962373,  0.08295572],
       [ 0.        ,  0.        ,  0.        ,  1.        ]])]","[array([[-0.37058266, -0.92874382,  0.01016893,  0.0544123 ],
       [ 0.92839436, -0.37072215, -0.0254755 ,  0.35438463],
       [ 0.02743006, -0.        ,  0.99962373,  0.08295572],
       [ 0.        ,  0.        ,  0.        ,  1.        ]])]"
9,"[array([[-0.43317472, -0.90106056, -0.02120225, -0.01289445],
       [ 0.89998315, -0.43369329,  0.04405075,  0.27210412],
       [-0.04888766,  0.        ,  0.99880428,  0.08607808],
       [ 0.        ,  0.        ,  0.        ,  1.        ]])]","[array([[ 0.16426254, -0.98640751,  0.00424655, -0.03897838],
       [ 0.98607805,  0.16431743,  0.02549229,  0.33843215],
       [-0.02584357, -0.        ,  0.999666  ,  0.08393683],
       [ 0.        ,  0.        ,  0.        ,  1.        ]])]","[array([[ 0.16426254, -0.98640751,  0.00424655, -0.03897838],
       [ 0.98607805,  0.16431743,  0.02549229,  0.33843215],
       [-0.02584357, -0.        ,  0.999666  ,  0.08393683],
       [ 0.        ,  0.        ,  0.        ,  1.        ]])]","[array([[ 0.26114414, -0.96525369,  0.0094365 ,  0.04001574],
       [ 0.96462412,  0.26131458,  0.03485689,  0.30281159],
       [-0.03611163,  0.        ,  0.99934776,  0.0865309 ],
       [ 0.        ,  0.        ,  0.        ,  1.        ]])]","[array([[-0.47611334, -0.87929021,  0.01283809,  0.05458216],
       [ 0.87897073, -0.4762864 , -0.02370088,  0.35899079],
       [ 0.02695456, -0.        ,  0.99963666,  0.08294484],
       [ 0.        ,  0.        ,  0.        ,  1.        ]])]","[array([[-0.47611334, -0.87929021,  0.01283809,  0.05458216],
       [ 0.87897073, -0.4762864 , -0.02370088,  0.35899079],
       [ 0.02695456, -0.        ,  0.99963666,  0.08294484],
       [ 0.        ,  0.        ,  0.        ,  1.        ]])]"
10,"[array([[-5.52670471e-01, -8.33056094e-01, -2.39352415e-02,
        -7.58194519e-04],
       [ 8.32275946e-01, -5.53188526e-01,  3.60444909e-02,
         2.69476499e-01],
       [-4.32677838e-02,  0.00000000e+00,  9.99063511e-01,
         8.60131984e-02],
       [ 0.00000000e+00,  0.00000000e+00,  0.00000000e+00,
         1.00000000e+00]])]","[array([[ 1.07772497e-02, -9.99941912e-01,  1.54343580e-04,
        -3.48144551e-02],
       [ 9.99839385e-01,  1.07783549e-02,  1.43189398e-02,
         3.31335610e-01],
       [-1.43197716e-02, -0.00000000e+00,  9.99897467e-01,
         8.33043687e-02],
       [ 0.00000000e+00,  0.00000000e+00,  0.00000000e+00,
         1.00000000e+00]])]","[array([[ 1.07772497e-02, -9.99941912e-01,  1.54343580e-04,
        -3.48144551e-02],
       [ 9.99839385e-01,  1.07783549e-02,  1.43189398e-02,
         3.31335610e-01],
       [-1.43197716e-02, -0.00000000e+00,  9.99897467e-01,
         8.33043687e-02],
       [ 0.00000000e+00,  0.00000000e+00,  0.00000000e+00,
         1.00000000e+00]])]","[array([[ 0.12621687, -0.99199037,  0.00493949,  0.04744383],
       [ 0.99123161,  0.12631348,  0.03879176,  0.30716944],
       [-0.03910497,  0.        ,  0.99923511,  0.08661695],
       [ 0.        ,  0.        ,  0.        ,  1.        ]])]","[array([[-0.59286654, -0.80509366,  0.01826097,  0.05419712],
       [ 0.80471203, -0.5931477 , -0.02478605,  0.36484238],
       [ 0.03078654, -0.        ,  0.99952598,  0.08279799],
       [ 0.        ,  0.        ,  0.        ,  1.        ]])]","[array([[-0.59286654, -0.80509366,  0.01826097,  0.05419712],
       [ 0.80471203, -0.5931477 , -0.02478605,  0.36484238],
       [ 0.03078654, -0.        ,  0.99952598,  0.08279799],
       [ 0.        ,  0.        ,  0.        ,  1.        ]])]"
11,"[array([[-0.64293562, -0.76549752, -0.02544287,  0.00951722],
       [ 0.76489883, -0.64343885,  0.03026932,  0.26787215],
       [-0.03954202,  0.        ,  0.99921791,  0.08597274],
       [ 0.        ,  0.        ,  0.        ,  1.        ]])]","[array([[-0.10296429, -0.99468387, -0.00153597, -0.03131481],
       [ 0.99457321, -0.10297575,  0.01483656,  0.32547718],
       [-0.01491585,  0.        ,  0.99988875,  0.08331632],
       [ 0.        ,  0.        ,  0.        ,  1.        ]])]","[array([[-0.10296429, -0.99468387, -0.00153597, -0.03131481],
       [ 0.99457321, -0.10297575,  0.01483656,  0.32547718],
       [-0.01491585,  0.        ,  0.99988875,  0.08331632],
       [ 0.        ,  0.        ,  0.        ,  1.        ]])]","[array([[ 1.69938948e-02, -9.99855401e-01,  6.20339565e-04,
         5.30576201e-02],
       [ 9.99189903e-01,  1.70052133e-02,  3.64741007e-02,
         3.10862067e-01],
       [-3.64793756e-02,  0.00000000e+00,  9.99334406e-01,
         8.65761380e-02],
       [ 0.00000000e+00,  0.00000000e+00,  0.00000000e+00,
         1.00000000e+00]])]","[array([[-0.68138097, -0.731704  ,  0.01814478,  0.05336498],
       [ 0.7314447 , -0.68162252, -0.01947795,  0.36890575],
       [ 0.02661999, -0.        ,  0.99964563,  0.08290748],
       [ 0.        ,  0.        ,  0.        ,  1.        ]])]","[array([[-0.68138097, -0.731704  ,  0.01814478,  0.05336498],
       [ 0.7314447 , -0.68162252, -0.01947795,  0.36890575],
       [ 0.02661999, -0.        ,  0.99964563,  0.08290748],
       [ 0.        ,  0.        ,  0.        ,  1.        ]])]"
12,"[array([[-0.70105518, -0.71233014, -0.03327751,  0.01723888],
       [ 0.71152899, -0.70184454,  0.03377468,  0.26689127],
       [-0.04741436,  0.        ,  0.99887531,  0.08618908],
       [ 0.        ,  0.        ,  0.        ,  1.        ]])]","[array([[-0.17848793, -0.98393841, -0.00269516, -0.02791181],
       [ 0.98382626, -0.17850828,  0.01485572,  0.32118804],
       [-0.01509823,  0.        ,  0.99988602,  0.08332912],
       [ 0.        ,  0.        ,  0.        ,  1.        ]])]","[array([[-0.17848793, -0.98393841, -0.00269516, -0.02791181],
       [ 0.98382626, -0.17850828,  0.01485572,  0.32118804],
       [-0.01509823,  0.        ,  0.99988602,  0.08332912],
       [ 0.        ,  0.        ,  0.        ,  1.        ]])]","[array([[-0.05294091, -0.99859629, -0.00164847,  0.05719933],
       [ 0.99811253, -0.05296656,  0.03107915,  0.3130712 ],
       [-0.03112284, -0.        ,  0.99951557,  0.08648515],
       [ 0.        ,  0.        ,  0.        ,  1.        ]])]","[array([[-0.73513798, -0.67762805,  0.01980878,  0.053234  ],
       [ 0.67738218, -0.73540481, -0.01825252,  0.37093643],
       [ 0.02693589, -0.        ,  0.99963716,  0.08288544],
       [ 0.        ,  0.        ,  0.        ,  1.        ]])]","[array([[-0.73513798, -0.67762805,  0.01980878,  0.053234  ],
       [ 0.67738218, -0.73540481, -0.01825252,  0.37093643],
       [ 0.02693589, -0.        ,  0.99963716,  0.08288544],
       [ 0.        ,  0.        ,  0.        ,  1.        ]])]"
13,"[array([[-0.71404857, -0.69926353, -0.03413423,  0.01985257],
       [ 0.69846592, -0.71486398,  0.03338932,  0.26652379],
       [-0.04774926,  0.        ,  0.99885935,  0.08620458],
       [ 0.        ,  0.        ,  0.        ,  1.        ]])]","[array([[-0.19941288, -0.97991113, -0.00294628, -0.02637527],
       [ 0.97980419, -0.19943465,  0.01447639,  0.31986577],
       [-0.01477317,  0.        ,  0.99989087,  0.08332779],
       [ 0.        ,  0.        ,  0.        ,  1.        ]])]","[array([[-0.19941288, -0.97991113, -0.00294628, -0.02637527],
       [ 0.97980419, -0.19943465,  0.01447639,  0.31986577],
       [-0.01477317,  0.        ,  0.99989087,  0.08332779],
       [ 0.        ,  0.        ,  0.        ,  1.        ]])]","[array([[-0.07203724, -0.99739967, -0.00212848,  0.05884071],
       [ 0.99696458, -0.07206868,  0.02945719,  0.31357638],
       [-0.02953398, -0.        ,  0.99956378,  0.08644956],
       [ 0.        ,  0.        ,  0.        ,  1.        ]])]","[array([[-0.74911974, -0.66211544,  0.02056131,  0.05368792],
       [ 0.66186618, -0.74940186, -0.01816643,  0.37132138],
       [ 0.02743696, -0.        ,  0.99962354,  0.0828685 ],
       [ 0.        ,  0.        ,  0.        ,  1.        ]])]","[array([[-0.74911974, -0.66211544,  0.02056131,  0.05368792],
       [ 0.66186618, -0.74940186, -0.01816643,  0.37132138],
       [ 0.02743696, -0.        ,  0.99962354,  0.0828685 ],
       [ 0.        ,  0.        ,  0.        ,  1.        ]])]"
14,"[array([[-0.7141713 , -0.69913543, -0.03419083,  0.01986477],
       [ 0.6983356 , -0.71498927,  0.0334327 ,  0.26655128],
       [-0.04782006,  0.        ,  0.99885597,  0.08620717],
       [ 0.        ,  0.        ,  0.        ,  1.        ]])]","[array([[-0.19978599, -0.97983508, -0.0029621 , -0.02636306],
       [ 0.9797274 , -0.19980795,  0.01452582,  0.31988853],
       [-0.01482476,  0.        ,  0.99989011,  0.08333243],
       [ 0.        ,  0.        ,  0.        ,  1.        ]])]","[array([[-0.19978599, -0.97983508, -0.0029621 , -0.02636306],
       [ 0.9797274 , -0.19980795,  0.01452582,  0.31988853],
       [-0.01482476,  0.        ,  0.99989011,  0.08333243],
       [ 0.        ,  0.        ,  0.        ,  1.        ]])]","[array([[-0.07195007, -0.99740595, -0.00213447,  0.0588637 ],
       [ 0.99696735, -0.07198172,  0.02957601,  0.31358509],
       [-0.02965293, -0.        ,  0.99956026,  0.08645423],
       [ 0.        ,  0.        ,  0.        ,  1.        ]])]","[array([[-0.74906033, -0.66218725,  0.02041227,  0.05371304],
       [ 0.66194152, -0.7493384 , -0.01803824,  0.37133286],
       [ 0.02724039, -0.        ,  0.99962891,  0.08287576],
       [ 0.        ,  0.        ,  0.        ,  1.        ]])]","[array([[-0.74906033, -0.66218725,  0.02041227,  0.05371304],
       [ 0.66194152, -0.7493384 , -0.01803824,  0.37133286],
       [ 0.02724039, -0.        ,  0.99962891,  0.08287576],
       [ 0.        ,  0.        ,  0.        ,  1.        ]])]"
15,"[array([[-0.68983426, -0.72328848, -0.03134419,  0.01794388],
       [ 0.72254301, -0.69054599,  0.03283038,  0.26646608],
       [-0.04539044,  0.        ,  0.99896932,  0.08614675],
       [ 0.        ,  0.        ,  0.        ,  1.        ]])]","[array([[-0.16809806, -0.98576707, -0.00251425, -0.02650443],
       [ 0.98565683, -0.16811686,  0.01474248,  0.32126659],
       [-0.01495534,  0.        ,  0.99988816,  0.08333358],
       [ 0.        ,  0.        ,  0.        ,  1.        ]])]","[array([[-0.16809806, -0.98576707, -0.00251425, -0.02650443],
       [ 0.98565683, -0.16811686,  0.01474248,  0.32126659],
       [-0.01495534,  0.        ,  0.99988816,  0.08333358],
       [ 0.        ,  0.        ,  0.        ,  1.        ]])]","[array([[-0.0431934 , -0.99906581, -0.00135424,  0.05854782],
       [ 0.99857513, -0.04321463,  0.03130837,  0.31219039],
       [-0.03133765, -0.        ,  0.99950886,  0.08648896],
       [ 0.        ,  0.        ,  0.        ,  1.        ]])]","[array([[-0.7282602 , -0.68502026,  0.01960396,  0.05515365],
       [ 0.68477221, -0.72852401, -0.01843331,  0.37008404],
       [ 0.02690914, -0.        ,  0.99963788,  0.08290929],
       [ 0.        ,  0.        ,  0.        ,  1.        ]])]","[array([[-0.7282602 , -0.68502026,  0.01960396,  0.05515365],
       [ 0.68477221, -0.72852401, -0.01843331,  0.37008404],
       [ 0.02690914, -0.        ,  0.99963788,  0.08290929],
       [ 0.        ,  0.        ,  0.        ,  1.        ]])]"
16,"[array([[-0.62001967, -0.7842653 , -0.02243976,  0.01055242],
       [ 0.78375217, -0.62042561,  0.02836557,  0.26710961],
       [-0.03616834,  0.        ,  0.99934571,  0.08591917],
       [ 0.        ,  0.        ,  0.        ,  1.        ]])]","[array([[-0.07057669, -0.99750583, -0.00102448, -0.02846144],
       [ 0.99740075, -0.07058413,  0.01447816,  0.32598303],
       [-0.01451436,  0.        ,  0.99989466,  0.08333056],
       [ 0.        ,  0.        ,  0.        ,  1.        ]])]","[array([[-0.07057669, -0.99750583, -0.00102448, -0.02846144],
       [ 0.99740075, -0.07058413,  0.01447816,  0.32598303],
       [-0.01451436,  0.        ,  0.99989466,  0.08333056],
       [ 0.        ,  0.        ,  0.        ,  1.        ]])]","[array([[ 0.04549939, -0.99896287,  0.00172883,  0.05546702],
       [ 0.99824252,  0.04553222,  0.03792996,  0.30861047],
       [-0.03796933,  0.        ,  0.9992789 ,  0.08663351],
       [ 0.        ,  0.        ,  0.        ,  1.        ]])]","[array([[-0.65803425, -0.75278275,  0.01757996,  0.05748973],
       [ 0.75251425, -0.65826904, -0.02010408,  0.36661985],
       [ 0.02670634, -0.        ,  0.99964332,  0.08295074],
       [ 0.        ,  0.        ,  0.        ,  1.        ]])]","[array([[-0.65803425, -0.75278275,  0.01757996,  0.05748973],
       [ 0.75251425, -0.65826904, -0.02010408,  0.36661985],
       [ 0.02670634, -0.        ,  0.99964332,  0.08295074],
       [ 0.        ,  0.        ,  0.        ,  1.        ]])]"
17,"[array([[-5.25808642e-01, -8.50130332e-01, -2.83494445e-02,
         6.68881063e-04],
       [ 8.48897387e-01, -5.26572330e-01,  4.57690639e-02,
         2.67253938e-01],
       [-5.38377026e-02,  0.00000000e+00,  9.98549699e-01,
         8.62669645e-02],
       [ 0.00000000e+00,  0.00000000e+00,  0.00000000e+00,
         1.00000000e+00]])]","[array([[ 4.09290072e-02, -9.99161898e-01,  5.63895805e-04,
        -3.14977710e-02],
       [ 9.99067082e-01,  4.09328915e-02,  1.37645591e-02,
         3.30091865e-01],
       [-1.37761049e-02, -0.00000000e+00,  9.99905105e-01,
         8.33180801e-02],
       [ 0.00000000e+00,  0.00000000e+00,  0.00000000e+00,
         1.00000000e+00]])]","[array([[ 4.09290072e-02, -9.99161898e-01,  5.63895805e-04,
        -3.14977710e-02],
       [ 9.99067082e-01,  4.09328915e-02,  1.37645591e-02,
         3.30091865e-01],
       [-1.37761049e-02, -0.00000000e+00,  9.99905105e-01,
         8.33180801e-02],
       [ 0.00000000e+00,  0.00000000e+00,  0.00000000e+00,
         1.00000000e+00]])]","[array([[ 0.15408284, -0.98803963,  0.00601347,  0.05003269],
       [ 0.98728803,  0.15420014,  0.03853142,  0.30347527],
       [-0.03899785,  0.        ,  0.99923929,  0.08663855],
       [ 0.        ,  0.        ,  0.        ,  1.        ]])]","[array([[-0.56970731, -0.82164936,  0.01805319,  0.05839701],
       [ 0.82123713, -0.56999327, -0.02602381,  0.36091625],
       [ 0.03167264, -0.        ,  0.9994983 ,  0.08281981],
       [ 0.        ,  0.        ,  0.        ,  1.        ]])]","[array([[-0.56970731, -0.82164936,  0.01805319,  0.05839701],
       [ 0.82123713, -0.56999327, -0.02602381,  0.36091625],
       [ 0.03167264, -0.        ,  0.9994983 ,  0.08281981],
       [ 0.        ,  0.        ,  0.        ,  1.        ]])]"
18,"[array([[-0.39985529, -0.91635872, -0.02006082, -0.01162282],
       [ 0.91520764, -0.4003582 ,  0.04591615,  0.27338627],
       [-0.05010718,  0.        ,  0.99874385,  0.0861294 ],
       [ 0.        ,  0.        ,  0.        ,  1.        ]])]","[array([[ 0.19959411, -0.97986872,  0.00441413, -0.0349945 ],
       [ 0.97962918,  0.19964291,  0.02166502,  0.34061619],
       [-0.02211012, -0.        ,  0.99975554,  0.0837851 ],
       [ 0.        ,  0.        ,  0.        ,  1.        ]])]","[array([[ 0.19959411, -0.97986872,  0.00441413, -0.0349945 ],
       [ 0.97962918,  0.19964291,  0.02166502,  0.34061619],
       [-0.02211012, -0.        ,  0.99975554,  0.0837851 ],
       [ 0.        ,  0.        ,  0.        ,  1.        ]])]","[array([[ 0.29642457, -0.95500042,  0.01032816,  0.04240346],
       [ 0.95442126,  0.29660444,  0.03325439,  0.30196333],
       [-0.03482134,  0.        ,  0.99939355,  0.086518  ],
       [ 0.        ,  0.        ,  0.        ,  1.        ]])]","[array([[-0.44275673, -0.89656296,  0.01188848,  0.05903492],
       [ 0.89623993, -0.44291631, -0.02406498,  0.35757147],
       [ 0.02684137, -0.        ,  0.99963971,  0.08299944],
       [ 0.        ,  0.        ,  0.        ,  1.        ]])]","[array([[-0.44275673, -0.89656296,  0.01188848,  0.05903492],
       [ 0.89623993, -0.44291631, -0.02406498,  0.35757147],
       [ 0.02684137, -0.        ,  0.99963971,  0.08299944],
       [ 0.        ,  0.        ,  0.        ,  1.        ]])]"
19,"[array([[-0.24200872, -0.97020506, -0.01157253, -0.02484109],
       [ 0.96909771, -0.24228526,  0.04634093,  0.28147722],
       [-0.04776406,  0.        ,  0.99885865,  0.08603991],
       [ 0.        ,  0.        ,  0.        ,  1.        ]])]","[array([[ 0.35303825, -0.93559766,  0.00458507, -0.03642581],
       [ 0.93551876,  0.35306802,  0.01215   ,  0.35146331],
       [-0.01298635, -0.        ,  0.99991567,  0.08336597],
       [ 0.        ,  0.        ,  0.        ,  1.        ]])]","[array([[ 0.35303825, -0.93559766,  0.00458507, -0.03642581],
       [ 0.93551876,  0.35306802,  0.01215   ,  0.35146331],
       [-0.01298635, -0.        ,  0.99991567,  0.08336597],
       [ 0.        ,  0.        ,  0.        ,  1.        ]])]","[array([[ 0.44934278, -0.89321955,  0.01580837,  0.0332344 ],
       [ 0.89266729,  0.44962077,  0.03140502,  0.30069264],
       [-0.03515935,  0.        ,  0.99938172,  0.08649757],
       [ 0.        ,  0.        ,  0.        ,  1.        ]])]","[array([[-0.28733496, -0.9577944 ,  0.00827693,  0.05876458],
       [ 0.95739727, -0.28745415, -0.02757864,  0.35279327],
       [ 0.0287939 , -0.        ,  0.99958537,  0.08295835],
       [ 0.        ,  0.        ,  0.        ,  1.        ]])]","[array([[-0.28733496, -0.9577944 ,  0.00827693,  0.05876458],
       [ 0.95739727, -0.28745415, -0.02757864,  0.35279327],
       [ 0.0287939 , -0.        ,  0.99958537,  0.08295835],
       [ 0.        ,  0.        ,  0.        ,  1.        ]])]"
20,"[array([[-0.06169478, -0.99808922, -0.00341385, -0.0383383 ],
       [ 0.9965647 , -0.06178916,  0.05514442,  0.2923801 ],
       [-0.05524999,  0.        ,  0.99847255,  0.0862896 ],
       [ 0.        ,  0.        ,  0.        ,  1.        ]])]","[array([[ 0.51583914, -0.85666906,  0.00530139, -0.0370447 ],
       [ 0.85662382,  0.51586638,  0.00880371,  0.36329876],
       [-0.01027668, -0.        ,  0.99994719,  0.0832888 ],
       [ 0.        ,  0.        ,  0.        ,  1.        ]])]","[array([[ 0.51583914, -0.85666906,  0.00530139, -0.0370447 ],
       [ 0.85662382,  0.51586638,  0.00880371,  0.36329876],
       [-0.01027668, -0.        ,  0.99994719,  0.0832888 ],
       [ 0.        ,  0.        ,  0.        ,  1.        ]])]","[array([[ 0.60266743, -0.79757038,  0.02595102,  0.02237781],
       [ 0.79683199,  0.6032259 ,  0.0343118 ,  0.30083359],
       [-0.0430204 ,  0.        ,  0.99907419,  0.08670366],
       [ 0.        ,  0.        ,  0.        ,  1.        ]])]","[array([[-0.11215512, -0.99368518,  0.00331643,  0.05694636],
       [ 0.99325103, -0.11220415, -0.02937048,  0.34755281],
       [ 0.02955713, -0.        ,  0.99956309,  0.08295808],
       [ 0.        ,  0.        ,  0.        ,  1.        ]])]","[array([[-0.11215512, -0.99368518,  0.00331643,  0.05694636],
       [ 0.99325103, -0.11220415, -0.02937048,  0.34755281],
       [ 0.02955713, -0.        ,  0.99956309,  0.08295808],
       [ 0.        ,  0.        ,  0.        ,  1.        ]])]"
21,"[array([[ 0.11138769, -0.99375604,  0.00645868, -0.05077506],
       [ 0.99208968,  0.11157478,  0.05752507,  0.30367335],
       [-0.05788652, -0.        ,  0.99832317,  0.08629666],
       [ 0.        ,  0.        ,  0.        ,  1.        ]])]","[array([[ 6.49381771e-01, -7.60462412e-01, -4.85639311e-04,
        -3.72994212e-02],
       [ 7.60462199e-01,  6.49381952e-01, -5.68710665e-04,
         3.73156521e-01],
       [ 7.47848488e-04, -0.00000000e+00,  9.99999720e-01,
         8.29652184e-02],
       [ 0.00000000e+00,  0.00000000e+00,  0.00000000e+00,
         1.00000000e+00]])]","[array([[ 6.49381771e-01, -7.60462412e-01, -4.85639311e-04,
        -3.72994212e-02],
       [ 7.60462199e-01,  6.49381952e-01, -5.68710665e-04,
         3.73156521e-01],
       [ 7.47848488e-04, -0.00000000e+00,  9.99999720e-01,
         8.29652184e-02],
       [ 0.00000000e+00,  0.00000000e+00,  0.00000000e+00,
         1.00000000e+00]])]","[array([[ 0.73985238, -0.67252688,  0.01805662,  0.01032163],
       [ 0.67232668,  0.74007269,  0.01640861,  0.30201303],
       [-0.02439844,  0.        ,  0.99970231,  0.08617053],
       [ 0.        ,  0.        ,  0.        ,  1.        ]])]","[array([[ 0.05547645, -0.9984588 , -0.00154501,  0.05267704],
       [ 0.99807182,  0.05549796, -0.02779619,  0.34176441],
       [ 0.02783909,  0.        ,  0.99961242,  0.08306772],
       [ 0.        ,  0.        ,  0.        ,  1.        ]])]","[array([[ 0.05547645, -0.9984588 , -0.00154501,  0.05267704],
       [ 0.99807182,  0.05549796, -0.02779619,  0.34176441],
       [ 0.02783909,  0.        ,  0.99961242,  0.08306772],
       [ 0.        ,  0.        ,  0.        ,  1.        ]])]"
22,"[array([[ 0.24634887, -0.96907947,  0.01404304, -0.06006149],
       [ 0.96750877,  0.24674881,  0.05515252,  0.31412157],
       [-0.05691228, -0.        ,  0.99837918,  0.08618784],
       [ 0.        ,  0.        ,  0.        ,  1.        ]])]","[array([[ 7.46846964e-01, -6.64995940e-01, -1.11891754e-04,
        -3.72892152e-02],
       [ 6.64995932e-01,  7.46846972e-01, -9.96289265e-05,
         3.81149941e-01],
       [ 1.49818849e-04, -0.00000000e+00,  9.99999989e-01,
         8.29922358e-02],
       [ 0.00000000e+00,  0.00000000e+00,  0.00000000e+00,
         1.00000000e+00]])]","[array([[ 7.46846964e-01, -6.64995940e-01, -1.11891754e-04,
        -3.72892152e-02],
       [ 6.64995932e-01,  7.46846972e-01, -9.96289265e-05,
         3.81149941e-01],
       [ 1.49818849e-04, -0.00000000e+00,  9.99999989e-01,
         8.29922358e-02],
       [ 0.00000000e+00,  0.00000000e+00,  0.00000000e+00,
         1.00000000e+00]])]","[array([[ 8.21066118e-01, -5.70795023e-01,  6.59336240e-03,
         5.14313137e-04],
       [ 5.70776620e-01,  8.21092590e-01,  4.58347632e-03,
         3.04168800e-01],
       [-8.02998648e-03,  0.00000000e+00,  9.99967759e-01,
         8.54708717e-02],
       [ 0.00000000e+00,  0.00000000e+00,  0.00000000e+00,
         1.00000000e+00]])]","[array([[ 1.58810549e-01, -9.87308997e-01, -3.93574054e-04,
         4.92023258e-02],
       [ 9.87305965e-01,  1.58811037e-01, -2.44680226e-03,
         3.37181322e-01],
       [ 2.47825379e-03,  0.00000000e+00,  9.99996929e-01,
         8.43801915e-02],
       [ 0.00000000e+00,  0.00000000e+00,  0.00000000e+00,
         1.00000000e+00]])]","[array([[ 1.58810549e-01, -9.87308997e-01, -3.93574054e-04,
         4.92023258e-02],
       [ 9.87305965e-01,  1.58811037e-01, -2.44680226e-03,
         3.37181322e-01],
       [ 2.47825379e-03,  0.00000000e+00,  9.99996929e-01,
         8.43801915e-02],
       [ 0.00000000e+00,  0.00000000e+00,  0.00000000e+00,
         1.00000000e+00]])]"
23,"[array([[ 0.3458909 , -0.93821042,  0.0109863 , -0.0663801 ],
       [ 0.93773752,  0.34606533,  0.02978473,  0.32382517],
       [-0.03174632, -0.        ,  0.99949596,  0.08552912],
       [ 0.        ,  0.        ,  0.        ,  1.        ]])]","[array([[ 0.817962  , -0.57525488,  0.00447114, -0.03646484],
       [ 0.57524628,  0.81797422,  0.00314441,  0.38814305],
       [-0.00546612, -0.        ,  0.99998506,  0.08319482],
       [ 0.        ,  0.        ,  0.        ,  1.        ]])]","[array([[ 0.817962  , -0.57525488,  0.00447114, -0.03646484],
       [ 0.57524628,  0.81797422,  0.00314441,  0.38814305],
       [-0.00546612, -0.        ,  0.99998506,  0.08319482],
       [ 0.        ,  0.        ,  0.        ,  1.        ]])]","[array([[ 8.83619409e-01, -4.68202733e-01,  1.71475417e-03,
        -7.43037402e-03],
       [ 4.68201851e-01,  8.83621073e-01,  9.08593753e-04,
         3.07525416e-01],
       [-1.94059900e-03,  0.00000000e+00,  9.99998117e-01,
         8.52814694e-02],
       [ 0.00000000e+00,  0.00000000e+00,  0.00000000e+00,
         1.00000000e+00]])]","[array([[ 0.28656864, -0.9580408 , -0.00602071,  0.04367306],
       [ 0.95782942,  0.28663188, -0.02012368,  0.33506821],
       [ 0.02100503,  0.        ,  0.99977937,  0.08342304],
       [ 0.        ,  0.        ,  0.        ,  1.        ]])]","[array([[ 0.28656864, -0.9580408 , -0.00602071,  0.04367306],
       [ 0.95782942,  0.28663188, -0.02012368,  0.33506821],
       [ 0.02100503,  0.        ,  0.99977937,  0.08342304],
       [ 0.        ,  0.        ,  0.        ,  1.        ]])]"
24,"[array([[ 0.44803802, -0.89397402,  0.00850762, -0.07085101],
       [ 0.8938129 ,  0.44811878,  0.01697227,  0.33280794],
       [-0.01898519, -0.        ,  0.99981976,  0.08495327],
       [ 0.        ,  0.        ,  0.        ,  1.        ]])]","[array([[ 0.87939864, -0.47606488,  0.00450162, -0.03386317],
       [ 0.47605864,  0.87941016,  0.00243693,  0.39333968],
       [-0.00511891, -0.        ,  0.9999869 ,  0.08321278],
       [ 0.        ,  0.        ,  0.        ,  1.        ]])]","[array([[ 0.87939864, -0.47606488,  0.00450162, -0.03386317],
       [ 0.47605864,  0.87941016,  0.00243693,  0.39333968],
       [-0.00511891, -0.        ,  0.9999869 ,  0.08321278],
       [ 0.        ,  0.        ,  0.        ,  1.        ]])]","[array([[ 0.92560527, -0.37813435,  0.0164101 , -0.0143255 ],
       [ 0.37807494,  0.92575073,  0.00670291,  0.30943016],
       [-0.01772626,  0.        ,  0.99984288,  0.08553607],
       [ 0.        ,  0.        ,  0.        ,  1.        ]])]","[array([[ 0.40376387, -0.91476933, -0.01310769,  0.03922723],
       [ 0.91428767,  0.40397658, -0.0296812 ,  0.33158533],
       [ 0.03244665,  0.        ,  0.99947347,  0.0828832 ],
       [ 0.        ,  0.        ,  0.        ,  1.        ]])]","[array([[ 0.40376387, -0.91476933, -0.01310769,  0.03922723],
       [ 0.91428767,  0.40397658, -0.0296812 ,  0.33158533],
       [ 0.03244665,  0.        ,  0.99947347,  0.0828832 ],
       [ 0.        ,  0.        ,  0.        ,  1.        ]])]"
25,"[array([[ 0.54970935, -0.8351877 ,  0.01676691, -0.07583575],
       [ 0.83479947,  0.549965  ,  0.02546257,  0.34100234],
       [-0.03048724, -0.        ,  0.99953516,  0.08521191],
       [ 0.        ,  0.        ,  0.        ,  1.        ]])]","[array([[ 0.9256602 , -0.37833174,  0.00427591, -0.03241249],
       [ 0.37832771,  0.92567008,  0.00174761,  0.39705869],
       [-0.00461926, -0.        ,  0.99998933,  0.08322689],
       [ 0.        ,  0.        ,  0.        ,  1.        ]])]","[array([[ 0.9256602 , -0.37833174,  0.00427591, -0.03241249],
       [ 0.37832771,  0.92567008,  0.00174761,  0.39705869],
       [-0.00461926, -0.        ,  0.99998933,  0.08322689],
       [ 0.        ,  0.        ,  0.        ,  1.        ]])]","[array([[ 0.95738841, -0.28753702,  0.0270165 , -0.02187139],
       [ 0.28742261,  0.95776952,  0.00811077,  0.31109694],
       [-0.02820773,  0.        ,  0.99960208,  0.08581685],
       [ 0.        ,  0.        ,  0.        ,  1.        ]])]","[array([[ 0.50202161, -0.86466985, -0.01789852,  0.0335645 ],
