,LP,LD1,LD2,RP,RD1,RD2
0,"[array([[-0.54725697, -0.83656213, -0.02595413, -0.11545034],
       [ 0.83562291, -0.54787207,  0.03963014,  0.269644  ],
       [-0.04737262,  0.        ,  0.99887729,  0.08516315],
       [ 0.        ,  0.        ,  0.        ,  1.        ]])]","[array([[ 0.6391515 , -0.7690498 ,  0.00691143, -0.14477374],
       [ 0.76900484,  0.63918887,  0.00831559,  0.334815  ],
       [-0.01081281, -0.        ,  0.99994154,  0.08260585],
       [ 0.        ,  0.        ,  0.        ,  1.        ]])]","[array([[ 0.6391515 , -0.7690498 ,  0.00691143, -0.14477374],
       [ 0.76900484,  0.63918887,  0.00831559,  0.334815  ],
       [-0.01081281, -0.        ,  0.99994154,  0.08260585],
       [ 0.        ,  0.        ,  0.        ,  1.        ]])]","[array([[ 0.51577945, -0.85671091, -0.00423938, -0.05740177],
       [ 0.85668197,  0.51579687, -0.00704138,  0.28111102],
       [ 0.00821909,  0.        ,  0.99996622,  0.08573589],
       [ 0.        ,  0.        ,  0.        ,  1.        ]])]","[array([[-0.3086661 , -0.95111884,  0.00990883, -0.0276783 ],
       [ 0.95062914, -0.30882511, -0.03051718,  0.33012965],
       [ 0.03208556, -0.        ,  0.99948513,  0.08520068],
       [ 0.        ,  0.        ,  0.        ,  1.        ]])]","[array([[-0.3086661 , -0.95111884,  0.00990883, -0.0276783 ],
       [ 0.95062914, -0.30882511, -0.03051718,  0.33012965],
       [ 0.03208556, -0.        ,  0.99948513,  0.08520068],
       [ 0.        ,  0.        ,  0.        ,  1.        ]])]"
1,"[array([[-0.54925724, -0.83550571, -0.01570666, -0.11529752],
       [ 0.8351643 , -0.54948177,  0.02388251,  0.26954896],
       [-0.02858449,  0.        ,  0.99959138,  0.08444329],
       [ 0.        ,  0.        ,  0.        ,  1.        ]])]","[array([[ 0.63933221, -0.76889897,  0.00697799, -0.14477981],
       [ 0.76885318,  0.63937029,  0.00839165,  0.33482164],
       [-0.01091385, -0.        ,  0.99994044,  0.08261106],
       [ 0.        ,  0.        ,  0.        ,  1.        ]])]","[array([[ 0.63933221, -0.76889897,  0.00697799, -0.14477981],
       [ 0.76885318,  0.63937029,  0.00839165,  0.33482164],
       [-0.01091385, -0.        ,  0.99994044,  0.08261106],
       [ 0.        ,  0.        ,  0.        ,  1.        ]])]","[array([[ 0.51752701, -0.85566363, -0.00235547, -0.05745762],
       [ 0.85565477,  0.51753237, -0.00389443,  0.28116443],
       [ 0.00455136,  0.        ,  0.99998964,  0.08587605],
       [ 0.        ,  0.        ,  0.        ,  1.        ]])]","[array([[-0.30881958, -0.95106962,  0.00985151, -0.02766974],
       [ 0.95058606, -0.30897668, -0.03032421,  0.33012793],
       [ 0.03188432, -0.        ,  0.99949157,  0.08520808],
       [ 0.        ,  0.        ,  0.        ,  1.        ]])]","[array([[-0.30881958, -0.95106962,  0.00985151, -0.02766974],
       [ 0.95058606, -0.30897668, -0.03032421,  0.33012793],
       [ 0.03188432, -0.        ,  0.99949157,  0.08520808],
       [ 0.        ,  0.        ,  0.        ,  1.        ]])]"
2,"[array([[-0.54736984, -0.83648688, -0.02599923, -0.11544195],
       [ 0.83554487, -0.54798695,  0.0396871 ,  0.26964644],
       [-0.04744498,  0.        ,  0.99887385,  0.08516177],
       [ 0.        ,  0.        ,  0.        ,  1.        ]])]","[array([[ 0.63924878, -0.76896834,  0.00697726, -0.14477047],
       [ 0.76892254,  0.63928686,  0.00839262,  0.33481605],
       [-0.01091413, -0.        ,  0.99994044,  0.08260707],
       [ 0.        ,  0.        ,  0.        ,  1.        ]])]","[array([[ 0.63924878, -0.76896834,  0.00697726, -0.14477047],
       [ 0.76892254,  0.63928686,  0.00839262,  0.33481605],
       [-0.01091413, -0.        ,  0.99994044,  0.08260707],
       [ 0.        ,  0.        ,  0.        ,  1.        ]])]","[array([[ 0.51765814, -0.85558669, -0.00120619, -0.05748787],
       [ 0.85558437,  0.51765955, -0.0019936 ,  0.28111414],
       [ 0.00233009,  0.        ,  0.99999729,  0.08596381],
       [ 0.        ,  0.        ,  0.        ,  1.        ]])]","[array([[-0.30861805, -0.95113442,  0.0099106 , -0.02767804],
       [ 0.95064437, -0.30877714, -0.03052787,  0.33013082],
       [ 0.03209628, -0.        ,  0.99948478,  0.08519834],
       [ 0.        ,  0.        ,  0.        ,  1.        ]])]","[array([[-0.30861805, -0.95113442,  0.0099106 , -0.02767804],
       [ 0.95064437, -0.30877714, -0.03052787,  0.33013082],
       [ 0.03209628, -0.        ,  0.99948478,  0.08519834],
       [ 0.        ,  0.        ,  0.        ,  1.        ]])]"
3,"[array([[-0.54728234, -0.83654332, -0.02602527, -0.11544856],
       [ 0.83559906, -0.54790079,  0.03973579,  0.26964321],
       [-0.04749998,  0.        ,  0.99887124,  0.085165  ],
       [ 0.        ,  0.        ,  0.        ,  1.        ]])]","[array([[ 0.63917101, -0.76903357,  0.00691239, -0.14477129],
       [ 0.76898861,  0.63920839,  0.00831631,  0.3348136 ],
       [-0.01081398, -0.        ,  0.99994153,  0.08260388],
       [ 0.        ,  0.        ,  0.        ,  1.        ]])]","[array([[ 0.63917101, -0.76903357,  0.00691239, -0.14477129],
       [ 0.76898861,  0.63920839,  0.00831631,  0.3348136 ],
       [-0.01081398, -0.        ,  0.99994153,  0.08260388],
       [ 0.        ,  0.        ,  0.        ,  1.        ]])]","[array([[ 5.17502140e-01, -8.55681390e-01, -9.45284620e-04,
        -5.74812203e-02],
       [ 8.55679963e-01,  5.17503003e-01, -1.56301017e-03,
         2.81112608e-01],
       [ 1.82662635e-03,  0.00000000e+00,  9.99998332e-01,
         8.59800836e-02],
       [ 0.00000000e+00,  0.00000000e+00,  0.00000000e+00,
         1.00000000e+00]])]","[array([[-0.30881438, -0.95106999,  0.00997744, -0.02766892],
       [ 0.95057399, -0.30897552, -0.03071196,  0.33012933],
       [ 0.03229201, -0.        ,  0.99947848,  0.08519111],
       [ 0.        ,  0.        ,  0.        ,  1.        ]])]","[array([[-0.30881438, -0.95106999,  0.00997744, -0.02766892],
       [ 0.95057399, -0.30897552, -0.03071196,  0.33012933],
       [ 0.03229201, -0.        ,  0.99947848,  0.08519111],
       [ 0.        ,  0.        ,  0.        ,  1.        ]])]"
4,"[array([[-0.54725209, -0.83656213, -0.02605676, -0.11545345],
       [ 0.83561546, -0.54787207,  0.03978684,  0.26964217],
       [-0.04755993,  0.        ,  0.99886839,  0.08516834],
       [ 0.        ,  0.        ,  0.        ,  1.        ]])]","[array([[ 0.63923354, -0.76898045,  0.00703955, -0.14477704],
       [ 0.76893382,  0.6392723 ,  0.00846787,  0.33481463],
       [-0.01101182, -0.        ,  0.99993937,  0.08261618],
       [ 0.        ,  0.        ,  0.        ,  1.        ]])]","[array([[ 0.63923354, -0.76898045,  0.00703955, -0.14477704],
       [ 0.76893382,  0.6392723 ,  0.00846787,  0.33481463],
       [-0.01101182, -0.        ,  0.99993937,  0.08261618],
       [ 0.        ,  0.        ,  0.        ,  1.        ]])]","[array([[ 0.51746793, -0.85569362, -0.00392113, -0.05746456],
       [ 0.85566905,  0.51748278, -0.00648387,  0.28114767],
       [ 0.00757732,  0.        ,  0.99997129,  0.08576127],
       [ 0.        ,  0.        ,  0.        ,  1.        ]])]","[array([[-0.30854465, -0.95115844,  0.00989031, -0.02768371],
       [ 0.95067016, -0.30870313, -0.03047347,  0.33013002],
       [ 0.03203827, -0.        ,  0.99948664,  0.08520118],
       [ 0.        ,  0.        ,  0.        ,  1.        ]])]","[array([[-0.30854465, -0.95115844,  0.00989031, -0.02768371],
       [ 0.95067016, -0.30870313, -0.03047347,  0.33013002],
       [ 0.03203827, -0.        ,  0.99948664,  0.08520118],
       [ 0.        ,  0.        ,  0.        ,  1.        ]])]"
5,"[array([[-0.54740674, -0.83646707, -0.02585929, -0.1154439 ],
       [ 0.83553531, -0.54801719,  0.03947037,  0.26964231],
       [-0.047187  ,  0.        ,  0.99888607,  0.08515499],
       [ 0.        ,  0.        ,  0.        ,  1.        ]])]","[array([[ 0.63928392, -0.76893971,  0.00691321, -0.14478046],
       [ 0.76889476,  0.63932129,  0.00831482,  0.33481609],
       [-0.01081336, -0.        ,  0.99994153,  0.08260786],
       [ 0.        ,  0.        ,  0.        ,  1.        ]])]","[array([[ 0.63928392, -0.76893971,  0.00691321, -0.14478046],
       [ 0.76889476,  0.63932129,  0.00831482,  0.33481609],
       [-0.01081336, -0.        ,  0.99994153,  0.08260786],
       [ 0.        ,  0.        ,  0.        ,  1.        ]])]","[array([[ 0.51566773, -0.85677817, -0.00423754, -0.05739686],
       [ 0.85674925,  0.51568514, -0.00704041,  0.28110152],
       [ 0.00821731,  0.        ,  0.99996624,  0.08573593],
       [ 0.        ,  0.        ,  0.        ,  1.        ]])]","[array([[-0.30869294, -0.95110961,  0.0099589 , -0.02767732],
       [ 0.95061504, -0.30885354, -0.03066828,  0.33012971],
       [ 0.03224473, -0.        ,  0.99948   ,  0.08519262],
       [ 0.        ,  0.        ,  0.        ,  1.        ]])]","[array([[-0.30869294, -0.95110961,  0.0099589 , -0.02767732],
       [ 0.95061504, -0.30885354, -0.03066828,  0.33012971],
       [ 0.03224473, -0.        ,  0.99948   ,  0.08519262],
       [ 0.        ,  0.        ,  0.        ,  1.        ]])]"
6,"[array([[-0.54737308, -0.83648688, -0.02593078, -0.11544088],
       [ 0.83554983, -0.54798695,  0.03958262,  0.26964333],
       [-0.04732007,  0.        ,  0.99887978,  0.08515397],
       [ 0.        ,  0.        ,  0.        ,  1.        ]])]","[array([[ 0.6391753 , -0.76902944,  0.00697565, -0.14477541],
       [ 0.76898365,  0.63921336,  0.00839232,  0.33481178],
       [-0.01091287, -0.        ,  0.99994045,  0.08260803],
       [ 0.        ,  0.        ,  0.        ,  1.        ]])]","[array([[ 0.6391753 , -0.76902944,  0.00697565, -0.14477541],
       [ 0.76898365,  0.63921336,  0.00839232,  0.33481178],
       [-0.01091287, -0.        ,  0.99994045,  0.08260803],
       [ 0.        ,  0.        ,  0.        ,  1.        ]])]","[array([[ 5.17094654e-01, -8.55927735e-01, -9.11695606e-04,
        -5.74742789e-02],
       [ 8.55926405e-01,  5.17095458e-01, -1.50909381e-03,
         2.81096471e-01],
       [ 1.76310890e-03,  0.00000000e+00,  9.99998446e-01,
         8.59815064e-02],
       [ 0.00000000e+00,  0.00000000e+00,  0.00000000e+00,
         1.00000000e+00]])]","[array([[-0.30881588, -0.95106999,  0.00993079, -0.02766687],
       [ 0.95057862, -0.30897552, -0.03056837,  0.33012819],
       [ 0.03214103, -0.        ,  0.99948334,  0.08519692],
       [ 0.        ,  0.        ,  0.        ,  1.        ]])]","[array([[-0.30881588, -0.95106999,  0.00993079, -0.02766687],
       [ 0.95057862, -0.30897552, -0.03056837,  0.33012819],
       [ 0.03214103, -0.        ,  0.99948334,  0.08519692],
       [ 0.        ,  0.        ,  0.        ,  1.        ]])]"
7,"[array([[-0.55025517, -0.8346048 , -0.02557492, -0.11541791],
       [ 0.83370479, -0.55084919,  0.03874917,  0.2696101 ],
       [-0.04642817,  0.        ,  0.99892163,  0.08515499],
       [ 0.        ,  0.        ,  0.        ,  1.        ]])]","[array([[ 0.63669413, -0.77108515,  0.00694869, -0.14495676],
       [ 0.77103923,  0.63673204,  0.00841489,  0.33465825],
       [-0.01091305, -0.        ,  0.99994045,  0.08265403],
       [ 0.        ,  0.        ,  0.        ,  1.        ]])]","[array([[ 0.63669413, -0.77108515,  0.00694869, -0.14495676],
       [ 0.77103923,  0.63673204,  0.00841489,  0.33465825],
       [-0.01091305, -0.        ,  0.99994045,  0.08265403],
       [ 0.        ,  0.        ,  0.        ,  1.        ]])]","[array([[ 0.5120745 , -0.8589325 , -0.00383004, -0.05736149],
       [ 0.85890847,  0.51208882, -0.00642416,  0.28110724],
       [ 0.00747924,  0.        ,  0.99997203,  0.08569346],
       [ 0.        ,  0.        ,  0.        ,  1.        ]])]","[array([[-0.31152601, -0.95018847,  0.00966558, -0.02782156],
       [ 0.94973145, -0.31167592, -0.0294669 ,  0.330201  ],
       [ 0.03101164, -0.        ,  0.99951902,  0.08510583],
       [ 0.        ,  0.        ,  0.        ,  1.        ]])]","[array([[-0.31152601, -0.95018847,  0.00966558, -0.02782156],
       [ 0.94973145, -0.31167592, -0.0294669 ,  0.330201  ],
       [ 0.03101164, -0.        ,  0.99951902,  0.08510583],
       [ 0.        ,  0.        ,  0.        ,  1.        ]])]"
8,"[array([[-0.55049606, -0.83444232, -0.02569228, -0.11541967],
       [ 0.83353502, -0.55109528,  0.03890203,  0.26960711],
       [-0.04662039,  0.        ,  0.99891268,  0.0851583 ],
       [ 0.        ,  0.        ,  0.        ,  1.        ]])]","[array([[ 0.63676605, -0.77102344,  0.00720136, -0.14498777],
       [ 0.77097413,  0.63680677,  0.00871916,  0.33465265],
       [-0.01130855, -0.        ,  0.99993606,  0.08267061],
       [ 0.        ,  0.        ,  0.        ,  1.        ]])]","[array([[ 0.63676605, -0.77102344,  0.00720136, -0.14498777],
       [ 0.77097413,  0.63680677,  0.00871916,  0.33465265],
       [-0.01130855, -0.        ,  0.99993606,  0.08267061],
       [ 0.        ,  0.        ,  0.        ,  1.        ]])]","[array([[ 0.51262582, -0.85860625, -0.00317513, -0.05740895],
       [ 0.85858978,  0.51263565, -0.00531797,  0.28108423],
       [ 0.00619373,  0.        ,  0.99998082,  0.08573926],
       [ 0.        ,  0.        ,  0.        ,  1.        ]])]","[array([[-0.31166184, -0.95014417,  0.00964102, -0.02783864],
       [ 0.94968989, -0.31181093, -0.02937792,  0.33020546],
       [ 0.03091943, -0.        ,  0.99952188,  0.08510276],
       [ 0.        ,  0.        ,  0.        ,  1.        ]])]","[array([[-0.31166184, -0.95014417,  0.00964102, -0.02783864],
       [ 0.94968989, -0.31181093, -0.02937792,  0.33020546],
       [ 0.03091943, -0.        ,  0.99952188,  0.08510276],
       [ 0.        ,  0.        ,  0.        ,  1.        ]])]"
9,"[array([[-0.54944785, -0.83538104, -0.01567095, -0.11528183],
       [ 0.83504147, -0.54967128,  0.02381644,  0.26955356],
       [-0.02850967,  0.        ,  0.99959352,  0.08444962],
       [ 0.        ,  0.        ,  0.        ,  1.        ]])]","[array([[ 0.64100819, -0.76749797,  0.00744106, -0.1447538 ],
       [ 0.76744627,  0.64105137,  0.0089088 ,  0.33482194],
       [-0.01160759, -0.        ,  0.99993263,  0.08262912],
       [ 0.        ,  0.        ,  0.        ,  1.        ]])]","[array([[ 0.64100819, -0.76749797,  0.00744106, -0.1447538 ],
       [ 0.76744627,  0.64105137,  0.0089088 ,  0.33482194],
       [-0.01160759, -0.        ,  0.99993263,  0.08262912],
       [ 0.        ,  0.        ,  0.        ,  1.        ]])]","[array([[ 0.51481543, -0.85729149, -0.00404696, -0.05732933],
       [ 0.857265  ,  0.51483134, -0.00673895,  0.28111939],
       [ 0.00786075,  0.        ,  0.9999691 ,  0.08571092],
       [ 0.        ,  0.        ,  0.        ,  1.        ]])]","[array([[-0.30839363, -0.95120763,  0.00986992, -0.02764419],
       [ 0.95072085, -0.30855153, -0.03042714,  0.33013049],
       [ 0.03198791, -0.        ,  0.99948826,  0.08516078],
       [ 0.        ,  0.        ,  0.        ,  1.        ]])]","[array([[-0.30839363, -0.95120763,  0.00986992, -0.02764419],
       [ 0.95072085, -0.30855153, -0.03042714,  0.33013049],
       [ 0.03198791, -0.        ,  0.99948826,  0.08516078],
       [ 0.        ,  0.        ,  0.        ,  1.        ]])]"
10,"[array([[-0.54734973, -0.83649679, -0.02610343, -0.11543352],
       [ 0.83554715, -0.54797183,  0.03984774,  0.26968756],
       [-0.04763645,  0.        ,  0.99886474,  0.08515706],
       [ 0.        ,  0.        ,  0.        ,  1.        ]])]","[array([[ 0.63971473, -0.76857242,  0.00784168, -0.1447485 ],
       [ 0.76851469,  0.63976279,  0.00942052,  0.33485217],
       [-0.01225717, -0.        ,  0.99992488,  0.08258478],
       [ 0.        ,  0.        ,  0.        ,  1.        ]])]","[array([[ 0.63971473, -0.76857242,  0.00784168, -0.1447485 ],
       [ 0.76851469,  0.63976279,  0.00942052,  0.33485217],
       [-0.01225717, -0.        ,  0.99992488,  0.08258478],
       [ 0.        ,  0.        ,  0.        ,  1.        ]])]","[array([[ 0.51585562, -0.85666645, -0.0039451 , -0.05737808],
       [ 0.8566414 ,  0.51587071, -0.00655132,  0.28110559],
       [ 0.00764746,  0.        ,  0.99997076,  0.0857367 ],
       [ 0.        ,  0.        ,  0.        ,  1.        ]])]","[array([[-0.30880067, -0.95107556,  0.00987072, -0.02761843],
       [ 0.95059005, -0.30895839, -0.03038532,  0.33012906],
       [ 0.03194837, -0.        ,  0.99948952,  0.08516804],
       [ 0.        ,  0.        ,  0.        ,  1.        ]])]","[array([[-0.30880067, -0.95107556,  0.00987072, -0.02761843],
       [ 0.95059005, -0.30895839, -0.03038532,  0.33012906],
       [ 0.03194837, -0.        ,  0.99948952,  0.08516804],
       [ 0.        ,  0.        ,  0.        ,  1.        ]])]"
11,"[array([[-0.54065775, -0.8408525 , -0.02561775, -0.11543996],
       [ 0.83991019, -0.54126433,  0.0397971 ,  0.26980113],
       [-0.04732946,  0.        ,  0.99887933,  0.08514418],
       [ 0.        ,  0.        ,  0.        ,  1.        ]])]","[array([[ 0.64224118, -0.76646556,  0.00753779, -0.14418136],
       [ 0.76641278,  0.64228541,  0.00899515,  0.33511936],
       [-0.01173588, -0.        ,  0.99993113,  0.0825732 ],
       [ 0.        ,  0.        ,  0.        ,  1.        ]])]","[array([[ 0.64224118, -0.76646556,  0.00753779, -0.14418136],
       [ 0.76641278,  0.64228541,  0.00899515,  0.33511936],
       [-0.01173588, -0.        ,  0.99993113,  0.0825732 ],
       [ 0.        ,  0.        ,  0.        ,  1.        ]])]","[array([[ 5.25167800e-01, -8.50998295e-01, -8.26644167e-04,
        -5.73523686e-02],
       [ 8.50997241e-01,  5.25168451e-01, -1.33951835e-03,
         2.81150532e-01],
       [ 1.57405527e-03,  0.00000000e+00,  9.99998761e-01,
         8.60487412e-02],
       [ 0.00000000e+00,  0.00000000e+00,  0.00000000e+00,
         1.00000000e+00]])]","[array([[-0.28710023, -0.95785252,  0.00959251, -0.02730068],
       [ 0.95731832, -0.28726044, -0.03198564,  0.32988445],
       [ 0.03339308, -0.        ,  0.9994423 ,  0.0852941 ],
       [ 0.        ,  0.        ,  0.        ,  1.        ]])]","[array([[-0.28710023, -0.95785252,  0.00959251, -0.02730068],
       [ 0.95731832, -0.28726044, -0.03198564,  0.32988445],
       [ 0.03339308, -0.        ,  0.9994423 ,  0.0852941 ],
       [ 0.        ,  0.        ,  0.        ,  1.        ]])]"
12,"[array([[-0.54157793, -0.84026718, -0.02538537, -0.11543169],
       [ 0.83934563, -0.54217254,  0.03934263,  0.26979045],
       [-0.04682158,  0.        ,  0.99890327,  0.0851408 ],
       [ 0.        ,  0.        ,  0.        ,  1.        ]])]","[array([[ 0.63574335, -0.77188295,  0.00520733, -0.14409711],
       [ 0.77185705,  0.63576467,  0.00632222,  0.33491489],
       [-0.00819065, -0.        ,  0.99996646,  0.08250846],
       [ 0.        ,  0.        ,  0.        ,  1.        ]])]","[array([[ 0.63574335, -0.77188295,  0.00520733, -0.14409711],
       [ 0.77185705,  0.63576467,  0.00632222,  0.33491489],
       [-0.00819065, -0.        ,  0.99996646,  0.08250846],
       [ 0.        ,  0.        ,  0.        ,  1.        ]])]","[array([[ 5.25942498e-01, -8.50519544e-01, -9.96934196e-04,
        -5.73134729e-02],
       [ 8.50518016e-01,  5.25943443e-01, -1.61217338e-03,
         2.81274144e-01],
       [ 1.89551597e-03,  0.00000000e+00,  9.99998204e-01,
         8.59525404e-02],
       [ 0.00000000e+00,  0.00000000e+00,  0.00000000e+00,
         1.00000000e+00]])]","[array([[-0.28083314, -0.95972386,  0.00792796, -0.02708371],
       [ 0.95934167, -0.28094502, -0.02708234,  0.33009794],
       [ 0.02821889, -0.        ,  0.99960177,  0.08525364],
       [ 0.        ,  0.        ,  0.        ,  1.        ]])]","[array([[-0.28083314, -0.95972386,  0.00792796, -0.02708371],
       [ 0.95934167, -0.28094502, -0.02708234,  0.33009794],
       [ 0.02821889, -0.        ,  0.99960177,  0.08525364],
       [ 0.        ,  0.        ,  0.        ,  1.        ]])]"
13,"[array([[-0.54240241, -0.83974832, -0.02494765, -0.11542532],
       [ 0.83886148, -0.54297584,  0.0385832 ,  0.26976815],
       [-0.04594615,  0.        ,  0.99894392,  0.08515419],
       [ 0.        ,  0.        ,  0.        ,  1.        ]])]","[array([[ 0.63085484, -0.775884  ,  0.00511685, -0.14402066],
       [ 0.77585848,  0.63087559,  0.00629297,  0.33471864],
       [-0.00811071, -0.        ,  0.99996711,  0.08260692],
       [ 0.        ,  0.        ,  0.        ,  1.        ]])]","[array([[ 0.63085484, -0.775884  ,  0.00511685, -0.14402066],
       [ 0.77585848,  0.63087559,  0.00629297,  0.33471864],
       [-0.00811071, -0.        ,  0.99996711,  0.08260692],
       [ 0.        ,  0.        ,  0.        ,  1.        ]])]","[array([[ 0.53098715, -0.8473792 ,  0.001069  , -0.0573076 ],
       [ 0.84737748,  0.53098823,  0.00170596,  0.28136526],
       [-0.00201322,  0.        ,  0.99999797,  0.0860521 ],
       [ 0.        ,  0.        ,  0.        ,  1.        ]])]","[array([[-0.25550776, -0.96677761,  0.00753953, -0.02690005],
       [ 0.96635698, -0.25561897, -0.02851529,  0.33029909],
       [ 0.02949519, -0.        ,  0.99956492,  0.08501705],
       [ 0.        ,  0.        ,  0.        ,  1.        ]])]","[array([[-0.25550776, -0.96677761,  0.00753953, -0.02690005],
       [ 0.96635698, -0.25561897, -0.02851529,  0.33029909],
       [ 0.02949519, -0.        ,  0.99956492,  0.08501705],
       [ 0.        ,  0.        ,  0.        ,  1.        ]])]"
14,"[array([[-0.55160944, -0.83372392, -0.0251289 , -0.11539356],
       [ 0.83286014, -0.55218152,  0.03794145,  0.26964787],
       [-0.0455084 ,  0.        ,  0.99896396,  0.08517639],
       [ 0.        ,  0.        ,  0.        ,  1.        ]])]","[array([[ 0.63429443, -0.77305707,  0.00730349, -0.14511832],
       [ 0.77300583,  0.63433647,  0.00890067,  0.33466493],
       [-0.0115136 , -0.        ,  0.99993372,  0.08279913],
       [ 0.        ,  0.        ,  0.        ,  1.        ]])]","[array([[ 0.63429443, -0.77305707,  0.00730349, -0.14511832],
       [ 0.77300583,  0.63433647,  0.00890067,  0.33466493],
       [-0.0115136 , -0.        ,  0.99993372,  0.08279913],
       [ 0.        ,  0.        ,  0.        ,  1.        ]])]","[array([[ 0.53275861, -0.84626644,  0.00117245, -0.05730741],
       [ 0.84626439,  0.5327599 ,  0.00186238,  0.28141792],
       [-0.0022007 ,  0.        ,  0.99999758,  0.0860573 ],
       [ 0.        ,  0.        ,  0.        ,  1.        ]])]","[array([[-0.24343864, -0.9698907 ,  0.00704693, -0.02677165],
       [ 0.96948459, -0.24354062, -0.02806412,  0.33041971],
       [ 0.02893534, -0.        ,  0.99958129,  0.08503486],
       [ 0.        ,  0.        ,  0.        ,  1.        ]])]","[array([[-0.24343864, -0.9698907 ,  0.00704693, -0.02677165],
       [ 0.96948459, -0.24354062, -0.02806412,  0.33041971],
       [ 0.02893534, -0.        ,  0.99958129,  0.08503486],
       [ 0.        ,  0.        ,  0.        ,  1.        ]])]"
15,"[array([[-0.57862774, -0.81522477, -0.02446449, -0.11523592],
       [ 0.81449709, -0.57914469,  0.03443709,  0.26931349],
       [-0.04224245,  0.        ,  0.99910739,  0.08517023],
       [ 0.        ,  0.        ,  0.        ,  1.        ]])]","[array([[ 0.60272822, -0.79792592,  0.00573755, -0.14713942],
       [ 0.79788977,  0.60275553,  0.00759534,  0.33331151],
       [-0.00951886, -0.        ,  0.99995469,  0.0829617 ],
       [ 0.        ,  0.        ,  0.        ,  1.        ]])]","[array([[ 0.60272822, -0.79792592,  0.00573755, -0.14713942],
       [ 0.79788977,  0.60275553,  0.00759534,  0.33331151],
       [-0.00951886, -0.        ,  0.99995469,  0.0829617 ],
       [ 0.        ,  0.        ,  0.        ,  1.        ]])]","[array([[ 0.54228135, -0.84018805, -0.00386988, -0.05714877],
       [ 0.84016666,  0.54229516, -0.00599568,  0.28154314],
       [ 0.00713611,  0.        ,  0.99997454,  0.08579615],
       [ 0.        ,  0.        ,  0.        ,  1.        ]])]","[array([[-0.22963087, -0.97325036,  0.00730783, -0.02613893],
       [ 0.97275789, -0.22974712, -0.03095731,  0.33015528],
       [ 0.03180816, -0.        ,  0.99949399,  0.0851715 ],
       [ 0.        ,  0.        ,  0.        ,  1.        ]])]","[array([[-0.22963087, -0.97325036,  0.00730783, -0.02613893],
       [ 0.97275789, -0.22974712, -0.03095731,  0.33015528],
       [ 0.03180816, -0.        ,  0.99949399,  0.0851715 ],
       [ 0.        ,  0.        ,  0.        ,  1.        ]])]"
16,"[array([[-0.5257493 , -0.85041443, -0.01956947, -0.11545868],
       [ 0.84982593, -0.52611339,  0.03163227,  0.27001836],
       [-0.03719629,  0.        ,  0.99930798,  0.0846532 ],
       [ 0.        ,  0.        ,  0.        ,  1.        ]])]","[array([[ 0.67074589, -0.74163043,  0.00917907, -0.14312706],
       [ 0.741561  ,  0.67080869,  0.01014817,  0.335987  ],
       [-0.0136836 , -0.        ,  0.99990638,  0.08254614],
       [ 0.        ,  0.        ,  0.        ,  1.        ]])]","[array([[ 0.67074589, -0.74163043,  0.00917907, -0.14312706],
       [ 0.741561  ,  0.67080869,  0.01014817,  0.335987  ],
       [-0.0136836 , -0.        ,  0.99990638,  0.08254614],
       [ 0.        ,  0.        ,  0.        ,  1.        ]])]","[array([[ 0.55291674, -0.83321857, -0.00546701, -0.05711115],
       [ 0.83317784,  0.55294377, -0.00823811,  0.28163919],
       [ 0.00988709,  0.        ,  0.99995112,  0.08584353],
       [ 0.        ,  0.        ,  0.        ,  1.        ]])]","[array([[-0.2342939 , -0.97211899,  0.00954168, -0.02560409],
       [ 0.97131383, -0.23448812, -0.03955703,  0.32948601],
       [ 0.04069155, -0.        ,  0.99917176,  0.08545301],
       [ 0.        ,  0.        ,  0.        ,  1.        ]])]","[array([[-0.2342939 , -0.97211899,  0.00954168, -0.02560409],
       [ 0.97131383, -0.23448812, -0.03955703,  0.32948601],
       [ 0.04069155, -0.        ,  0.99917176,  0.08545301],
       [ 0.        ,  0.        ,  0.        ,  1.        ]])]"
17,"[array([[-0.51633387, -0.85599368, -0.02596442, -0.11549205],
       [ 0.85491346, -0.51698628,  0.04299026,  0.27021722],
       [-0.05022264,  0.        ,  0.99873805,  0.08511799],
       [ 0.        ,  0.        ,  0.        ,  1.        ]])]","[array([[ 0.67979883, -0.73333429,  0.00971495, -0.14240161],
       [ 0.73325941,  0.67986824,  0.01047895,  0.33643576],
       [-0.01428947, -0.        ,  0.9998979 ,  0.0824784 ],
       [ 0.        ,  0.        ,  0.        ,  1.        ]])]","[array([[ 0.67979883, -0.73333429,  0.00971495, -0.14240161],
       [ 0.73325941,  0.67986824,  0.01047895,  0.33643576],
       [-0.01428947, -0.        ,  0.9998979 ,  0.0824784 ],
       [ 0.        ,  0.        ,  0.        ,  1.        ]])]","[array([[ 0.50899685, -0.8607581 , -0.00420805, -0.05737876],
       [ 0.86072868,  0.50901424, -0.00711594,  0.28111818],
       [ 0.00826707,  0.        ,  0.99996583,  0.08563082],
       [ 0.        ,  0.        ,  0.        ,  1.        ]])]","[array([[-0.30792911, -0.95135636,  0.01003678, -0.028149  ],
       [ 0.95085141, -0.30809264, -0.03099247,  0.33018265],
       [ 0.03257714, -0.        ,  0.99946922,  0.08507005],
       [ 0.        ,  0.        ,  0.        ,  1.        ]])]","[array([[-0.30792911, -0.95135636,  0.01003678, -0.028149  ],
       [ 0.95085141, -0.30809264, -0.03099247,  0.33018265],
       [ 0.03257714, -0.        ,  0.99946922,  0.08507005],
       [ 0.        ,  0.        ,  0.        ,  1.        ]])]"
18,"[array([[-0.51597812, -0.85621064, -0.02588261, -0.11550249],
       [ 0.85513545, -0.51662688,  0.04289549,  0.27021434],
       [-0.05009922,  0.        ,  0.99874425,  0.08511822],
       [ 0.        ,  0.        ,  0.        ,  1.        ]])]","[array([[ 0.67995806, -0.73318663,  0.00971593, -0.14239301],
       [ 0.73311179,  0.68002748,  0.01047545,  0.33643617],
       [-0.01428756, -0.        ,  0.99989793,  0.08249034],
       [ 0.        ,  0.        ,  0.        ,  1.        ]])]","[array([[ 0.67995806, -0.73318663,  0.00971593, -0.14239301],
       [ 0.73311179,  0.68002748,  0.01047545,  0.33643617],
       [-0.01428756, -0.        ,  0.99989793,  0.08249034],
       [ 0.        ,  0.        ,  0.        ,  1.        ]])]","[array([[ 4.72145629e-01, -8.81520539e-01, -2.09766181e-04,
        -5.77105569e-02],
       [ 8.81520452e-01,  4.72145676e-01, -3.91644372e-04,
         2.80808235e-01],
       [ 4.44282754e-04,  0.00000000e+00,  9.99999901e-01,
         8.56390481e-02],
       [ 0.00000000e+00,  0.00000000e+00,  0.00000000e+00,
         1.00000000e+00]])]","[array([[-0.35468857, -0.93494303,  0.00880579, -0.03066337],
       [ 0.93465503, -0.35479787, -0.02320451,  0.3309825 ],
       [ 0.02481917, -0.        ,  0.99969196,  0.08453675],
       [ 0.        ,  0.        ,  0.        ,  1.        ]])]","[array([[-0.35468857, -0.93494303,  0.00880579, -0.03066337],
       [ 0.93465503, -0.35479787, -0.02320451,  0.3309825 ],
       [ 0.02481917, -0.        ,  0.99969196,  0.08453675],
       [ 0.        ,  0.        ,  0.        ,  1.        ]])]"
19,"[array([[-0.5169553 , -0.85563693, -0.02535089, -0.11547807],
       [ 0.85460996, -0.51757652,  0.04190909,  0.2702083 ],
       [-0.04897999,  0.        ,  0.99879976,  0.08510415],
       [ 0.        ,  0.        ,  0.        ,  1.        ]])]","[array([[ 0.68001422, -0.73313321,  0.00981661, -0.14239655],
       [ 0.73305683,  0.68008507,  0.01058232,  0.33642118],
       [-0.01443438, -0.        ,  0.99989582,  0.08252501],
       [ 0.        ,  0.        ,  0.        ,  1.        ]])]","[array([[ 0.68001422, -0.73313321,  0.00981661, -0.14239655],
       [ 0.73305683,  0.68008507,  0.01058232,  0.33642118],
       [-0.01443438, -0.        ,  0.99989582,  0.08252501],
       [ 0.        ,  0.        ,  0.        ,  1.        ]])]","[array([[ 4.70314776e-01, -8.82498707e-01, -2.08928899e-04,
        -5.77242270e-02],
       [ 8.82498620e-01,  4.70314822e-01, -3.92034175e-04,
         2.80785075e-01],
       [ 4.44232011e-04,  0.00000000e+00,  9.99999901e-01,
         8.56340492e-02],
       [ 0.00000000e+00,  0.00000000e+00,  0.00000000e+00,
         1.00000000e+00]])]","[array([[-0.3571429 , -0.93400806,  0.00882585, -0.03076547],
       [ 0.93372299, -0.35725194, -0.02307453,  0.33100939],
       [ 0.02470485, -0.        ,  0.99969479,  0.08452439],
       [ 0.        ,  0.        ,  0.        ,  1.        ]])]","[array([[-0.3571429 , -0.93400806,  0.00882585, -0.03076547],
       [ 0.93372299, -0.35725194, -0.02307453,  0.33100939],
       [ 0.02470485, -0.        ,  0.99969479,  0.08452439],
       [ 0.        ,  0.        ,  0.        ,  1.        ]])]"
20,"[array([[-0.51549177, -0.85650505, -0.02583283, -0.11551073],
       [ 0.85543159, -0.51613865,  0.04286823,  0.27021326],
       [-0.05005018,  0.        ,  0.9987467 ,  0.08512712],
       [ 0.        ,  0.        ,  0.        ,  1.        ]])]","[array([[ 0.68044342, -0.73273653,  0.00969151, -0.14235742],
       [ 0.73266222,  0.68051244,  0.01043526,  0.33644865],
       [-0.01424149, -0.        ,  0.99989858,  0.08250788],
       [ 0.        ,  0.        ,  0.        ,  1.        ]])]","[array([[ 0.68044342, -0.73273653,  0.00969151, -0.14235742],
       [ 0.73266222,  0.68051244,  0.01043526,  0.33644865],
       [-0.01424149, -0.        ,  0.99989858,  0.08250788],
       [ 0.        ,  0.        ,  0.        ,  1.        ]])]","[array([[ 4.69359321e-01, -8.83007251e-01, -1.48910493e-04,
        -5.77353381e-02],
       [ 8.83007207e-01,  4.69359344e-01, -2.80145791e-04,
         2.80781203e-01],
       [ 3.17263296e-04,  0.00000000e+00,  9.99999950e-01,
         8.56328933e-02],
       [ 0.00000000e+00,  0.00000000e+00,  0.00000000e+00,
         1.00000000e+00]])]","[array([[-0.35860605, -0.93344762,  0.00878908, -0.03082123],
       [ 0.93316739, -0.35871374, -0.02287101,  0.33102796],
       [ 0.02450166, -0.        ,  0.99969979,  0.08451685],
       [ 0.        ,  0.        ,  0.        ,  1.        ]])]","[array([[-0.35860605, -0.93344762,  0.00878908, -0.03082123],
       [ 0.93316739, -0.35871374, -0.02287101,  0.33102796],
       [ 0.02450166, -0.        ,  0.99969979,  0.08451685],
       [ 0.        ,  0.        ,  0.        ,  1.        ]])]"
21,"[array([[-0.51528094, -0.85662745, -0.02598015, -0.11551584],
       [ 0.8555407 , -0.51593548,  0.04313585,  0.27020912],
       [-0.05035543,  0.        ,  0.99873136,  0.08513596],
       [ 0.        ,  0.        ,  0.        ,  1.        ]])]","[array([[ 0.68067764, -0.73251757,  0.00979598, -0.14235888],
       [ 0.73244172,  0.68074813,  0.01054094,  0.33645272],
       [-0.01439001, -0.        ,  0.99989646,  0.0825166 ],
       [ 0.        ,  0.        ,  0.        ,  1.        ]])]","[array([[ 0.68067764, -0.73251757,  0.00979598, -0.14235888],
       [ 0.73244172,  0.68074813,  0.01054094,  0.33645272],
       [-0.01439001, -0.        ,  0.99989646,  0.0825166 ],
       [ 0.        ,  0.        ,  0.        ,  1.        ]])]","[array([[ 4.68680398e-01, -8.83367784e-01, -2.08153426e-04,
        -5.77423300e-02],
       [ 8.83367697e-01,  4.68680444e-01, -3.92327081e-04,
         2.80773103e-01],
       [ 4.44126544e-04,  0.00000000e+00,  9.99999901e-01,
         8.56270516e-02],
       [ 0.00000000e+00,  0.00000000e+00,  0.00000000e+00,
         1.00000000e+00]])]","[array([[-0.35972773, -0.93301584,  0.00879778, -0.03085363],
       [ 0.93273693, -0.3598353 , -0.02281173,  0.33103923],
       [ 0.02444946, -0.        ,  0.99970107,  0.08450651],
       [ 0.        ,  0.        ,  0.        ,  1.        ]])]","[array([[-0.35972773, -0.93301584,  0.00879778, -0.03085363],
       [ 0.93273693, -0.3598353 , -0.02281173,  0.33103923],
       [ 0.02444946, -0.        ,  0.99970107,  0.08450651],
       [ 0.        ,  0.        ,  0.        ,  1.        ]])]"
22,"[array([[-0.51622696, -0.85608227, -0.02515697, -0.11548945],
       [ 0.85506755, -0.51683957,  0.04166948,  0.27020944],
       [-0.04867462,  0.        ,  0.99881469,  0.08509531],
       [ 0.        ,  0.        ,  0.        ,  1.        ]])]","[array([[ 0.68083713, -0.73237157,  0.00962756, -0.14236229],
       [ 0.73229836,  0.68090519,  0.01035526,  0.33645999],
       [-0.01413935, -0.        ,  0.99990003,  0.08250663],
       [ 0.        ,  0.        ,  0.        ,  1.        ]])]","[array([[ 0.68083713, -0.73237157,  0.00962756, -0.14236229],
       [ 0.73229836,  0.68090519,  0.01035526,  0.33645999],
       [-0.01413935, -0.        ,  0.99990003,  0.08250663],
       [ 0.        ,  0.        ,  0.        ,  1.        ]])]","[array([[ 4.68310449e-01, -8.83563971e-01, -1.78328792e-04,
        -5.77497843e-02],
       [ 8.83563907e-01,  4.68310483e-01, -3.36453915e-04,
         2.80772424e-01],
       [ 3.80791800e-04,  0.00000000e+00,  9.99999927e-01,
         8.56244703e-02],
       [ 0.00000000e+00,  0.00000000e+00,  0.00000000e+00,
         1.00000000e+00]])]","[array([[-0.36032823, -0.93278397,  0.00881122, -0.03088134],
       [ 0.93250521, -0.36043594, -0.02280285,  0.33104634],
       [ 0.02444601, -0.        ,  0.99970115,  0.08449862],
       [ 0.        ,  0.        ,  0.        ,  1.        ]])]","[array([[-0.36032823, -0.93278397,  0.00881122, -0.03088134],
       [ 0.93250521, -0.36043594, -0.02280285,  0.33104634],
       [ 0.02444601, -0.        ,  0.99970115,  0.08449862],
       [ 0.        ,  0.        ,  0.        ,  1.        ]])]"
23,"[array([[-0.51627401, -0.85604924, -0.02531482, -0.11548302],
       [ 0.855022  , -0.51689427,  0.04192489,  0.27020983],
       [-0.04897486,  0.        ,  0.99880001,  0.08510304],
       [ 0.        ,  0.        ,  0.        ,  1.        ]])]","[array([[ 0.68078537, -0.7324179 ,  0.00976218, -0.14235086],
       [ 0.73234261,  0.68085536,  0.01050149,  0.33645435],
       [-0.01433811, -0.        ,  0.9998972 ,  0.08250995],
       [ 0.        ,  0.        ,  0.        ,  1.        ]])]","[array([[ 0.68078537, -0.7324179 ,  0.00976218, -0.14235086],
       [ 0.73234261,  0.68085536,  0.01050149,  0.33645435],
       [-0.01433811, -0.        ,  0.9998972 ,  0.08250995],
       [ 0.        ,  0.        ,  0.        ,  1.        ]])]","[array([[ 4.67878951e-01, -8.83792546e-01, -1.48434177e-04,
        -5.77481474e-02],
       [ 8.83792502e-01,  4.67878975e-01, -2.80382377e-04,
         2.80764474e-01],
       [ 3.17249085e-04,  0.00000000e+00,  9.99999950e-01,
         8.56248936e-02],
       [ 0.00000000e+00,  0.00000000e+00,  0.00000000e+00,
         1.00000000e+00]])]","[array([[-0.36055176, -0.93269702,  0.00887149, -0.03091504],
       [ 0.93241481, -0.36066089, -0.02294237,  0.33105112],
       [ 0.02459788, -0.        ,  0.99969743,  0.08449079],
       [ 0.        ,  0.        ,  0.        ,  1.        ]])]","[array([[-0.36055176, -0.93269702,  0.00887149, -0.03091504],
       [ 0.93241481, -0.36066089, -0.02294237,  0.33105112],
       [ 0.02459788, -0.        ,  0.99969743,  0.08449079],
       [ 0.        ,  0.        ,  0.        ,  1.        ]])]"
24,"[array([[-0.51543646, -0.8565385 , -0.02582728, -0.11550535],
       [ 0.85546524, -0.51608313,  0.04286531,  0.27021313],
       [-0.05004481,  0.        ,  0.99874697,  0.085126  ],
       [ 0.        ,  0.        ,  0.        ,  1.        ]])]","[array([[ 0.68088365, -0.73232873,  0.00959625, -0.14234858],
       [ 0.73225601,  0.68095127,  0.01032028,  0.33646054],
       [-0.01409242, -0.        ,  0.9999007 ,  0.08250314],
       [ 0.        ,  0.        ,  0.        ,  1.        ]])]","[array([[ 0.68088365, -0.73232873,  0.00959625, -0.14234858],
       [ 0.73225601,  0.68095127,  0.01032028,  0.33646054],
       [-0.01409242, -0.        ,  0.9999007 ,  0.08250314],
       [ 0.        ,  0.        ,  0.        ,  1.        ]])]","[array([[ 4.67706924e-01, -8.83883604e-01, -8.90433261e-05,
        -5.77511021e-02],
       [ 8.83883588e-01,  4.67706933e-01, -1.68276180e-04,
         2.80766907e-01],
       [ 1.90382737e-04,  0.00000000e+00,  9.99999982e-01,
         8.56277354e-02],
       [ 0.00000000e+00,  0.00000000e+00,  0.00000000e+00,
         1.00000000e+00]])]","[array([[-0.36110071, -0.93248535,  0.00879441, -0.03092167],
       [ 0.93220893, -0.36120778, -0.02270345,  0.33105915],
       [ 0.02434725, -0.        ,  0.99970356,  0.08449876],
       [ 0.        ,  0.        ,  0.        ,  1.        ]])]","[array([[-0.36110071, -0.93248535,  0.00879441, -0.03092167],
       [ 0.93220893, -0.36120778, -0.02270345,  0.33105915],
       [ 0.02434725, -0.        ,  0.99970356,  0.08449876],
       [ 0.        ,  0.        ,  0.        ,  1.        ]])]"
25,"[array([[-0.51611307, -0.85614935, -0.02521082, -0.11549077],
       [ 0.85512976, -0.51672845,  0.04177093,  0.27021031],
       [-0.0487893 ,  0.        ,  0.99880909,  0.08510188],
       [ 0.        ,  0.        ,  0.        ,  1.        ]])]","[array([[ 0.68075576, -0.73244808,  0.00956003, -0.14234105],
       [ 0.73237587,  0.68082289,  0.01028494,  0.33645515],
       [-0.01404187, -0.        ,  0.99990141,  0.08250253],
       [ 0.        ,  0.        ,  0.        ,  1.        ]])]","[array([[ 0.68075576, -0.73244808,  0.00956003, -0.14234105],
       [ 0.73237587,  0.68082289,  0.01028494,  0.33645515],
       [-0.01404187, -0.        ,  0.99990141,  0.08250253],
       [ 0.        ,  0.        ,  0.        ,  1.        ]])]","[array([[ 4.67155636e-01, -8.84175084e-01, -1.77884313e-04,
        -5.77473401e-02],
       [ 8.84175020e-01,  4.67155670e-01, -3.36677659e-04,
         2.80757486e-01],
       [ 3.80781662e-04,  0.00000000e+00,  9.99999928e-01,
         8.56234705e-02],
       [ 0.00000000e+00,  0.00000000e+00,  0.00000000e+00,
         1.00000000e+00]])]","[array([[-0.36125487, -0.93242542,  0.0088176 , -0.03094794],
       [ 0.93214779, -0.36136246, -0.0227521 ,  0.33106497],
       [ 0.02440099, -0.        ,  0.99970225,  0.08449505],
       [ 0.        ,  0.        ,  0.        ,  1.        ]])]","[array([[-0.36125487, -0.93242542,  0.0088176 , -0.03094794],
       [ 0.93214779, -0.36136246, -0.0227521 ,  0.33106497],
