,transforms
0,"[array([[-0.31238044,  0.94807395,  0.00528202, -0.0733045 ],
       [-0.94991027, -0.31793048, -0.01166415,  0.160546  ],
       [-0.00943067, -0.00871684,  0.99991802,  0.2370395 ],
       [ 0.        ,  0.        ,  0.        ,  1.        ]])]"
1,"[array([[-0.31231711,  0.94807789,  0.00520569, -0.073304  ],
       [-0.94993149, -0.31792133, -0.01159649,  0.160546  ],
       [-0.0093908 , -0.00862287,  0.99991921,  0.237038  ],
       [ 0.        ,  0.        ,  0.        ,  1.        ]])]"
2,"[array([[-0.31227934,  0.94806776,  0.00522767, -0.0733015 ],
       [-0.94994183, -0.31794898, -0.01182179,  0.160547  ],
       [-0.00959832, -0.00871564,  0.99991645,  0.2370395 ],
       [ 0.        ,  0.        ,  0.        ,  1.        ]])]"
3,"[array([[-0.31238031,  0.94804672,  0.005149  , -0.0733035 ],
       [-0.9499099 , -0.31801508, -0.01166434,  0.1605475 ],
       [-0.00947239, -0.00859162,  0.99991871,  0.2370385 ],
       [ 0.        ,  0.        ,  0.        ,  1.        ]])]"
4,"[array([[-0.31235555,  0.94804654,  0.00517818, -0.073303  ],
       [-0.94991805, -0.31801482, -0.0116729 ,  0.160548  ],
       [-0.00947164, -0.00862201,  0.99991846,  0.237037  ],
       [ 0.        ,  0.        ,  0.        ,  1.        ]])]"
5,"[array([[-0.31221718,  0.94801828,  0.00516398, -0.073301  ],
       [-0.94996311, -0.31809906, -0.01171176,  0.1605445 ],
       [-0.00951424, -0.00862176,  0.99991808,  0.237039  ],
       [ 0.        ,  0.        ,  0.        ,  1.        ]])]"
6,"[array([[-0.3123304 ,  0.94804072,  0.00513232, -0.073304  ],
       [-0.94992673, -0.31803383, -0.0116142 ,  0.160548  ],
       [-0.00943042, -0.00856005,  0.99991938,  0.237037  ],
       [ 0.        ,  0.        ,  0.        ,  1.        ]])]"
7,"[array([[-0.31238082,  0.94802667,  0.00529626, -0.073305  ],
       [-0.94990974, -0.31807063, -0.01171144,  0.160549  ],
       [-0.00947114, -0.00874679,  0.99991739,  0.237038  ],
       [ 0.        ,  0.        ,  0.        ,  1.        ]])]"
8,"[array([[-0.31224233,  0.94803661,  0.00521084, -0.073304  ],
       [-0.94995443, -0.31804273, -0.01177079,  0.1605485 ],
       [-0.00955546, -0.0086844 ,  0.99991714,  0.237038  ],
       [ 0.        ,  0.        ,  0.        ,  1.        ]])]"
9,"[array([[-0.31239282,  0.94805183,  0.00530936, -0.073305  ],
       [-0.9499062 , -0.31799564, -0.01167365,  0.160548  ],
       [-0.00943104, -0.00874644,  0.99991776,  0.237037  ],
       [ 0.        ,  0.        ,  0.        ,  1.        ]])]"
10,"[array([[-0.31240471,  0.94808969,  0.00522867, -0.0733025 ],
       [-0.94990061, -0.31788357, -0.01182333,  0.1605465 ],
       [-0.00959833, -0.00871641,  0.99991643,  0.2370395 ],
       [ 0.        ,  0.        ,  0.        ,  1.        ]])]"
11,"[array([[-0.31230475,  0.9480515 ,  0.00530034, -0.0733065 ],
       [-0.9499339 , -0.31799573, -0.01180147,  0.1605465 ],
       [-0.00955609, -0.00877854,  0.99991631,  0.2370385 ],
       [ 0.        ,  0.        ,  0.        ,  1.        ]])]"
12,"[array([[-0.31238031,  0.94808389,  0.00520974, -0.0733045 ],
       [-0.9499099 , -0.31790257, -0.01168431,  0.1605495 ],
       [-0.00947239, -0.00865445,  0.99991816,  0.2370395 ],
       [ 0.        ,  0.        ,  0.        ,  1.        ]])]"
13,"[array([[-0.31231814,  0.94802763,  0.00520491, -0.0733055 ],
       [-0.94993117, -0.31807116, -0.01159363,  0.1605475 ],
       [-0.00938832, -0.00862269,  0.99991925,  0.237038  ],
       [ 0.        ,  0.        ,  0.        ,  1.        ]])]"
14,"[array([[-0.31241822,  0.94805949,  0.00514679, -0.0733025 ],
       [-0.94989826, -0.31797784, -0.011576  ,  0.1605445 ],
       [-0.00938882, -0.00856106,  0.99991975,  0.237038  ],
       [ 0.        ,  0.        ,  0.        ,  1.        ]])]"
15,"[array([[-0.31235492,  0.9480677 ,  0.00525489, -0.073303  ],
       [-0.94991783, -0.31794915, -0.01174335,  0.1605425 ],
       [-0.00951462, -0.0087165 ,  0.99991724,  0.2370375 ],
       [ 0.        ,  0.        ,  0.        ,  1.        ]])]"
16,"[array([[-0.31209507,  0.94816883,  0.00556836, -0.0733515 ],
       [-0.95001422, -0.31764921, -0.0106137 ,  0.160668  ],
       [-0.0083459 , -0.0086518 ,  0.99992817,  0.2370225 ],
       [ 0.        ,  0.        ,  0.        ,  1.        ]])]"
17,"[array([[-0.31269935,  0.94782147,  0.00606617, -0.0732165 ],
       [-0.94981698, -0.31867085, -0.01060239,  0.1607365 ],
       [-0.00817406, -0.009129  ,  0.99992539,  0.237023  ],
       [ 0.        ,  0.        ,  0.        ,  1.        ]])]"
18,"[array([[-0.31227047,  0.9481466 ,  0.00559699, -0.073401  ],
       [-0.94995657, -0.31771469, -0.01062502,  0.160652  ],
       [-0.00834613, -0.00868312,  0.99992789,  0.237025  ],
       [ 0.        ,  0.        ,  0.        ,  1.        ]])]"
19,"[array([[-0.3110309 ,  0.94868653,  0.00526803, -0.074163  ],
       [-0.95035829, -0.31610388, -0.01107043,  0.160847  ],
       [-0.00888302, -0.00849775,  0.99992484,  0.237006  ],
       [ 0.        ,  0.        ,  0.        ,  1.        ]])]"
20,"[array([[-0.30185672,  0.95077855,  0.01027462, -0.0767465 ],
       [-0.95335024, -0.30965537, -0.00578957,  0.1617245 ],
       [-0.00241819, -0.01156247,  0.99993045,  0.236951  ],
       [ 0.        ,  0.        ,  0.        ,  1.        ]])]"
21,"[array([[-0.28221548,  0.95743983,  0.01215633, -0.0797775 ],
       [-0.95934086, -0.28840996,  0.00103024,  0.162521  ],
       [ 0.00441939, -0.01134267,  0.99992558,  0.2368655 ],
       [ 0.        ,  0.        ,  0.        ,  1.        ]])]"
22,"[array([[-0.23419968,  0.97079921,  0.01448092, -0.083415  ],
       [-0.9721559 , -0.23954461,  0.00470229,  0.162637  ],
       [ 0.00796371, -0.01293316,  0.99988409,  0.23686   ],
       [ 0.        ,  0.        ,  0.        ,  1.        ]])]"
23,"[array([[-0.15756921,  0.98631421,  0.0148885 , -0.088279  ],
       [-0.98748652, -0.16428157,  0.00421052,  0.1614765 ],
       [ 0.00650458, -0.0139947 ,  0.99988029,  0.236906  ],
       [ 0.        ,  0.        ,  0.        ,  1.        ]])]"
24,"[array([[-0.08044507,  0.99620141,  0.01531281, -0.09251   ],
       [-0.99674314, -0.0857986 ,  0.00441172,  0.1598215 ],
       [ 0.0056299 , -0.01487801,  0.99987302,  0.236931  ],
       [ 0.        ,  0.        ,  0.        ,  1.        ]])]"
25,"[array([[-4.17144625e-05,  9.99867583e-01,  1.46634261e-02,
        -9.67585000e-02],
       [-9.99979096e-01, -7.15239673e-03,  6.46443488e-03,
         1.58124500e-01],
       [ 6.46574169e-03, -1.46171252e-02,  9.99871589e-01,
         2.36902000e-01],
       [ 0.00000000e+00,  0.00000000e+00,  0.00000000e+00,
         1.00000000e+00]])]"
26,"[array([[ 0.06559034,  0.99809154,  0.01384094, -0.1001825 ],
       [-0.99782377,  0.06007857,  0.00767871,  0.1563385 ],
       [ 0.00675501, -0.01427764,  0.99987473,  0.2368825 ],
       [ 0.        ,  0.        ,  0.        ,  1.        ]])]"
27,"[array([[ 0.11410782,  0.99406483,  0.01426868, -0.102792  ],
       [-0.99345098,  0.10775025,  0.00755529,  0.15495   ],
       [ 0.00587841, -0.01500004,  0.99986965,  0.236883  ],
       [ 0.        ,  0.        ,  0.        ,  1.        ]])]"
28,"[array([[ 0.14598711,  0.98997283,  0.01391765, -0.104433  ],
       [-0.98926903,  0.14046954,  0.00799467,  0.153759  ],
       [ 0.00587784, -0.01490302,  0.99987118,  0.2368815 ],
       [ 0.        ,  0.        ,  0.        ,  1.        ]])]"
29,"[array([[ 0.16638352,  0.98685799,  0.01506011, -0.1053595 ],
       [-0.98604128,  0.16096021, -0.00380158,  0.150864  ],
       [-0.00625502, -0.01425201,  0.99987936,  0.23705   ],
       [ 0.        ,  0.        ,  0.        ,  1.        ]])]"
30,"[array([[ 0.17564217,  0.98524679,  0.015872  , -0.1057725 ],
       [-0.98437234,  0.17057212, -0.01005304,  0.1495955 ],
       [-0.01268596, -0.01392553,  0.99982349,  0.237154  ],
       [ 0.        ,  0.        ,  0.        ,  1.        ]])]"
31,"[array([[ 0.17607641,  0.98524249,  0.0173056 , -0.1053925 ],
       [-0.98430969,  0.17045242, -0.0085537 ,  0.149816  ],
       [-0.01146874, -0.01559512,  0.99981366,  0.2371875 ],
       [ 0.        ,  0.        ,  0.        ,  1.        ]])]"
32,"[array([[ 0.17431788,  0.98536898,  0.01720708, -0.1048595 ],
       [-0.98465819,  0.16967032, -0.00491859,  0.150542  ],
       [-0.00784389, -0.01612337,  0.99983985,  0.23714   ],
       [ 0.        ,  0.        ,  0.        ,  1.        ]])]"
33,"[array([[ 0.17232422,  0.98580102,  0.01834355, -0.1042325 ],
       [-0.98502559,  0.16698116, -0.00225168,  0.151381  ],
       [-0.00537992, -0.01771012,  0.99982921,  0.2371155 ],
       [ 0.        ,  0.        ,  0.        ,  1.        ]])]"
34,"[array([[ 1.68341031e-01,  9.86553526e-01,  1.71031910e-02,
        -1.02941000e-01],
       [-9.85723305e-01,  1.62572025e-01, -4.22273754e-04,
         1.52215000e-01],
       [-3.29589627e-03, -1.68070233e-02,  9.99853641e-01,
         2.37074000e-01],
       [ 0.00000000e+00,  0.00000000e+00,  0.00000000e+00,
         1.00000000e+00]])]"
35,"[array([[ 0.16384864,  0.98731047,  0.01900094, -0.1018705 ],
       [-0.98647148,  0.1577299 , -0.00217232,  0.152221  ],
       [-0.00525718, -0.01842055,  0.99981711,  0.237157  ],
       [ 0.        ,  0.        ,  0.        ,  1.        ]])]"
36,"[array([[ 0.14177344,  0.99043176,  0.02329226, -0.0991985 ],
       [-0.98982879,  0.13625351, -0.00858198,  0.152377  ],
       [-0.01180055, -0.02190681,  0.99969186,  0.2373715 ],
       [ 0.        ,  0.        ,  0.        ,  1.        ]])]"
37,"[array([[ 0.10808132,  0.99442737,  0.02582177, -0.0959035 ],
       [-0.99395619,  0.10265742, -0.01652277,  0.152868  ],
       [-0.0192228 , -0.02399297,  0.99953001,  0.23756   ],
       [ 0.        ,  0.        ,  0.        ,  1.        ]])]"
38,"[array([[ 0.09551539,  0.99567681,  0.02527003, -0.0946835 ],
       [-0.99509445,  0.08997626, -0.02345144,  0.1523335 ],
       [-0.02576539, -0.02306442,  0.99940555,  0.237663  ],
       [ 0.        ,  0.        ,  0.        ,  1.        ]])]"
39,"[array([[ 0.10066182,  0.99531173,  0.01868556, -0.096461  ],
       [-0.99456717,  0.09534499, -0.02476152,  0.151795  ],
       [-0.02652068, -0.01624489,  0.99951874,  0.237569  ],
       [ 0.        ,  0.        ,  0.        ,  1.        ]])]"
40,"[array([[ 0.10185706,  0.99518742,  0.01711007, -0.0969895 ],
       [-0.99447175,  0.09687803, -0.02389467,  0.151751  ],
       [-0.02551638, -0.01471921,  0.99956805,  0.2375115 ],
       [ 0.        ,  0.        ,  0.        ,  1.        ]])]"
41,"[array([[ 0.10126256,  0.99524514,  0.01985456, -0.096307  ],
       [-0.99465763,  0.09571828, -0.0181315 ,  0.1528895 ],
       [-0.0200524 , -0.01803116,  0.99963846,  0.2374345 ],
       [ 0.        ,  0.        ,  0.        ,  1.        ]])]"
42,"[array([[ 0.10180272,  0.99518918,  0.01983555, -0.096576  ],
       [-0.99464007,  0.0962683 , -0.01615405,  0.152942  ],
       [-0.0180927 , -0.01819096,  0.99967275,  0.237413  ],
       [ 0.        ,  0.        ,  0.        ,  1.        ]])]"
43,"[array([[ 0.1028345 ,  0.99519278,  0.01019328, -0.0983865 ],
       [-0.99453922,  0.09756547, -0.01683937,  0.1527355 ],
       [-0.01779908, -0.00850298,  0.99980625,  0.237251  ],
       [ 0.        ,  0.        ,  0.        ,  1.        ]])]"
44,"[array([[ 0.09832892,  0.99562381,  0.0086304 , -0.0978345 ],
       [-0.99497515,  0.09319616, -0.01810301,  0.152821  ],
       [-0.01886446, -0.00690689,  0.99979888,  0.2372555 ],
       [ 0.        ,  0.        ,  0.        ,  1.        ]])]"
45,"[array([[ 0.0781377 ,  0.99724714,  0.01147665, -0.0944315 ],
       [-0.99690189,  0.07335137, -0.00813382,  0.155685  ],
       [-0.00900627, -0.0108495 ,  0.99990106,  0.2370495 ],
       [ 0.        ,  0.        ,  0.        ,  1.        ]])]"
46,"[array([[ 0.04112665,  0.99935113,  0.00736128, -0.092131  ],
       [-0.99913564,  0.03530062, -0.00575   ,  0.15778   ],
       [-0.00604804, -0.00715384,  0.99995637,  0.2369145 ],
       [ 0.        ,  0.        ,  0.        ,  1.        ]])]"
47,"[array([[-6.54889293e-03,  9.99913997e-01,  2.39671958e-03,
        -8.90815000e-02],
       [-9.99978409e-01, -1.28926503e-02, -5.57971285e-04,
         1.60449500e-01],
       [-5.42265020e-04, -2.40371446e-03,  9.99996972e-01,
         2.36663500e-01],
       [ 0.00000000e+00,  0.00000000e+00,  0.00000000e+00,
         1.00000000e+00]])]"
48,"[array([[-0.07268115,  0.99690455,  0.00392336, -0.0839885 ],
       [-0.9973539 , -0.07851635, -0.00191647,  0.1616635 ],
       [-0.00162626, -0.00406173,  0.99999047,  0.236766  ],
       [ 0.        ,  0.        ,  0.        ,  1.        ]])]"
49,"[array([[-0.12854787,  0.99090323,  0.00297889, -0.0800905 ],
       [-0.99170267, -0.13453933, -0.00152096,  0.1629245 ],
       [-0.00112542, -0.00315644,  0.99999441,  0.2367015 ],
       [ 0.        ,  0.        ,  0.        ,  1.        ]])]"
50,"[array([[-1.76310457e-01,  9.83276413e-01, -1.34700053e-04,
        -7.69550000e-02],
       [-9.84320144e-01, -1.82115982e-01,  5.44547851e-03,
         1.64431000e-01],
       [ 5.33642433e-03,  1.12417273e-03,  9.99985164e-01,
         2.36475000e-01],
       [ 0.00000000e+00,  0.00000000e+00,  0.00000000e+00,
         1.00000000e+00]])]"
51,"[array([[-2.33466227e-01,  9.71026272e-01, -2.41810616e-04,
        -7.22175000e-02],
       [-9.72337804e-01, -2.38964108e-01,  7.52501926e-03,
         1.65281000e-01],
       [ 7.26061187e-03,  2.03307160e-03,  9.99971657e-01,
         2.36468500e-01],
       [ 0.00000000e+00,  0.00000000e+00,  0.00000000e+00,
         1.00000000e+00]])]"
52,"[array([[-0.28430492,  0.95762022, -0.00319938, -0.0676005 ],
       [-0.95870848, -0.2879826 ,  0.00823248,  0.16523   ],
       [ 0.00698322,  0.00543481,  0.99996099,  0.236543  ],
       [ 0.        ,  0.        ,  0.        ,  1.        ]])]"
53,"[array([[-0.3489993 ,  0.93579161, -0.00632446, -0.063846  ],
       [-0.93709598, -0.35242762,  0.0099472 ,  0.1647815 ],
       [ 0.00711475,  0.0094247 ,  0.99993052,  0.236696  ],
       [ 0.        ,  0.        ,  0.        ,  1.        ]])]"
54,"[array([[-0.40540749,  0.91290263, -0.00551228, -0.060403  ],
       [-0.91412297, -0.40809471,  0.00779984,  0.163454  ],
       [ 0.00489552,  0.00821562,  0.99995439,  0.2366885 ],
       [ 0.        ,  0.        ,  0.        ,  1.        ]])]"
55,"[array([[-0.42814013,  0.90278592, -0.00553572, -0.060515  ],
       [-0.90369793, -0.43000511,  0.00827233,  0.162663  ],
       [ 0.00510587,  0.00855514,  0.99995046,  0.236684  ],
       [ 0.        ,  0.        ,  0.        ,  1.        ]])]"
56,"[array([[-0.42708435,  0.90270313, -0.00596275, -0.0613575 ],
       [-0.90419739, -0.43016934,  0.00846008,  0.1627825 ],
       [ 0.00510326,  0.00902235,  0.99994643,  0.2366785 ],
       [ 0.        ,  0.        ,  0.        ,  1.        ]])]"
57,"[array([[-0.42720305,  0.90296898, -0.00481585, -0.062359  ],
       [-0.90413831, -0.42963142,  0.00847946,  0.162912  ],
       [ 0.00560953,  0.00799198,  0.99995245,  0.236657  ],
       [ 0.        ,  0.        ,  0.        ,  1.        ]])]"
58,"[array([[-0.42329982,  0.90455647, -0.00379257, -0.063245  ],
       [-0.9059771 , -0.42630533,  0.00703718,  0.16289   ],
       [ 0.00477028,  0.00643079,  0.99996805,  0.236622  ],
       [ 0.        ,  0.        ,  0.        ,  1.        ]])]"
59,"[array([[-0.41783912,  0.90735492, -0.0014683 , -0.0644145 ],
       [-0.90849876, -0.42034064,  0.00767712,  0.162958  ],
       [ 0.00636133,  0.00455942,  0.99996945,  0.236536  ],
       [ 0.        ,  0.        ,  0.        ,  1.        ]])]"
60,"[array([[-0.41267644,  0.90945341,  0.0013237 , -0.06523   ],
       [-0.9108496 , -0.4158019 ,  0.00725274,  0.162695  ],
       [ 0.00715261,  0.00181191,  0.99997282,  0.236475  ],
       [ 0.        ,  0.        ,  0.        ,  1.        ]])]"
61,"[array([[-4.05523500e-01,  9.12642001e-01,  1.41686851e-03,
        -6.73310000e-02],
       [-9.14068952e-01, -4.08758936e-01,  5.22623345e-03,
         1.62855500e-01],
       [ 5.35178967e-03,  8.43188270e-04,  9.99985339e-01,
         2.36471500e-01],
       [ 0.00000000e+00,  0.00000000e+00,  0.00000000e+00,
         1.00000000e+00]])]"
62,"[array([[-0.40143054,  0.91429851,  0.00135832, -0.0689125 ],
       [-0.91587183, -0.40503971,  0.00561062,  0.1630885 ],
       [ 0.00568397,  0.00103064,  0.99998334,  0.2364565 ],
       [ 0.        ,  0.        ,  0.        ,  1.        ]])]"
63,"[array([[-0.39166392,  0.91883237,  0.00146211, -0.072333  ],
       [-0.9200861 , -0.39464634,  0.006332  ,  0.1634365 ],
       [ 0.00639878,  0.00115549,  0.99997888,  0.2364435 ],
       [ 0.        ,  0.        ,  0.        ,  1.        ]])]"
64,"[array([[-3.59820042e-01,  9.30932260e-01,  1.47006954e-03,
        -7.55485000e-02],
       [-9.33005740e-01, -3.65191471e-01,  5.28641009e-03,
         1.63859000e-01],
       [ 5.46129365e-03,  5.62025178e-04,  9.99984946e-01,
         2.36433000e-01],
       [ 0.00000000e+00,  0.00000000e+00,  0.00000000e+00,
         1.00000000e+00]])]"
65,"[array([[-3.21673099e-01,  9.44976305e-01,  8.43449243e-04,
        -7.85490000e-02],
       [-9.46828705e-01, -3.27136024e-01,  6.54329924e-03,
         1.64042000e-01],
       [ 6.46683922e-03,  1.34353859e-03,  9.99978237e-01,
         2.36415500e-01],
       [ 0.00000000e+00,  0.00000000e+00,  0.00000000e+00,
         1.00000000e+00]])]"
66,"[array([[-2.83403399e-01,  9.57274335e-01,  2.96207755e-03,
        -8.10450000e-02],
       [-9.58967712e-01, -2.89180525e-01,  7.43014484e-03,
         1.64085000e-01],
       [ 7.96498665e-03, -6.86889608e-04,  9.99968009e-01,
         2.36442000e-01],
       [ 0.00000000e+00,  0.00000000e+00,  0.00000000e+00,
         1.00000000e+00]])]"
67,"[array([[-0.25151505,  0.96637513,  0.00316683, -0.083299  ],
       [-0.96782157, -0.25713362,  0.0072858 ,  0.16459   ],
       [ 0.0078481 , -0.00118696,  0.99996844,  0.236449  ],
       [ 0.        ,  0.        ,  0.        ,  1.        ]])]"
68,"[array([[-0.21580958,  0.975103  ,  0.00559114, -0.0869345 ],
       [-0.97639658, -0.22172078,  0.00768856,  0.164627  ],
       [ 0.0087141 , -0.00374739,  0.99995481,  0.236536  ],
       [ 0.        ,  0.        ,  0.        ,  1.        ]])]"
69,"[array([[-0.15173983,  0.98751589,  0.00915248, -0.0912375 ],
       [-0.98839324, -0.15731143,  0.00601748,  0.1636235 ],
       [ 0.00733687, -0.00809209,  0.99994001,  0.2366695 ],
       [ 0.        ,  0.        ,  0.        ,  1.        ]])]"
70,"[array([[-0.07580506,  0.99649379,  0.00919716, -0.095839  ],
       [-0.99709921, -0.08321816,  0.00615855,  0.161892  ],
       [ 0.0068383 , -0.00865294,  0.99993874,  0.2367055 ],
       [ 0.        ,  0.        ,  0.        ,  1.        ]])]"
71,"[array([[-0.01822878,  0.99964458,  0.00959841, -0.0994565 ],
       [-0.9998297 , -0.02489818,  0.00270358,  0.1596155 ],
       [ 0.00287823, -0.00952816,  0.99995028,  0.2367605 ],
       [ 0.        ,  0.        ,  0.        ,  1.        ]])]"
72,"[array([[ 0.01038522,  0.99991425,  0.0122973 , -0.100366  ],
       [-0.9999424 ,  0.00446781,  0.00283866,  0.1587315 ],
       [ 0.002711  , -0.01230991,  0.99992036,  0.236851  ],
       [ 0.        ,  0.        ,  0.        ,  1.        ]])]"
73,"[array([[ 0.01292632,  0.99989294,  0.01294939, -0.1002395 ],
       [-0.99991343,  0.00678031,  0.00262757,  0.1586785 ],
       [ 0.00246017, -0.01296696,  0.9999127 ,  0.2368745 ],
       [ 0.        ,  0.        ,  0.        ,  1.        ]])]"
74,"[array([[ 0.00792894,  0.99994162,  0.01066236, -0.098477  ],
       [-0.99996477,  0.00178148, -0.00266965,  0.1584025 ],
       [-0.00275426, -0.01065763,  0.99993959,  0.2369015 ],
       [ 0.        ,  0.        ,  0.        ,  1.        ]])]"
75,"[array([[ 8.76058232e-04,  9.99987554e-01,  7.18296070e-04,
        -9.66180000e-02],
       [-9.99999613e-01, -4.93712998e-03, -8.28048584e-05,
         1.59669000e-01],
       [-8.34341173e-05, -7.18696136e-04,  9.99999739e-01,
         2.36609500e-01],
       [ 0.00000000e+00,  0.00000000e+00,  0.00000000e+00,
         1.00000000e+00]])]"
76,"[array([[-0.01063095,  0.99982241, -0.00573283, -0.094196  ],
       [-0.99993445, -0.01792759,  0.0043135 ,  0.161228  ],
       [ 0.00425238,  0.00580929,  0.99997426,  0.236553  ],
       [ 0.        ,  0.        ,  0.        ,  1.        ]])]"
77,"[array([[-0.04191728,  0.99879765, -0.00896195, -0.090538  ],
       [-0.99909097, -0.04812428,  0.00814032,  0.163041  ],
       [ 0.00775782,  0.00934361,  0.99992671,  0.2365575 ],
       [ 0.        ,  0.        ,  0.        ,  1.        ]])]"
78,"[array([[-0.08892124,  0.99547235, -0.00932518, -0.086265  ],
       [-0.99601797, -0.09452705,  0.00727774,  0.164648  ],
       [ 0.00642001,  0.0099716 ,  0.99993004,  0.2366195 ],
       [ 0.        ,  0.        ,  0.        ,  1.        ]])]"
79,"[array([[-0.13327333,  0.99017798, -0.00985044, -0.0821555 ],
       [-0.99106137, -0.13939657,  0.00734296,  0.165721  ],
       [ 0.00596497,  0.01077808,  0.99992452,  0.2366695 ],
       [ 0.        ,  0.        ,  0.        ,  1.        ]])]"
80,"[array([[-0.20599886,  0.97726008, -0.00712716, -0.0756485 ],
       [-0.97852589, -0.21185992,  0.00883719,  0.167215  ],
       [ 0.0071797 ,  0.00883791,  0.99993555,  0.2365945 ],
       [ 0.        ,  0.        ,  0.        ,  1.        ]])]"
81,"[array([[-0.25548076,  0.96566351, -0.00828234, -0.0715085 ],
       [-0.96677338, -0.25956516,  0.01137045,  0.167357  ],
       [ 0.00887755,  0.01095041,  0.99990105,  0.2366475 ],
       [ 0.        ,  0.        ,  0.        ,  1.        ]])]"
82,"[array([[-0.30708564,  0.95035951, -0.01042303, -0.0681245 ],
       [-0.95164321, -0.31084981,  0.01237837,  0.167117  ],
       [ 0.00858015,  0.01375524,  0.99986906,  0.2367595 ],
       [ 0.        ,  0.        ,  0.        ,  1.        ]])]"
83,"[array([[-0.34850805,  0.93550714, -0.00788282, -0.0650345 ],
       [-0.93729001, -0.35315293,  0.00873343,  0.1659145 ],
       [ 0.0054389 ,  0.0104594 ,  0.99993079,  0.2367175 ],
       [ 0.        ,  0.        ,  0.        ,  1.        ]])]"
84,"[array([[-0.36874544,  0.92801412, -0.00937866, -0.063873  ],
       [-0.92949786, -0.37231087,  0.01209051,  0.1660165 ],
       [ 0.00778068,  0.0132065 ,  0.99988292,  0.2367855 ],
       [ 0.        ,  0.        ,  0.        ,  1.        ]])]"
85,"[array([[-0.39292812,  0.91825805, -0.00733849, -0.0617595 ],
       [-0.919538  , -0.39582295,  0.01137094,  0.1653295 ],
       [ 0.00757321,  0.01124054,  0.99990842,  0.236754  ],
       [ 0.        ,  0.        ,  0.        ,  1.        ]])]"
86,"[array([[-0.40726352,  0.91116571, -0.00650988, -0.0610105 ],
       [-0.91327789, -0.41190324,  0.01137839,  0.164936  ],
       [ 0.00774106,  0.01061928,  0.99991407,  0.236727  ],
       [ 0.        ,  0.        ,  0.        ,  1.        ]])]"
87,"[array([[-0.40317621,  0.91362273, -0.0040855 , -0.0631955 ],
       [-0.91510416, -0.40650229,  0.00810744,  0.1650555 ],
       [ 0.00577221,  0.00702859,  0.99995879,  0.2366145 ],
       [ 0.        ,  0.        ,  0.        ,  1.        ]])]"
88,"[array([[-0.39428605,  0.91763926,  0.0010135 , -0.0666865 ],
       [-0.91896855, -0.39741168,  0.00603134,  0.1654585 ],
       [ 0.00594233,  0.00146692,  0.9999813 ,  0.2364735 ],
       [ 0.        ,  0.        ,  0.        ,  1.        ]])]"
89,"[array([[-3.81896240e-01,  9.23155916e-01,  1.42249877e-03,
        -7.09410000e-02],
       [-9.24185552e-01, -3.84424529e-01,  5.93380618e-03,
         1.66076000e-01],
       [ 6.02729708e-03,  9.67930507e-04,  9.99981383e-01,
         2.36452500e-01],
       [ 0.00000000e+00,  0.00000000e+00,  0.00000000e+00,
         1.00000000e+00]])]"
90,"[array([[-3.55944658e-01,  9.33370292e-01,  3.50779628e-03,
        -7.49690000e-02],
       [-9.34474992e-01, -3.58914040e-01,  6.94509877e-03,
         1.66932500e-01],
       [ 7.73883672e-03, -7.81403030e-04,  9.99969730e-01,
         2.36481500e-01],
       [ 0.00000000e+00,  0.00000000e+00,  0.00000000e+00,
         1.00000000e+00]])]"
91,"[array([[-0.31990696,  0.94552903,  0.00512336, -0.0791685 ],
       [-0.94741034, -0.32552843,  0.00729931,  0.1676735 ],
       [ 0.00855478, -0.00246825,  0.99996023,  0.2364975 ],
       [ 0.        ,  0.        ,  0.        ,  1.        ]])]"
92,"[array([[-0.28752052,  0.95623292,  0.00519588, -0.082237  ],
       [-0.95773443, -0.29259365,  0.00758451,  0.1676495 ],
       [ 0.00875824, -0.00274941,  0.99995774,  0.236508  ],
       [ 0.        ,  0.        ,  0.        ,  1.        ]])]"
93,"[array([[-0.23303164,  0.97103987,  0.00557048, -0.0862925 ],
       [-0.97241806, -0.23889498,  0.00891587,  0.1671425 ],
       [ 0.0099686 , -0.00327938,  0.99994474,  0.2365025 ],
       [ 0.        ,  0.        ,  0.        ,  1.        ]])]"
94,"[array([[-0.17780698,  0.98299593,  0.00643069, -0.0902995 ],
       [-0.9839848 , -0.18357962,  0.01163507,  0.1666525 ],
       [ 0.01259327, -0.00418575,  0.99991163,  0.236545  ],
       [ 0.        ,  0.        ,  0.        ,  1.        ]])]"
95,"[array([[-0.12515424,  0.99119484,  0.00769175, -0.0936325 ],
       [-0.9920621 , -0.13226972,  0.01134148,  0.1653995 ],
       [ 0.01221525, -0.00612447,  0.9999061 ,  0.236592  ],
       [ 0.        ,  0.        ,  0.        ,  1.        ]])]"
96,"[array([[-0.05685042,  0.99797914,  0.00876956, -0.0978685 ],
       [-0.99832335, -0.06302434,  0.01040413,  0.163267  ],
       [ 0.01088625, -0.00809688,  0.99990742,  0.2366225 ],
       [ 0.        ,  0.        ,  0.        ,  1.        ]])]"
97,"[array([[-0.00475341,  0.99990228,  0.00766082, -0.100569  ],
       [-0.99992626, -0.01177863,  0.01113808,  0.1617125 ],
       [ 0.01117469, -0.00752957,  0.99990862,  0.2366015 ],
       [ 0.        ,  0.        ,  0.        ,  1.        ]])]"
98,"[array([[ 6.67241496e-03,  9.99963784e-01,  8.48920157e-03,
        -1.00255000e-01],
       [-9.99903084e-01,  4.99763245e-04,  1.22753321e-02,
         1.61335000e-01],
       [ 1.22188599e-02, -8.49597517e-03,  9.99888619e-01,
         2.36640000e-01],
       [ 0.00000000e+00,  0.00000000e+00,  0.00000000e+00,
         1.00000000e+00]])]"
99,"[array([[ 0.0043782 ,  0.99996965,  0.00748983, -0.0988485 ],
       [-0.99993992, -0.00221847,  0.01008162,  0.1614855 ],
       [ 0.01004902, -0.00746782,  0.99992113,  0.2366065 ],
       [ 0.        ,  0.        ,  0.        ,  1.        ]])]"
100,"[array([[-0.00154222,  0.99996487,  0.00270705, -0.0973805 ],
       [-0.99994232, -0.00796126,  0.01062461,  0.1621035 ],
       [ 0.01062882, -0.00262253,  0.99993989,  0.236408  ],
       [ 0.        ,  0.        ,  0.        ,  1.        ]])]"
101,"[array([[-8.96216771e-03,  9.99872577e-01, -9.34334367e-04,
        -9.51225000e-02],
       [-9.99927810e-01, -1.59280030e-02,  8.01211586e-03,
         1.62327000e-01],
       [ 8.00342419e-03,  1.06186686e-03,  9.99967466e-01,
         2.36347000e-01],
       [ 0.00000000e+00,  0.00000000e+00,  0.00000000e+00,
         1.00000000e+00]])]"
102,"[array([[-0.03987342,  0.99892789, -0.00402495, -0.0910025 ],
       [-0.9991713 , -0.04608322,  0.00834194,  0.1638485 ],
       [ 0.00817489,  0.00440524,  0.99995711,  0.2364255 ],
       [ 0.        ,  0.        ,  0.        ,  1.        ]])]"
103,"[array([[-0.10681795,  0.99363127, -0.00536963, -0.0849095 ],
       [-0.99424144, -0.11250012,  0.00922169,  0.1662345 ],
       [ 0.00859551,  0.00637324,  0.99994306,  0.236485  ],
       [ 0.        ,  0.        ,  0.        ,  1.        ]])]"
104,"[array([[-0.17777622,  0.98262221, -0.00333029, -0.0787405 ],
       [-0.9840454 , -0.18555674,  0.00780569,  0.1679435 ],
       [ 0.00708936,  0.00472099,  0.99996399,  0.2364955 ],
       [ 0.        ,  0.        ,  0.        ,  1.        ]])]"
105,"[array([[-0.23381562,  0.97078791, -0.00377763, -0.0728585 ],
       [-0.97224459, -0.23986521,  0.00955691,  0.1686905 ],
       [ 0.00840883,  0.00595997,  0.9999472 ,  0.2365015 ],
       [ 0.        ,  0.        ,  0.        ,  1.        ]])]"
106,"[array([[-0.26837566,  0.96153845, -0.00204204, -0.06942   ],
       [-0.96328291, -0.2746361 ,  0.00864538,  0.168787  ],
       [ 0.00778022,  0.004338  ,  0.99996054,  0.2365065 ],
       [ 0.        ,  0.        ,  0.        ,  1.        ]])]"
107,"[array([[-0.29233357,  0.95466218, -0.00363183, -0.067219  ],
       [-0.95627903, -0.29762189,  0.00995156,  0.168552  ],
       [ 0.00845524,  0.00642933,  0.99994389,  0.236531  ],
       [ 0.        ,  0.        ,  0.        ,  1.        ]])]"
108,"[array([[-0.33500873,  0.94077827, -0.00475153, -0.063164  ],
       [-0.94218588, -0.33893485,  0.00955395,  0.167963  ],
       [ 0.00741022,  0.00770874,  0.99994307,  0.2365895 ],
       [ 0.        ,  0.        ,  0.        ,  1.        ]])]"
109,"[array([[-0.38302605,  0.92234519, -0.0056158 , -0.059235  ],
       [-0.92370716, -0.38625703,  0.01043828,  0.1671665 ],
       [ 0.00749144,  0.00921221,  0.99992975,  0.2366635 ],
       [ 0.        ,  0.        ,  0.        ,  1.        ]])]"
110,"[array([[-0.4022078 ,  0.9140034 , -0.00708492, -0.057664  ],
       [-0.91551671, -0.40555428,  0.01143372,  0.1668355 ],
       [ 0.00761884,  0.01111364,  0.99990953,  0.236725  ],
       [ 0.        ,  0.        ,  0.        ,  1.        ]])]"
111,"[array([[-0.40678583,  0.91189286, -0.00805454, -0.058338  ],
       [-0.91350085, -0.41026123,  0.0106377 ,  0.166931  ],
       [ 0.00644165,  0.01171015,  0.99991098,  0.2367865 ],
       [ 0.        ,  0.        ,  0.        ,  1.        ]])]"
112,"[array([[-0.40293401,  0.91305499, -0.00557313, -0.0605245 ],
       [-0.91521909, -0.40775819,  0.00711565,  0.166669  ],
       [ 0.00426695,  0.00799036,  0.99995915,  0.236694  ],
       [ 0.        ,  0.        ,  0.        ,  1.        ]])]"
113,"[array([[-3.97604728e-01,  9.16100121e-01, -5.74855127e-04,
        -6.25560000e-02],
       [-9.17533276e-01, -4.00934328e-01,  7.40968587e-03,
         1.67296500e-01],
       [ 6.57024968e-03,  3.49751887e-03,  9.99972383e-01,
         2.36525000e-01],
       [ 0.00000000e+00,  0.00000000e+00,  0.00000000e+00,
         1.00000000e+00]])]"
114,"[array([[-0.39110697,  0.91876873,  0.00119284, -0.0647135 ],
       [-0.92032059, -0.39479295,  0.00680976,  0.1674445 ],
       [ 0.00673385,  0.00159254,  0.9999761 ,  0.2364735 ],
       [ 0.        ,  0.        ,  0.        ,  1.        ]])]"
115,"[array([[-3.76273688e-01,  9.24204033e-01,  2.20536240e-03,
        -6.91790000e-02],
       [-9.26472971e-01, -3.81897852e-01,  7.86922328e-03,
         1.67890000e-01],
       [ 8.12071370e-03,  9.67066936e-04,  9.99966605e-01,
         2.36456500e-01],
       [ 0.00000000e+00,  0.00000000e+00,  0.00000000e+00,
         1.00000000e+00]])]"
116,"[array([[-0.35401433,  0.93356909,  0.0040516 , -0.0731635 ],
       [-0.9352025 , -0.35839572,  0.00742133,  0.167902  ],
       [ 0.00837507, -0.00112272,  0.99996425,  0.236496  ],
       [ 0.        ,  0.        ,  0.        ,  1.        ]])]"
117,"[array([[-0.31065672,  0.94831965,  0.00770349, -0.0785915 ],
       [-0.95048448, -0.31727272,  0.00638759,  0.1676095 ],
       [ 0.00846487, -0.00527903,  0.99994993,  0.2365695 ],
       [ 0.        ,  0.        ,  0.        ,  1.        ]])]"
118,"[array([[-0.24659215,  0.96762371,  0.00795562, -0.083874  ],
       [-0.96906462, -0.25233668,  0.00860262,  0.166849  ],
       [ 0.010299  , -0.00552767,  0.99993135,  0.2366005 ],
       [ 0.        ,  0.        ,  0.        ,  1.        ]])]"
119,"[array([[-0.19061499,  0.98057235,  0.0105807 , -0.087351  ],
       [-0.98161714, -0.19595818,  0.00780681,  0.1659835 ],
       [ 0.00968097, -0.00884609,  0.99991355,  0.2367045 ],
       [ 0.        ,  0.        ,  0.        ,  1.        ]])]"
120,"[array([[-0.16361412,  0.98528964,  0.00977641, -0.088992  ],
       [-0.98648096, -0.17069067,  0.00776349,  0.1657535 ],
       [ 0.00925882, -0.00830809,  0.99992207,  0.236685  ],
       [ 0.        ,  0.        ,  0.        ,  1.        ]])]"
121,"[array([[-0.16477361,  0.98520786,  0.01203505, -0.087912  ],
       [-0.98630684, -0.1710105 ,  0.00504833,  0.1654375 ],
       [ 0.00696285, -0.01099465,  0.99991483,  0.236778  ],
       [ 0.        ,  0.        ,  0.        ,  1.        ]])]"
122,"[array([[-1.81320164e-01,  9.82355631e-01,  2.04071861e-03,
        -8.31400000e-02],
       [-9.83393285e-01, -1.87021551e-01,  7.54251726e-03,
         1.66585500e-01],
       [ 7.78752199e-03, -5.94116278e-04,  9.99969472e-01,
         2.36440500e-01],
       [ 0.00000000e+00,  0.00000000e+00,  0.00000000e+00,
         1.00000000e+00]])]"
123,"[array([[-2.10660917e-01,  9.75774114e-01,  1.09026110e-03,
        -7.93040000e-02],
       [-9.77538375e-01, -2.18780210e-01,  6.29138259e-03,
         1.67391500e-01],
       [ 6.37987337e-03,  3.12587812e-04,  9.99979615e-01,
         2.36415000e-01],
       [ 0.00000000e+00,  0.00000000e+00,  0.00000000e+00,
         1.00000000e+00]])]"
124,"[array([[-0.25998635,  0.96388357,  0.00108065, -0.0732235 ],
       [-0.96557993, -0.26632188,  0.00789555,  0.1685675 ],
       [ 0.00790499,  0.00106117,  0.99996825,  0.236439  ],
       [ 0.        ,  0.        ,  0.        ,  1.        ]])]"
125,"[array([[-3.00232978e-01,  9.51946859e-01,  1.17841954e-03,
        -6.75790000e-02],
       [-9.53841216e-01, -3.06261720e-01,  6.82346602e-03,
         1.68996000e-01],
       [ 6.86246806e-03,  9.67996871e-04,  9.99976026e-01,
         2.36456500e-01],
       [ 0.00000000e+00,  0.00000000e+00,  0.00000000e+00,
         1.00000000e+00]])]"
126,"[array([[-3.31059697e-01,  9.42206862e-01, -7.38206331e-04,
        -6.35200000e-02],
       [-9.43576647e-01, -3.35012436e-01,  8.64303801e-03,
         1.69235000e-01],
       [ 7.91127612e-03,  3.59120341e-03,  9.99962376e-01,
         2.36512500e-01],
       [ 0.00000000e+00,  0.00000000e+00,  0.00000000e+00,
         1.00000000e+00]])]"
127,"[array([[-3.74949049e-01,  9.25646766e-01, -5.35210215e-04,
        -5.83335000e-02],
       [-9.27021268e-01, -3.78374308e-01,  7.43486192e-03,
         1.68614000e-01],
       [ 6.69178447e-03,  3.30866826e-03,  9.99972218e-01,
         2.36534000e-01],
       [ 0.00000000e+00,  0.00000000e+00,  0.00000000e+00,
         1.00000000e+00]])]"
128,"[array([[-0.41486935,  0.90833727, -0.00343853, -0.054411  ],
       [-0.90986351, -0.41818993,  0.00776598,  0.167662  ],
       [ 0.00563965,  0.00637123,  0.99996393,  0.236638  ],
       [ 0.        ,  0.        ,  0.        ,  1.        ]])]"
129,"[array([[-0.45429746,  0.88933012, -0.00614757, -0.050923  ],
       [-0.89083424, -0.45716443,  0.00909239,  0.166224  ],
       [ 0.00530731,  0.00962451,  0.99993977,  0.236756  ],
       [ 0.        ,  0.        ,  0.        ,  1.        ]])]"
130,"[array([[-0.47212292,  0.88038262, -0.00716331, -0.0503055 ],
       [-0.8815247 , -0.47415548,  0.00810529,  0.165301  ],
       [ 0.00376327,  0.01015021,  0.99994149,  0.2367815 ],
       [ 0.        ,  0.        ,  0.        ,  1.        ]])]"
131,"[array([[-0.4732912 ,  0.87994864, -0.00511019, -0.0513805 ],
       [-0.88089401, -0.47499661,  0.00797006,  0.1655095 ],
       [ 0.00460237,  0.00828283,  0.99995518,  0.2367245 ],
       [ 0.        ,  0.        ,  0.        ,  1.        ]])]"
132,"[array([[-0.46491103,  0.88404829,  0.00148291, -0.054213  ],
       [-0.88533778, -0.46739336,  0.00587965,  0.166179  ],
       [ 0.00589501,  0.00143717,  0.99998162,  0.236533  ],
       [ 0.        ,  0.        ,  0.        ,  1.        ]])]"
133,"[array([[-0.45826446,  0.88728726,  0.00160717, -0.0567465 ],
       [-0.88879715, -0.46121569,  0.00566565,  0.166845  ],
       [ 0.00577222,  0.00118709,  0.99998266,  0.23652   ],
       [ 0.        ,  0.        ,  0.        ,  1.        ]])]"
134,"[array([[-4.43201038e-01,  8.94994605e-01,  2.39861317e-03,
        -6.16455000e-02],
       [-8.96402552e-01, -4.46076874e-01,  5.44234598e-03,
         1.67872500e-01],
       [ 5.94170576e-03,  2.80963809e-04,  9.99982314e-01,
         2.36515500e-01],
       [ 0.00000000e+00,  0.00000000e+00,  0.00000000e+00,
         1.00000000e+00]])]"
135,"[array([[-0.41478846,  0.90842522,  0.00472663, -0.0672055 ],
       [-0.9098734 , -0.41804605,  0.00773217,  0.1686475 ],
       [ 0.00899622, -0.00106143,  0.99995894,  0.236517  ],
       [ 0.        ,  0.        ,  0.        ,  1.        ]])]"
136,"[array([[-0.33592189,  0.93968382,  0.00767824, -0.0760525 ],
       [-0.94181166, -0.34202381,  0.01014634,  0.1700405 ],
       [ 0.01213621, -0.00374513,  0.99991904,  0.23656   ],
       [ 0.        ,  0.        ,  0.        ,  1.        ]])]"
137,"[array([[-0.2405293 ,  0.9690338 ,  0.00819629, -0.08476   ],
       [-0.97054366, -0.24687884,  0.01219395,  0.169803  ],
       [ 0.0138077 , -0.00493258,  0.99989206,  0.236595  ],
       [ 0.        ,  0.        ,  0.        ,  1.        ]])]"
138,"[array([[-0.16264375,  0.98535622,  0.01145629, -0.0908535 ],
       [-0.98662203, -0.17023285,  0.00939602,  0.167721  ],
       [ 0.01113484, -0.00969008,  0.99989023,  0.23667   ],
       [ 0.        ,  0.        ,  0.        ,  1.        ]])]"
139,"[array([[-0.09297732,  0.99498464,  0.01089335, -0.095033  ],
       [-0.99560784, -0.09954222,  0.00999535,  0.1657875 ],
       [ 0.01096549, -0.00984483,  0.99989071,  0.2366975 ],
       [ 0.        ,  0.        ,  0.        ,  1.        ]])]"
140,"[array([[-0.04031765,  0.99882926,  0.010753  , -0.0988095 ],
       [-0.99910223, -0.04729867,  0.01258436,  0.1642755 ],
       [ 0.01300838, -0.01014658,  0.99986299,  0.2367025 ],
       [ 0.        ,  0.        ,  0.        ,  1.        ]])]"
141,"[array([[-0.00271009,  0.99989965,  0.01121147, -0.1010085 ],
       [-0.99994157, -0.00877735,  0.01043413,  0.1625915 ],
       [ 0.01046514, -0.01112006,  0.99988271,  0.236711  ],
       [ 0.        ,  0.        ,  0.        ,  1.        ]])]"
142,"[array([[ 0.03054435,  0.99963104,  0.00989448, -0.1032135 ],
       [-0.99945132,  0.02516506,  0.01311796,  0.1613265 ],
       [ 0.01281027, -0.01022233,  0.999865  ,  0.2367005 ],
       [ 0.        ,  0.        ,  0.        ,  1.        ]])]"
143,"[array([[ 0.05588692,  0.99871662,  0.00995472, -0.1049185 ],
       [-0.99833221,  0.04950609,  0.01505129,  0.160528  ],
       [ 0.01447221, -0.01068882,  0.99983717,  0.236709  ],
       [ 0.        ,  0.        ,  0.        ,  1.        ]])]"
144,"[array([[ 0.07877662,  0.99721706,  0.00907263, -0.106628  ],
       [-0.99675172,  0.07383206,  0.01750888,  0.1598365 ],
       [ 0.01674055, -0.01034211,  0.99980554,  0.2367255 ],
       [ 0.        ,  0.        ,  0.        ,  1.        ]])]"
145,"[array([[ 0.10045248,  0.99544557,  0.00936961, -0.1077015 ],
       [-0.99480894,  0.09469871,  0.01729035,  0.1588045 ],
       [ 0.01626254, -0.01096643,  0.99980661,  0.2367265 ],
       [ 0.        ,  0.        ,  0.        ,  1.        ]])]"
146,"[array([[ 0.12606381,  0.99278414,  0.00850733, -0.109266  ],
       [-0.99187703,  0.11944395,  0.01818367,  0.15761   ],
       [ 0.01696692, -0.01062002,  0.99979847,  0.236722  ],
       [ 0.        ,  0.        ,  0.        ,  1.        ]])]"
147,"[array([[ 0.14668526,  0.99000415,  0.00839124, -0.1102535 ],
       [-0.98905152,  0.14062577,  0.01756088,  0.1565455 ],
       [ 0.0161408 , -0.01077891,  0.99981058,  0.2367115 ],
       [ 0.        ,  0.        ,  0.        ,  1.        ]])]"
148,"[array([[ 0.16467353,  0.98709954,  0.00870672, -0.111322  ],
       [-0.98620637,  0.15969166,  0.01840591,  0.15576   ],
       [ 0.01672172, -0.01153607,  0.99979269,  0.2367215 ],
       [ 0.        ,  0.        ,  0.        ,  1.        ]])]"
149,"[array([[ 0.17337876,  0.98562867,  0.01063553, -0.111218  ],
       [-0.98480134,  0.16845869,  0.01233183,  0.1543835 ],
       [ 0.01030179, -0.01256175,  0.9998674 ,  0.236726  ],
       [ 0.        ,  0.        ,  0.        ,  1.        ]])]"
