,LP,LD1,LD2,RP,RD1,RD2
0,"[array([[-0.62563766, -0.77959681, -0.02839599, -0.11464963],
       [ 0.77879506, -0.62628174,  0.03534738,  0.02294204],
       [-0.04534059,  0.        ,  0.99897159,  0.08501463],
       [ 0.        ,  0.        ,  0.        ,  1.        ]])]","[array([[ 0.1459879 , -0.98927794,  0.00408612, -0.15409017],
       [ 0.98889066,  0.14604507,  0.02767853,  0.08290248],
       [-0.02797852, -0.        ,  0.99960852,  0.08308472],
       [ 0.        ,  0.        ,  0.        ,  1.        ]])]","[array([[ 0.1459879 , -0.98927794,  0.00408612, -0.15409017],
       [ 0.98889066,  0.14604507,  0.02767853,  0.08290248],
       [-0.02797852, -0.        ,  0.99960852,  0.08308472],
       [ 0.        ,  0.        ,  0.        ,  1.        ]])]","[array([[ 0.57323658, -0.81920793,  0.01726793, -0.05620697],
       [ 0.8188365 ,  0.57349661,  0.02466628,  0.03625584],
       [-0.03010991,  0.        ,  0.99954659,  0.08545646],
       [ 0.        ,  0.        ,  0.        ,  1.        ]])]","[array([[ 0.12020927, -0.9927465 , -0.0020284 , -0.02129892],
       [ 0.9926052 ,  0.12022638, -0.0167491 ,  0.08685127],
       [ 0.01687148,  0.        ,  0.99985767,  0.08271449],
       [ 0.        ,  0.        ,  0.        ,  1.        ]])]","[array([[ 0.12020927, -0.9927465 , -0.0020284 , -0.02129892],
       [ 0.9926052 ,  0.12022638, -0.0167491 ,  0.08685127],
       [ 0.01687148,  0.        ,  0.99985767,  0.08271449],
       [ 0.        ,  0.        ,  0.        ,  1.        ]])]"
1,"[array([[-0.6256283 , -0.77960282, -0.02843723, -0.11464891],
       [ 0.77879872, -0.62627425,  0.03539942,  0.02294004],
       [-0.04540699,  0.        ,  0.99896857,  0.08501312],
       [ 0.        ,  0.        ,  0.        ,  1.        ]])]","[array([[ 0.14563673, -0.98932971,  0.00408214, -0.15407923],
       [ 0.9889413 ,  0.14569393,  0.02771962,  0.08289129],
       [-0.02801859, -0.        ,  0.9996074 ,  0.08308599],
       [ 0.        ,  0.        ,  0.        ,  1.        ]])]","[array([[ 0.14563673, -0.98932971,  0.00408214, -0.15407923],
       [ 0.9889413 ,  0.14569393,  0.02771962,  0.08289129],
       [-0.02801859, -0.        ,  0.9996074 ,  0.08308599],
       [ 0.        ,  0.        ,  0.        ,  1.        ]])]","[array([[ 0.57329867, -0.81916595,  0.01719842, -0.05620899],
       [ 0.81879759,  0.57355658,  0.02456316,  0.03625825],
       [-0.02998557,  0.        ,  0.99955033,  0.08545268],
       [ 0.        ,  0.        ,  0.        ,  1.        ]])]","[array([[ 0.11996192, -0.99277644, -0.00201826, -0.02128947],
       [ 0.99263597,  0.1199789 , -0.01670027,  0.08684789],
       [ 0.01682179,  0.        ,  0.9998585 ,  0.08271807],
       [ 0.        ,  0.        ,  0.        ,  1.        ]])]","[array([[ 0.11996192, -0.99277644, -0.00201826, -0.02128947],
       [ 0.99263597,  0.1199789 , -0.01670027,  0.08684789],
       [ 0.01682179,  0.        ,  0.9998585 ,  0.08271807],
       [ 0.        ,  0.        ,  0.        ,  1.        ]])]"
2,"[array([[-0.62552751, -0.77968249, -0.02847015, -0.11464907],
       [ 0.77887618, -0.62617507,  0.03544963,  0.02294043],
       [-0.04546676,  0.        ,  0.99896585,  0.08502046],
       [ 0.        ,  0.        ,  0.        ,  1.        ]])]","[array([[ 0.14605865, -0.98926751,  0.00408138, -0.15408937],
       [ 0.98888151,  0.14611566,  0.02763274,  0.08290709],
       [-0.02793253, -0.        ,  0.99960981,  0.08308325],
       [ 0.        ,  0.        ,  0.        ,  1.        ]])]","[array([[ 0.14605865, -0.98926751,  0.00408138, -0.15408937],
       [ 0.98888151,  0.14611566,  0.02763274,  0.08290709],
       [-0.02793253, -0.        ,  0.99960981,  0.08308325],
       [ 0.        ,  0.        ,  0.        ,  1.        ]])]","[array([[ 0.57303638, -0.81934885,  0.01722695, -0.05619574],
       [ 0.81897885,  0.57329527,  0.02462062,  0.03625087],
       [-0.030049  ,  0.        ,  0.99954843,  0.0854571 ],
       [ 0.        ,  0.        ,  0.        ,  1.        ]])]","[array([[ 0.12011029, -0.99275849, -0.00202675, -0.02129094],
       [ 0.99261718,  0.12012739, -0.0167495 ,  0.08684953],
       [ 0.01687168,  0.        ,  0.99985766,  0.08271848],
       [ 0.        ,  0.        ,  0.        ,  1.        ]])]","[array([[ 0.12011029, -0.99275849, -0.00202675, -0.02129094],
       [ 0.99261718,  0.12012739, -0.0167495 ,  0.08684953],
       [ 0.01687168,  0.        ,  0.99985766,  0.08271848],
       [ 0.        ,  0.        ,  0.        ,  1.        ]])]"
3,"[array([[-0.62568684, -0.77956024, -0.02831628, -0.11464711],
       [ 0.77876314, -0.62632726,  0.03524394,  0.02293523],
       [-0.04521003,  0.        ,  0.9989775 ,  0.0850087 ],
       [ 0.        ,  0.        ,  0.        ,  1.        ]])]","[array([[ 0.14605865, -0.98926751,  0.00408138, -0.15409437],
       [ 0.98888151,  0.14611566,  0.02763274,  0.08290009],
       [-0.02793253, -0.        ,  0.99960981,  0.08308425],
       [ 0.        ,  0.        ,  0.        ,  1.        ]])]","[array([[ 0.14605865, -0.98926751,  0.00408138, -0.15409437],
       [ 0.98888151,  0.14611566,  0.02763274,  0.08290009],
       [-0.02793253, -0.        ,  0.99960981,  0.08308425],
       [ 0.        ,  0.        ,  0.        ,  1.        ]])]","[array([[ 0.57308142, -0.81931887,  0.01715452, -0.05620448],
       [ 0.81895204,  0.57333812,  0.02451437,  0.03624385],
       [-0.02992043,  0.        ,  0.99955228,  0.08545322],
       [ 0.        ,  0.        ,  0.        ,  1.        ]])]","[array([[ 0.12013552, -0.99275539, -0.00204486, -0.0212977 ],
       [ 0.99261161,  0.12015293, -0.01689549,  0.08684005],
       [ 0.01701878,  0.        ,  0.99985517,  0.0827128 ],
       [ 0.        ,  0.        ,  0.        ,  1.        ]])]","[array([[ 0.12013552, -0.99275539, -0.00204486, -0.0212977 ],
       [ 0.99261161,  0.12015293, -0.01689549,  0.08684005],
       [ 0.01701878,  0.        ,  0.99985517,  0.0827128 ],
       [ 0.        ,  0.        ,  0.        ,  1.        ]])]"
4,"[array([[-0.62529141, -0.77987232, -0.02845719, -0.11466152],
       [ 0.77906595, -0.62593862,  0.03545552,  0.02293187],
       [-0.04546323,  0.        ,  0.99896601,  0.08501638],
       [ 0.        ,  0.        ,  0.        ,  1.        ]])]","[array([[ 0.1459881 , -0.98927794,  0.00407883, -0.15409117],
       [ 0.98889204,  0.14604507,  0.02762914,  0.08289944],
       [-0.02792859, -0.        ,  0.99960992,  0.08308313],
       [ 0.        ,  0.        ,  0.        ,  1.        ]])]","[array([[ 0.1459881 , -0.98927794,  0.00407883, -0.15409117],
       [ 0.98889204,  0.14604507,  0.02762914,  0.08289944],
       [-0.02792859, -0.        ,  0.99960992,  0.08308313],
       [ 0.        ,  0.        ,  0.        ,  1.        ]])]","[array([[ 0.57331244, -0.81915394,  0.01731106, -0.05620319],
       [ 0.81878077,  0.57357373,  0.02472293,  0.03625478],
       [-0.03018106,  0.        ,  0.99954445,  0.08545806],
       [ 0.        ,  0.        ,  0.        ,  1.        ]])]","[array([[ 0.12017323, -0.99275086, -0.00203322, -0.02129883],
       [ 0.9926088 ,  0.12019043, -0.01679398,  0.08684066],
       [ 0.01691662,  0.        ,  0.9998569 ,  0.08271405],
       [ 0.        ,  0.        ,  0.        ,  1.        ]])]","[array([[ 0.12017323, -0.99275086, -0.00203322, -0.02129883],
       [ 0.9926088 ,  0.12019043, -0.01679398,  0.08684066],
       [ 0.01691662,  0.        ,  0.9998569 ,  0.08271405],
       [ 0.        ,  0.        ,  0.        ,  1.        ]])]"
5,"[array([[-0.62546704, -0.77972556, -0.02861871, -0.11465092],
       [ 0.77891062, -0.62612144,  0.03563964,  0.02293827],
       [-0.04570793,  0.        ,  0.99895485,  0.08502386],
       [ 0.        ,  0.        ,  0.        ,  1.        ]])]","[array([[ 0.14565381, -0.98932737,  0.00404078, -0.15407276],
       [ 0.98894688,  0.14570985,  0.02743572,  0.08290118],
       [-0.02773169, -0.        ,  0.9996154 ,  0.08307387],
       [ 0.        ,  0.        ,  0.        ,  1.        ]])]","[array([[ 0.14565381, -0.98932737,  0.00404078, -0.15407276],
       [ 0.98894688,  0.14570985,  0.02743572,  0.08290118],
       [-0.02773169, -0.        ,  0.9996154 ,  0.08307387],
       [ 0.        ,  0.        ,  0.        ,  1.        ]])]","[array([[ 0.57313248, -0.8192769 ,  0.01745051, -0.05619625],
       [ 0.81889741,  0.57339808,  0.02493347,  0.03625661],
       [-0.03043351,  0.        ,  0.99953679,  0.08546971],
       [ 0.        ,  0.        ,  0.        ,  1.        ]])]","[array([[ 0.12029015, -0.99273669, -0.00203547, -0.02129736],
       [ 0.99259459,  0.12030737, -0.01679605,  0.08685072],
       [ 0.01691894,  0.        ,  0.99985686,  0.08271698],
       [ 0.        ,  0.        ,  0.        ,  1.        ]])]","[array([[ 0.12029015, -0.99273669, -0.00203547, -0.02129736],
       [ 0.99259459,  0.12030737, -0.01679605,  0.08685072],
       [ 0.01691894,  0.        ,  0.99985686,  0.08271698],
       [ 0.        ,  0.        ,  0.        ,  1.        ]])]"
6,"[array([[-0.62544904, -0.77975009, -0.02834246, -0.1146496 ],
       [ 0.77895072, -0.62609088,  0.03529845,  0.02293272],
       [-0.04526893,  0.        ,  0.99897484,  0.08501002],
       [ 0.        ,  0.        ,  0.        ,  1.        ]])]","[array([[ 0.1458833 , -0.98929344,  0.00406847, -0.15407991],
       [ 0.98890894,  0.14594002,  0.02757923,  0.08289743],
       [-0.0278777 , -0.        ,  0.99961134,  0.08307851],
       [ 0.        ,  0.        ,  0.        ,  1.        ]])]","[array([[ 0.1458833 , -0.98929344,  0.00406847, -0.15407991],
       [ 0.98890894,  0.14594002,  0.02757923,  0.08289743],
       [-0.0278777 , -0.        ,  0.99961134,  0.08307851],
       [ 0.        ,  0.        ,  0.        ,  1.        ]])]","[array([[ 0.57321191, -0.81922592,  0.01723367, -0.05619558],
       [ 0.81885592,  0.57347091,  0.02461898,  0.03625018],
       [-0.03005151,  0.        ,  0.99954835,  0.08545815],
       [ 0.        ,  0.        ,  0.        ,  1.        ]])]","[array([[ 0.12019708, -0.99274795, -0.00204006, -0.02129255],
       [ 0.99260499,  0.1202144 , -0.01684711,  0.08684411],
       [ 0.01697018,  0.        ,  0.999856  ,  0.08271335],
       [ 0.        ,  0.        ,  0.        ,  1.        ]])]","[array([[ 0.12019708, -0.99274795, -0.00204006, -0.02129255],
       [ 0.99260499,  0.1202144 , -0.01684711,  0.08684411],
       [ 0.01697018,  0.        ,  0.999856  ,  0.08271335],
       [ 0.        ,  0.        ,  0.        ,  1.        ]])]"
7,"[array([[-0.62550236, -0.77970704, -0.02835014, -0.11465291],
       [ 0.77890741, -0.6261445 ,  0.03530304,  0.02293508],
       [-0.04527732,  0.        ,  0.99897446,  0.08501021],
       [ 0.        ,  0.        ,  0.        ,  1.        ]])]","[array([[ 0.1458408 , -0.98929959,  0.00409668, -0.15408359],
       [ 0.98890952,  0.14589832,  0.02777852,  0.08289522],
       [-0.02807897, -0.        ,  0.99960571,  0.08308791],
       [ 0.        ,  0.        ,  0.        ,  1.        ]])]","[array([[ 0.1458408 , -0.98929959,  0.00409668, -0.15408359],
       [ 0.98890952,  0.14589832,  0.02777852,  0.08289522],
       [-0.02807897, -0.        ,  0.99960571,  0.08308791],
       [ 0.        ,  0.        ,  0.        ,  1.        ]])]","[array([[ 0.57323768, -0.81920793,  0.01723138, -0.05620199],
       [ 0.81883807,  0.57349661,  0.02461407,  0.03625281],
       [-0.03004618,  0.        ,  0.99954851,  0.08545703],
       [ 0.        ,  0.        ,  0.        ,  1.        ]])]","[array([[ 0.12020318, -0.99274723, -0.00203423, -0.02129674],
       [ 0.9926051 ,  0.12022039, -0.01679811,  0.08684419],
       [ 0.01692083,  0.        ,  0.99985683,  0.08271492],
       [ 0.        ,  0.        ,  0.        ,  1.        ]])]","[array([[ 0.12020318, -0.99274723, -0.00203423, -0.02129674],
       [ 0.9926051 ,  0.12022039, -0.01679811,  0.08684419],
       [ 0.01692083,  0.        ,  0.99985683,  0.08271492],
       [ 0.        ,  0.        ,  0.        ,  1.        ]])]"
8,"[array([[-0.62555156, -0.77967046, -0.02827045, -0.1146544 ],
       [ 0.77887548, -0.62619005,  0.0351996 ,  0.02294128],
       [-0.04514676,  0.        ,  0.99898037,  0.08500529],
       [ 0.        ,  0.        ,  0.        ,  1.        ]])]","[array([[ 0.14579951, -0.98930574,  0.00408117, -0.1540863 ],
       [ 0.98891839,  0.14585662,  0.02768148,  0.08290375],
       [-0.02798071, -0.        ,  0.99960846,  0.08308579],
       [ 0.        ,  0.        ,  0.        ,  1.        ]])]","[array([[ 0.14579951, -0.98930574,  0.00408117, -0.1540863 ],
       [ 0.98891839,  0.14585662,  0.02768148,  0.08290375],
       [-0.02798071, -0.        ,  0.99960846,  0.08308579],
       [ 0.        ,  0.        ,  0.        ,  1.        ]])]","[array([[ 0.5733415 , -0.81913596,  0.01719908, -0.05620868],
       [ 0.81876764,  0.57359941,  0.02456136,  0.0362593 ],
       [-0.02998448,  0.        ,  0.99955036,  0.08545565],
       [ 0.        ,  0.        ,  0.        ,  1.        ]])]","[array([[ 0.12013522, -0.99275539, -0.00206295, -0.02129969],
       [ 0.99260906,  0.12015293, -0.01704496,  0.08684413],
       [ 0.01716935,  0.        ,  0.9998526 ,  0.08270401],
       [ 0.        ,  0.        ,  0.        ,  1.        ]])]","[array([[ 0.12013522, -0.99275539, -0.00206295, -0.02129969],
       [ 0.99260906,  0.12015293, -0.01704496,  0.08684413],
       [ 0.01716935,  0.        ,  0.9998526 ,  0.08270401],
       [ 0.        ,  0.        ,  0.        ,  1.        ]])]"
9,"[array([[-0.62574424, -0.77951112, -0.02839998, -0.11464127],
       [ 0.77870951, -0.62638839,  0.03534245,  0.02293674],
       [-0.04533925,  0.        ,  0.99897165,  0.0850076 ],
       [ 0.        ,  0.        ,  0.        ,  1.        ]])]","[array([[ 0.14579992, -0.98930574,  0.00406661, -0.15408131],
       [ 0.98892115,  0.14585662,  0.0275827 ,  0.08289666],
       [-0.02788086, -0.        ,  0.99961125,  0.08307961],
       [ 0.        ,  0.        ,  0.        ,  1.        ]])]","[array([[ 0.14579992, -0.98930574,  0.00406661, -0.15408131],
       [ 0.98892115,  0.14585662,  0.0275827 ,  0.08289666],
       [-0.02788086, -0.        ,  0.99961125,  0.08307961],
       [ 0.        ,  0.        ,  0.        ,  1.        ]])]","[array([[ 0.57332311, -0.81914495,  0.01738304, -0.05620135],
       [ 0.81876869,  0.57358657,  0.02482489,  0.03625116],
       [-0.03030586,  0.        ,  0.99954067,  0.08546385],
       [ 0.        ,  0.        ,  0.        ,  1.        ]])]","[array([[ 0.12044448, -0.99271796, -0.0020442 , -0.02129201],
       [ 0.99257501,  0.12046183, -0.0168461 ,  0.08684046],
       [ 0.01696967,  0.        ,  0.999856  ,  0.08271336],
       [ 0.        ,  0.        ,  0.        ,  1.        ]])]","[array([[ 0.12044448, -0.99271796, -0.0020442 , -0.02129201],
       [ 0.99257501,  0.12046183, -0.0168461 ,  0.08684046],
       [ 0.01696967,  0.        ,  0.999856  ,  0.08271336],
       [ 0.        ,  0.        ,  0.        ,  1.        ]])]"
10,"[array([[-0.62543559, -0.77976214, -0.02830769, -0.11465104],
       [ 0.77896468, -0.62607588,  0.03525653,  0.02293258],
       [-0.04521447,  0.        ,  0.9989773 ,  0.0850078 ],
       [ 0.        ,  0.        ,  0.        ,  1.        ]])]","[array([[ 0.14593941, -0.98928516,  0.00407021, -0.15408366],
       [ 0.98890063,  0.14599616,  0.02758016,  0.08289594],
       [-0.02787887, -0.        ,  0.99961131,  0.08307655],
       [ 0.        ,  0.        ,  0.        ,  1.        ]])]","[array([[ 0.14593941, -0.98928516,  0.00407021, -0.15408366],
       [ 0.98890063,  0.14599616,  0.02758016,  0.08289594],
       [-0.02787887, -0.        ,  0.99961131,  0.08307655],
       [ 0.        ,  0.        ,  0.        ,  1.        ]])]","[array([[ 0.57311111, -0.8192949 ,  0.01730661, -0.05618893],
       [ 0.8189216 ,  0.57337236,  0.02472951,  0.03624684],
       [-0.03018389,  0.        ,  0.99954436,  0.08546012],
       [ 0.        ,  0.        ,  0.        ,  1.        ]])]","[array([[ 0.1201913 , -0.99274868, -0.00202779, -0.02128138],
       [ 0.99260742,  0.1202084 , -0.01674663,  0.08683795],
       [ 0.01686895,  0.        ,  0.99985771,  0.08271257],
       [ 0.        ,  0.        ,  0.        ,  1.        ]])]","[array([[ 0.1201913 , -0.99274868, -0.00202779, -0.02128138],
       [ 0.99260742,  0.1202084 , -0.01674663,  0.08683795],
       [ 0.01686895,  0.        ,  0.99985771,  0.08271257],
       [ 0.        ,  0.        ,  0.        ,  1.        ]])]"
11,"[array([[-0.62562237, -0.77960934, -0.02838891, -0.11464712],
       [ 0.77880794, -0.62626614,  0.03534002,  0.02293592],
       [-0.04533042,  0.        ,  0.99897205,  0.0850114 ],
       [ 0.        ,  0.        ,  0.        ,  1.        ]])]","[array([[ 0.145646  , -0.98932843,  0.0040622 , -0.15407552],
       [ 0.98894385,  0.14570264,  0.02758257,  0.08289825],
       [-0.02788009, -0.        ,  0.99961127,  0.08307759],
       [ 0.        ,  0.        ,  0.        ,  1.        ]])]","[array([[ 0.145646  , -0.98932843,  0.0040622 , -0.15407552],
       [ 0.98894385,  0.14570264,  0.02758257,  0.08289825],
       [-0.02788009, -0.        ,  0.99961127,  0.08307759],
       [ 0.        ,  0.        ,  0.        ,  1.        ]])]","[array([[ 0.5731789 , -0.81924991,  0.01719124, -0.05620005],
       [ 0.81888167,  0.57343665,  0.02456055,  0.0362503 ],
       [-0.02997931,  0.        ,  0.99955052,  0.08545454],
       [ 0.        ,  0.        ,  0.        ,  1.        ]])]","[array([[ 0.12012974, -0.99275612, -0.00203259, -0.02129052],
       [ 0.99261404,  0.12014694, -0.01679501,  0.08684189],
       [ 0.01691756,  0.        ,  0.99985689,  0.08271302],
       [ 0.        ,  0.        ,  0.        ,  1.        ]])]","[array([[ 0.12012974, -0.99275612, -0.00203259, -0.02129052],
       [ 0.99261404,  0.12014694, -0.01679501,  0.08684189],
       [ 0.01691756,  0.        ,  0.99985689,  0.08271302],
       [ 0.        ,  0.        ,  0.        ,  1.        ]])]"
12,"[array([[-0.62559427, -0.77962738, -0.02851263, -0.11464495],
       [ 0.77881889, -0.62624369,  0.03549613,  0.02293893],
       [-0.0455296 ,  0.        ,  0.99896299,  0.08501486],
       [ 0.        ,  0.        ,  0.        ,  1.        ]])]","[array([[ 0.1456797 , -0.98932335,  0.00409183, -0.15407057],
       [ 0.98893332,  0.14573715,  0.02777705,  0.08289874],
       [-0.02807681, -0.        ,  0.99960577,  0.08308684],
       [ 0.        ,  0.        ,  0.        ,  1.        ]])]","[array([[ 0.1456797 , -0.98932335,  0.00409183, -0.15407057],
       [ 0.98893332,  0.14573715,  0.02777705,  0.08289874],
       [-0.02807681, -0.        ,  0.99960577,  0.08308684],
       [ 0.        ,  0.        ,  0.        ,  1.        ]])]","[array([[ 0.57315617, -0.81926491,  0.01723416, -0.05619367],
       [ 0.8188948 ,  0.57341521,  0.02462324,  0.03624782],
       [-0.03005528,  0.        ,  0.99954824,  0.08545424],
       [ 0.        ,  0.        ,  0.        ,  1.        ]])]","[array([[ 0.12040711, -0.99272251, -0.00203773, -0.02129088],
       [ 0.99258037,  0.12042435, -0.01679812,  0.08684078],
       [ 0.01692127,  0.        ,  0.99985683,  0.0827089 ],
       [ 0.        ,  0.        ,  0.        ,  1.        ]])]","[array([[ 0.12040711, -0.99272251, -0.00203773, -0.02129088],
       [ 0.99258037,  0.12042435, -0.01679812,  0.08684078],
       [ 0.01692127,  0.        ,  0.99985683,  0.0827089 ],
       [ 0.        ,  0.        ,  0.        ,  1.        ]])]"
13,"[array([[-0.62539803, -0.77978668, -0.0284612 , -0.11464716],
       [ 0.77898043, -0.62604532,  0.03545058,  0.02293757],
       [-0.04546189,  0.        ,  0.99896607,  0.08500935],
       [ 0.        ,  0.        ,  0.        ,  1.        ]])]","[array([[ 0.14618266, -0.98924903,  0.00412068, -0.15406723],
       [ 0.98885624,  0.14624073,  0.02787445,  0.08291245],
       [-0.02817738, -0.        ,  0.99960294,  0.08308804],
       [ 0.        ,  0.        ,  0.        ,  1.        ]])]","[array([[ 0.14618266, -0.98924903,  0.00412068, -0.15406723],
       [ 0.98885624,  0.14624073,  0.02787445,  0.08291245],
       [-0.02817738, -0.        ,  0.99960294,  0.08308804],
       [ 0.        ,  0.        ,  0.        ,  1.        ]])]","[array([[ 0.56007374, -0.82825725,  0.01753075, -0.05640143],
       [ 0.82785181,  0.56034804,  0.02591242,  0.03619821],
       [-0.03128547,  0.        ,  0.99951049,  0.08543479],
       [ 0.        ,  0.        ,  0.        ,  1.        ]])]","[array([[ 0.10536919, -0.99443103, -0.00206564, -0.02236317],
       [ 0.99424   ,  0.10538943, -0.01949092,  0.08734227],
       [ 0.01960007,  0.        ,  0.9998079 ,  0.08241872],
       [ 0.        ,  0.        ,  0.        ,  1.        ]])]","[array([[ 0.10536919, -0.99443103, -0.00206564, -0.02236317],
       [ 0.99424   ,  0.10538943, -0.01949092,  0.08734227],
       [ 0.01960007,  0.        ,  0.9998079 ,  0.08241872],
       [ 0.        ,  0.        ,  0.        ,  1.        ]])]"
14,"[array([[-0.62529496, -0.77987232, -0.02837907, -0.11464844],
       [ 0.77907037, -0.62593862,  0.03535818,  0.02294377],
       [-0.04533842,  0.        ,  0.99897169,  0.08500658],
       [ 0.        ,  0.        ,  0.        ,  1.        ]])]","[array([[ 0.14630042, -0.98923161,  0.00412309, -0.1540699 ],
       [ 0.988839  ,  0.14635851,  0.02786784,  0.08291853],
       [-0.0281712 , -0.        ,  0.99960311,  0.08308484],
       [ 0.        ,  0.        ,  0.        ,  1.        ]])]","[array([[ 0.14630042, -0.98923161,  0.00412309, -0.1540699 ],
       [ 0.988839  ,  0.14635851,  0.02786784,  0.08291853],
       [-0.0281712 , -0.        ,  0.99960311,  0.08308484],
       [ 0.        ,  0.        ,  0.        ,  1.        ]])]","[array([[ 0.55757298, -0.82994148,  0.01759273, -0.05644437],
       [ 0.82952867,  0.55785046,  0.02617357,  0.03619248],
       [-0.03153664,  0.        ,  0.9995026 ,  0.08544442],
       [ 0.        ,  0.        ,  0.        ,  1.        ]])]","[array([[ 0.10285637, -0.99469409, -0.00205652, -0.02255888],
       [ 0.99449533,  0.10287693, -0.01988404,  0.08744961],
       [ 0.01999011,  0.        ,  0.99980018,  0.08238731],
       [ 0.        ,  0.        ,  0.        ,  1.        ]])]","[array([[ 0.10285637, -0.99469409, -0.00205652, -0.02255888],
       [ 0.99449533,  0.10287693, -0.01988404,  0.08744961],
       [ 0.01999011,  0.        ,  0.99980018,  0.08238731],
       [ 0.        ,  0.        ,  0.        ,  1.        ]])]"
15,"[array([[-0.62529496, -0.77987232, -0.02837907, -0.11465444],
       [ 0.77907037, -0.62593862,  0.03535818,  0.02294277],
       [-0.04533842,  0.        ,  0.99897169,  0.08500458],
       [ 0.        ,  0.        ,  0.        ,  1.        ]])]","[array([[ 0.14616739, -0.98925117,  0.00414906, -0.15407475],
       [ 0.98885287,  0.14622627,  0.02806927,  0.0829165 ],
       [-0.02837426, -0.        ,  0.99959737,  0.0830943 ],
       [ 0.        ,  0.        ,  0.        ,  1.        ]])]","[array([[ 0.14616739, -0.98925117,  0.00414906, -0.15407475],
       [ 0.98885287,  0.14622627,  0.02806927,  0.0829165 ],
       [-0.02837426, -0.        ,  0.99959737,  0.0830943 ],
       [ 0.        ,  0.        ,  0.        ,  1.        ]])]","[array([[ 0.55727717, -0.83013877,  0.01765742, -0.05644349],
       [ 0.82972237,  0.55755684,  0.0262899 ,  0.03619254],
       [-0.03166928,  0.        ,  0.9994984 ,  0.08544639],
       [ 0.        ,  0.        ,  0.        ,  1.        ]])]","[array([[ 0.10246019, -0.99473504, -0.00202815, -0.02256684],
       [ 0.99454022,  0.10248026, -0.0196864 ,  0.08745772],
       [ 0.0197906 ,  0.        ,  0.99980415,  0.08238066],
       [ 0.        ,  0.        ,  0.        ,  1.        ]])]","[array([[ 0.10246019, -0.99473504, -0.00202815, -0.02256684],
       [ 0.99454022,  0.10248026, -0.0196864 ,  0.08745772],
       [ 0.0197906 ,  0.        ,  0.99980415,  0.08238066],
       [ 0.        ,  0.        ,  0.        ,  1.        ]])]"
16,"[array([[-0.62521345, -0.77993344, -0.02849502, -0.11464996],
       [ 0.77912466, -0.62586247,  0.03550974,  0.02294442],
       [-0.0455292 ,  0.        ,  0.99896301,  0.08500985],
       [ 0.        ,  0.        ,  0.        ,  1.        ]])]","[array([[ 0.14633532, -0.98922626,  0.00416898, -0.15406698],
       [ 0.98882506,  0.14639469,  0.02817087,  0.08293114],
       [-0.02847768, -0.        ,  0.99959443,  0.08309059],
       [ 0.        ,  0.        ,  0.        ,  1.        ]])]","[array([[ 0.14633532, -0.98922626,  0.00416898, -0.15406698],
       [ 0.98882506,  0.14639469,  0.02817087,  0.08293114],
       [-0.02847768, -0.        ,  0.99959443,  0.08309059],
       [ 0.        ,  0.        ,  0.        ,  1.        ]])]","[array([[ 0.55532604, -0.83145028,  0.01741894, -0.05645442],
       [ 0.83104155,  0.55559916,  0.02606732,  0.03616061],
       [-0.03135163,  0.        ,  0.99950842,  0.08545028],
       [ 0.        ,  0.        ,  0.        ,  1.        ]])]","[array([[ 0.1009164 , -0.99489282, -0.00203724, -0.02267192],
       [ 0.99469016,  0.10093696, -0.0200802 ,  0.08749774],
       [ 0.02018328,  0.        ,  0.9997963 ,  0.08241317],
       [ 0.        ,  0.        ,  0.        ,  1.        ]])]","[array([[ 0.1009164 , -0.99489282, -0.00203724, -0.02267192],
       [ 0.99469016,  0.10093696, -0.0200802 ,  0.08749774],
       [ 0.02018328,  0.        ,  0.9997963 ,  0.08241317],
       [ 0.        ,  0.        ,  0.        ,  1.        ]])]"
17,"[array([[-0.62692419, -0.77854917, -0.02876203, -0.1146459 ],
       [ 0.77773112, -0.62758361,  0.03568075,  0.02291806],
       [-0.0458298 ,  0.        ,  0.99894926,  0.08501759],
       [ 0.        ,  0.        ,  0.        ,  1.        ]])]","[array([[ 0.14425713, -0.98953149,  0.00415943, -0.15420827],
       [ 0.98912042,  0.14431709,  0.02851974,  0.0828144 ],
       [-0.02882146, -0.        ,  0.99958458,  0.08308552],
       [ 0.        ,  0.        ,  0.        ,  1.        ]])]","[array([[ 0.14425713, -0.98953149,  0.00415943, -0.15420827],
       [ 0.98912042,  0.14431709,  0.02851974,  0.0828144 ],
       [-0.02882146, -0.        ,  0.99958458,  0.08308552],
       [ 0.        ,  0.        ,  0.        ,  1.        ]])]","[array([[ 0.55135188, -0.83409862,  0.01704701, -0.05648691],
       [ 0.83370022,  0.55161535,  0.02577682,  0.0361097 ],
       [-0.0309038 ,  0.        ,  0.99952236,  0.08545025],
       [ 0.        ,  0.        ,  0.        ,  1.        ]])]","[array([[ 0.09608453, -0.99537122, -0.00197394, -0.02295684],
       [ 0.99516124,  0.09610481, -0.02044437,  0.08760431],
       [ 0.02053945,  0.        ,  0.99978904,  0.08245785],
       [ 0.        ,  0.        ,  0.        ,  1.        ]])]","[array([[ 0.09608453, -0.99537122, -0.00197394, -0.02295684],
       [ 0.99516124,  0.09610481, -0.02044437,  0.08760431],
       [ 0.02053945,  0.        ,  0.99978904,  0.08245785],
       [ 0.        ,  0.        ,  0.        ,  1.        ]])]"
18,"[array([[-0.65145539, -0.7581159 , -0.02943054, -0.11455897],
       [ 0.75734345, -0.65211984,  0.0342142 ,  0.02256464],
       [-0.04513057,  0.        ,  0.9989811 ,  0.08501392],
       [ 0.        ,  0.        ,  0.        ,  1.        ]])]","[array([[ 0.11281284, -0.99361047,  0.00339007, -0.1561817 ],
       [ 0.99316215,  0.11286377,  0.02984493,  0.08115433],
       [-0.03003686, -0.        ,  0.99954879,  0.08323417],
       [ 0.        ,  0.        ,  0.        ,  1.        ]])]","[array([[ 0.11281284, -0.99361047,  0.00339007, -0.1561817 ],
       [ 0.99316215,  0.11286377,  0.02984493,  0.08115433],
       [-0.03003686, -0.        ,  0.99954879,  0.08323417],
       [ 0.        ,  0.        ,  0.        ,  1.        ]])]","[array([[ 0.51249262, -0.85853936,  0.01617003, -0.05681737],
       [ 0.85811234,  0.51274766,  0.02707493,  0.03569892],
       [-0.03153604,  0.        ,  0.99950262,  0.08544241],
       [ 0.        ,  0.        ,  0.        ,  1.        ]])]","[array([[ 4.43298876e-02, -9.99016567e-01, -8.71838542e-04,
        -2.56141682e-02],
       [ 9.98823417e-01,  4.43384601e-02, -1.96439197e-02,
         8.85860692e-02],
       [ 1.96632572e-02,  0.00000000e+00,  9.99806659e-01,
         8.24377084e-02],
       [ 0.00000000e+00,  0.00000000e+00,  0.00000000e+00,
         1.00000000e+00]])]","[array([[ 4.43298876e-02, -9.99016567e-01, -8.71838542e-04,
        -2.56141682e-02],
       [ 9.98823417e-01,  4.43384601e-02, -1.96439197e-02,
         8.85860692e-02],
       [ 1.96632572e-02,  0.00000000e+00,  9.99806659e-01,
         8.24377084e-02],
       [ 0.00000000e+00,  0.00000000e+00,  0.00000000e+00,
         1.00000000e+00]])]"
19,"[array([[-0.68418933, -0.72875064, -0.02841582, -0.1143027 ],
       [ 0.72812294, -0.68477916,  0.03024047,  0.02216268],
       [-0.04149632,  0.        ,  0.99913866,  0.08501152],
       [ 0.        ,  0.        ,  0.        ,  1.        ]])]","[array([[ 0.07055623, -0.99750555,  0.0021209 , -0.15863046],
       [ 0.99705519,  0.0705881 ,  0.02997124,  0.07886329],
       [-0.03004619, -0.        ,  0.99954851,  0.08356947],
       [ 0.        ,  0.        ,  0.        ,  1.        ]])]","[array([[ 0.07055623, -0.99750555,  0.0021209 , -0.15863046],
       [ 0.99705519,  0.0705881 ,  0.02997124,  0.07886329],
       [-0.03004619, -0.        ,  0.99954851,  0.08356947],
       [ 0.        ,  0.        ,  0.        ,  1.        ]])]","[array([[ 0.4606144 , -0.88747397,  0.01497773, -0.05717109],
       [ 0.88700516,  0.46085785,  0.02884262,  0.0351122 ],
       [-0.03249969,  0.        ,  0.99947175,  0.08543999],
       [ 0.        ,  0.        ,  0.        ,  1.        ]])]","[array([[-1.70588153e-02, -9.99854419e-01,  3.72162980e-04,
        -2.91945279e-02],
       [ 9.99616559e-01, -1.70628744e-02, -2.18080958e-02,
         8.97305789e-02],
       [ 2.18112711e-02, -0.00000000e+00,  9.99762106e-01,
         8.22164016e-02],
       [ 0.00000000e+00,  0.00000000e+00,  0.00000000e+00,
         1.00000000e+00]])]","[array([[-1.70588153e-02, -9.99854419e-01,  3.72162980e-04,
        -2.91945279e-02],
       [ 9.99616559e-01, -1.70628744e-02, -2.18080958e-02,
         8.97305789e-02],
       [ 2.18112711e-02, -0.00000000e+00,  9.99762106e-01,
         8.22164016e-02],
       [ 0.00000000e+00,  0.00000000e+00,  0.00000000e+00,
         1.00000000e+00]])]"
20,"[array([[-0.73648124, -0.67587466, -0.02808612, -0.11381389],
       [ 0.67538372, -0.73701659,  0.02575614,  0.02168084],
       [-0.03810786,  0.        ,  0.99927363,  0.08499862],
       [ 0.        ,  0.        ,  0.        ,  1.        ]])]","[array([[ 9.47008167e-04, -9.99999551e-01,  3.43378867e-05,
        -1.62464113e-01],
       [ 9.99342829e-01,  9.47630497e-04,  3.62355068e-02,
         7.49561624e-02],
       [-3.62355230e-02, -0.00000000e+00,  9.99343278e-01,
         8.40442896e-02],
       [ 0.00000000e+00,  0.00000000e+00,  0.00000000e+00,
         1.00000000e+00]])]","[array([[ 9.47008167e-04, -9.99999551e-01,  3.43378867e-05,
        -1.62464113e-01],
       [ 9.99342829e-01,  9.47630497e-04,  3.62355068e-02,
         7.49561624e-02],
       [-3.62355230e-02, -0.00000000e+00,  9.99343278e-01,
         8.40442896e-02],
       [ 0.00000000e+00,  0.00000000e+00,  0.00000000e+00,
         1.00000000e+00]])]","[array([[ 0.37444797, -0.92715397,  0.01320005, -0.05773813],
       [ 0.92657841,  0.37468056,  0.03266377,  0.03418193],
       [-0.03523015,  0.        ,  0.99937923,  0.08548216],
       [ 0.        ,  0.        ,  0.        ,  1.        ]])]","[array([[-0.07983355, -0.99680572,  0.00222516, -0.03516137],
       [ 0.99641875, -0.07986456, -0.02777271,  0.09157075],
       [ 0.02786171, -0.        ,  0.99961179,  0.081808  ],
       [ 0.        ,  0.        ,  0.        ,  1.        ]])]","[array([[-0.07983355, -0.99680572,  0.00222516, -0.03516137],
       [ 0.99641875, -0.07986456, -0.02777271,  0.09157075],
       [ 0.02786171, -0.        ,  0.99961179,  0.081808  ],
       [ 0.        ,  0.        ,  0.        ,  1.        ]])]"
21,"[array([[-0.74025915, -0.6717168 , -0.02851183, -0.11378097],
       [ 0.67121912, -0.74080803,  0.02585269,  0.021657  ],
       [-0.03848748,  0.        ,  0.99925908,  0.08500512],
       [ 0.        ,  0.        ,  0.        ,  1.        ]])]","[array([[ 1.04731724e-03, -9.99999451e-01,  3.80500315e-05,
        -1.62634302e-01],
       [ 9.99340135e-01,  1.04800821e-03,  3.63069777e-02,
         7.47186997e-02],
       [-3.63069976e-02, -0.00000000e+00,  9.99340684e-01,
         8.40235625e-02],
       [ 0.00000000e+00,  0.00000000e+00,  0.00000000e+00,
         1.00000000e+00]])]","[array([[ 1.04731724e-03, -9.99999451e-01,  3.80500315e-05,
        -1.62634302e-01],
       [ 9.99340135e-01,  1.04800821e-03,  3.63069777e-02,
         7.47186997e-02],
       [-3.63069976e-02, -0.00000000e+00,  9.99340684e-01,
         8.40235625e-02],
       [ 0.00000000e+00,  0.00000000e+00,  0.00000000e+00,
         1.00000000e+00]])]","[array([[ 0.37166882, -0.92826952,  0.01334079, -0.05768777],
       [ 0.92767211,  0.37190818,  0.03329812,  0.03414683],
       [-0.03587118,  0.        ,  0.99935642,  0.08546851],
       [ 0.        ,  0.        ,  0.        ,  1.        ]])]","[array([[-0.07259417, -0.99735943,  0.00206376, -0.0352702 ],
       [ 0.99695664, -0.0726235 , -0.02834225,  0.09171821],
       [ 0.02841729, -0.        ,  0.99959615,  0.08174133],
       [ 0.        ,  0.        ,  0.        ,  1.        ]])]","[array([[-0.07259417, -0.99735943,  0.00206376, -0.0352702 ],
       [ 0.99695664, -0.0726235 , -0.02834225,  0.09171821],
       [ 0.02841729, -0.        ,  0.99959615,  0.08174133],
       [ 0.        ,  0.        ,  0.        ,  1.        ]])]"
22,"[array([[-0.71113834, -0.70246276, -0.02878074, -0.11402001],
       [ 0.70188817, -0.7117205 ,  0.02840637,  0.02202288],
       [-0.04043826,  0.        ,  0.99918204,  0.08497582],
       [ 0.        ,  0.        ,  0.        ,  1.        ]])]","[array([[ 0.05395833, -0.99854162,  0.0017699 , -0.16041631],
       [ 0.99800488,  0.05398735,  0.03273574,  0.07719439],
       [-0.03278355, -0.        ,  0.99946248,  0.08371452],
       [ 0.        ,  0.        ,  0.        ,  1.        ]])]","[array([[ 0.05395833, -0.99854162,  0.0017699 , -0.16041631],
       [ 0.99800488,  0.05398735,  0.03273574,  0.07719439],
       [-0.03278355, -0.        ,  0.99946248,  0.08371452],
       [ 0.        ,  0.        ,  0.        ,  1.        ]])]","[array([[ 0.42708239, -0.90407047,  0.01603802, -0.05727927],
       [ 0.90343369,  0.42738341,  0.03392621,  0.03477411],
       [-0.03752607,  0.        ,  0.99929565,  0.08549858],
       [ 0.        ,  0.        ,  0.        ,  1.        ]])]","[array([[-1.61545523e-02, -9.99869445e-01,  3.52352292e-04,
        -3.11864901e-02],
       [ 9.99631693e-01, -1.61583945e-02, -2.18032980e-02,
         9.08215342e-02],
       [ 2.18061449e-02, -0.00000000e+00,  9.99762218e-01,
         8.20795646e-02],
       [ 0.00000000e+00,  0.00000000e+00,  0.00000000e+00,
         1.00000000e+00]])]","[array([[-1.61545523e-02, -9.99869445e-01,  3.52352292e-04,
        -3.11864901e-02],
       [ 9.99631693e-01, -1.61583945e-02, -2.18032980e-02,
         9.08215342e-02],
       [ 2.18061449e-02, -0.00000000e+00,  9.99762218e-01,
         8.20795646e-02],
       [ 0.00000000e+00,  0.00000000e+00,  0.00000000e+00,
         1.00000000e+00]])]"
23,"[array([[-0.67437015, -0.73781602, -0.02919633, -0.11426977],
       [ 0.73712551, -0.67500187,  0.03191327,  0.02248124],
       [-0.0432537 ,  0.        ,  0.99906412,  0.08499088],
       [ 0.        ,  0.        ,  0.        ,  1.        ]])]","[array([[ 0.10668949, -0.99428669,  0.00336703, -0.15763402],
       [ 0.99379191,  0.10674261,  0.0313632 ,  0.07995176],
       [-0.03154341, -0.        ,  0.99950238,  0.08345708],
       [ 0.        ,  0.        ,  0.        ,  1.        ]])]","[array([[ 0.10668949, -0.99428669,  0.00336703, -0.15763402],
       [ 0.99379191,  0.10674261,  0.0313632 ,  0.07995176],
       [-0.03154341, -0.        ,  0.99950238,  0.08345708],
       [ 0.        ,  0.        ,  0.        ,  1.        ]])]","[array([[ 0.48411091, -0.87482843,  0.0176593 , -0.05684619],
       [ 0.87424697,  0.48443289,  0.03189061,  0.03534121],
       [-0.03645356,  0.        ,  0.99933535,  0.08550256],
       [ 0.        ,  0.        ,  0.        ,  1.        ]])]","[array([[ 0.05250042, -0.99862032, -0.00107855, -0.02723354],
       [ 0.99840966,  0.05251149, -0.02051095,  0.08967861],
       [ 0.02053929,  0.        ,  0.99978905,  0.08222785],
       [ 0.        ,  0.        ,  0.        ,  1.        ]])]","[array([[ 0.05250042, -0.99862032, -0.00107855, -0.02723354],
       [ 0.99840966,  0.05251149, -0.02051095,  0.08967861],
       [ 0.02053929,  0.        ,  0.99978905,  0.08222785],
       [ 0.        ,  0.        ,  0.        ,  1.        ]])]"
24,"[array([[-0.65873478, -0.75184348, -0.02828204, -0.11438056],
       [ 0.75115149, -0.65934163,  0.03224984,  0.0226452 ],
       [-0.04289436,  0.        ,  0.99907961,  0.08498983],
       [ 0.        ,  0.        ,  0.        ,  1.        ]])]","[array([[ 0.12749893, -0.99183028,  0.00408994, -0.1565517 ],
       [ 0.99132037,  0.12756451,  0.03179978,  0.08102005],
       [-0.03206172, -0.        ,  0.99948589,  0.08351456],
       [ 0.        ,  0.        ,  0.        ,  1.        ]])]","[array([[ 0.12749893, -0.99183028,  0.00408994, -0.1565517 ],
       [ 0.99132037,  0.12756451,  0.03179978,  0.08102005],
       [-0.03206172, -0.        ,  0.99948589,  0.08351456],
       [ 0.        ,  0.        ,  0.        ,  1.        ]])]","[array([[ 0.50322926, -0.86395949,  0.01828411, -0.05666198],
       [ 0.86338979,  0.50356131,  0.03137002,  0.03551218],
       [-0.03630959,  0.        ,  0.99934059,  0.08550333],
       [ 0.        ,  0.        ,  0.        ,  1.        ]])]","[array([[ 0.07260228, -0.99735988, -0.00147257, -0.02584545],
       [ 0.9971548 ,  0.07261721, -0.02022503,  0.08915096],
       [ 0.02027857,  0.        ,  0.99979437,  0.08224014],
       [ 0.        ,  0.        ,  0.        ,  1.        ]])]","[array([[ 0.07260228, -0.99735988, -0.00147257, -0.02584545],
       [ 0.9971548 ,  0.07261721, -0.02022503,  0.08915096],
       [ 0.02027857,  0.        ,  0.99979437,  0.08224014],
       [ 0.        ,  0.        ,  0.        ,  1.        ]])]"
25,"[array([[-0.5710622 , -0.82052722, -0.02496095, -0.1148707 ],
       [ 0.81974452, -0.57160745,  0.03583077,  0.02358869],
       [-0.04366799,  0.        ,  0.9990461 ,  0.08501816],
       [ 0.        ,  0.        ,  0.        ,  1.        ]])]","[array([[ 0.17840695, -0.98394097,  0.00557927, -0.15058408],
       [ 0.98346018,  0.17849417,  0.03075545,  0.08592019],
       [-0.03125742, -0.        ,  0.99951137,  0.08345799],
       [ 0.        ,  0.        ,  0.        ,  1.        ]])]","[array([[ 0.17840695, -0.98394097,  0.00557927, -0.15058408],
       [ 0.98346018,  0.17849417,  0.03075545,  0.08592019],
       [-0.03125742, -0.        ,  0.99951137,  0.08345799],
       [ 0.        ,  0.        ,  0.        ,  1.        ]])]","[array([[ 0.58614461, -0.80996619,  0.01973008, -0.05590009],
       [ 0.80950771,  0.58647658,  0.02724865,  0.03629801],
       [-0.03364171,  0.        ,  0.99943396,  0.08548857],
       [ 0.        ,  0.        ,  0.        ,  1.        ]])]","[array([[ 0.14679447, -0.9891625 , -0.00298858, -0.02001505],
       [ 0.98895757,  0.14682489, -0.0201341 ,  0.08639699],
       [ 0.0203547 ,  0.        ,  0.99979282,  0.08238372],
       [ 0.        ,  0.        ,  0.        ,  1.        ]])]","[array([[ 0.14679447, -0.9891625 , -0.00298858, -0.02001505],
       [ 0.98895757,  0.14682489, -0.0201341 ,  0.08639699],
       [ 0.0203547 ,  0.        ,  0.99979282,  0.08238372],
       [ 0.        ,  0.        ,  0.        ,  1.        ]])]"
26,"[array([[-0.45627538, -0.8896062 , -0.02033669, -0.1153347 ],
