,LP,LD1,LD2,RP,RD1,RD2
0,"[array([[-0.28888233, -0.95731143, -0.01009111, -0.11592145],
       [ 0.9567279 , -0.28905852,  0.03341998,  0.07770525],
       [-0.03491025,  0.        ,  0.99939045,  0.08525099],
       [ 0.        ,  0.        ,  0.        ,  1.        ]])]","[array([[ 0.39304747, -0.91950935,  0.00402943, -0.1302857 ],
       [ 0.91946104,  0.39306812,  0.00942611,  0.14734895],
       [-0.01025124, -0.        ,  0.99994745,  0.08315799],
       [ 0.        ,  0.        ,  0.        ,  1.        ]])]","[array([[ 0.39304747, -0.91950935,  0.00402943, -0.1302857 ],
       [ 0.91946104,  0.39306812,  0.00942611,  0.14734895],
       [-0.01025124, -0.        ,  0.99994745,  0.08315799],
       [ 0.        ,  0.        ,  0.        ,  1.        ]])]","[array([[ 0.52043985, -0.85370134,  0.01834084, -0.05659745],
       [ 0.85317171,  0.52076292,  0.03006666,  0.08667872],
       [-0.03521917,  0.        ,  0.99937961,  0.08563691],
       [ 0.        ,  0.        ,  0.        ,  1.        ]])]","[array([[-0.48949341, -0.8717778 ,  0.01999182, -0.02727405],
       [ 0.87105162, -0.48990149, -0.03557536,  0.13261041],
       [ 0.04080783, -0.        ,  0.99916701,  0.08192131],
       [ 0.        ,  0.        ,  0.        ,  1.        ]])]","[array([[-0.48949341, -0.8717778 ,  0.01999182, -0.02727405],
       [ 0.87105162, -0.48990149, -0.03557536,  0.13261041],
       [ 0.04080783, -0.        ,  0.99916701,  0.08192131],
       [ 0.        ,  0.        ,  0.        ,  1.        ]])]"
1,"[array([[-0.2887571 , -0.95734921, -0.01009107, -0.11591969],
       [ 0.95676516, -0.28893337,  0.03343567,  0.07770484],
       [-0.03492526,  0.        ,  0.99938993,  0.08525333],
       [ 0.        ,  0.        ,  0.        ,  1.        ]])]","[array([[ 0.39314969, -0.91946547,  0.00406983, -0.13028875],
       [ 0.91941621,  0.39317076,  0.00951767,  0.14734583],
       [-0.01035131, -0.        ,  0.99994642,  0.08316417],
       [ 0.        ,  0.        ,  0.        ,  1.        ]])]","[array([[ 0.39314969, -0.91946547,  0.00406983, -0.13028875],
       [ 0.91941621,  0.39317076,  0.00951767,  0.14734583],
       [-0.01035131, -0.        ,  0.99994642,  0.08316417],
       [ 0.        ,  0.        ,  0.        ,  1.        ]])]","[array([[ 0.52902213, -0.84856136,  0.00890024, -0.05675008],
       [ 0.84844129,  0.52909699,  0.01427412,  0.08685565],
       [-0.01682156,  0.        ,  0.99985851,  0.0852278 ],
       [ 0.        ,  0.        ,  0.        ,  1.        ]])]","[array([[-0.4896812 , -0.87167202,  0.02000512, -0.02726863],
       [ 0.87094553, -0.49008967, -0.03558104,  0.1326072 ],
       [ 0.0408193 , -0.        ,  0.99916654,  0.08192095],
       [ 0.        ,  0.        ,  0.        ,  1.        ]])]","[array([[-0.4896812 , -0.87167202,  0.02000512, -0.02726863],
       [ 0.87094553, -0.49008967, -0.03558104,  0.1326072 ],
       [ 0.0408193 , -0.        ,  0.99916654,  0.08192095],
       [ 0.        ,  0.        ,  0.        ,  1.        ]])]"
2,"[array([[-0.28883125, -0.95732511, -0.01025429, -0.11592075],
       [ 0.95672235, -0.28901322,  0.03396623,  0.07770489],
       [-0.03548035,  0.        ,  0.99937037,  0.08527176],
       [ 0.        ,  0.        ,  0.        ,  1.        ]])]","[array([[ 0.39312508, -0.91947582,  0.00410917, -0.13028702],
       [ 0.9194256 ,  0.39314656,  0.00961036,  0.14734943],
       [-0.010452  , -0.        ,  0.99994538,  0.08316837],
       [ 0.        ,  0.        ,  0.        ,  1.        ]])]","[array([[ 0.39312508, -0.91947582,  0.00410917, -0.13028702],
       [ 0.9194256 ,  0.39314656,  0.00961036,  0.14734943],
       [-0.010452  , -0.        ,  0.99994538,  0.08316837],
       [ 0.        ,  0.        ,  0.        ,  1.        ]])]","[array([[ 0.52130545, -0.8532032 ,  0.01687987, -0.05665142],
       [ 0.85275627,  0.52157866,  0.02761224,  0.08665327],
       [-0.03236303,  0.        ,  0.99947618,  0.08553493],
       [ 0.        ,  0.        ,  0.        ,  1.        ]])]","[array([[-0.48961565, -0.87170552,  0.02014949, -0.02727317],
       [ 0.87096828, -0.49003009, -0.03584356,  0.13261029],
       [ 0.04111889, -0.        ,  0.99915426,  0.08190442],
       [ 0.        ,  0.        ,  0.        ,  1.        ]])]","[array([[-0.48961565, -0.87170552,  0.02014949, -0.02727317],
       [ 0.87096828, -0.49003009, -0.03584356,  0.13261029],
       [ 0.04111889, -0.        ,  0.99915426,  0.08190442],
       [ 0.        ,  0.        ,  0.        ,  1.        ]])]"
3,"[array([[-0.28877559, -0.957344  , -0.01005628, -0.11592021],
       [ 0.95676404, -0.28895063,  0.03331821,  0.07770467],
       [-0.03480276,  0.        ,  0.9993942 ,  0.08524958],
       [ 0.        ,  0.        ,  0.        ,  1.        ]])]","[array([[ 0.39293807, -0.91955585,  0.00408769, -0.13028143],
       [ 0.9195061 ,  0.39295933,  0.00956552,  0.14734302],
       [-0.01040233, -0.        ,  0.99994589,  0.08316479],
       [ 0.        ,  0.        ,  0.        ,  1.        ]])]","[array([[ 0.39293807, -0.91955585,  0.00408769, -0.13028143],
       [ 0.9195061 ,  0.39295933,  0.00956552,  0.14734302],
       [-0.01040233, -0.        ,  0.99994589,  0.08316479],
       [ 0.        ,  0.        ,  0.        ,  1.        ]])]","[array([[ 0.52059542, -0.85360658,  0.01833606, -0.0566071 ],
       [ 0.85307761,  0.52091823,  0.03004652,  0.08667921],
       [-0.03519949,  0.        ,  0.99938031,  0.08563547],
       [ 0.        ,  0.        ,  0.        ,  1.        ]])]","[array([[-0.48943814, -0.87180596,  0.02011647, -0.0272832 ],
       [ 0.87107052, -0.48985137, -0.035802  ,  0.1326065 ],
       [ 0.04106647, -0.        ,  0.99915642,  0.08190709],
       [ 0.        ,  0.        ,  0.        ,  1.        ]])]","[array([[-0.48943814, -0.87180596,  0.02011647, -0.0272832 ],
       [ 0.87107052, -0.48985137, -0.035802  ,  0.1326065 ],
       [ 0.04106647, -0.        ,  0.99915642,  0.08190709],
       [ 0.        ,  0.        ,  0.        ,  1.        ]])]"
4,"[array([[-0.28876195, -0.95734758, -0.01010727, -0.11591956],
       [ 0.95676167, -0.28893878,  0.03348865,  0.07770086],
       [-0.03498066,  0.        ,  0.99938799,  0.08525257],
       [ 0.        ,  0.        ,  0.        ,  1.        ]])]","[array([[ 0.39307646, -0.91949652,  0.00412886, -0.13028857],
       [ 0.9194458 ,  0.39309814,  0.00965782,  0.14734657],
       [-0.01050338, -0.        ,  0.99994484,  0.08316901],
       [ 0.        ,  0.        ,  0.        ,  1.        ]])]","[array([[ 0.39307646, -0.91949652,  0.00412886, -0.13028857],
       [ 0.9194458 ,  0.39309814,  0.00965782,  0.14734657],
       [-0.01050338, -0.        ,  0.99994484,  0.08316901],
       [ 0.        ,  0.        ,  0.        ,  1.        ]])]","[array([[ 0.52939977, -0.84833957,  0.00747401, -0.05679257],
       [ 0.84825504,  0.52945252,  0.01197557,  0.08682698],
       [-0.01411648,  0.        ,  0.99990036,  0.08512421],
       [ 0.        ,  0.        ,  0.        ,  1.        ]])]","[array([[-0.48947063, -0.87178718,  0.02013961, -0.02727991],
       [ 0.87105017, -0.48988479, -0.03583997,  0.13260469],
       [ 0.04111092, -0.        ,  0.99915459,  0.08190767],
       [ 0.        ,  0.        ,  0.        ,  1.        ]])]","[array([[-0.48947063, -0.87178718,  0.02013961, -0.02727991],
       [ 0.87105017, -0.48988479, -0.03583997,  0.13260469],
       [ 0.04111092, -0.        ,  0.99915459,  0.08190767],
       [ 0.        ,  0.        ,  0.        ,  1.        ]])]"
5,"[array([[-0.28873376, -0.95735605, -0.01010967, -0.11591929],
       [ 0.95676975, -0.2889107 ,  0.03350015,  0.077704  ],
       [-0.03499236,  0.        ,  0.99938758,  0.08525583],
       [ 0.        ,  0.        ,  0.        ,  1.        ]])]","[array([[ 0.39298568, -0.91953515,  0.00416626, -0.13028185],
       [ 0.91948348,  0.39300776,  0.00974796,  0.14734296],
       [-0.01060096, -0.        ,  0.99994381,  0.08317511],
       [ 0.        ,  0.        ,  0.        ,  1.        ]])]","[array([[ 0.39298568, -0.91953515,  0.00416626, -0.13028185],
       [ 0.91948348,  0.39300776,  0.00974796,  0.14734296],
       [-0.01060096, -0.        ,  0.99994381,  0.08317511],
       [ 0.        ,  0.        ,  0.        ,  1.        ]])]","[array([[ 0.52924639, -0.84843531,  0.00746878, -0.05678698],
       [ 0.84835084,  0.52929909,  0.01197202,  0.08682047],
       [-0.01411071,  0.        ,  0.99990044,  0.08512608],
       [ 0.        ,  0.        ,  0.        ,  1.        ]])]","[array([[-0.48948939, -0.8717778 ,  0.02008989, -0.02727918],
       [ 0.87104447, -0.48990149, -0.03574988,  0.13260864],
       [ 0.04100802, -0.        ,  0.99915882,  0.08191294],
       [ 0.        ,  0.        ,  0.        ,  1.        ]])]","[array([[-0.48948939, -0.8717778 ,  0.02008989, -0.02727918],
       [ 0.87104447, -0.48990149, -0.03574988,  0.13260864],
       [ 0.04100802, -0.        ,  0.99915882,  0.08191294],
       [ 0.        ,  0.        ,  0.        ,  1.        ]])]"
6,"[array([[-0.28845999, -0.95743713, -0.01024565, -0.11593134],
       [ 0.95683377, -0.28864189,  0.03398524,  0.07770862],
       [-0.03549605,  0.        ,  0.99936982,  0.08527511],
       [ 0.        ,  0.        ,  0.        ,  1.        ]])]","[array([[ 0.3928465 , -0.91959462,  0.00416596, -0.13027469],
       [ 0.91954292,  0.39286859,  0.00975134,  0.14734344],
       [-0.01060395, -0.        ,  0.99994378,  0.08317521],
       [ 0.        ,  0.        ,  0.        ,  1.        ]])]","[array([[ 0.3928465 , -0.91959462,  0.00416596, -0.13027469],
       [ 0.91954292,  0.39286859,  0.00975134,  0.14734344],
       [-0.01060395, -0.        ,  0.99994378,  0.08317521],
       [ 0.        ,  0.        ,  0.        ,  1.        ]])]","[array([[ 0.52933266, -0.84837847,  0.00780446, -0.05678941],
       [ 0.84828627,  0.52939019,  0.01250709,  0.08682573],
       [-0.01474235,  0.        ,  0.99989133,  0.08515023],
       [ 0.        ,  0.        ,  0.        ,  1.        ]])]","[array([[-0.48959366, -0.87172023,  0.02004718, -0.02727307],
       [ 0.87099038, -0.49000392, -0.03566406,  0.13260895],
       [ 0.04091228, -0.        ,  0.99916274,  0.08191699],
       [ 0.        ,  0.        ,  0.        ,  1.        ]])]","[array([[-0.48959366, -0.87172023,  0.02004718, -0.02727307],
       [ 0.87099038, -0.49000392, -0.03566406,  0.13260895],
       [ 0.04091228, -0.        ,  0.99916274,  0.08191699],
       [ 0.        ,  0.        ,  0.        ,  1.        ]])]"
7,"[array([[-0.28893403, -0.95729579, -0.01009472, -0.11590512],
       [ 0.95671206, -0.28911032,  0.03342542,  0.07770002],
       [-0.0349165 ,  0.        ,  0.99939023,  0.08525213],
       [ 0.        ,  0.        ,  0.        ,  1.        ]])]","[array([[ 0.39312508, -0.91947582,  0.00410917, -0.13028102],
       [ 0.9194256 ,  0.39314656,  0.00961036,  0.14734743],
       [-0.010452  , -0.        ,  0.99994538,  0.08316737],
       [ 0.        ,  0.        ,  0.        ,  1.        ]])]","[array([[ 0.39312508, -0.91947582,  0.00410917, -0.13028102],
       [ 0.9194256 ,  0.39314656,  0.00961036,  0.14734743],
       [-0.010452  , -0.        ,  0.99994538,  0.08316737],
       [ 0.        ,  0.        ,  0.        ,  1.        ]])]","[array([[ 0.52870692, -0.84875714,  0.00896212, -0.05673775],
       [ 0.84863522,  0.52878287,  0.01438523,  0.08684952],
       [-0.01694858,  0.        ,  0.99985636,  0.08523065],
       [ 0.        ,  0.        ,  0.        ,  1.        ]])]","[array([[-0.48961504, -0.87170818,  0.02004893, -0.02726723],
       [ 0.87097827, -0.49002535, -0.03566513,  0.13260804],
       [ 0.04091407, -0.        ,  0.99916267,  0.08191693],
       [ 0.        ,  0.        ,  0.        ,  1.        ]])]","[array([[-0.48961504, -0.87170818,  0.02004893, -0.02726723],
       [ 0.87097827, -0.49002535, -0.03566513,  0.13260804],
       [ 0.04091407, -0.        ,  0.99916267,  0.08191693],
       [ 0.        ,  0.        ,  0.        ,  1.        ]])]"
8,"[array([[-0.2888817 , -0.95731143, -0.0101091 , -0.11591247],
       [ 0.95672582, -0.28905852,  0.03347959,  0.0777003 ],
       [-0.03497251,  0.        ,  0.99938827,  0.08525638],
       [ 0.        ,  0.        ,  0.        ,  1.        ]])]","[array([[ 0.39281736, -0.91960743,  0.00408622, -0.13027383],
       [ 0.91955768,  0.39283861,  0.00956556,  0.14734184],
       [-0.01040178, -0.        ,  0.9999459 ,  0.08316478],
       [ 0.        ,  0.        ,  0.        ,  1.        ]])]","[array([[ 0.39281736, -0.91960743,  0.00408622, -0.13027383],
       [ 0.91955768,  0.39283861,  0.00956556,  0.14734184],
       [-0.01040178, -0.        ,  0.9999459 ,  0.08316478],
       [ 0.        ,  0.        ,  0.        ,  1.        ]])]","[array([[ 0.52525158, -0.85077709,  0.01700365, -0.05678428],
       [ 0.85033164,  0.52552673,  0.02752727,  0.08677962],
       [-0.03235545,  0.        ,  0.99947643,  0.08553576],
       [ 0.        ,  0.        ,  0.        ,  1.        ]])]","[array([[-0.48969492, -0.87166264,  0.02007804, -0.02726706],
       [ 0.87093089, -0.49010636, -0.03570914,  0.13261244],
       [ 0.0409667 , -0.        ,  0.99916051,  0.08191726],
       [ 0.        ,  0.        ,  0.        ,  1.        ]])]","[array([[-0.48969492, -0.87166264,  0.02007804, -0.02726706],
       [ 0.87093089, -0.49010636, -0.03570914,  0.13261244],
       [ 0.0409667 , -0.        ,  0.99916051,  0.08191726],
       [ 0.        ,  0.        ,  0.        ,  1.        ]])]"
9,"[array([[-0.28843792, -0.95744423, -0.01020361, -0.11593692],
       [ 0.95684571, -0.28861834,  0.0338488 ,  0.07770262],
       [-0.03535329,  0.        ,  0.99937488,  0.08527091],
       [ 0.        ,  0.        ,  0.        ,  1.        ]])]","[array([[ 0.39271552, -0.91965128,  0.00400658, -0.13027378],
       [ 0.91960342,  0.39273595,  0.00938201,  0.14733892],
       [-0.0102017 , -0.        ,  0.99994796,  0.08315641],
       [ 0.        ,  0.        ,  0.        ,  1.        ]])]","[array([[ 0.39271552, -0.91965128,  0.00400658, -0.13027378],
       [ 0.91960342,  0.39273595,  0.00938201,  0.14733892],
       [-0.0102017 , -0.        ,  0.99994796,  0.08315641],
       [ 0.        ,  0.        ,  0.        ,  1.        ]])]","[array([[ 0.52546405, -0.85064576,  0.01700918, -0.05679488],
       [ 0.85020046,  0.52573927,  0.02752083,  0.08678745],
       [-0.03235287,  0.        ,  0.99947651,  0.0855357 ],
       [ 0.        ,  0.        ,  0.        ,  1.        ]])]","[array([[-0.48971301, -0.87165593,  0.01992773, -0.0272674 ],
       [ 0.87093514, -0.4901183 , -0.03544067,  0.13261014],
       [ 0.04065901, -0.        ,  0.99917308,  0.08192904],
       [ 0.        ,  0.        ,  0.        ,  1.        ]])]","[array([[-0.48971301, -0.87165593,  0.01992773, -0.0272674 ],
       [ 0.87093514, -0.4901183 , -0.03544067,  0.13261014],
       [ 0.04065901, -0.        ,  0.99917308,  0.08192904],
       [ 0.        ,  0.        ,  0.        ,  1.        ]])]"
10,"[array([[-0.28868249, -0.95737004, -0.01024815, -0.1159266 ],
       [ 0.95676736, -0.28886434,  0.033965  ,  0.07770458],
       [-0.03547739,  0.        ,  0.99937048,  0.08527369],
       [ 0.        ,  0.        ,  0.        ,  1.        ]])]","[array([[ 0.39281099, -0.91961006,  0.00410626, -0.13027863],
       [ 0.91955982,  0.39283245,  0.00961264,  0.14734174],
       [-0.01045295, -0.        ,  0.99994537,  0.0831684 ],
       [ 0.        ,  0.        ,  0.        ,  1.        ]])]","[array([[ 0.39281099, -0.91961006,  0.00410626, -0.13027863],
       [ 0.91955982,  0.39283245,  0.00961264,  0.14734174],
       [-0.01045295, -0.        ,  0.99994537,  0.0831684 ],
       [ 0.        ,  0.        ,  0.        ,  1.        ]])]","[array([[ 0.52074403, -0.85351997,  0.01814687, -0.05660566],
       [ 0.8530022 ,  0.52106013,  0.0297254 ,  0.08668216],
       [-0.03482683,  0.        ,  0.99939336,  0.08562412],
       [ 0.        ,  0.        ,  0.        ,  1.        ]])]","[array([[-0.48970636, -0.8716586 ,  0.01997436, -0.02726664],
       [ 0.87093441, -0.49011355, -0.03552406,  0.13260622],
       [ 0.04075456, -0.        ,  0.99916919,  0.08192601],
       [ 0.        ,  0.        ,  0.        ,  1.        ]])]","[array([[-0.48970636, -0.8716586 ,  0.01997436, -0.02726664],
       [ 0.87093441, -0.49011355, -0.03552406,  0.13260622],
       [ 0.04075456, -0.        ,  0.99916919,  0.08192601],
       [ 0.        ,  0.        ,  0.        ,  1.        ]])]"
11,"[array([[-0.2889861 , -0.95727852, -0.01024059, -0.11591375],
       [ 0.95667804, -0.28916749,  0.03390111,  0.07770013],
       [-0.03541405,  0.        ,  0.99937273,  0.08526927],
       [ 0.        ,  0.        ,  0.        ,  1.        ]])]","[array([[ 0.39315561, -0.91946286,  0.0040891 , -0.13029293],
       [ 0.91941313,  0.39317688,  0.00956255,  0.14734696],
       [-0.01040015, -0.        ,  0.99994592,  0.08316172],
       [ 0.        ,  0.        ,  0.        ,  1.        ]])]","[array([[ 0.39315561, -0.91946286,  0.0040891 , -0.13029293],
       [ 0.91941313,  0.39317688,  0.00956255,  0.14734696],
       [-0.01040015, -0.        ,  0.99994592,  0.08316172],
       [ 0.        ,  0.        ,  0.        ,  1.        ]])]","[array([[ 0.51907872, -0.85453361,  0.01815494, -0.05663035],
       [ 0.85401142,  0.51939611,  0.02986931,  0.08667278],
       [-0.03495394,  0.        ,  0.99938892,  0.08564297],
       [ 0.        ,  0.        ,  0.        ,  1.        ]])]","[array([[-0.49125989, -0.87077858,  0.02020846, -0.02740014],
       [ 0.87004276, -0.49167536, -0.03579007,  0.1326551 ],
       [ 0.04110123, -0.        ,  0.99915499,  0.08192198],
       [ 0.        ,  0.        ,  0.        ,  1.        ]])]","[array([[-0.49125989, -0.87077858,  0.02020846, -0.02740014],
       [ 0.87004276, -0.49167536, -0.03579007,  0.1326551 ],
       [ 0.04110123, -0.        ,  0.99915499,  0.08192198],
       [ 0.        ,  0.        ,  0.        ,  1.        ]])]"
12,"[array([[-0.28907826, -0.9572528 , -0.01004193, -0.1159064 ],
       [ 0.95667576, -0.28925262,  0.03323277,  0.07769921],
       [-0.03471682,  0.        ,  0.99939719,  0.08524266],
       [ 0.        ,  0.        ,  0.        ,  1.        ]])]","[array([[ 0.39316611, -0.91945774,  0.00422749, -0.13028824],
       [ 0.91940459,  0.39318884,  0.00988583,  0.14734928],
       [-0.01075181, -0.        ,  0.9999422 ,  0.08317591],
       [ 0.        ,  0.        ,  0.        ,  1.        ]])]","[array([[ 0.39316611, -0.91945774,  0.00422749, -0.13028824],
       [ 0.91940459,  0.39318884,  0.00988583,  0.14734928],
       [-0.01075181, -0.        ,  0.9999422 ,  0.08317591],
       [ 0.        ,  0.        ,  0.        ,  1.        ]])]","[array([[ 0.51979253, -0.85410118,  0.01808068, -0.0566155 ],
       [ 0.85358493,  0.5201069 ,  0.02969146,  0.08667565],
       [-0.0347634 ,  0.        ,  0.99939557,  0.0856307 ],
       [ 0.        ,  0.        ,  0.        ,  1.        ]])]","[array([[-0.49062248, -0.87114246,  0.02001024, -0.02732841],
       [ 0.87041881, -0.49103037, -0.0355004 ,  0.13262901],
       [ 0.04075154, -0.        ,  0.99916931,  0.0819291 ],
       [ 0.        ,  0.        ,  0.        ,  1.        ]])]","[array([[-0.49062248, -0.87114246,  0.02001024, -0.02732841],
       [ 0.87041881, -0.49103037, -0.0355004 ,  0.13262901],
       [ 0.04075154, -0.        ,  0.99916931,  0.0819291 ],
       [ 0.        ,  0.        ,  0.        ,  1.        ]])]"
13,"[array([[-0.28820238, -0.95751483, -0.01023399, -0.115936  ],
       [ 0.95691172, -0.28838402,  0.03397969,  0.07771281],
       [-0.03548737,  0.        ,  0.99937012,  0.08527392],
       [ 0.        ,  0.        ,  0.        ,  1.        ]])]","[array([[ 0.39337158, -0.91936993,  0.00421008, -0.13025838],
       [ 0.91931728,  0.39339411,  0.00983905,  0.14735698],
       [-0.01070195, -0.        ,  0.99994273,  0.08317732],
       [ 0.        ,  0.        ,  0.        ,  1.        ]])]","[array([[ 0.39337158, -0.91936993,  0.00421008, -0.13025838],
       [ 0.91931728,  0.39339411,  0.00983905,  0.14735698],
       [-0.01070195, -0.        ,  0.99994273,  0.08317732],
       [ 0.        ,  0.        ,  0.        ,  1.        ]])]","[array([[ 0.51990271, -0.85403339,  0.01811491, -0.05661237],
       [ 0.85351545,  0.5202182 ,  0.02973893,  0.08667619],
       [-0.03482175,  0.        ,  0.99939354,  0.08562701],
       [ 0.        ,  0.        ,  0.        ,  1.        ]])]","[array([[-0.49039206, -0.8712712 ,  0.02005301, -0.02732151],
       [ 0.87054367, -0.49080189, -0.03559809,  0.13263019],
       [ 0.04085765, -0.        ,  0.99916498,  0.08192473],
       [ 0.        ,  0.        ,  0.        ,  1.        ]])]","[array([[-0.49039206, -0.8712712 ,  0.02005301, -0.02732151],
       [ 0.87054367, -0.49080189, -0.03559809,  0.13263019],
       [ 0.04085765, -0.        ,  0.99916498,  0.08192473],
       [ 0.        ,  0.        ,  0.        ,  1.        ]])]"
14,"[array([[-0.28898637, -0.95728014, -0.01008033, -0.11591277],
       [ 0.95669829, -0.28916213,  0.03337123,  0.07770174],
       [-0.03486046,  0.        ,  0.99939219,  0.08525487],
       [ 0.        ,  0.        ,  0.        ,  1.        ]])]","[array([[ 0.39293192, -0.91955848,  0.00408809, -0.13028025],
       [ 0.91950871,  0.39295319,  0.00956662,  0.14734691],
       [-0.01040349, -0.        ,  0.99994588,  0.08317283],
       [ 0.        ,  0.        ,  0.        ,  1.        ]])]","[array([[ 0.39293192, -0.91955848,  0.00408809, -0.13028025],
       [ 0.91950871,  0.39295319,  0.00956662,  0.14734691],
       [-0.01040349, -0.        ,  0.99994588,  0.08317283],
       [ 0.        ,  0.        ,  0.        ,  1.        ]])]","[array([[ 0.51860363, -0.85485503,  0.01652718, -0.05670156],
       [ 0.85442126,  0.51886692,  0.02722923,  0.08663191],
       [-0.03185245,  0.        ,  0.99949258,  0.08555349],
       [ 0.        ,  0.        ,  0.        ,  1.        ]])]","[array([[-0.4921124 , -0.87029458,  0.02031566, -0.02748138],
       [ 0.86955393, -0.49253156, -0.03589741,  0.13269588],
       [ 0.04124743, -0.        ,  0.99914896,  0.08196633],
       [ 0.        ,  0.        ,  0.        ,  1.        ]])]","[array([[-0.4921124 , -0.87029458,  0.02031566, -0.02748138],
       [ 0.86955393, -0.49253156, -0.03589741,  0.13269588],
       [ 0.04124743, -0.        ,  0.99914896,  0.08196633],
       [ 0.        ,  0.        ,  0.        ,  1.        ]])]"
15,"[array([[-0.3359252 , -0.94181244, -0.01198308, -0.11589639],
       [ 0.94121379, -0.33613886,  0.03357486,  0.07716123],
       [-0.0356492 ,  0.        ,  0.99936437,  0.08527054],
       [ 0.        ,  0.        ,  0.        ,  1.        ]])]","[array([[ 0.35477969, -0.9349438 ,  0.00338667, -0.13375024],
       [ 0.9349012 ,  0.35479585,  0.00892443,  0.14601772],
       [-0.00954542, -0.        ,  0.99995444,  0.08311554],
       [ 0.        ,  0.        ,  0.        ,  1.        ]])]","[array([[ 0.35477969, -0.9349438 ,  0.00338667, -0.13375024],
       [ 0.9349012 ,  0.35479585,  0.00892443,  0.14601772],
       [-0.00954542, -0.        ,  0.99995444,  0.08311554],
       [ 0.        ,  0.        ,  0.        ,  1.        ]])]","[array([[ 4.55280467e-01, -8.90347875e-01, -5.98335413e-04,
        -5.74171198e-02],
       [ 8.90347106e-01,  4.55280860e-01, -1.17010556e-03,
         8.60748425e-02],
       [ 1.31421166e-03,  0.00000000e+00,  9.99999136e-01,
         8.46735617e-02],
       [ 0.00000000e+00,  0.00000000e+00,  0.00000000e+00,
         1.00000000e+00]])]","[array([[-0.48925708, -0.8719507 ,  0.01815197, -0.03209195],
       [ 0.8713512 , -0.48959369, -0.03232807,  0.13534912],
       [ 0.03707557, -0.        ,  0.99931246,  0.082097  ],
       [ 0.        ,  0.        ,  0.        ,  1.        ]])]","[array([[-0.48925708, -0.8719507 ,  0.01815197, -0.03209195],
       [ 0.8713512 , -0.48959369, -0.03232807,  0.13534912],
       [ 0.03707557, -0.        ,  0.99931246,  0.082097  ],
       [ 0.        ,  0.        ,  0.        ,  1.        ]])]"
16,"[array([[-0.50129369, -0.8650598 , -0.01939525, -0.11539508],
       [ 0.86441306, -0.50166875,  0.03344447,  0.07548767],
       [-0.03866146,  0.        ,  0.99925237,  0.08543402],
       [ 0.        ,  0.        ,  0.        ,  1.        ]])]","[array([[ 3.08419291e-01, -9.51250460e-01, -3.22501247e-04,
        -1.44316361e-01],
       [ 9.51249940e-01,  3.08419459e-01, -9.94682569e-04,
         1.40520139e-01],
       [ 1.04565791e-03, -0.00000000e+00,  9.99999453e-01,
         8.26537481e-02],
       [ 0.00000000e+00,  0.00000000e+00,  0.00000000e+00,
         1.00000000e+00]])]","[array([[ 3.08419291e-01, -9.51250460e-01, -3.22501247e-04,
        -1.44316361e-01],
       [ 9.51249940e-01,  3.08419459e-01, -9.94682569e-04,
         1.40520139e-01],
       [ 1.04565791e-03, -0.00000000e+00,  9.99999453e-01,
         8.26537481e-02],
       [ 0.00000000e+00,  0.00000000e+00,  0.00000000e+00,
         1.00000000e+00]])]","[array([[ 0.25670021, -0.96648808,  0.00240872, -0.05853167],
       [ 0.96644553,  0.25671151,  0.00906853,  0.08373293],
       [-0.00938297,  0.        ,  0.99995598,  0.08489018],
       [ 0.        ,  0.        ,  0.        ,  1.        ]])]","[array([[-0.49487267, -0.86881816,  0.01600166, -0.0444553 ],
       [ 0.86836432, -0.49513131, -0.02807847,  0.13987996],
       [ 0.03231801, -0.        ,  0.99947764,  0.08225329],
       [ 0.        ,  0.        ,  0.        ,  1.        ]])]","[array([[-0.49487267, -0.86881816,  0.01600166, -0.0444553 ],
       [ 0.86836432, -0.49513131, -0.02807847,  0.13987996],
       [ 0.03231801, -0.        ,  0.99947764,  0.08225329],
       [ 0.        ,  0.        ,  0.        ,  1.        ]])]"
17,"[array([[-0.61103384, -0.79120993, -0.02499   , -0.11484586],
       [ 0.79054905, -0.61154464,  0.0323318 ,  0.07430338],
       [-0.04086374,  0.        ,  0.99916473,  0.08560235],
       [ 0.        ,  0.        ,  0.        ,  1.        ]])]","[array([[ 0.29412629, -0.95576383,  0.00228597, -0.15165815],
       [ 0.95573496,  0.29413518,  0.00742804,  0.13547124],
       [-0.00777183, -0.        ,  0.9999698 ,  0.08305914],
       [ 0.        ,  0.        ,  0.        ,  1.        ]])]","[array([[ 0.29412629, -0.95576383,  0.00228597, -0.15165815],
       [ 0.95573496,  0.29413518,  0.00742804,  0.13547124],
       [-0.00777183, -0.        ,  0.9999698 ,  0.08305914],
       [ 0.        ,  0.        ,  0.        ,  1.        ]])]","[array([[ 0.11966463, -0.99281331,  0.00145106, -0.05875671],
       [ 0.99274033,  0.11967343,  0.01203803,  0.08205272],
       [-0.01212517,  0.        ,  0.99992649,  0.0850736 ],
       [ 0.        ,  0.        ,  0.        ,  1.        ]])]","[array([[-0.49330157, -0.86967891,  0.01766776, -0.0528251 ],
       [ 0.86912166, -0.49361786, -0.03112789,  0.14132469],
       [ 0.03579239, -0.        ,  0.99935925,  0.0824698 ],
       [ 0.        ,  0.        ,  0.        ,  1.        ]])]","[array([[-0.49330157, -0.86967891,  0.01766776, -0.0528251 ],
       [ 0.86912166, -0.49361786, -0.03112789,  0.14132469],
       [ 0.03579239, -0.        ,  0.99935925,  0.0824698 ],
       [ 0.        ,  0.        ,  0.        ,  1.        ]])]"
18,"[array([[-0.65713762, -0.75314205, -0.03077675, -0.11461411],
       [ 0.7523174 , -0.65785793,  0.03523446,  0.07367396],
       [-0.04678328,  0.        ,  0.99890506,  0.08585895],
       [ 0.        ,  0.        ,  0.        ,  1.        ]])]","[array([[ 0.26606522, -0.96395405,  0.00137395, -0.15511667],
       [ 0.9639412 ,  0.26606877,  0.00497774,  0.13247798],
       [-0.00516388, -0.        ,  0.99998667,  0.08331921],
       [ 0.        ,  0.        ,  0.        ,  1.        ]])]","[array([[ 0.26606522, -0.96395405,  0.00137395, -0.15511667],
       [ 0.9639412 ,  0.26606877,  0.00497774,  0.13247798],
       [-0.00516388, -0.        ,  0.99998667,  0.08331921],
       [ 0.        ,  0.        ,  0.        ,  1.        ]])]","[array([[ 4.52471805e-02, -9.98975755e-01,  3.66220492e-04,
        -5.87074467e-02],
       [ 9.98943035e-01,  4.52486626e-02,  8.08522002e-03,
         8.09782579e-02],
       [-8.09350976e-03,  0.00000000e+00,  9.99967247e-01,
         8.51932946e-02],
       [ 0.00000000e+00,  0.00000000e+00,  0.00000000e+00,
         1.00000000e+00]])]","[array([[-0.48581262, -0.87378915,  0.02187755, -0.05742076],
       [ 0.87290449, -0.48630497, -0.03930942,  0.14156594],
       [ 0.0449873 , -0.        ,  0.99898756,  0.0830304 ],
       [ 0.        ,  0.        ,  0.        ,  1.        ]])]","[array([[-0.48581262, -0.87378915,  0.02187755, -0.05742076],
       [ 0.87290449, -0.48630497, -0.03930942,  0.14156594],
       [ 0.0449873 , -0.        ,  0.99898756,  0.0830304 ],
       [ 0.        ,  0.        ,  0.        ,  1.        ]])]"
19,"[array([[-0.68402033, -0.72894553, -0.02746995, -0.1143077 ],
       [ 0.72835842, -0.6845717 ,  0.02925055,  0.07341777],
       [-0.04012721,  0.        ,  0.99919458,  0.08578685],
       [ 0.        ,  0.        ,  0.        ,  1.        ]])]","[array([[ 2.50231837e-01, -9.68185673e-01,  7.27803958e-04,
        -1.56708208e-01],
       [ 9.68181578e-01,  2.50232895e-01,  2.81597415e-03,
         1.30924874e-01],
       [-2.90850632e-03, -0.00000000e+00,  9.99995770e-01,
         8.34694905e-02],
       [ 0.00000000e+00,  0.00000000e+00,  0.00000000e+00,
         1.00000000e+00]])]","[array([[ 2.50231837e-01, -9.68185673e-01,  7.27803958e-04,
        -1.56708208e-01],
       [ 9.68181578e-01,  2.50232895e-01,  2.81597415e-03,
         1.30924874e-01],
       [-2.90850632e-03, -0.00000000e+00,  9.99995770e-01,
         8.34694905e-02],
       [ 0.00000000e+00,  0.00000000e+00,  0.00000000e+00,
         1.00000000e+00]])]","[array([[ 8.83952130e-03, -9.99960930e-01,  4.66580770e-05,
        -5.86406585e-02],
       [ 9.99947000e-01,  8.83964444e-03,  5.27806909e-03,
         8.04446390e-02],
       [-5.27827531e-03,  0.00000000e+00,  9.99986070e-01,
         8.52282334e-02],
       [ 0.00000000e+00,  0.00000000e+00,  0.00000000e+00,
         1.00000000e+00]])]","[array([[-0.48178233, -0.8758167 ,  0.02882535, -0.0596278 ],
       [ 0.87425331, -0.48264388, -0.05230714,  0.14153939],
       [ 0.05972385, -0.        ,  0.99821494,  0.08304278],
       [ 0.        ,  0.        ,  0.        ,  1.        ]])]","[array([[-0.48178233, -0.8758167 ,  0.02882535, -0.0596278 ],
       [ 0.87425331, -0.48264388, -0.05230714,  0.14153939],
       [ 0.05972385, -0.        ,  0.99821494,  0.08304278],
       [ 0.        ,  0.        ,  0.        ,  1.        ]])]"
20,"[array([[-0.68045688, -0.73208731, -0.03204078, -0.11441726],
       [ 0.73127706, -0.68121081,  0.03443376,  0.07339162],
       [-0.04703505,  0.        ,  0.99889324,  0.08594659],
       [ 0.        ,  0.        ,  0.        ,  1.        ]])]","[array([[ 2.51902752e-01, -9.67752378e-01,  5.80998727e-04,
        -1.56657393e-01],
       [ 9.67749804e-01,  2.51903422e-01,  2.23205741e-03,
         1.30943122e-01],
       [-2.30643443e-03, -0.00000000e+00,  9.99997340e-01,
         8.34903446e-02],
       [ 0.00000000e+00,  0.00000000e+00,  0.00000000e+00,
         1.00000000e+00]])]","[array([[ 2.51902752e-01, -9.67752378e-01,  5.80998727e-04,
        -1.56657393e-01],
       [ 9.67749804e-01,  2.51903422e-01,  2.23205741e-03,
         1.30943122e-01],
       [-2.30643443e-03, -0.00000000e+00,  9.99997340e-01,
         8.34903446e-02],
       [ 0.00000000e+00,  0.00000000e+00,  0.00000000e+00,
         1.00000000e+00]])]","[array([[ 9.37496351e-03, -9.99956052e-01,  6.45737331e-05,
        -5.86456091e-02],
       [ 9.99932332e-01,  9.37518589e-03,  6.88742559e-03,
         8.04487205e-02],
       [-6.88772829e-03,  0.00000000e+00,  9.99976279e-01,
         8.52412851e-02],
       [ 0.00000000e+00,  0.00000000e+00,  0.00000000e+00,
         1.00000000e+00]])]","[array([[-0.47963719, -0.87701958,  0.02801466, -0.05962356],
       [ 0.87552742, -0.48045464, -0.05113782,  0.14158098],
       [ 0.05830864, -0.        ,  0.9982986 ,  0.08299379],
       [ 0.        ,  0.        ,  0.        ,  1.        ]])]","[array([[-0.47963719, -0.87701958,  0.02801466, -0.05962356],
       [ 0.87552742, -0.48045464, -0.05113782,  0.14158098],
       [ 0.05830864, -0.        ,  0.9982986 ,  0.08299379],
       [ 0.        ,  0.        ,  0.        ,  1.        ]])]"
21,"[array([[-0.67768508, -0.73468674, -0.03127839, -0.11442892],
       [ 0.73390545, -0.67840651,  0.03387322,  0.07341964],
       [-0.04610567,  0.        ,  0.99893657,  0.08592777],
       [ 0.        ,  0.        ,  0.        ,  1.        ]])]","[array([[ 2.55689678e-01, -9.66758827e-01,  3.97391374e-04,
        -1.56438346e-01],
       [ 9.66757660e-01,  2.55689987e-01,  1.50252899e-03,
         1.31133711e-01],
       [-1.55419216e-03, -0.00000000e+00,  9.99998792e-01,
         8.34964233e-02],
       [ 0.00000000e+00,  0.00000000e+00,  0.00000000e+00,
         1.00000000e+00]])]","[array([[ 2.55689678e-01, -9.66758827e-01,  3.97391374e-04,
        -1.56438346e-01],
       [ 9.66757660e-01,  2.55689987e-01,  1.50252899e-03,
         1.31133711e-01],
       [-1.55419216e-03, -0.00000000e+00,  9.99998792e-01,
         8.34964233e-02],
       [ 0.00000000e+00,  0.00000000e+00,  0.00000000e+00,
         1.00000000e+00]])]","[array([[ 1.42246663e-02, -9.99898819e-01,  1.02534268e-04,
        -5.86877345e-02],
       [ 9.99872844e-01,  1.42250358e-02,  7.20728544e-03,
         8.05100955e-02],
       [-7.20801476e-03,  0.00000000e+00,  9.99974022e-01,
         8.52154595e-02],
       [ 0.00000000e+00,  0.00000000e+00,  0.00000000e+00,
         1.00000000e+00]])]","[array([[-0.4779333 , -0.87799668,  0.02648749, -0.05935718],
       [ 0.87665141, -0.47866672, -0.0485848 ,  0.14161082],
       [ 0.05533597, -0.        ,  0.99846779,  0.08291432],
       [ 0.        ,  0.        ,  0.        ,  1.        ]])]","[array([[-0.4779333 , -0.87799668,  0.02648749, -0.05935718],
       [ 0.87665141, -0.47866672, -0.0485848 ,  0.14161082],
       [ 0.05533597, -0.        ,  0.99846779,  0.08291432],
       [ 0.        ,  0.        ,  0.        ,  1.        ]])]"
22,"[array([[-0.68433439, -0.72894201, -0.01816541, -0.11416462],
       [ 0.72868533, -0.68457545,  0.01934269,  0.0737694 ],
       [-0.02653529,  0.        ,  0.99964788,  0.08528439],
       [ 0.        ,  0.        ,  0.        ,  1.        ]])]","[array([[ 2.60156766e-01, -9.65566327e-01,  3.52440374e-04,
        -1.56198034e-01],
       [ 9.65565441e-01,  2.60157005e-01,  1.30807378e-03,
         1.31364725e-01],
       [-1.35472183e-03, -0.00000000e+00,  9.99999082e-01,
         8.34960802e-02],
       [ 0.00000000e+00,  0.00000000e+00,  0.00000000e+00,
         1.00000000e+00]])]","[array([[ 2.60156766e-01, -9.65566327e-01,  3.52440374e-04,
        -1.56198034e-01],
       [ 9.65565441e-01,  2.60157005e-01,  1.30807378e-03,
         1.31364725e-01],
       [-1.35472183e-03, -0.00000000e+00,  9.99999082e-01,
         8.34960802e-02],
       [ 0.00000000e+00,  0.00000000e+00,  0.00000000e+00,
         1.00000000e+00]])]","[array([[ 1.92634557e-02, -9.99814432e-01,  1.44995915e-04,
        -5.87198545e-02],
       [ 9.99786111e-01,  1.92640014e-02,  7.52538399e-03,
         8.05707591e-02],
       [-7.52678072e-03,  0.00000000e+00,  9.99971673e-01,
         8.51755999e-02],
       [ 0.00000000e+00,  0.00000000e+00,  0.00000000e+00,
         1.00000000e+00]])]","[array([[-0.47713089, -0.87858688,  0.02076559, -0.05900681],
       [ 0.87775597, -0.47758256, -0.03820152,  0.1416436 ],
       [ 0.04348064, -0.        ,  0.99905427,  0.08310332],
       [ 0.        ,  0.        ,  0.        ,  1.        ]])]","[array([[-0.47713089, -0.87858688,  0.02076559, -0.05900681],
       [ 0.87775597, -0.47758256, -0.03820152,  0.1416436 ],
       [ 0.04348064, -0.        ,  0.99905427,  0.08310332],
       [ 0.        ,  0.        ,  0.        ,  1.        ]])]"
23,"[array([[-0.66670603, -0.74473118, -0.02964032, -0.1145191 ],
       [ 0.74399629, -0.66736457,  0.03307648,  0.07352921],
       [-0.04441399,  0.        ,  0.99901321,  0.08586587],
       [ 0.        ,  0.        ,  0.        ,  1.        ]])]","[array([[ 2.72063839e-01, -9.62279153e-01,  3.13812346e-04,
        -1.55581886e-01],
       [ 9.62278513e-01,  2.72064020e-01,  1.10994125e-03,
         1.31901831e-01],
       [-1.15345038e-03, -0.00000000e+00,  9.99999335e-01,
         8.35116797e-02],
       [ 0.00000000e+00,  0.00000000e+00,  0.00000000e+00,
         1.00000000e+00]])]","[array([[ 2.72063839e-01, -9.62279153e-01,  3.13812346e-04,
        -1.55581886e-01],
       [ 9.62278513e-01,  2.72064020e-01,  1.10994125e-03,
         1.31901831e-01],
       [-1.15345038e-03, -0.00000000e+00,  9.99999335e-01,
         8.35116797e-02],
       [ 0.00000000e+00,  0.00000000e+00,  0.00000000e+00,
         1.00000000e+00]])]","[array([[ 3.31638262e-02, -9.99449912e-01,  1.85772328e-04,
        -5.87929877e-02],
       [ 9.99434231e-01,  3.31643465e-02,  5.59848621e-03,
         8.07140068e-02],
       [-5.60156757e-03,  0.00000000e+00,  9.99984311e-01,
         8.50784751e-02],
       [ 0.00000000e+00,  0.00000000e+00,  0.00000000e+00,
         1.00000000e+00]])]","[array([[-0.46999511, -0.88246716,  0.01887617, -0.05829908],
       [ 0.8817563 , -0.47037402, -0.03541351,  0.14173551],
       [ 0.04013012, -0.        ,  0.99919446,  0.08299486],
       [ 0.        ,  0.        ,  0.        ,  1.        ]])]","[array([[-0.46999511, -0.88246716,  0.01887617, -0.05829908],
       [ 0.8817563 , -0.47037402, -0.03541351,  0.14173551],
       [ 0.04013012, -0.        ,  0.99919446,  0.08299486],
       [ 0.        ,  0.        ,  0.        ,  1.        ]])]"
24,"[array([[-0.62686056, -0.77877246, -0.02364935, -0.11460986],
       [ 0.77821884, -0.6273065 ,  0.02935959,  0.07428429],
       [-0.03769983,  0.        ,  0.99928911,  0.08549648],
       [ 0.        ,  0.        ,  0.        ,  1.        ]])]","[array([[ 0.32949658, -0.9441556 ,  0.00148589, -0.15220469],
       [ 0.944146  ,  0.32949993,  0.0042577 ,  0.13498591],
       [-0.00450953, -0.        ,  0.99998983,  0.0831154 ],
       [ 0.        ,  0.        ,  0.        ,  1.        ]])]","[array([[ 0.32949658, -0.9441556 ,  0.00148589, -0.15220469],
       [ 0.944146  ,  0.32949993,  0.0042577 ,  0.13498591],
       [-0.00450953, -0.        ,  0.99998983,  0.0831154 ],
       [ 0.        ,  0.        ,  0.        ,  1.        ]])]","[array([[ 9.63014125e-02, -9.95352183e-01,  2.64093952e-04,
        -5.87309023e-02],
       [ 9.95348440e-01,  9.63017746e-02,  2.72961213e-03,
         8.14528732e-02],
       [-2.74235810e-03,  0.00000000e+00,  9.99996240e-01,
         8.48684288e-02],
       [ 0.00000000e+00,  0.00000000e+00,  0.00000000e+00,
         1.00000000e+00]])]","[array([[-0.43287146, -0.90132042,  0.01561408, -0.05434684],
       [ 0.90073463, -0.43315298, -0.03249033,  0.14204879],
       [ 0.03604748, -0.        ,  0.99935008,  0.08259569],
       [ 0.        ,  0.        ,  0.        ,  1.        ]])]","[array([[-0.43287146, -0.90132042,  0.01561408, -0.05434684],
       [ 0.90073463, -0.43315298, -0.03249033,  0.14204879],
       [ 0.03604748, -0.        ,  0.99935008,  0.08259569],
       [ 0.        ,  0.        ,  0.        ,  1.        ]])]"
25,"[array([[-0.5135893 , -0.85788864, -0.01590958, -0.11504508],
       [ 0.85747733, -0.51383565,  0.02656228,  0.07568863],
       [-0.03096238,  0.        ,  0.99952055,  0.08508756],
       [ 0.        ,  0.        ,  0.        ,  1.        ]])]","[array([[ 3.56674508e-01, -9.34228708e-01, -1.25107754e-04,
        -1.44303279e-01],
       [ 9.34228651e-01,  3.56674530e-01, -3.27691621e-04,
         1.40636564e-01],
       [ 3.50761669e-04, -0.00000000e+00,  9.99999938e-01,
         8.26528458e-02],
       [ 0.00000000e+00,  0.00000000e+00,  0.00000000e+00,
