,transforms
0,"[array([[ 0.16676699, -0.9851905 ,  0.00145216, -0.0744995 ],
       [ 0.9859645 ,  0.17143962, -0.00828154,  0.1476445 ],
       [ 0.00792341,  0.00285054,  0.99996465,  0.1045395 ],
       [ 0.        ,  0.        ,  0.        ,  1.        ]])]"
1,"[array([[ 0.16683447, -0.98517473,  0.00134276, -0.0745005 ],
       [ 0.98595375,  0.17153225, -0.00817788,  0.1476435 ],
       [ 0.00783926,  0.00272572,  0.99996566,  0.1045395 ],
       [ 0.        ,  0.        ,  0.        ,  1.        ]])]"
2,"[array([[ 0.16672553, -0.98517176,  0.00174868, -0.0744995 ],
       [ 0.98596948,  0.17154124, -0.00858326,  0.147646  ],
       [ 0.00817159,  0.00319525,  0.99996163,  0.104538  ],
       [ 0.        ,  0.        ,  0.        ,  1.        ]])]"
3,"[array([[ 0.16688856, -0.98515339,  0.00169077, -0.074502  ],
       [ 0.98594359,  0.1716484 , -0.0083644 ,  0.1476465 ],
       [ 0.00796495,  0.00310151,  0.99996359,  0.1045415 ],
       [ 0.        ,  0.        ,  0.        ,  1.        ]])]"
4,"[array([[ 0.16687467, -0.98515703,  0.001608  , -0.074504  ],
       [ 0.98594493,  0.17162862, -0.00847655,  0.147643  ],
       [ 0.00808938,  0.00303906,  0.99996278,  0.1045395 ],
       [ 0.        ,  0.        ,  0.        ,  1.        ]])]"
5,"[array([[ 0.16675339, -0.98518729,  0.00162115, -0.0745    ],
       [ 0.98596747,  0.17145542, -0.00822484,  0.1476435 ],
       [ 0.00783937,  0.00300744,  0.99996486,  0.104542  ],
       [ 0.        ,  0.        ,  0.        ,  1.        ]])]"
6,"[array([[ 0.16687484, -0.98514513,  0.00175257, -0.0745005 ],
       [ 0.98594592,  0.17169466, -0.00837415,  0.14765   ],
       [ 0.00796429,  0.00316445,  0.9999634 ,  0.1045455 ],
       [ 0.        ,  0.        ,  0.        ,  1.        ]])]"
7,"[array([[ 0.16677308, -0.98516538,  0.0015228 , -0.0744965 ],
       [ 0.98596247,  0.17158237, -0.00841865,  0.1476455 ],
       [ 0.0080468 ,  0.00294481,  0.9999634 ,  0.104544  ],
       [ 0.        ,  0.        ,  0.        ,  1.        ]])]"
8,"[array([[ 0.16675317, -0.98515463,  0.00149892, -0.0744955 ],
       [ 0.98596617,  0.17164457, -0.00837332,  0.147647  ],
       [ 0.00800615,  0.00291401,  0.99996382,  0.1045425 ],
       [ 0.        ,  0.        ,  0.        ,  1.        ]])]"
9,"[array([[ 0.16644895, -0.98515271,  0.00169783, -0.0745025 ],
       [ 0.98601825,  0.17165231, -0.00832082,  0.147646  ],
       [ 0.00792217,  0.00310102,  0.99996394,  0.1045445 ],
       [ 0.        ,  0.        ,  0.        ,  1.        ]])]"
10,"[array([[ 0.16685443, -0.98515216,  0.00158853, -0.074504  ],
       [ 0.98595039,  0.17165767, -0.00821848,  0.147643  ],
       [ 0.00783824,  0.00297582,  0.99996497,  0.1045435 ],
       [ 0.        ,  0.        ,  0.        ,  1.        ]])]"
11,"[array([[ 0.16673951, -0.98516883,  0.00153742, -0.0745105 ],
       [ 0.98596882,  0.17156255, -0.00833684,  0.147637  ],
       [ 0.0079638 ,  0.00294501,  0.99996407,  0.104542  ],
       [ 0.        ,  0.        ,  0.        ,  1.        ]])]"
12,"[array([[ 0.16666507, -0.98518577,  0.00153985, -0.074505  ],
       [ 0.98598004,  0.17146467, -0.00850662,  0.147642  ],
       [ 0.00813102,  0.00297573,  0.99996263,  0.1045405 ],
       [ 0.        ,  0.        ,  0.        ,  1.        ]])]"
13,"[array([[ 0.16692218, -0.98517569,  0.00162287, -0.0745035 ],
       [ 0.98593757,  0.17152151, -0.00839491,  0.1476455 ],
       [ 0.00800626,  0.00303883,  0.99996345,  0.1045425 ],
       [ 0.        ,  0.        ,  0.        ,  1.        ]])]"
14,"[array([[ 0.16554297, -0.98535918,  0.00148731, -0.0745615 ],
       [ 0.98616906,  0.17046642, -0.0084946 ,  0.1476485 ],
       [ 0.0081312 ,  0.00291369,  0.99996281,  0.1045405 ],
       [ 0.        ,  0.        ,  0.        ,  1.        ]])]"
15,"[array([[ 0.11307323, -0.99302181,  0.0016053 , -0.07818   ],
       [ 0.99356017,  0.11790488, -0.0074842 ,  0.1487635 ],
       [ 0.0072547 ,  0.0024766 ,  0.9999707 ,  0.1045275 ],
       [ 0.        ,  0.        ,  0.        ,  1.        ]])]"
16,"[array([[-0.03222098, -0.99935421, -0.00298267, -0.08829   ],
       [ 0.99947548, -0.0357986 , -0.0033491 ,  0.1487955 ],
       [ 0.00325128, -0.00310067,  0.99998994,  0.1043845 ],
       [ 0.        ,  0.        ,  0.        ,  1.        ]])]"
17,"[array([[-0.13487331, -0.99030754, -0.00484101, -0.094955  ],
       [ 0.99083539, -0.13876582, -0.00810405,  0.1471165 ],
       [ 0.00737719, -0.00591892,  0.99995544,  0.1045245 ],
       [ 0.        ,  0.        ,  0.        ,  1.        ]])]"
18,"[array([[-0.17741064, -0.98293657, -0.00905969, -0.098801  ],
       [ 0.98397427, -0.18351662, -0.01981174,  0.145779  ],
       [ 0.0178912 , -0.01254386,  0.99976268,  0.10494   ],
       [ 0.        ,  0.        ,  0.        ,  1.        ]])]"
19,"[array([[-0.19914613, -0.97819873, -0.01461959, -0.1006245 ],
       [ 0.97973684, -0.20675998, -0.02477162,  0.145     ],
       [ 0.02136707, -0.01943068,  0.99958623,  0.1052495 ],
       [ 0.        ,  0.        ,  0.        ,  1.        ]])]"
20,"[array([[-0.19960866, -0.97817624, -0.01280066, -0.1004415 ],
       [ 0.97964888, -0.20703682, -0.02412031,  0.1450465 ],
       [ 0.02108217, -0.01752163,  0.99962711,  0.105231  ],
       [ 0.        ,  0.        ,  0.        ,  1.        ]])]"
21,"[array([[-0.19688771, -0.97871116, -0.00869409, -0.0999725 ],
       [ 0.98019762, -0.20481161, -0.02332978,  0.1451845 ],
       [ 0.02116259, -0.01329133,  0.99969002,  0.1051815 ],
       [ 0.        ,  0.        ,  0.        ,  1.        ]])]"
22,"[array([[-0.19166163, -0.97997988, -0.00143001, -0.099521  ],
       [ 0.98115884, -0.19899374, -0.02509374,  0.145288  ],
       [ 0.02435456, -0.0063969 ,  0.99968408,  0.105079  ],
       [ 0.        ,  0.        ,  0.        ,  1.        ]])]"
23,"[array([[-0.18988292, -0.98060547,  0.00176856, -0.0985025 ],
       [ 0.98157622, -0.19597686, -0.02132645,  0.145622  ],
       [ 0.02127423, -0.00244579,  0.999771  ,  0.105004  ],
       [ 0.        ,  0.        ,  0.        ,  1.        ]])]"
24,"[array([[-1.78386450e-01, -9.83107610e-01,  1.43271357e-03,
        -9.39230000e-02],
       [ 9.83919280e-01, -1.83028353e-01, -8.89396874e-03,
         1.47131500e-01],
       [ 9.00688950e-03, -2.19345741e-04,  9.99959422e-01,
         1.04577500e-01],
       [ 0.00000000e+00,  0.00000000e+00,  0.00000000e+00,
         1.00000000e+00]])]"
25,"[array([[-0.11059519, -0.99333725, -0.00348454, -0.0864    ],
       [ 0.99385715, -0.11517499, -0.00449515,  0.149882  ],
       [ 0.00408223, -0.00397911,  0.99998383,  0.1044545 ],
       [ 0.        ,  0.        ,  0.        ,  1.        ]])]"
26,"[array([[-3.06543385e-02, -9.99500383e-01,  9.90420348e-04,
        -7.93205000e-02],
       [ 9.99514695e-01, -3.15961979e-02, -5.51166619e-03,
         1.51322500e-01],
       [ 5.53943889e-03,  8.15790612e-04,  9.99984320e-01,
         1.04573000e-01],
       [ 0.00000000e+00,  0.00000000e+00,  0.00000000e+00,
         1.00000000e+00]])]"
27,"[array([[ 0.04392302, -0.99900352,  0.00422036, -0.0732685 ],
       [ 0.99903004,  0.0444176 , -0.00331103,  0.1515335 ],
       [ 0.00312249,  0.00436328,  0.99998561,  0.1047025 ],
       [ 0.        ,  0.        ,  0.        ,  1.        ]])]"
28,"[array([[ 0.10894744, -0.99564874, -0.00608482, -0.0667625 ],
       [ 0.99402446,  0.09294068,  0.00747709,  0.1517365 ],
       [-0.00676979, -0.00675358,  0.99995353,  0.104812  ],
       [ 0.        ,  0.        ,  0.        ,  1.        ]])]"
29,"[array([[ 1.40510800e-01, -9.91458128e-01, -2.49989174e-03,
        -6.15585000e-02],
       [ 9.90078790e-01,  1.30403035e-01, -4.92745048e-04,
         1.51046500e-01],
       [ 8.39120934e-04, -2.41429037e-03,  9.99996754e-01,
         1.04812500e-01],
       [ 0.00000000e+00,  0.00000000e+00,  0.00000000e+00,
         1.00000000e+00]])]"
30,"[array([[ 0.1879986 , -0.98390912, -0.00745572, -0.055799  ],
       [ 0.98216678,  0.17849068,  0.00369151,  0.1499935 ],
       [-0.00222409, -0.00799493,  0.99996539,  0.1046585 ],
       [ 0.        ,  0.        ,  0.        ,  1.        ]])]"
31,"[array([[ 0.2147711 , -0.97875414, -0.00727871, -0.053974  ],
       [ 0.97666318,  0.2048898 ,  0.0031897 ,  0.1488705 ],
       [-0.00155206, -0.00777785,  0.99996842,  0.104672  ],
       [ 0.        ,  0.        ,  0.        ,  1.        ]])]"
32,"[array([[ 0.22630584, -0.97617033, -0.00769506, -0.053335  ],
       [ 0.97405525,  0.21685007,  0.00325278,  0.148378  ],
       [-0.001427  , -0.00821734,  0.9999651 ,  0.104687  ],
       [ 0.        ,  0.        ,  0.        ,  1.        ]])]"
33,"[array([[ 0.2295348 , -0.97542835, -0.00708873, -0.0540735 ],
       [ 0.9732997 ,  0.2201872 ,  0.00292155,  0.1484225 ],
       [-0.00121647, -0.00755806,  0.99997061,  0.1046695 ],
       [ 0.        ,  0.        ,  0.        ,  1.        ]])]"
34,"[array([[ 0.2264772 , -0.97630088, -0.00696241, -0.057276  ],
       [ 0.9740156 ,  0.21628984,  0.00295443,  0.1490995 ],
       [-0.00130087, -0.00743663,  0.9999714 ,  0.1046435 ],
       [ 0.        ,  0.        ,  0.        ,  1.        ]])]"
35,"[array([[ 0.19693123, -0.98105928, -0.00402082, -0.0645455 ],
       [ 0.98041122,  0.19367758, -0.00271553,  0.1495455 ],
       [ 0.0034542 , -0.00341876,  0.99998823,  0.1045405 ],
       [ 0.        ,  0.        ,  0.        ,  1.        ]])]"
36,"[array([[ 0.12102995, -0.99223802,  0.00210399, -0.0759655 ],
       [ 0.99263711,  0.12432334, -0.00512182,  0.149486  ],
       [ 0.00482954,  0.00272447,  0.99998467,  0.1045395 ],
       [ 0.        ,  0.        ,  0.        ,  1.        ]])]"
37,"[array([[ 0.01083083, -0.99997306, -0.00293657, -0.08423   ],
       [ 0.99993565,  0.00673667, -0.0033426 ,  0.1493245 ],
       [ 0.00337422, -0.002914  ,  0.9999901 ,  0.1044095 ],
       [ 0.        ,  0.        ,  0.        ,  1.        ]])]"
38,"[array([[-0.05247759, -0.99834422, -0.00283999, -0.0888555 ],
       [ 0.99861639, -0.05744199, -0.00353012,  0.148543  ],
       [ 0.00337624, -0.0030381 ,  0.99998974,  0.1043785 ],
       [ 0.        ,  0.        ,  0.        ,  1.        ]])]"
39,"[array([[-0.12100803, -0.99210386, -0.00414311, -0.0933085 ],
       [ 0.99264916, -0.12534014, -0.00268789,  0.147591  ],
       [ 0.00216681, -0.00444735,  0.9999878 ,  0.104381  ],
       [ 0.        ,  0.        ,  0.        ,  1.        ]])]"
40,"[array([[-0.15815991, -0.98668178, -0.00427473, -0.097027  ],
       [ 0.98733156, -0.16253552, -0.01356788,  0.1465675 ],
       [ 0.01272119, -0.00642371,  0.99989881,  0.1046735 ],
       [ 0.        ,  0.        ,  0.        ,  1.        ]])]"
41,"[array([[-0.17470742, -0.98340449, -0.00819617, -0.0990635 ],
       [ 0.98449088, -0.18107668, -0.01767266,  0.145965  ],
       [ 0.01596968, -0.01126239,  0.99981023,  0.1048775 ],
       [ 0.        ,  0.        ,  0.        ,  1.        ]])]"
42,"[array([[-0.18235148, -0.98209905, -0.00814968, -0.099503  ],
       [ 0.98303797, -0.18798014, -0.02144795,  0.145668  ],
       [ 0.0196032 , -0.01203875,  0.99973675,  0.104975  ],
       [ 0.        ,  0.        ,  0.        ,  1.        ]])]"
43,"[array([[-0.18337877, -0.98182889, -0.00819734, -0.099522  ],
       [ 0.98284513, -0.18938004, -0.02155723,  0.145634  ],
       [ 0.01968944, -0.01213412,  0.99973401,  0.1049775 ],
       [ 0.        ,  0.        ,  0.        ,  1.        ]])]"
44,"[array([[-0.18250483, -0.98196304, -0.00749842, -0.099439  ],
       [ 0.98300704, -0.18872808, -0.02145485,  0.145665  ],
       [ 0.01972687, -0.01141526,  0.9997417 ,  0.104962  ],
       [ 0.        ,  0.        ,  0.        ,  1.        ]])]"
45,"[array([[-0.18369859, -0.9817451 , -0.00806233, -0.099536  ],
       [ 0.98278535, -0.18982203, -0.02153904,  0.1456175 ],
       [ 0.01969242, -0.01200691,  0.9997355 ,  0.1049815 ],
       [ 0.        ,  0.        ,  0.        ,  1.        ]])]"
46,"[array([[-0.18193617, -0.98212624, -0.00580571, -0.099257  ],
       [ 0.98311417, -0.1879753 , -0.02104759,  0.1457015 ],
       [ 0.0196406 , -0.00966067,  0.99976162,  0.104946  ],
       [ 0.        ,  0.        ,  0.        ,  1.        ]])]"
47,"[array([[-1.78004431e-01, -9.82890635e-01, -3.43873463e-04,
        -9.78435000e-02],
       [ 9.83904058e-01, -1.84160686e-01, -1.60408259e-02,
         1.46142500e-01],
       [ 1.57234467e-02, -3.29250332e-03,  9.99871279e-01,
         1.04828500e-01],
       [ 0.00000000e+00,  0.00000000e+00,  0.00000000e+00,
         1.00000000e+00]])]"
48,"[array([[-0.16955782, -0.98476896, -0.00150965, -0.093652  ],
       [ 0.98550272, -0.17384909, -0.00622307,  0.14729   ],
       [ 0.005877  , -0.00256858,  0.9999795 ,  0.10448   ],
       [ 0.        ,  0.        ,  0.        ,  1.        ]])]"
49,"[array([[-0.12899972, -0.99121548, -0.00457478, -0.086967  ],
       [ 0.99163588, -0.1321558 , -0.00479548,  0.1490425 ],
       [ 0.00416531, -0.00516845,  0.99997804,  0.1044775 ],
       [ 0.        ,  0.        ,  0.        ,  1.        ]])]"
50,"[array([[-4.13215829e-02, -9.99215526e-01,  1.08148531e-03,
        -7.87075000e-02],
       [ 9.99132548e-01, -3.95924458e-02, -5.12488392e-03,
         1.51153500e-01],
       [ 5.16519786e-03,  8.77742266e-04,  9.99986283e-01,
         1.04600000e-01],
       [ 0.00000000e+00,  0.00000000e+00,  0.00000000e+00,
         1.00000000e+00]])]"
51,"[array([[ 0.02826682, -0.99956015,  0.00589878, -0.0731865 ],
       [ 0.99957985,  0.02902506, -0.00658029,  0.1514395 ],
       [ 0.00641103,  0.00608742,  0.99996095,  0.104818  ],
       [ 0.        ,  0.        ,  0.        ,  1.        ]])]"
52,"[array([[ 0.03034937, -0.99954855,  0.00373719, -0.073571  ],
       [ 0.99953085,  0.02979556, -0.00423686,  0.1515585 ],
       [ 0.00412152,  0.00386181,  0.99998404,  0.1046875 ],
       [ 0.        ,  0.        ,  0.        ,  1.        ]])]"
53,"[array([[ 0.02859892, -0.99960009,  0.00182128, -0.0740565 ],
       [ 0.99958862,  0.02821566, -0.00221768,  0.1516385 ],
       [ 0.00216469,  0.00188314,  0.99999588,  0.104626  ],
       [ 0.        ,  0.        ,  0.        ,  1.        ]])]"
54,"[array([[ 2.33936729e-02, -9.99732810e-01,  2.25190143e-04,
        -7.64290000e-02],
       [ 9.99725699e-01,  2.31137572e-02, -1.12947241e-03,
         1.51784000e-01],
       [ 1.12389532e-03,  2.51236492e-04,  9.99999337e-01,
         1.04569000e-01],
       [ 0.00000000e+00,  0.00000000e+00,  0.00000000e+00,
         1.00000000e+00]])]"
55,"[array([[ 0.00791407, -0.99999064, -0.0023615 , -0.080885  ],
       [ 0.99996313,  0.00363382, -0.00331364,  0.151751  ],
       [ 0.00333224, -0.00234945,  0.99999172,  0.1044245 ],
       [ 0.        ,  0.        ,  0.        ,  1.        ]])]"
56,"[array([[-0.0541389 , -0.99837493, -0.00290585, -0.0900455 ],
       [ 0.99852952, -0.05690415, -0.00295187,  0.1508955 ],
       [ 0.00279024, -0.00306913,  0.99999142,  0.104377  ],
       [ 0.        ,  0.        ,  0.        ,  1.        ]])]"
57,"[array([[-0.11938496, -0.99227052, -0.0017738 , -0.0972415 ],
       [ 0.99284602, -0.1240769 , -0.00222857,  0.149165  ],
       [ 0.00200087, -0.00203662,  0.99999594,  0.1043515 ],
       [ 0.        ,  0.        ,  0.        ,  1.        ]])]"
58,"[array([[-0.19099681, -0.97994499, -0.0085056 , -0.102705  ],
       [ 0.98154404, -0.19898583, -0.01140061,  0.1462485 ],
       [ 0.00956662, -0.01060465,  0.99989884,  0.1048445 ],
       [ 0.        ,  0.        ,  0.        ,  1.        ]])]"
59,"[array([[-0.1922146 , -0.97970583, -0.00711819, -0.102612  ],
       [ 0.9812973 , -0.20022089, -0.0120402 ,  0.146206  ],
       [ 0.01044781, -0.00938535,  0.99990218,  0.104861  ],
       [ 0.        ,  0.        ,  0.        ,  1.        ]])]"
60,"[array([[-0.19099496, -0.97998249, -0.00601216, -0.102481  ],
       [ 0.98153452, -0.19891229, -0.01189865,  0.146247  ],
       [ 0.01053158, -0.00825933,  0.99991113,  0.104853  ],
       [ 0.        ,  0.        ,  0.        ,  1.        ]])]"
61,"[array([[-0.18919082, -0.98033647, -0.00473319, -0.10209   ],
       [ 0.98189449, -0.19721857, -0.01057524,  0.146415  ],
       [ 0.00948893, -0.0067262 ,  0.99993288,  0.1048155 ],
       [ 0.        ,  0.        ,  0.        ,  1.        ]])]"
62,"[array([[-0.18970943, -0.98027308, -0.00481612, -0.102108  ],
       [ 0.98179565, -0.19753125, -0.01046518,  0.146415  ],
       [ 0.00936163, -0.00678877,  0.99993364,  0.1048125 ],
       [ 0.        ,  0.        ,  0.        ,  1.        ]])]"
63,"[array([[-0.18908475, -0.98035565, -0.00220897, -0.101693  ],
       [ 0.98192191, -0.19719726, -0.00932184,  0.146539  ],
       [ 0.00873603, -0.00400401,  0.99995411,  0.104808  ],
       [ 0.        ,  0.        ,  0.        ,  1.        ]])]"
64,"[array([[-0.18578519, -0.98115796, -0.00251985, -0.1002795 ],
       [ 0.98258231, -0.19317828, -0.0045293 ,  0.1469845 ],
       [ 0.00398231, -0.00334738,  0.99998657,  0.1047075 ],
       [ 0.        ,  0.        ,  0.        ,  1.        ]])]"
65,"[array([[-0.17998886, -0.98298118, -0.00255091, -0.096968  ],
       [ 0.98366686, -0.18368271, -0.0023732 ,  0.147693  ],
       [ 0.00187532, -0.00294343,  0.99999393,  0.104334  ],
       [ 0.        ,  0.        ,  0.        ,  1.        ]])]"
66,"[array([[-0.169594  , -0.98473129, -0.0018859 , -0.093433  ],
       [ 0.98551246, -0.17406708, -0.00210081,  0.148328  ],
       [ 0.00175054, -0.0022228 ,  0.99999601,  0.1043525 ],
       [ 0.        ,  0.        ,  0.        ,  1.        ]])]"
67,"[array([[-0.11422989, -0.99305081, -0.00115006, -0.0873095 ],
       [ 0.99345006, -0.11767682, -0.0030676 ,  0.149927  ],
       [ 0.00291615, -0.00150306,  0.99999463,  0.104409  ],
       [ 0.        ,  0.        ,  0.        ,  1.        ]])]"
68,"[array([[-3.08615249e-02, -9.99517326e-01,  3.09134469e-04,
        -7.98595000e-02],
       [ 9.99521913e-01, -3.10652734e-02, -1.86552985e-03,
         1.51261000e-01],
       [ 1.87418168e-03,  2.51032512e-04,  9.99998212e-01,
         1.04480000e-01],
       [ 0.00000000e+00,  0.00000000e+00,  0.00000000e+00,
         1.00000000e+00]])]"
69,"[array([[-0.02649612, -0.99954978, -0.00323709, -0.0799775 ],
       [ 0.99964513, -0.02981954, -0.00283635,  0.151043  ],
       [ 0.0027496 , -0.00332024,  0.99999074,  0.104438  ],
       [ 0.        ,  0.        ,  0.        ,  1.        ]])]"
70,"[array([[-0.03112017, -0.99938784, -0.00327874, -0.0817755 ],
       [ 0.9995114 , -0.03482122, -0.0030197 ,  0.150662  ],
       [ 0.00291621, -0.00338192,  0.99999007,  0.104424  ],
       [ 0.        ,  0.        ,  0.        ,  1.        ]])]"
71,"[array([[-0.03400004, -0.99927511, -0.00345983, -0.082194  ],
       [ 0.9994177 , -0.03790116, -0.00299435,  0.150507  ],
       [ 0.002875  , -0.00357085,  0.99998953,  0.104422  ],
       [ 0.        ,  0.        ,  0.        ,  1.        ]])]"
72,"[array([[-0.03377226, -0.99928229, -0.00334082, -0.082294  ],
       [ 0.99942578, -0.03772295, -0.00286287,  0.150475  ],
       [ 0.00274842, -0.00344645,  0.99999032,  0.104423  ],
       [ 0.        ,  0.        ,  0.        ,  1.        ]])]"
73,"[array([[-0.03460555, -0.99923782, -0.00310924, -0.082452  ],
       [ 0.99939667, -0.03890206, -0.00306609,  0.150441  ],
       [ 0.00295667, -0.00322618,  0.99999047,  0.1044165 ],
       [ 0.        ,  0.        ,  0.        ,  1.        ]])]"
74,"[array([[-2.63811763e-02, -9.99555792e-01, -4.84736862e-04,
        -8.00830000e-02],
       [ 9.99650702e-01, -2.97982437e-02, -1.59704767e-03,
         1.50727000e-01],
       [ 1.58370411e-03, -5.32111495e-04,  9.99998607e-01,
         1.04476500e-01],
       [ 0.00000000e+00,  0.00000000e+00,  0.00000000e+00,
         1.00000000e+00]])]"
75,"[array([[ 0.0438579 , -0.99899118,  0.00434811, -0.0724245 ],
       [ 0.99903646,  0.04468832, -0.00181526,  0.151373  ],
       [ 0.00162283,  0.0044249 ,  0.9999889 ,  0.1046645 ],
       [ 0.        ,  0.        ,  0.        ,  1.        ]])]"
76,"[array([[ 0.10943372, -0.99541637, -0.00778797, -0.066115  ],
       [ 0.99393546,  0.09522389,  0.01171861,  0.1512195 ],
       [-0.01079634, -0.00886905,  0.99990101,  0.1047235 ],
       [ 0.        ,  0.        ,  0.        ,  1.        ]])]"
77,"[array([[ 0.14638249, -0.99053442, -0.006613  , -0.060713  ],
       [ 0.98922507,  0.13708485,  0.00343842,  0.1503175 ],
       [-0.00243341, -0.00702195,  0.99997222,  0.104625  ],
       [ 0.        ,  0.        ,  0.        ,  1.        ]])]"
78,"[array([[ 0.20631692, -0.98049545, -0.00758043, -0.0552255 ],
       [ 0.97848371,  0.1963751 ,  0.0033572 ,  0.1482755 ],
       [-0.00172106, -0.00809212,  0.99996563,  0.104661  ],
       [ 0.        ,  0.        ,  0.        ,  1.        ]])]"
79,"[array([[ 2.32498046e-01, -9.75095545e-01, -7.36257963e-03,
        -5.31590000e-02],
       [ 9.72596536e-01,  2.21649712e-01,  2.57998146e-03,
         1.47615500e-01],
       [-7.97519925e-04, -7.75130663e-03,  9.99969568e-01,
         1.04692500e-01],
       [ 0.00000000e+00,  0.00000000e+00,  0.00000000e+00,
         1.00000000e+00]])]"
80,"[array([[ 2.38809777e-01, -9.73272203e-01, -7.73514919e-03,
        -5.23270000e-02],
       [ 9.71064611e-01,  2.29531126e-01,  2.84444973e-07,
         1.47356500e-01],
       [ 1.84700830e-03, -7.52869621e-03,  9.99970083e-01,
         1.04789000e-01],
       [ 0.00000000e+00,  0.00000000e+00,  0.00000000e+00,
         1.00000000e+00]])]"
81,"[array([[ 0.24173351, -0.97255938, -0.00749207, -0.0518145 ],
       [ 0.97033048,  0.23256241, -0.00314612,  0.1471355 ],
       [ 0.00486402, -0.00655503,  0.99996698,  0.1048405 ],
       [ 0.        ,  0.        ,  0.        ,  1.        ]])]"
82,"[array([[ 0.24595901, -0.9716348 , -0.00538142, -0.050694  ],
       [ 0.96922961,  0.23646562, -0.00885381,  0.146604  ],
       [ 0.00990552, -0.00313532,  0.99994632,  0.105038  ],
       [ 0.        ,  0.        ,  0.        ,  1.        ]])]"
83,"[array([[ 0.24511134, -0.97185601, -0.00830492, -0.0509735 ],
       [ 0.96944894,  0.23549217, -0.0076407 ,  0.1466605 ],
       [ 0.0094435 , -0.00627226,  0.99993632,  0.105009  ],
       [ 0.        ,  0.        ,  0.        ,  1.        ]])]"
84,"[array([[ 0.24749058, -0.97043674, -0.00161502, -0.049793  ],
       [ 0.96873448,  0.24134095, -0.01752126,  0.1460575 ],
       [ 0.01737584,  0.00266173,  0.99984519,  0.1051785 ],
       [ 0.        ,  0.        ,  0.        ,  1.        ]])]"
85,"[array([[ 0.25231165, -0.96837666,  0.00210958, -0.0489685 ],
       [ 0.96727791,  0.24932823, -0.02813055,  0.1454255 ],
       [ 0.02668841,  0.00906021,  0.99960203,  0.1053065 ],
       [ 0.        ,  0.        ,  0.        ,  1.        ]])]"
86,"[array([[ 0.26241325, -0.96531708,  0.009808  , -0.0474995 ],
       [ 0.964251  ,  0.26030354, -0.04087093,  0.1441875 ],
       [ 0.03686867,  0.02012447,  0.99911629,  0.1057345 ],
       [ 0.        ,  0.        ,  0.        ,  1.        ]])]"
87,"[array([[ 0.28207501, -0.95999489,  0.00903858, -0.0467685 ],
       [ 0.95803855,  0.27896377, -0.05575717,  0.142755  ],
       [ 0.0509493 ,  0.02426997,  0.99840345,  0.1061145 ],
       [ 0.        ,  0.        ,  0.        ,  1.        ]])]"
88,"[array([[ 0.2793679 , -0.96068453,  0.0031527 , -0.0475495 ],
       [ 0.95879662,  0.27704524, -0.05465599,  0.1429565 ],
       [ 0.0516006 ,  0.01819822,  0.99850027,  0.1060095 ],
       [ 0.        ,  0.        ,  0.        ,  1.        ]])]"
89,"[array([[ 0.27821415, -0.96131459,  0.00259451, -0.0476325 ],
       [ 0.9591637 ,  0.27490746, -0.0538556 ,  0.1430345 ],
       [ 0.05100871,  0.01732465,  0.99854536,  0.1059915 ],
       [ 0.        ,  0.        ,  0.        ,  1.        ]])]"
90,"[array([[ 2.78021591e-01, -9.61358002e-01, -1.92245964e-04,
        -4.79040000e-02],
       [ 9.59222403e-01,  2.74924215e-01, -5.29904369e-02,
         1.43106000e-01],
       [ 5.09546540e-02,  1.44037744e-02,  9.98595001e-01,
         1.05975000e-01],
       [ 0.00000000e+00,  0.00000000e+00,  0.00000000e+00,
         1.00000000e+00]])]"
91,"[array([[ 2.76934806e-01, -9.61639800e-01, -3.79350558e-04,
        -4.79490000e-02],
       [ 9.59565771e-01,  2.73958073e-01, -5.23472546e-02,
         1.43162000e-01],
       [ 5.04048007e-02,  1.39953438e-02,  9.98628871e-01,
         1.05961500e-01],
       [ 0.00000000e+00,  0.00000000e+00,  0.00000000e+00,
         1.00000000e+00]])]"
92,"[array([[ 2.77500561e-01, -9.61465129e-01, -1.04890445e-04,
        -4.79115000e-02],
       [ 9.59380504e-01,  2.74547778e-01, -5.28653710e-02,
         1.43128500e-01],
       [ 5.08181754e-02,  1.44334047e-02,  9.98601643e-01,
         1.05966500e-01],
       [ 0.00000000e+00,  0.00000000e+00,  0.00000000e+00,
         1.00000000e+00]])]"
93,"[array([[ 2.76363223e-01, -9.61663273e-01,  1.63386176e-04,
        -4.79020000e-02],
       [ 9.59814390e-01,  2.73870829e-01, -5.08060584e-02,
         1.43263500e-01],
       [ 4.87822331e-02,  1.40896162e-02,  9.98708525e-01,
         1.05923000e-01],
       [ 0.00000000e+00,  0.00000000e+00,  0.00000000e+00,
         1.00000000e+00]])]"
94,"[array([[ 0.27345276, -0.9624769 , -0.00213992, -0.048312  ],
       [ 0.96085426,  0.27116659, -0.04568376,  0.1437065 ],
       [ 0.04452719,  0.01033911,  0.99895366,  0.105773  ],
       [ 0.        ,  0.        ,  0.        ,  1.        ]])]"
95,"[array([[ 0.27195876, -0.96314543, -0.00549385, -0.049013  ],
       [ 0.96147624,  0.26892534, -0.04003899,  0.1442015 ],
       [ 0.04002333,  0.0054806 ,  0.99918301,  0.1056265 ],
       [ 0.        ,  0.        ,  0.        ,  1.        ]])]"
96,"[array([[ 0.26942159, -0.96353558, -0.00815594, -0.050206  ],
       [ 0.96234492,  0.26757567, -0.0352197 ,  0.1446985 ],
       [ 0.03611449,  0.00156642,  0.99934631,  0.105482  ],
       [ 0.        ,  0.        ,  0.        ,  1.        ]])]"
97,"[array([[ 0.26709138, -0.96658987, -0.01085526, -0.052736  ],
       [ 0.96346978,  0.25625711, -0.0174355 ,  0.1457235 ],
       [ 0.01970209, -0.00602589,  0.99978906,  0.105294  ],
       [ 0.        ,  0.        ,  0.        ,  1.        ]])]"
98,"[array([[ 0.25591974, -0.9689808 , -0.01009828, -0.0560725 ],
       [ 0.9666495 ,  0.24700741, -0.00734653,  0.1467105 ],
       [ 0.00968662, -0.00797102,  0.99992202,  0.104974  ],
       [ 0.        ,  0.        ,  0.        ,  1.        ]])]"
99,"[array([[ 0.23880174, -0.97352035, -0.00807234, -0.060009  ],
       [ 0.97106834,  0.22844918,  0.00198512,  0.1475825 ],
       [ 0.        , -0.00831238,  0.99996545,  0.1046725 ],
       [ 0.        ,  0.        ,  0.        ,  1.        ]])]"
100,"[array([[ 0.21309206, -0.97787455, -0.0047161 , -0.0660815 ],
       [ 0.97702586,  0.20915241, -0.002551  ,  0.1476785 ],
       [ 0.00349741, -0.00407827,  0.99998563,  0.104531  ],
       [ 0.        ,  0.        ,  0.        ,  1.        ]])]"
101,"[array([[ 1.68326638e-01, -9.84962637e-01,  4.38730089e-04,
        -7.33805000e-02],
       [ 9.85698780e-01,  1.72757604e-01, -8.19441458e-03,
         1.47630000e-01],
       [ 8.00364399e-03,  1.84784240e-03,  9.99966329e-01,
         1.04552500e-01],
       [ 0.00000000e+00,  0.00000000e+00,  0.00000000e+00,
         1.00000000e+00]])]"
102,"[array([[ 0.139759  , -0.98955432,  0.00125318, -0.076133  ],
       [ 0.99015419,  0.14414028, -0.00813518,  0.147686  ],
       [ 0.00788021,  0.00241278,  0.99996612,  0.1045385 ],
       [ 0.        ,  0.        ,  0.        ,  1.        ]])]"
103,"[array([[ 0.12701647, -0.99133545,  0.00150421, -0.0771795 ],
       [ 0.99187063,  0.13133009, -0.00796744,  0.147727  ],
       [ 0.00771186,  0.00253763,  0.99996713,  0.1045295 ],
       [ 0.        ,  0.        ,  0.        ,  1.        ]])]"
104,"[array([[ 0.13013407, -0.99087803,  0.0019423 , -0.075858  ],
       [ 0.99146988,  0.13472959, -0.00756994,  0.1477245 ],
       [ 0.00725283,  0.00294457,  0.99996946,  0.104537  ],
       [ 0.        ,  0.        ,  0.        ,  1.        ]])]"
105,"[array([[ 0.13017481, -0.99090791,  0.00132078, -0.0758705 ],
       [ 0.99146267,  0.13452132, -0.00774066,  0.1476825 ],
       [ 0.00750287,  0.00235013,  0.99996917,  0.1045365 ],
       [ 0.        ,  0.        ,  0.        ,  1.        ]])]"
106,"[array([[ 0.12974023, -0.99090178,  0.00158539, -0.075833  ],
       [ 0.99152056,  0.13456188, -0.00764951,  0.1476875 ],
       [ 0.00737918,  0.00260038,  0.99996949,  0.1045375 ],
       [ 0.        ,  0.        ,  0.        ,  1.        ]])]"
107,"[array([[ 0.12974904, -0.99087525,  0.00183215, -0.075808  ],
       [ 0.99151942,  0.13475202, -0.00767993,  0.147679  ],
       [ 0.00737731,  0.0028504 ,  0.99996883,  0.1045365 ],
       [ 0.        ,  0.        ,  0.        ,  1.        ]])]"
108,"[array([[ 0.14075341, -0.98945475,  0.00280071, -0.0718155 ],
       [ 0.9900282 ,  0.14479596, -0.00616914,  0.1476795 ],
       [ 0.00571355,  0.00366453,  0.99997705,  0.1045715 ],
       [ 0.        ,  0.        ,  0.        ,  1.        ]])]"
109,"[array([[ 0.16932151, -0.98632295, -0.00356218, -0.06663   ],
       [ 0.98555618,  0.16479499, -0.00247401,  0.1475855 ],
       [ 0.00304145, -0.00310579,  0.9999906 ,  0.1045335 ],
       [ 0.        ,  0.        ,  0.        ,  1.        ]])]"
110,"[array([[ 1.99156211e-01, -9.81923765e-01, -6.41754592e-03,
        -6.17185000e-02],
       [ 9.79967684e-01,  1.89160987e-01,  1.68943671e-03,
         1.47552000e-01],
       [-3.77507561e-04, -6.62126216e-03,  9.99977980e-01,
         1.04652500e-01],
       [ 0.00000000e+00,  0.00000000e+00,  0.00000000e+00,
         1.00000000e+00]])]"
111,"[array([[ 0.22018274, -0.97747407, -0.0042983 , -0.057791  ],
       [ 0.97544268,  0.21103128, -0.00475131,  0.1468775 ],
       [ 0.00558115, -0.00319887,  0.99997947,  0.104912  ],
       [ 0.        ,  0.        ,  0.        ,  1.        ]])]"
112,"[array([[ 0.24046338, -0.97290474, -0.00465734, -0.054796  ],
       [ 0.97057932,  0.23119895, -0.01159583,  0.146294  ],
       [ 0.01237556, -0.00185034,  0.99992192,  0.1051125 ],
       [ 0.        ,  0.        ,  0.        ,  1.        ]])]"
113,"[array([[ 0.25246114, -0.97016337, -0.0015119 , -0.053864  ],
       [ 0.96752302,  0.24244665, -0.0127834 ,  0.146159  ],
       [ 0.01275099,  0.00163264,  0.99991715,  0.105173  ],
       [ 0.        ,  0.        ,  0.        ,  1.        ]])]"
114,"[array([[ 0.26449003, -0.96723903, -0.00213486, -0.052977  ],
       [ 0.96425506,  0.25385945, -0.01604408,  0.145814  ],
       [ 0.01603733,  0.00200828,  0.99986901,  0.105257  ],
       [ 0.        ,  0.        ,  0.        ,  1.        ]])]"
115,"[array([[ 0.26354654, -0.96734114, -0.00256829, -0.05304   ],
       [ 0.96451822,  0.25347375, -0.01561757,  0.14586   ],
       [ 0.01574227,  0.00147441,  0.99987474,  0.1052345 ],
       [ 0.        ,  0.        ,  0.        ,  1.        ]])]"
116,"[array([[ 2.62584259e-01, -9.67378306e-01, -4.48129967e-03,
        -5.32400000e-02],
       [ 9.64782006e-01,  2.53335604e-01, -1.50084289e-02,
         1.45920000e-01],
       [ 1.56585018e-02, -5.33008077e-04,  9.99877325e-01,
         1.05206500e-01],
       [ 0.00000000e+00,  0.00000000e+00,  0.00000000e+00,
         1.00000000e+00]])]"
117,"[array([[ 0.2576992 , -0.9687392 , -0.00638434, -0.0536485 ],
       [ 0.96613071,  0.24806151, -0.01228176,  0.146139  ],
       [ 0.01351232, -0.00313843,  0.99990419,  0.105138  ],
       [ 0.        ,  0.        ,  0.        ,  1.        ]])]"
118,"[array([[ 0.25261954, -0.96989684, -0.00618999, -0.054406  ],
       [ 0.96748711,  0.24349387, -0.01112819,  0.1463255 ],
       [ 0.01233109, -0.00329427,  0.99991892,  0.1050865 ],
       [ 0.        ,  0.        ,  0.        ,  1.        ]])]"
119,"[array([[ 0.25519543, -0.96916497, -0.00570239, -0.054335  ],
       [ 0.96679806,  0.2464    , -0.01224685,  0.146235  ],
       [ 0.01329667, -0.00250916,  0.99990874,  0.105108  ],
       [ 0.        ,  0.        ,  0.        ,  1.        ]])]"
120,"[array([[ 0.25518901, -0.96918636, -0.00718893, -0.054483  ],
       [ 0.96679796,  0.24629592, -0.01198879,  0.14627   ],
       [ 0.01342658, -0.00401501,  0.99990229,  0.105099  ],
       [ 0.        ,  0.        ,  0.        ,  1.        ]])]"
121,"[array([[ 0.25610887, -0.9689804 , -0.00466277, -0.0548235 ],
       [ 0.96657199,  0.24713157, -0.01130046,  0.1463845 ],
       [ 0.01211779, -0.00172556,  0.99992528,  0.1050785 ],
       [ 0.        ,  0.        ,  0.        ,  1.        ]])]"
122,"[array([[ 0.25880047, -0.96836901, -0.00446705, -0.0546465 ],
       [ 0.96584435,  0.24951916, -0.01218217,  0.146232  ],
       [ 0.01292324, -0.00128618,  0.99991582,  0.1051345 ],
       [ 0.        ,  0.        ,  0.        ,  1.        ]])]"
123,"[array([[ 0.25610402, -0.96897933, -0.0062584 , -0.054723  ],
       [ 0.96655772,  0.24712267, -0.01210094,  0.146282  ],
       [ 0.01330029, -0.00307413,  0.9999072 ,  0.105111  ],
       [ 0.        ,  0.        ,  0.        ,  1.        ]])]"
124,"[array([[ 2.53500199e-01, -9.69640658e-01, -6.54277227e-03,
        -5.62220000e-02],
       [ 9.67334284e-01,  2.44450390e-01,  2.40922797e-04,
         1.47352000e-01],
       [ 1.42557174e-03, -6.40316892e-03,  9.99978567e-01,
         1.04748000e-01],
       [ 0.00000000e+00,  0.00000000e+00,  0.00000000e+00,
         1.00000000e+00]])]"
125,"[array([[ 2.56968558e-01, -9.68745715e-01, -6.86674280e-03,
        -5.62015000e-02],
       [ 9.66419763e-01,  2.47954454e-01,  1.78247413e-03,
         1.47459500e-01],
       [ 4.19198301e-05, -7.09427859e-03,  9.99974835e-01,
         1.04687000e-01],
       [ 0.00000000e+00,  0.00000000e+00,  0.00000000e+00,
         1.00000000e+00]])]"
126,"[array([[ 2.62978937e-01, -9.67139006e-01, -6.90007326e-03,
        -5.60935000e-02],
       [ 9.64801093e-01,  2.54140320e-01,  2.88013890e-03,
         1.47519500e-01],
       [-9.64214180e-04, -7.40549643e-03,  9.99972047e-01,
         1.04665000e-01],
       [ 0.00000000e+00,  0.00000000e+00,  0.00000000e+00,
         1.00000000e+00]])]"
127,"[array([[ 2.66483686e-01, -9.66502734e-01, -6.24849111e-03,
        -5.51205000e-02],
       [ 9.63837895e-01,  2.56585593e-01, -5.66862016e-05,
         1.47275500e-01],
       [ 1.71979083e-03, -6.02475650e-03,  9.99980476e-01,
         1.04727000e-01],
       [ 0.00000000e+00,  0.00000000e+00,  0.00000000e+00,
         1.00000000e+00]])]"
128,"[array([[ 0.27409318, -0.96447221, -0.00665081, -0.0537675 ],
       [ 0.96169877,  0.26411343, -0.00111736,  0.147061  ],
       [ 0.00289757, -0.00611955,  0.99997726,  0.1047935 ],
       [ 0.        ,  0.        ,  0.        ,  1.        ]])]"
129,"[array([[ 0.28213414, -0.96213893, -0.00647579, -0.052904  ],
       [ 0.95936522,  0.27250355, -0.00260233,  0.146911  ],
       [ 0.00432373, -0.0055216 ,  0.99997565,  0.104849  ],
       [ 0.        ,  0.        ,  0.        ,  1.        ]])]"
130,"[array([[ 0.28259631, -0.96188188, -0.00660651, -0.052749  ],
       [ 0.95923181,  0.27340304, -0.0019058 ,  0.1469555 ],
       [ 0.00369517, -0.00583377,  0.99997636,  0.104838  ],
       [ 0.        ,  0.        ,  0.        ,  1.        ]])]"
131,"[array([[ 0.27965053, -0.96291857, -0.00695817, -0.0529125 ],
       [ 0.9600971 ,  0.26971631, -0.00112115,  0.147117  ],
       [ 0.00302234, -0.00639792,  0.99997516,  0.10479   ],
       [ 0.        ,  0.        ,  0.        ,  1.        ]])]"
132,"[array([[ 0.27653692, -0.96385752, -0.00729684, -0.0530595 ],
       [ 0.96099728,  0.26633524, -0.00143713,  0.147166  ],
       [ 0.00339901, -0.00665054,  0.99997235,  0.104792  ],
       [ 0.        ,  0.        ,  0.        ,  1.        ]])]"
133,"[array([[ 2.72947215e-01, -9.64716500e-01, -6.90070401e-03,
        -5.36245000e-02],
       [ 9.62027758e-01,  2.63204365e-01,  3.44375015e-04,
         1.47322000e-01],
       [ 1.55226667e-03, -6.74802510e-03,  9.99976131e-01,
         1.04759500e-01],
       [ 0.00000000e+00,  0.00000000e+00,  0.00000000e+00,
         1.00000000e+00]])]"
134,"[array([[ 0.27637636, -0.96340656, -0.00684023, -0.0556125 ],
       [ 0.96104836,  0.26793873,  0.00349417,  0.147712  ],
       [-0.00146763, -0.00752637,  0.9999705 ,  0.104666  ],
       [ 0.        ,  0.        ,  0.        ,  1.        ]])]"
135,"[array([[ 0.26839419, -0.9658388 , -0.00629832, -0.060127  ],
       [ 0.96330824,  0.25905176,  0.00314809,  0.1483405 ],
       [-0.00134218, -0.00689885,  0.99997521,  0.104636  ],
       [ 0.        ,  0.        ,  0.        ,  1.        ]])]"
136,"[array([[ 2.36462764e-01, -9.71776962e-01, -1.03127101e-03,
        -6.70830000e-02],
       [ 9.71638662e-01,  2.35900787e-01, -1.72132286e-03,
         1.48942500e-01],
       [ 1.91636489e-03, -5.96105194e-04,  9.99997987e-01,
         1.04576500e-01],
       [ 0.00000000e+00,  0.00000000e+00,  0.00000000e+00,
         1.00000000e+00]])]"
137,"[array([[ 0.20788821, -0.97714995,  0.00297026, -0.0714205 ],
       [ 0.97813803,  0.21250968, -0.00608842,  0.149111  ],
       [ 0.00533795,  0.00419633,  0.99997705,  0.104592  ],
       [ 0.        ,  0.        ,  0.        ,  1.        ]])]"
138,"[array([[ 1.60966907e-01, -9.86408580e-01,  1.65000497e-04,
        -7.82590000e-02],
       [ 9.86943985e-01,  1.64307361e-01, -5.68871136e-03,
         1.49124000e-01],
       [ 5.58797034e-03,  1.09747283e-03,  9.99983806e-01,
         1.04506500e-01],
       [ 0.00000000e+00,  0.00000000e+00,  0.00000000e+00,
         1.00000000e+00]])]"
139,"[array([[ 1.59303680e-01, -9.86687030e-01,  5.76261792e-04,
        -7.82595000e-02],
       [ 9.87215872e-01,  1.62624182e-01, -5.37185151e-03,
         1.49094500e-01],
       [ 5.21145251e-03,  1.44220404e-03,  9.99985405e-01,
         1.04509000e-01],
       [ 0.00000000e+00,  0.00000000e+00,  0.00000000e+00,
         1.00000000e+00]])]"
140,"[array([[ 0.15780187, -0.98696876,  0.00128155, -0.077908  ],
       [ 0.98746034,  0.16089905, -0.00480681,  0.1490265 ],
       [ 0.00454436,  0.00203828,  0.99998763,  0.1045165 ],
       [ 0.        ,  0.        ,  0.        ,  1.        ]])]"
141,"[array([[ 0.15647017, -0.98712536,  0.00112277, -0.0778465 ],
       [ 0.98767105,  0.15993708, -0.00503095,  0.148993  ],
       [ 0.00479331,  0.00191297,  0.99998671,  0.1045145 ],
       [ 0.        ,  0.        ,  0.        ,  1.        ]])]"
142,"[array([[ 1.53495405e-01, -9.87642602e-01,  1.93789348e-04,
        -7.82630000e-02],
       [ 9.88131879e-01,  1.56718915e-01, -5.97861071e-03,
         1.48950000e-01],
       [ 5.87801523e-03,  1.12837619e-03,  9.99982109e-01,
         1.04499000e-01],
       [ 0.00000000e+00,  0.00000000e+00,  0.00000000e+00,
         1.00000000e+00]])]"
143,"[array([[ 7.22441342e-02, -9.97614647e-01, -9.01973398e-04,
        -8.78320000e-02],
       [ 9.97385445e-01,  6.90246566e-02, -1.68809749e-03,
         1.47743500e-01],
       [ 1.74884936e-03, -7.83302957e-04,  9.99998168e-01,
         1.04414500e-01],
       [ 0.00000000e+00,  0.00000000e+00,  0.00000000e+00,
         1.00000000e+00]])]"
144,"[array([[ 1.79583427e-02, -9.99908331e-01,  3.33609074e-04,
        -9.21115000e-02],
       [ 9.99833852e-01,  1.35347141e-02, -3.13149748e-03,
         1.47594000e-01],
       [ 3.12500162e-03,  3.75964279e-04,  9.99995041e-01,
         1.04446000e-01],
       [ 0.00000000e+00,  0.00000000e+00,  0.00000000e+00,
         1.00000000e+00]])]"
145,"[array([[ 5.33167058e-03, -9.99998441e-01,  7.46344741e-04,
        -9.30590000e-02],
       [ 9.99979810e-01,  1.59774187e-03, -3.46128262e-03,
         1.47602500e-01],
       [ 3.45725514e-03,  7.51878527e-04,  9.99993731e-01,
         1.04445000e-01],
       [ 0.00000000e+00,  0.00000000e+00,  0.00000000e+00,
         1.00000000e+00]])]"
146,"[array([[ 0.00562275, -0.99999644,  0.001557  , -0.092967  ],
       [ 0.99997534,  0.00216124, -0.00421547,  0.1475415 ],
       [ 0.00420665,  0.00156612,  0.9999899 ,  0.104475  ],
       [ 0.        ,  0.        ,  0.        ,  1.        ]])]"
147,"[array([[ 0.00857937, -0.99998681,  0.00182817, -0.092444  ],
