,LP,LD1,LD2,RP,RD1,RD2
0,"[array([[-0.33307245, -0.94276734, -0.01589001, -0.11567616],
       [ 0.9416963 , -0.33345127,  0.04492584,  0.07991599],
       [-0.04765316,  0.        ,  0.99886394,  0.08536443],
       [ 0.        ,  0.        ,  0.        ,  1.        ]])]","[array([[ 0.32326632, -0.94629769,  0.00442305, -0.13352321],
       [ 0.94620913,  0.32329658,  0.01294639,  0.14880938],
       [-0.0136811 , -0.        ,  0.99990641,  0.08268606],
       [ 0.        ,  0.        ,  0.        ,  1.        ]])]","[array([[ 0.32326632, -0.94629769,  0.00442305, -0.13352321],
       [ 0.94620913,  0.32329658,  0.01294639,  0.14880938],
       [-0.0136811 , -0.        ,  0.99990641,  0.08268606],
       [ 0.        ,  0.        ,  0.        ,  1.        ]])]","[array([[ 0.5111257 , -0.85938867,  0.01419993, -0.05632929],
       [ 0.85905721,  0.51132291,  0.02386606,  0.08901711],
       [-0.02777097,  0.        ,  0.99961431,  0.08586507],
       [ 0.        ,  0.        ,  0.        ,  1.        ]])]","[array([[-0.23826948, -0.97117314,  0.00709819, -0.02671766],
       [ 0.97074248, -0.23837519, -0.02891899,  0.13921873],
       [ 0.02977738, -0.        ,  0.99955656,  0.08309608],
       [ 0.        ,  0.        ,  0.        ,  1.        ]])]","[array([[-0.23826948, -0.97117314,  0.00709819, -0.02671766],
       [ 0.97074248, -0.23837519, -0.02891899,  0.13921873],
       [ 0.02977738, -0.        ,  0.99955656,  0.08309608],
       [ 0.        ,  0.        ,  0.        ,  1.        ]])]"
1,"[array([[-0.33316291, -0.94273498, -0.01591355, -0.11567076],
       [ 0.94166139, -0.33354275,  0.04497852,  0.07991574],
       [-0.04771068,  0.        ,  0.9988612 ,  0.08536472],
       [ 0.        ,  0.        ,  0.        ,  1.        ]])]","[array([[ 0.32319184, -0.94632321,  0.00440613, -0.13351995],
       [ 0.94623528,  0.32322187,  0.01290019,  0.14880922],
       [-0.0136319 , -0.        ,  0.99990708,  0.08268249],
       [ 0.        ,  0.        ,  0.        ,  1.        ]])]","[array([[ 0.32319184, -0.94632321,  0.00440613, -0.13351995],
       [ 0.94623528,  0.32322187,  0.01290019,  0.14880922],
       [-0.0136319 , -0.        ,  0.99990708,  0.08268249],
       [ 0.        ,  0.        ,  0.        ,  1.        ]])]","[array([[ 0.51116197, -0.85936604,  0.01426345, -0.0563259 ],
       [ 0.85903167,  0.51136093,  0.0239704 ,  0.08901802],
       [-0.02789311,  0.        ,  0.99961091,  0.08586681],
       [ 0.        ,  0.        ,  0.        ,  1.        ]])]","[array([[-0.23824578, -0.97117888,  0.00710881, -0.02671549],
       [ 0.97074684, -0.23835181, -0.02896529,  0.13922091],
       [ 0.02982488, -0.        ,  0.99955514,  0.08309457],
       [ 0.        ,  0.        ,  0.        ,  1.        ]])]","[array([[-0.23824578, -0.97117888,  0.00710881, -0.02671549],
       [ 0.97074684, -0.23835181, -0.02896529,  0.13922091],
       [ 0.02982488, -0.        ,  0.99955514,  0.08309457],
       [ 0.        ,  0.        ,  0.        ,  1.        ]])]"
2,"[array([[-0.33309005, -0.94276038, -0.01593344, -0.11567468],
       [ 0.94168362, -0.33347092,  0.04504565,  0.07991506],
       [-0.04778059,  0.        ,  0.99885786,  0.08536729],
       [ 0.        ,  0.        ,  0.        ,  1.        ]])]","[array([[ 0.32326632, -0.94629769,  0.00442305, -0.13352621],
       [ 0.94620913,  0.32329658,  0.01294639,  0.14880938],
       [-0.0136811 , -0.        ,  0.99990641,  0.08268406],
       [ 0.        ,  0.        ,  0.        ,  1.        ]])]","[array([[ 0.32326632, -0.94629769,  0.00442305, -0.13352621],
       [ 0.94620913,  0.32329658,  0.01294639,  0.14880938],
       [-0.0136811 , -0.        ,  0.99990641,  0.08268406],
       [ 0.        ,  0.        ,  0.        ,  1.        ]])]","[array([[ 0.51110888, -0.85939928,  0.01416296, -0.05632801],
       [ 0.85906952,  0.51130507,  0.02380504,  0.08901368],
       [-0.02769962,  0.        ,  0.99961629,  0.08586147],
       [ 0.        ,  0.        ,  0.        ,  1.        ]])]","[array([[-0.23841193, -0.97113806,  0.00711421, -0.02671065],
       [ 0.97070599, -0.23851805, -0.02896587,  0.13921693],
       [ 0.02982673, -0.        ,  0.99955508,  0.08309351],
       [ 0.        ,  0.        ,  0.        ,  1.        ]])]","[array([[-0.23841193, -0.97113806,  0.00711421, -0.02671065],
       [ 0.97070599, -0.23851805, -0.02896587,  0.13921693],
       [ 0.02982673, -0.        ,  0.99955508,  0.08309351],
       [ 0.        ,  0.        ,  0.        ,  1.        ]])]"
3,"[array([[-0.33309005, -0.94276038, -0.01593344, -0.11567668],
       [ 0.94168362, -0.33347092,  0.04504565,  0.07991506],
       [-0.04778059,  0.        ,  0.99885786,  0.08536629],
       [ 0.        ,  0.        ,  0.        ,  1.        ]])]","[array([[ 0.32316042, -0.9463341 ,  0.00437208, -0.133519  ],
       [ 0.9462475 ,  0.32318999,  0.01280189,  0.14880568],
       [-0.01352788, -0.        ,  0.99990849,  0.08267819],
       [ 0.        ,  0.        ,  0.        ,  1.        ]])]","[array([[ 0.32316042, -0.9463341 ,  0.00437208, -0.133519  ],
       [ 0.9462475 ,  0.32318999,  0.01280189,  0.14880568],
       [-0.01352788, -0.        ,  0.99990849,  0.08267819],
       [ 0.        ,  0.        ,  0.        ,  1.        ]])]","[array([[ 0.51107169, -0.85942191,  0.01413191, -0.05632638],
       [ 0.85909353,  0.51126704,  0.02375524,  0.0890148 ],
       [-0.02764095,  0.        ,  0.99961792,  0.08586016],
       [ 0.        ,  0.        ,  0.        ,  1.        ]])]","[array([[-0.23825726, -0.97117622,  0.00708692, -0.02671809],
       [ 0.97074688, -0.23836263, -0.0288747 ,  0.13922076],
       [ 0.02973168, -0.        ,  0.99955792,  0.08309853],
       [ 0.        ,  0.        ,  0.        ,  1.        ]])]","[array([[-0.23825726, -0.97117622,  0.00708692, -0.02671809],
       [ 0.97074688, -0.23836263, -0.0288747 ,  0.13922076],
       [ 0.02973168, -0.        ,  0.99955792,  0.08309853],
       [ 0.        ,  0.        ,  0.        ,  1.        ]])]"
4,"[array([[-0.3330375 , -0.94278004, -0.01586878, -0.11567508],
       [ 0.94171162, -0.33341535,  0.04487127,  0.07991506],
       [-0.04759463,  0.        ,  0.99886673,  0.08536012],
       [ 0.        ,  0.        ,  0.        ,  1.        ]])]","[array([[ 0.32319228, -0.94632321,  0.00437362, -0.13351897],
       [ 0.94623657,  0.32322187,  0.012805  ,  0.14880818],
       [-0.01353132, -0.        ,  0.99990845,  0.0826773 ],
       [ 0.        ,  0.        ,  0.        ,  1.        ]])]","[array([[ 0.32319228, -0.94632321,  0.00437362, -0.13351897],
       [ 0.94623657,  0.32322187,  0.012805  ,  0.14880818],
       [-0.01353132, -0.        ,  0.99990845,  0.0826773 ],
       [ 0.        ,  0.        ,  0.        ,  1.        ]])]","[array([[ 0.51101932, -0.85944984,  0.01432583, -0.05632445],
       [ 0.85911232,  0.51122009,  0.02408421,  0.08901596],
       [-0.02802282,  0.        ,  0.99960728,  0.08586671],
       [ 0.        ,  0.        ,  0.        ,  1.        ]])]","[array([[-0.23834187, -0.97115571,  0.00705281, -0.02671112],
       [ 0.9707308 , -0.2384462 , -0.02872505,  0.13921913],
       [ 0.02957822, -0.        ,  0.99956247,  0.08310641],
       [ 0.        ,  0.        ,  0.        ,  1.        ]])]","[array([[-0.23834187, -0.97115571,  0.00705281, -0.02671112],
       [ 0.9707308 , -0.2384462 , -0.02872505,  0.13921913],
       [ 0.02957822, -0.        ,  0.99956247,  0.08310641],
       [ 0.        ,  0.        ,  0.        ,  1.        ]])]"
5,"[array([[-0.33291925, -0.94282054, -0.01594393, -0.11568419],
       [ 0.94174118, -0.33330081,  0.04510119,  0.0799137 ],
       [-0.04783646,  0.        ,  0.99885518,  0.08537154],
       [ 0.        ,  0.        ,  0.        ,  1.        ]])]","[array([[ 0.3229512 , -0.94640538,  0.004403  , -0.13350967],
       [ 0.94631743,  0.32298121,  0.01290174,  0.14880452],
       [-0.01363236, -0.        ,  0.99990708,  0.08268351],
       [ 0.        ,  0.        ,  0.        ,  1.        ]])]","[array([[ 0.3229512 , -0.94640538,  0.004403  , -0.13350967],
       [ 0.94631743,  0.32298121,  0.01290174,  0.14880452],
       [-0.01363236, -0.        ,  0.99990708,  0.08268351],
       [ 0.        ,  0.        ,  0.        ,  1.        ]])]","[array([[ 0.51088117, -0.85953362,  0.01422591, -0.0563211 ],
       [ 0.85920058,  0.5110792 ,  0.02392516,  0.08901173],
       [-0.02783505,  0.        ,  0.99961253,  0.08586651],
       [ 0.        ,  0.        ,  0.        ,  1.        ]])]","[array([[-0.23837708, -0.97114689,  0.0070775 , -0.02670888],
       [ 0.97071913, -0.23848213, -0.02882098,  0.139217  ],
       [ 0.02967727, -0.        ,  0.99955953,  0.08310026],
       [ 0.        ,  0.        ,  0.        ,  1.        ]])]","[array([[-0.23837708, -0.97114689,  0.0070775 , -0.02670888],
       [ 0.97071913, -0.23848213, -0.02882098,  0.139217  ],
       [ 0.02967727, -0.        ,  0.99955953,  0.08310026],
       [ 0.        ,  0.        ,  0.        ,  1.        ]])]"
6,"[array([[-0.33311135, -0.94275463, -0.01582811, -0.11567514],
       [ 0.94169217, -0.33348718,  0.04474543,  0.07991368],
       [-0.04746243,  0.        ,  0.99887302,  0.08535816],
       [ 0.        ,  0.        ,  0.        ,  1.        ]])]","[array([[ 0.32337292, -0.94626126,  0.00442528, -0.13352743],
       [ 0.94617267,  0.3234032 ,  0.01294815,  0.14881202],
       [-0.01368348, -0.        ,  0.99990638,  0.08268613],
       [ 0.        ,  0.        ,  0.        ,  1.        ]])]","[array([[ 0.32337292, -0.94626126,  0.00442528, -0.13352743],
       [ 0.94617267,  0.3234032 ,  0.01294815,  0.14881202],
       [-0.01368348, -0.        ,  0.99990638,  0.08268613],
       [ 0.        ,  0.        ,  0.        ,  1.        ]])]","[array([[ 0.51115401, -0.85937135,  0.01422872, -0.05633077],
       [ 0.8590386 ,  0.51135201,  0.0239126 ,  0.08901478],
       [-0.02782568,  0.        ,  0.99961279,  0.0858653 ],
       [ 0.        ,  0.        ,  0.        ,  1.        ]])]","[array([[-0.23823375, -0.97118175,  0.00712013, -0.02671592],
       [ 0.97074829, -0.23834013, -0.02901292,  0.13921703],
       [ 0.02987384, -0.        ,  0.99955368,  0.08309301],
       [ 0.        ,  0.        ,  0.        ,  1.        ]])]","[array([[-0.23823375, -0.97118175,  0.00712013, -0.02671592],
       [ 0.97074829, -0.23834013, -0.02901292,  0.13921703],
       [ 0.02987384, -0.        ,  0.99955368,  0.08309301],
       [ 0.        ,  0.        ,  0.        ,  1.        ]])]"
7,"[array([[-0.33332944, -0.94267599, -0.01592051, -0.11566336],
       [ 0.9416026 , -0.33370943,  0.0449729 ,  0.07991416],
       [-0.0477077 ,  0.        ,  0.99886134,  0.08536265],
       [ 0.        ,  0.        ,  0.        ,  1.        ]])]","[array([[ 0.32340145, -0.94625112,  0.00450674, -0.1335253 ],
       [ 0.94615926,  0.32343285,  0.01318514,  0.14881158],
       [-0.01393408, -0.        ,  0.99990292,  0.0826991 ],
       [ 0.        ,  0.        ,  0.        ,  1.        ]])]","[array([[ 0.32340145, -0.94625112,  0.00450674, -0.1335253 ],
       [ 0.94615926,  0.32343285,  0.01318514,  0.14881158],
       [-0.01393408, -0.        ,  0.99990292,  0.0826991 ],
       [ 0.        ,  0.        ,  0.        ,  1.        ]])]","[array([[ 0.51093223, -0.85950495,  0.01412419, -0.05632099],
       [ 0.85917673,  0.51112742,  0.02375105,  0.0890077 ],
       [-0.02763341,  0.        ,  0.99961812,  0.08585899],
       [ 0.        ,  0.        ,  0.        ,  1.        ]])]","[array([[-0.23835283, -0.97115284,  0.00707756, -0.02670773],
       [ 0.97072498, -0.23845789, -0.02882433,  0.13921815],
       [ 0.02968053, -0.        ,  0.99955944,  0.08310116],
       [ 0.        ,  0.        ,  0.        ,  1.        ]])]","[array([[-0.23835283, -0.97115284,  0.00707756, -0.02670773],
       [ 0.97072498, -0.23845789, -0.02882433,  0.13921815],
       [ 0.02968053, -0.        ,  0.99955944,  0.08310116],
       [ 0.        ,  0.        ,  0.        ,  1.        ]])]"
8,"[array([[-0.33290287, -0.94282629, -0.01594536, -0.11568362],
       [ 0.94174663, -0.33328453,  0.04510771,  0.07991676],
       [-0.04784308,  0.        ,  0.99885486,  0.08537068],
       [ 0.        ,  0.        ,  0.        ,  1.        ]])]","[array([[ 0.32358228, -0.94618952,  0.00446013, -0.13354277],
       [ 0.94609965,  0.32361302,  0.01304067,  0.14881829],
       [-0.0137823 , -0.        ,  0.99990502,  0.08269828],
       [ 0.        ,  0.        ,  0.        ,  1.        ]])]","[array([[ 0.32358228, -0.94618952,  0.00446013, -0.13354277],
       [ 0.94609965,  0.32361302,  0.01304067,  0.14881829],
       [-0.0137823 , -0.        ,  0.99990502,  0.08269828],
       [ 0.        ,  0.        ,  0.        ,  1.        ]])]","[array([[ 0.51092994, -0.8595057 ,  0.01416185, -0.05632394],
       [ 0.85917572,  0.51112617,  0.02381445,  0.08901271],
       [-0.02770715,  0.        ,  0.99961608,  0.08586164],
       [ 0.        ,  0.        ,  0.        ,  1.        ]])]","[array([[-0.23851989, -0.97111179,  0.00708148, -0.02670385],
       [ 0.97068408, -0.23862499, -0.0288189 ,  0.13921415],
       [ 0.02967619, -0.        ,  0.99955956,  0.0831003 ],
       [ 0.        ,  0.        ,  0.        ,  1.        ]])]","[array([[-0.23851989, -0.97111179,  0.00708148, -0.02670385],
       [ 0.97068408, -0.23862499, -0.0288189 ,  0.13921415],
       [ 0.02967619, -0.        ,  0.99955956,  0.0831003 ],
       [ 0.        ,  0.        ,  0.        ,  1.        ]])]"
9,"[array([[-0.33331611, -0.94268173, -0.01585956, -0.11567072],
       [ 0.94161644, -0.3336932 ,  0.04480318,  0.07991603],
       [-0.04752737,  0.        ,  0.99886994,  0.08536361],
       [ 0.        ,  0.        ,  0.        ,  1.        ]])]","[array([[ 0.32412195, -0.94600413,  0.00459784, -0.1335701 ],
       [ 0.94590897,  0.32415456,  0.01341822,  0.14882679],
       [-0.01418411, -0.        ,  0.9998994 ,  0.08271705],
       [ 0.        ,  0.        ,  0.        ,  1.        ]])]","[array([[ 0.32412195, -0.94600413,  0.00459784, -0.1335701 ],
       [ 0.94590897,  0.32415456,  0.01341822,  0.14882679],
       [-0.01418411, -0.        ,  0.9998994 ,  0.08271705],
       [ 0.        ,  0.        ,  0.        ,  1.        ]])]","[array([[ 0.51121413, -0.8593328 ,  0.01439645, -0.05632878],
       [ 0.85899225,  0.5114168 ,  0.02419034,  0.0890204 ],
       [-0.02815014,  0.        ,  0.99960371,  0.08587756],
       [ 0.        ,  0.        ,  0.        ,  1.        ]])]","[array([[-0.2384254 , -0.97113519,  0.00705477, -0.02671018],
       [ 0.97071035, -0.23852975, -0.02872235,  0.13921763],
       [ 0.02957606, -0.        ,  0.99956253,  0.08310648],
       [ 0.        ,  0.        ,  0.        ,  1.        ]])]","[array([[-0.2384254 , -0.97113519,  0.00705477, -0.02671018],
       [ 0.97071035, -0.23852975, -0.02872235,  0.13921763],
       [ 0.02957606, -0.        ,  0.99956253,  0.08310648],
       [ 0.        ,  0.        ,  0.        ,  1.        ]])]"
10,"[array([[-0.33292123, -0.94282054, -0.0159024 , -0.11567515],
       [ 0.9417468 , -0.33330081,  0.0449837 ,  0.07991657],
       [-0.04771184,  0.        ,  0.99886114,  0.08536575],
       [ 0.        ,  0.        ,  0.        ,  1.        ]])]","[array([[ 0.32385267, -0.94609707,  0.00444713, -0.13352995],
       [ 0.94600789,  0.3238832 ,  0.01299055,  0.14882142],
       [-0.01373067, -0.        ,  0.99990573,  0.08269464],
       [ 0.        ,  0.        ,  0.        ,  1.        ]])]","[array([[ 0.32385267, -0.94609707,  0.00444713, -0.13352995],
       [ 0.94600789,  0.3238832 ,  0.01299055,  0.14882142],
       [-0.01373067, -0.        ,  0.99990573,  0.08269464],
       [ 0.        ,  0.        ,  0.        ,  1.        ]])]","[array([[ 0.51128554, -0.85929355,  0.01420175, -0.05632303],
       [ 0.85896225,  0.51148274,  0.02385901,  0.08901665],
       [-0.02776585,  0.        ,  0.99961445,  0.08586496],
       [ 0.        ,  0.        ,  0.        ,  1.        ]])]","[array([[-0.23865335, -0.97107975,  0.00697785, -0.02668117],
       [ 0.97066494, -0.23875533, -0.02838073,  0.13920997],
       [ 0.02922595, -0.        ,  0.99957283,  0.08312161],
       [ 0.        ,  0.        ,  0.        ,  1.        ]])]","[array([[-0.23865335, -0.97107975,  0.00697785, -0.02668117],
       [ 0.97066494, -0.23875533, -0.02838073,  0.13920997],
       [ 0.02922595, -0.        ,  0.99957283,  0.08312161],
       [ 0.        ,  0.        ,  0.        ,  1.        ]])]"
11,"[array([[-0.33157769, -0.94329354, -0.01592279, -0.11568362],
       [ 0.94220778, -0.33195979,  0.04524605,  0.0799305 ],
       [-0.04796603,  0.        ,  0.99884897,  0.08537444],
       [ 0.        ,  0.        ,  0.        ,  1.        ]])]","[array([[ 0.32500842, -0.94569965,  0.0046592 , -0.13343292],
       [ 0.94560249,  0.32504181,  0.01355582,  0.14885453],
       [-0.01433417, -0.        ,  0.99989726,  0.08271783],
       [ 0.        ,  0.        ,  0.        ,  1.        ]])]","[array([[ 0.32500842, -0.94569965,  0.0046592 , -0.13343292],
       [ 0.94560249,  0.32504181,  0.01355582,  0.14885453],
       [-0.01433417, -0.        ,  0.99989726,  0.08271783],
       [ 0.        ,  0.        ,  0.        ,  1.        ]])]","[array([[ 0.51253859, -0.8585456 ,  0.01427044, -0.05631746],
       [ 0.85821302,  0.51273721,  0.02389493,  0.08902857],
       [-0.02783187,  0.        ,  0.99961262,  0.08586943],
       [ 0.        ,  0.        ,  0.        ,  1.        ]])]","[array([[-0.22935433, -0.97331848,  0.00690891, -0.02698966],
       [ 0.97287718, -0.22945837, -0.02930627,  0.13905945],
       [ 0.03010964, -0.        ,  0.9995466 ,  0.08308451],
       [ 0.        ,  0.        ,  0.        ,  1.        ]])]","[array([[-0.22935433, -0.97331848,  0.00690891, -0.02698966],
       [ 0.97287718, -0.22945837, -0.02930627,  0.13905945],
       [ 0.03010964, -0.        ,  0.9995466 ,  0.08308451],
       [ 0.        ,  0.        ,  0.        ,  1.        ]])]"
12,"[array([[-0.33364317, -0.94256368, -0.01599828, -0.11568505],
       [ 0.94148196, -0.33402651,  0.04514432,  0.07990525],
       [-0.04789525,  0.        ,  0.99885236,  0.08537385],
       [ 0.        ,  0.        ,  0.        ,  1.        ]])]","[array([[ 0.32267458, -0.94649867,  0.00462474, -0.1336053 ],
       [ 0.94640147,  0.32270772,  0.01356431,  0.14878462],
       [-0.01433104, -0.        ,  0.99989731,  0.08271673],
       [ 0.        ,  0.        ,  0.        ,  1.        ]])]","[array([[ 0.32267458, -0.94649867,  0.00462474, -0.1336053 ],
       [ 0.94640147,  0.32270772,  0.01356431,  0.14878462],
       [-0.01433104, -0.        ,  0.99989731,  0.08271673],
       [ 0.        ,  0.        ,  0.        ,  1.        ]])]","[array([[ 0.50983907, -0.86015206,  0.01423218, -0.05633624],
       [ 0.85981712,  0.51003768,  0.02400183,  0.08900668],
       [-0.02790417,  0.        ,  0.9996106 ,  0.08587205],
       [ 0.        ,  0.        ,  0.        ,  1.        ]])]","[array([[-0.24010502, -0.97072189,  0.0069714 , -0.02678209],
       [ 0.97031298, -0.2402062 , -0.02817285,  0.13924721],
       [ 0.02902257, -0.        ,  0.99957876,  0.08313608],
       [ 0.        ,  0.        ,  0.        ,  1.        ]])]","[array([[-0.24010502, -0.97072189,  0.0069714 , -0.02678209],
       [ 0.97031298, -0.2402062 , -0.02817285,  0.13924721],
       [ 0.02902257, -0.        ,  0.99957876,  0.08313608],
       [ 0.        ,  0.        ,  0.        ,  1.        ]])]"
13,"[array([[-0.35361227, -0.93524319, -0.0166893 , -0.11561948],
       [ 0.93420329, -0.35400589,  0.04409124,  0.07972703],
       [-0.04714414,  0.        ,  0.9988881 ,  0.08536303],
       [ 0.        ,  0.        ,  0.        ,  1.        ]])]","[array([[ 0.30229208, -0.95320624,  0.00416788, -0.13498332],
       [ 0.95311565,  0.30232081,  0.01314118,  0.14820437],
       [-0.01378629, -0.        ,  0.99990496,  0.0827214 ],
       [ 0.        ,  0.        ,  0.        ,  1.        ]])]","[array([[ 0.30229208, -0.95320624,  0.00416788, -0.13498332],
       [ 0.95311565,  0.30232081,  0.01314118,  0.14820437],
       [-0.01378629, -0.        ,  0.99990496,  0.0827214 ],
       [ 0.        ,  0.        ,  0.        ,  1.        ]])]","[array([[ 0.49060459, -0.87126485,  0.01430744, -0.05652502],
       [ 0.87089459,  0.49081317,  0.02539779,  0.08888793],
       [-0.02915049,  0.        ,  0.99957503,  0.08587997],
       [ 0.        ,  0.        ,  0.        ,  1.        ]])]","[array([[-0.26156356, -0.96515892,  0.00726419, -0.02810621],
       [ 0.96478692, -0.26166441, -0.02679423,  0.13974689],
       [ 0.02776147, -0.        ,  0.99961458,  0.08313519],
       [ 0.        ,  0.        ,  0.        ,  1.        ]])]","[array([[-0.26156356, -0.96515892,  0.00726419, -0.02810621],
       [ 0.96478692, -0.26166441, -0.02679423,  0.13974689],
       [ 0.02776147, -0.        ,  0.99961458,  0.08313519],
       [ 0.        ,  0.        ,  0.        ,  1.        ]])]"
14,"[array([[-0.36471039, -0.93089815, -0.02037095, -0.11573145],
       [ 0.92944943, -0.36527885,  0.05191453,  0.07959229],
       [-0.05576821,  0.        ,  0.99844374,  0.08570021],
       [ 0.        ,  0.        ,  0.        ,  1.        ]])]","[array([[ 0.29030472, -0.95692152,  0.0049367 , -0.13607284],
       [ 0.95678319,  0.29034669,  0.01627032,  0.14778285],
       [-0.01700277, -0.        ,  0.99985544,  0.08281769],
       [ 0.        ,  0.        ,  0.        ,  1.        ]])]","[array([[ 0.29030472, -0.95692152,  0.0049367 , -0.13607284],
       [ 0.95678319,  0.29034669,  0.01627032,  0.14778285],
       [-0.01700277, -0.        ,  0.99985544,  0.08281769],
       [ 0.        ,  0.        ,  0.        ,  1.        ]])]","[array([[ 0.47764858, -0.87841466,  0.01547682, -0.05667226],
       [ 0.8779539 ,  0.47789925,  0.02844755,  0.08884719],
       [-0.03238511,  0.        ,  0.99947546,  0.08591943],
       [ 0.        ,  0.        ,  0.        ,  1.        ]])]","[array([[-0.27405816, -0.96168167,  0.00777767, -0.02909107],
       [ 0.96129463, -0.2741685 , -0.0272812 ,  0.14010801],
       [ 0.02836822, -0.        ,  0.99959754,  0.08297389],
       [ 0.        ,  0.        ,  0.        ,  1.        ]])]","[array([[-0.27405816, -0.96168167,  0.00777767, -0.02909107],
       [ 0.96129463, -0.2741685 , -0.0272812 ,  0.14010801],
       [ 0.02836822, -0.        ,  0.99959754,  0.08297389],
       [ 0.        ,  0.        ,  0.        ,  1.        ]])]"
15,"[array([[-0.4018398 , -0.91551422, -0.01893385, -0.11553376],
       [ 0.91449964, -0.40228562,  0.04308932,  0.07927621],
       [-0.0470657 ,  0.        ,  0.9988918 ,  0.08535527],
       [ 0.        ,  0.        ,  0.        ,  1.        ]])]","[array([[ 0.26513365, -0.96420314,  0.00405549, -0.13841516],
       [ 0.96409036,  0.26516467,  0.01474675,  0.14665417],
       [-0.01529424, -0.        ,  0.99988304,  0.08276436],
       [ 0.        ,  0.        ,  0.        ,  1.        ]])]","[array([[ 0.26513365, -0.96420314,  0.00405549, -0.13841516],
       [ 0.96409036,  0.26516467,  0.01474675,  0.14665417],
       [-0.01529424, -0.        ,  0.99988304,  0.08276436],
       [ 0.        ,  0.        ,  0.        ,  1.        ]])]","[array([[ 0.44661652, -0.89461779,  0.01388138, -0.05697894],
       [ 0.89418599,  0.44683219,  0.02779239,  0.08862387],
       [-0.03106621,  0.        ,  0.99951733,  0.08585888],
       [ 0.        ,  0.        ,  0.        ,  1.        ]])]","[array([[-0.30161269, -0.9533924 ,  0.00852712, -0.03130386],
       [ 0.95301161, -0.3017332 , -0.02694332,  0.1408214 ],
       [ 0.02826048, -0.        ,  0.99960059,  0.08283732],
       [ 0.        ,  0.        ,  0.        ,  1.        ]])]","[array([[-0.30161269, -0.9533924 ,  0.00852712, -0.03130386],
       [ 0.95301161, -0.3017332 , -0.02694332,  0.1408214 ],
       [ 0.02826048, -0.        ,  0.99960059,  0.08283732],
       [ 0.        ,  0.        ,  0.        ,  1.        ]])]"
16,"[array([[-0.43918506, -0.89804258, -0.02521923, -0.11549649],
       [ 0.89656564, -0.43990854,  0.0514833 ,  0.07883097],
       [-0.05732836,  0.        ,  0.99835538,  0.08580816],
       [ 0.        ,  0.        ,  0.        ,  1.        ]])]","[array([[ 0.24801155, -0.96874984,  0.00374569, -0.14106714],
       [ 0.96863937,  0.24803983,  0.01462926,  0.14530545],
       [-0.01510117, -0.        ,  0.99988597,  0.08283422],
       [ 0.        ,  0.        ,  0.        ,  1.        ]])]","[array([[ 0.24801155, -0.96874984,  0.00374569, -0.14106714],
       [ 0.96863937,  0.24803983,  0.01462926,  0.14530545],
       [-0.01510117, -0.        ,  0.99988597,  0.08283422],
       [ 0.        ,  0.        ,  0.        ,  1.        ]])]","[array([[ 0.40697737, -0.91335434,  0.01238012, -0.05729331],
       [ 0.91293204,  0.40716563,  0.02777111,  0.08825092],
       [-0.03040562,  0.        ,  0.99953764,  0.08578909],
       [ 0.        ,  0.        ,  0.        ,  1.        ]])]","[array([[-0.31516707, -0.94898893,  0.00947258, -0.03411429],
       [ 0.94856059, -0.31530939, -0.0285097 ,  0.14182327],
       [ 0.03004218, -0.        ,  0.99954863,  0.08266466],
       [ 0.        ,  0.        ,  0.        ,  1.        ]])]","[array([[-0.31516707, -0.94898893,  0.00947258, -0.03411429],
       [ 0.94856059, -0.31530939, -0.0285097 ,  0.14182327],
       [ 0.03004218, -0.        ,  0.99954863,  0.08266466],
       [ 0.        ,  0.        ,  0.        ,  1.        ]])]"
17,"[array([[-0.50702903, -0.86149896, -0.02722315, -0.1151281 ],
       [ 0.86025988, -0.50775933,  0.04618865,  0.07821742],
       [-0.05361428,  0.        ,  0.99856172,  0.08572796],
       [ 0.        ,  0.        ,  0.        ,  1.        ]])]","[array([[ 0.22769062, -0.97372641,  0.00372321, -0.14535633],
       [ 0.97359625,  0.22772106,  0.01592029,  0.14285338],
       [-0.01634986, -0.        ,  0.99986633,  0.08292693],
       [ 0.        ,  0.        ,  0.        ,  1.        ]])]","[array([[ 0.22769062, -0.97372641,  0.00372321, -0.14535633],
       [ 0.97359625,  0.22772106,  0.01592029,  0.14285338],
       [-0.01634986, -0.        ,  0.99986633,  0.08292693],
       [ 0.        ,  0.        ,  0.        ,  1.        ]])]","[array([[ 0.33739619, -0.94129631,  0.0111838 , -0.05773868],
       [ 0.94077961,  0.33758149,  0.03118437,  0.08750757],
       [-0.03312918,  0.        ,  0.99945108,  0.08585909],
       [ 0.        ,  0.        ,  0.        ,  1.        ]])]","[array([[-0.33262245, -0.94300515,  0.01017796, -0.03859793],
       [ 0.94256399, -0.33277814, -0.02884164,  0.14338077],
       [ 0.03058482, -0.        ,  0.99953217,  0.0826274 ],
       [ 0.        ,  0.        ,  0.        ,  1.        ]])]","[array([[-0.33262245, -0.94300515,  0.01017796, -0.03859793],
       [ 0.94256399, -0.33277814, -0.02884164,  0.14338077],
       [ 0.03058482, -0.        ,  0.99953217,  0.0826274 ],
       [ 0.        ,  0.        ,  0.        ,  1.        ]])]"
18,"[array([[-0.57310466, -0.81909075, -0.02532583, -0.11473961],
       [ 0.81829215, -0.57366397,  0.03616081,  0.07764583],
       [-0.04414751,  0.        ,  0.99902502,  0.0854789 ],
       [ 0.        ,  0.        ,  0.        ,  1.        ]])]","[array([[ 0.21735507, -0.97608615,  0.00354947, -0.14952728],
       [ 0.97595603,  0.21738405,  0.01593762,  0.14011783],
       [-0.01632809, -0.        ,  0.99986669,  0.08296123],
       [ 0.        ,  0.        ,  0.        ,  1.        ]])]","[array([[ 0.21735507, -0.97608615,  0.00354947, -0.14952728],
       [ 0.97595603,  0.21738405,  0.01593762,  0.14011783],
       [-0.01632809, -0.        ,  0.99986669,  0.08296123],
       [ 0.        ,  0.        ,  0.        ,  1.        ]])]","[array([[ 0.27131877, -0.96244584,  0.00917244, -0.05807925],
       [ 0.96189632,  0.27147377,  0.03251872,  0.08680885],
       [-0.03378759,  0.        ,  0.99942904,  0.08585784],
       [ 0.        ,  0.        ,  0.        ,  1.        ]])]","[array([[-0.34839112, -0.93729236,  0.01032738, -0.04283193],
       [ 0.93688083, -0.34854415, -0.02777201,  0.14449871],
       [ 0.02963004, -0.        ,  0.99956093,  0.08263176],
       [ 0.        ,  0.        ,  0.        ,  1.        ]])]","[array([[-0.34839112, -0.93729236,  0.01032738, -0.04283193],
       [ 0.93688083, -0.34854415, -0.02777201,  0.14449871],
       [ 0.02963004, -0.        ,  0.99956093,  0.08263176],
       [ 0.        ,  0.        ,  0.        ,  1.        ]])]"
19,"[array([[-0.62354548, -0.78128289, -0.02807275, -0.11433567],
       [ 0.7804923 , -0.62417709,  0.03513868,  0.07717196],
       [-0.04497562,  0.        ,  0.99898808,  0.08557645],
       [ 0.        ,  0.        ,  0.        ,  1.        ]])]","[array([[ 0.20632046, -0.978475  ,  0.00430687, -0.15304613],
       [ 0.97826188,  0.2063654 ,  0.0204209 ,  0.13783692],
       [-0.02087013, -0.        ,  0.9997822 ,  0.08324167],
       [ 0.        ,  0.        ,  0.        ,  1.        ]])]","[array([[ 0.20632046, -0.978475  ,  0.00430687, -0.15304613],
       [ 0.97826188,  0.2063654 ,  0.0204209 ,  0.13783692],
       [-0.02087013, -0.        ,  0.9997822 ,  0.08324167],
       [ 0.        ,  0.        ,  0.        ,  1.        ]])]","[array([[ 0.20900306, -0.97789167,  0.00675249, -0.05833746],
       [ 0.97738171,  0.20911211,  0.03157732,  0.08611052],
       [-0.03229123,  0.        ,  0.9994785 ,  0.08582632],
       [ 0.        ,  0.        ,  0.        ,  1.        ]])]","[array([[-0.35590341, -0.93446313,  0.01055579, -0.04676714],
       [ 0.93405239, -0.35605991, -0.02770319,  0.14536931],
       [ 0.0296461 , -0.        ,  0.99956046,  0.08267925],
       [ 0.        ,  0.        ,  0.        ,  1.        ]])]","[array([[-0.35590341, -0.93446313,  0.01055579, -0.04676714],
       [ 0.93405239, -0.35605991, -0.02770319,  0.14536931],
       [ 0.0296461 , -0.        ,  0.99956046,  0.08267925],
       [ 0.        ,  0.        ,  0.        ,  1.        ]])]"
20,"[array([[-0.68192832, -0.73090564, -0.02739911, -0.11388286],
       [ 0.73031639, -0.68247853,  0.02934329,  0.07659872],
       [-0.04014649,  0.        ,  0.9991938 ,  0.08550428],
       [ 0.        ,  0.        ,  0.        ,  1.        ]])]","[array([[ 0.18820241, -0.98212496,  0.00322741, -0.1565624 ],
       [ 0.98198058,  0.18823008,  0.01683961,  0.13436205],
       [-0.01714609, -0.        ,  0.99985299,  0.08327525],
       [ 0.        ,  0.        ,  0.        ,  1.        ]])]","[array([[ 0.18820241, -0.98212496,  0.00322741, -0.1565624 ],
       [ 0.98198058,  0.18823008,  0.01683961,  0.13436205],
       [-0.01714609, -0.        ,  0.99985299,  0.08327525],
       [ 0.        ,  0.        ,  0.        ,  1.        ]])]","[array([[ 0.14870133, -0.98887041,  0.00481855, -0.05861913],
       [ 0.98835165,  0.14877938,  0.03202678,  0.08544934],
       [-0.03238724,  0.        ,  0.9994754 ,  0.08586947],
       [ 0.        ,  0.        ,  0.        ,  1.        ]])]","[array([[-0.37809644, -0.92572002,  0.00924788, -0.05062618],
       [ 0.92544324, -0.37820952, -0.02263547,  0.14581552],
       [ 0.02445175, -0.        ,  0.99970101,  0.08295143],
       [ 0.        ,  0.        ,  0.        ,  1.        ]])]","[array([[-0.37809644, -0.92572002,  0.00924788, -0.05062618],
       [ 0.92544324, -0.37820952, -0.02263547,  0.14581552],
       [ 0.02445175, -0.        ,  0.99970101,  0.08295143],
       [ 0.        ,  0.        ,  0.        ,  1.        ]])]"
21,"[array([[-0.7091435 , -0.70463084, -0.02471576, -0.11359436],
       [ 0.70420326, -0.70957408,  0.02454358,  0.07633144],
       [-0.03483183,  0.        ,  0.99939319,  0.08542423],
       [ 0.        ,  0.        ,  0.        ,  1.        ]])]","[array([[ 0.17618632, -0.98435303,  0.00273799, -0.15835131],
       [ 0.98423419,  0.17620759,  0.01529528,  0.13262629],
       [-0.01553841, -0.        ,  0.99987927,  0.08349012],
       [ 0.        ,  0.        ,  0.        ,  1.        ]])]","[array([[ 0.17618632, -0.98435303,  0.00273799, -0.15835131],
       [ 0.98423419,  0.17620759,  0.01529528,  0.13262629],
       [-0.01553841, -0.        ,  0.99987927,  0.08349012],
       [ 0.        ,  0.        ,  0.        ,  1.        ]])]","[array([[ 0.11848358, -0.99294903,  0.00372276, -0.05866045],
       [ 0.99245927,  0.11854205,  0.03118309,  0.08510797],
       [-0.03140452,  0.        ,  0.99950676,  0.08583346],
       [ 0.        ,  0.        ,  0.        ,  1.        ]])]","[array([[-0.3907884 , -0.92042551,  0.01006515, -0.05246878],
       [ 0.92012037, -0.390918  , -0.02369864,  0.14589205],
       [ 0.02574748, -0.        ,  0.99966848,  0.08296823],
       [ 0.        ,  0.        ,  0.        ,  1.        ]])]","[array([[-0.3907884 , -0.92042551,  0.01006515, -0.05246878],
       [ 0.92012037, -0.390918  , -0.02369864,  0.14589205],
       [ 0.02574748, -0.        ,  0.99966848,  0.08296823],
       [ 0.        ,  0.        ,  0.        ,  1.        ]])]"
22,"[array([[-0.7384955 , -0.6737589 , -0.02594878, -0.11341571],
       [ 0.67334336, -0.73895125,  0.02365951,  0.07605354],
       [-0.03511569,  0.        ,  0.99938325,  0.08543759],
       [ 0.        ,  0.        ,  0.        ,  1.        ]])]","[array([[ 0.14212488, -0.98984822,  0.00100929, -0.15942989],
       [ 0.98982326,  0.14212846,  0.00702915,  0.1300182 ],
       [-0.00710124, -0.        ,  0.99997479,  0.08309482],
       [ 0.        ,  0.        ,  0.        ,  1.        ]])]","[array([[ 0.14212488, -0.98984822,  0.00100929, -0.15942989],
       [ 0.98982326,  0.14212846,  0.00702915,  0.1300182 ],
       [-0.00710124, -0.        ,  0.99997479,  0.08309482],
       [ 0.        ,  0.        ,  0.        ,  1.        ]])]","[array([[ 0.07601243, -0.99710415,  0.00233065, -0.05869698],
       [ 0.99663577,  0.07604816,  0.03055834,  0.08462229],
       [-0.03064709,  0.        ,  0.99953027,  0.08581149],
       [ 0.        ,  0.        ,  0.        ,  1.        ]])]","[array([[-0.39479331, -0.91870956,  0.01053495, -0.05513783],
       [ 0.91838264, -0.39493384, -0.02450678,  0.14608209],
       [ 0.02667522, -0.        ,  0.99964415,  0.08293373],
       [ 0.        ,  0.        ,  0.        ,  1.        ]])]","[array([[-0.39479331, -0.91870956,  0.01053495, -0.05513783],
       [ 0.91838264, -0.39493384, -0.02450678,  0.14608209],
       [ 0.02667522, -0.        ,  0.99964415,  0.08293373],
       [ 0.        ,  0.        ,  0.        ,  1.        ]])]"
23,"[array([[-0.742032  , -0.6698312 , -0.02673339, -0.11339081],
       [ 0.66939691, -0.74251341,  0.02411655,  0.07601742],
       [-0.03600392,  0.        ,  0.99935165,  0.08542849],
       [ 0.        ,  0.        ,  0.        ,  1.        ]])]","[array([[ 0.15850736, -0.98735721,  0.00107759, -0.15955864],
       [ 0.98733439,  0.15851102,  0.00671222,  0.12985107],
       [-0.00679817, -0.        ,  0.99997689,  0.08301518],
       [ 0.        ,  0.        ,  0.        ,  1.        ]])]","[array([[ 0.15850736, -0.98735721,  0.00107759, -0.15955864],
       [ 0.98733439,  0.15851102,  0.00671222,  0.12985107],
       [-0.00679817, -0.        ,  0.99997689,  0.08301518],
       [ 0.        ,  0.        ,  0.        ,  1.        ]])]","[array([[ 0.07443319, -0.99722339,  0.00228265, -0.05867866],
       [ 0.99675479,  0.07446819,  0.0305676 ,  0.0845816 ],
       [-0.03065271,  0.        ,  0.9995301 ,  0.08583162],
       [ 0.        ,  0.        ,  0.        ,  1.        ]])]","[array([[-0.38563037, -0.92259356,  0.01050409, -0.05519362],
       [ 0.92225149, -0.3857734 , -0.02512099,  0.14620302],
       [ 0.02722867, -0.        ,  0.99962923,  0.08295413],
       [ 0.        ,  0.        ,  0.        ,  1.        ]])]","[array([[-0.38563037, -0.92259356,  0.01050409, -0.05519362],
       [ 0.92225149, -0.3857734 , -0.02512099,  0.14620302],
       [ 0.02722867, -0.        ,  0.99962923,  0.08295413],
       [ 0.        ,  0.        ,  0.        ,  1.        ]])]"
24,"[array([[-0.72916457, -0.68379077, -0.02737174, -0.11352183],
       [ 0.6833095 , -0.72967814,  0.02565041,  0.07611978],
       [-0.03751208,  0.        ,  0.99929617,  0.08546627],
       [ 0.        ,  0.        ,  0.        ,  1.        ]])]","[array([[ 0.20161916, -0.97946028,  0.00269664, -0.15955906],
       [ 0.97937269,  0.2016372 ,  0.01309904,  0.13135132],
       [-0.01337373, -0.        ,  0.99991057,  0.08348028],
       [ 0.        ,  0.        ,  0.        ,  1.        ]])]","[array([[ 0.20161916, -0.97946028,  0.00269664, -0.15955906],
       [ 0.97937269,  0.2016372 ,  0.01309904,  0.13135132],
       [-0.01337373, -0.        ,  0.99991057,  0.08348028],
       [ 0.        ,  0.        ,  0.        ,  1.        ]])]","[array([[ 0.09370724, -0.99559658,  0.00253197, -0.05853696],
       [ 0.99523334,  0.09374144,  0.02689117,  0.08468373],
       [-0.02701011,  0.        ,  0.99963516,  0.08584003],
       [ 0.        ,  0.        ,  0.        ,  1.        ]])]","[array([[-0.36797003, -0.92977506,  0.0107887 , -0.05386396],
       [ 0.92937568, -0.36812816, -0.02724883,  0.14621909],
       [ 0.0293069 , -0.        ,  0.99957046,  0.08316904],
       [ 0.        ,  0.        ,  0.        ,  1.        ]])]","[array([[-0.36797003, -0.92977506,  0.0107887 , -0.05386396],
       [ 0.92937568, -0.36812816, -0.02724883,  0.14621909],
       [ 0.0293069 , -0.        ,  0.99957046,  0.08316904],
       [ 0.        ,  0.        ,  0.        ,  1.        ]])]"
25,"[array([[-0.70298654, -0.71061096, -0.02901694, -0.1137203 ],
       [ 0.71000638, -0.70358515,  0.02930669,  0.07654858],
       [-0.04124154,  0.        ,  0.99914921,  0.08541381],
       [ 0.        ,  0.        ,  0.        ,  1.        ]])]","[array([[ 0.24597997, -0.96926753,  0.00378208, -0.15748187],
       [ 0.96915298,  0.24600904,  0.01490127,  0.13353698],
       [-0.01537375, -0.        ,  0.99988182,  0.08313389],
       [ 0.        ,  0.        ,  0.        ,  1.        ]])]","[array([[ 0.24597997, -0.96926753,  0.00378208, -0.15748187],
       [ 0.96915298,  0.24600904,  0.01490127,  0.13353698],
       [-0.01537375, -0.        ,  0.99988182,  0.08313389],
       [ 0.        ,  0.        ,  0.        ,  1.        ]])]","[array([[ 0.13000011, -0.9915102 ,  0.00273577, -0.05817266],
       [ 0.99129072,  0.1300289 ,  0.02086112,  0.08487309],
       [-0.02103974,  0.        ,  0.99977864,  0.08586829],
       [ 0.        ,  0.        ,  0.        ,  1.        ]])]","[array([[-0.33236503, -0.9430767 ,  0.01182467, -0.0512491 ],
       [ 0.94248042, -0.33257531, -0.03353096,  0.14623121],
       [ 0.03555486, -0.        ,  0.99936773,  0.08358036],
       [ 0.        ,  0.        ,  0.        ,  1.        ]])]","[array([[-0.33236503, -0.9430767 ,  0.01182467, -0.0512491 ],
       [ 0.94248042, -0.33257531, -0.03353096,  0.14623121],
       [ 0.03555486, -0.        ,  0.99936773,  0.08358036],
       [ 0.        ,  0.        ,  0.        ,  1.        ]])]"
26,"[array([[-0.68940068, -0.72379589, -0.0290898 , -0.1138426 ],
       [ 0.72315239, -0.69001414,  0.03051398,  0.07669948],
       [-0.04215827,  0.        ,  0.99911094,  0.08542135],
       [ 0.        ,  0.        ,  0.        ,  1.        ]])]","[array([[ 0.26513951, -0.96419666,  0.00508262, -0.15662832],
       [ 0.96401955,  0.26518822,  0.01847989,  0.13449153],
       [-0.0191661 , -0.        ,  0.99981631,  0.08307048],
       [ 0.        ,  0.        ,  0.        ,  1.        ]])]","[array([[ 0.26513951, -0.96419666,  0.00508262, -0.15662832],
       [ 0.96401955,  0.26518822,  0.01847989,  0.13449153],
       [-0.0191661 , -0.        ,  0.99981631,  0.08307048],
       [ 0.        ,  0.        ,  0.        ,  1.        ]])]","[array([[ 0.1449881 , -0.98942296,  0.00454444, -0.05821786],
       [ 0.98893731,  0.14505931,  0.03099677,  0.08513721],
       [-0.03132813,  0.        ,  0.99950915,  0.08588175],
       [ 0.        ,  0.        ,  0.        ,  1.        ]])]","[array([[-0.31664277, -0.94850256,  0.00895816, -0.05044067],
