,LP,LD1,LD2,RP,RD1,RD2
0,"[array([[-0.09824181, -0.99515081, -0.00483774, -0.11648522],
       [ 0.99394644, -0.09836085,  0.04894506,  0.02786075],
       [-0.04918356,  0.        ,  0.99878976,  0.08519271],
       [ 0.        ,  0.        ,  0.        ,  1.        ]])]","[array([[ 0.25263224, -0.96754522,  0.00576092, -0.11974266],
       [ 0.96729376,  0.25269792,  0.02205777,  0.0974752 ],
       [-0.02279766, -0.        ,  0.9997401 ,  0.08292497],
       [ 0.        ,  0.        ,  0.        ,  1.        ]])]","[array([[ 0.25263224, -0.96754522,  0.00576092, -0.11974266],
       [ 0.96729376,  0.25269792,  0.02205777,  0.0974752 ],
       [-0.02279766, -0.        ,  0.9997401 ,  0.08292497],
       [ 0.        ,  0.        ,  0.        ,  1.        ]])]","[array([[ 0.18674022, -0.9824004 ,  0.00418904, -0.05812078],
       [ 0.98215331,  0.1867872 ,  0.02203212,  0.0315105 ],
       [-0.02242682,  0.        ,  0.99974849,  0.08539136],
       [ 0.        ,  0.        ,  0.        ,  1.        ]])]","[array([[-3.84702905e-01, -9.23040439e-01, -1.51791114e-04,
        -4.72292537e-02],
       [ 9.23040367e-01, -3.84702935e-01,  3.64201372e-04,
         9.05046510e-02],
       [-3.94567082e-04, -0.00000000e+00,  9.99999922e-01,
         8.44535472e-02],
       [ 0.00000000e+00,  0.00000000e+00,  0.00000000e+00,
         1.00000000e+00]])]","[array([[-3.84702905e-01, -9.23040439e-01, -1.51791114e-04,
        -4.72292537e-02],
       [ 9.23040367e-01, -3.84702935e-01,  3.64201372e-04,
         9.05046510e-02],
       [-3.94567082e-04, -0.00000000e+00,  9.99999922e-01,
         8.44535472e-02],
       [ 0.00000000e+00,  0.00000000e+00,  0.00000000e+00,
         1.00000000e+00]])]"
1,"[array([[-0.09812962, -0.99516188, -0.00483903, -0.11649086],
       [ 0.99395409, -0.09824887,  0.04901451,  0.02786485],
       [-0.0492528 ,  0.        ,  0.99878634,  0.08519426],
       [ 0.        ,  0.        ,  0.        ,  1.        ]])]","[array([[ 0.25256185, -0.96756392,  0.00570809, -0.1197475 ],
       [ 0.9673169 ,  0.25262634,  0.0218621 ,  0.09747614],
       [-0.022595  , -0.        ,  0.9997447 ,  0.08291752],
       [ 0.        ,  0.        ,  0.        ,  1.        ]])]","[array([[ 0.25256185, -0.96756392,  0.00570809, -0.1197475 ],
       [ 0.9673169 ,  0.25262634,  0.0218621 ,  0.09747614],
       [-0.022595  , -0.        ,  0.9997447 ,  0.08291752],
       [ 0.        ,  0.        ,  0.        ,  1.        ]])]","[array([[ 0.18708694, -0.98233576,  0.00386455, -0.05812898],
       [ 0.98212625,  0.18712685,  0.02028724,  0.03151512],
       [-0.02065204,  0.        ,  0.99978672,  0.08535161],
       [ 0.        ,  0.        ,  0.        ,  1.        ]])]","[array([[-3.84905975e-01, -9.22955762e-01, -2.27810306e-04,
        -4.72236317e-02],
       [ 9.22955600e-01, -3.84906042e-01,  5.46260155e-04,
         9.05065538e-02],
       [-5.91859520e-04, -0.00000000e+00,  9.99999825e-01,
         8.44578211e-02],
       [ 0.00000000e+00,  0.00000000e+00,  0.00000000e+00,
         1.00000000e+00]])]","[array([[-3.84905975e-01, -9.22955762e-01, -2.27810306e-04,
        -4.72236317e-02],
       [ 9.22955600e-01, -3.84906042e-01,  5.46260155e-04,
         9.05065538e-02],
       [-5.91859520e-04, -0.00000000e+00,  9.99999825e-01,
         8.44578211e-02],
       [ 0.00000000e+00,  0.00000000e+00,  0.00000000e+00,
         1.00000000e+00]])]"
2,"[array([[-0.0983409 , -0.99514102, -0.00483823, -0.11648789],
       [ 0.99393884, -0.09845985,  0.04890035,  0.02786179],
       [-0.04913911,  0.        ,  0.99879194,  0.08518972],
       [ 0.        ,  0.        ,  0.        ,  1.        ]])]","[array([[ 0.25254695, -0.96756766,  0.00573166, -0.11974405],
       [ 0.96731857,  0.25261198,  0.02195369,  0.09747502],
       [-0.02268957, -0.        ,  0.99974256,  0.08291953],
       [ 0.        ,  0.        ,  0.        ,  1.        ]])]","[array([[ 0.25254695, -0.96756766,  0.00573166, -0.11974405],
       [ 0.96731857,  0.25261198,  0.02195369,  0.09747502],
       [-0.02268957, -0.        ,  0.99974256,  0.08291953],
       [ 0.        ,  0.        ,  0.        ,  1.        ]])]","[array([[ 0.1869015 , -0.98237112,  0.00384887, -0.05812614],
       [ 0.98216289,  0.18694112,  0.02022571,  0.03151265],
       [-0.02058867,  0.        ,  0.99978803,  0.08534919],
       [ 0.        ,  0.        ,  0.        ,  1.        ]])]","[array([[-3.84464783e-01, -9.23139650e-01, -1.32720914e-04,
        -4.72391901e-02],
       [ 9.23139595e-01, -3.84464806e-01,  3.18676603e-04,
         9.05017698e-02],
       [-3.45209528e-04, -0.00000000e+00,  9.99999940e-01,
         8.44489777e-02],
       [ 0.00000000e+00,  0.00000000e+00,  0.00000000e+00,
         1.00000000e+00]])]","[array([[-3.84464783e-01, -9.23139650e-01, -1.32720914e-04,
        -4.72391901e-02],
       [ 9.23139595e-01, -3.84464806e-01,  3.18676603e-04,
         9.05017698e-02],
       [-3.45209528e-04, -0.00000000e+00,  9.99999940e-01,
         8.44489777e-02],
       [ 0.00000000e+00,  0.00000000e+00,  0.00000000e+00,
         1.00000000e+00]])]"
3,"[array([[-0.0983164 , -0.99514346, -0.00483582, -0.11648547],
       [ 0.99394187, -0.09843526,  0.04888828,  0.02786   ],
       [-0.04912687,  0.        ,  0.99879255,  0.08519144],
       [ 0.        ,  0.        ,  0.        ,  1.        ]])]","[array([[ 0.25272922, -0.96752011,  0.00572609, -0.11974963],
       [ 0.96727187,  0.25279408,  0.0219155 ,  0.09747833],
       [-0.02265121, -0.        ,  0.99974343,  0.08291831],
       [ 0.        ,  0.        ,  0.        ,  1.        ]])]","[array([[ 0.25272922, -0.96752011,  0.00572609, -0.11974963],
       [ 0.96727187,  0.25279408,  0.0219155 ,  0.09747833],
       [-0.02265121, -0.        ,  0.99974343,  0.08291831],
       [ 0.        ,  0.        ,  0.        ,  1.        ]])]","[array([[ 0.18702627, -0.98234755,  0.00380335, -0.05812872],
       [ 0.98214449,  0.18706494,  0.01997283,  0.03151416],
       [-0.02033173,  0.        ,  0.99979329,  0.08533943],
       [ 0.        ,  0.        ,  0.        ,  1.        ]])]","[array([[-3.84475283e-01, -9.23135283e-01, -7.58543918e-05,
        -4.72437962e-02],
       [ 9.23135265e-01, -3.84475290e-01,  1.82128390e-04,
         9.05037633e-02],
       [-1.97293282e-04, -0.00000000e+00,  9.99999981e-01,
         8.44432739e-02],
       [ 0.00000000e+00,  0.00000000e+00,  0.00000000e+00,
         1.00000000e+00]])]","[array([[-3.84475283e-01, -9.23135283e-01, -7.58543918e-05,
        -4.72437962e-02],
       [ 9.23135265e-01, -3.84475290e-01,  1.82128390e-04,
         9.05037633e-02],
       [-1.97293282e-04, -0.00000000e+00,  9.99999981e-01,
         8.44432739e-02],
       [ 0.00000000e+00,  0.00000000e+00,  0.00000000e+00,
         1.00000000e+00]])]"
4,"[array([[-0.09821766, -0.99515331, -0.00481374, -0.11648879],
       [ 0.99396025, -0.09833556,  0.04871488,  0.02786172],
       [-0.04895213,  0.        ,  0.99880113,  0.08518453],
       [ 0.        ,  0.        ,  0.        ,  1.        ]])]","[array([[ 0.25251398, -0.96757619,  0.00574513, -0.11974104],
       [ 0.96732586,  0.25257932,  0.02200833,  0.09747464],
       [-0.02274584, -0.        ,  0.99974128,  0.08291932],
       [ 0.        ,  0.        ,  0.        ,  1.        ]])]","[array([[ 0.25251398, -0.96757619,  0.00574513, -0.11974104],
       [ 0.96732586,  0.25257932,  0.02200833,  0.09747464],
       [-0.02274584, -0.        ,  0.99974128,  0.08291932],
       [ 0.        ,  0.        ,  0.        ,  1.        ]])]","[array([[ 0.18712304, -0.98232902,  0.00383001, -0.05812673],
       [ 0.98212332,  0.18716223,  0.02010196,  0.0315155 ],
       [-0.02046358,  0.        ,  0.9997906 ,  0.08534638],
       [ 0.        ,  0.        ,  0.        ,  1.        ]])]","[array([[-3.84622383e-01, -9.23074004e-01, -7.59027094e-05,
        -4.72362758e-02],
       [ 9.23073986e-01, -3.84622391e-01,  1.82162608e-04,
         9.05056894e-02],
       [-1.97343450e-04, -0.00000000e+00,  9.99999981e-01,
         8.44422755e-02],
       [ 0.00000000e+00,  0.00000000e+00,  0.00000000e+00,
         1.00000000e+00]])]","[array([[-3.84622383e-01, -9.23074004e-01, -7.59027094e-05,
        -4.72362758e-02],
       [ 9.23073986e-01, -3.84622391e-01,  1.82162608e-04,
         9.05056894e-02],
       [-1.97343450e-04, -0.00000000e+00,  9.99999981e-01,
         8.44422755e-02],
       [ 0.00000000e+00,  0.00000000e+00,  0.00000000e+00,
         1.00000000e+00]])]"
5,"[array([[-0.09817854, -0.99515695, -0.00485929, -0.11648771],
       [ 0.99394027, -0.09829872,  0.04919446,  0.02785759],
       [-0.04943387,  0.        ,  0.9987774 ,  0.08519632],
       [ 0.        ,  0.        ,  0.        ,  1.        ]])]","[array([[ 0.25265321, -0.96753991,  0.0057342 , -0.1197473 ],
       [ 0.96729081,  0.25271827,  0.02195357,  0.09747338],
       [-0.0226901 , -0.        ,  0.99974255,  0.08291555],
       [ 0.        ,  0.        ,  0.        ,  1.        ]])]","[array([[ 0.25265321, -0.96753991,  0.0057342 , -0.1197473 ],
       [ 0.96729081,  0.25271827,  0.02195357,  0.09747338],
       [-0.0226901 , -0.        ,  0.99974255,  0.08291555],
       [ 0.        ,  0.        ,  0.        ,  1.        ]])]","[array([[ 0.18698745, -0.98235485,  0.00382708, -0.05812592],
       [ 0.98214916,  0.18702661,  0.02010171,  0.03151172],
       [-0.02046278,  0.        ,  0.99979062,  0.08534637],
       [ 0.        ,  0.        ,  0.        ,  1.        ]])]","[array([[-0.3842826 , -0.92321551, -0.        , -0.04724703],
       [ 0.92321551, -0.3842826 , -0.        ,  0.09050186],
       [ 0.        , -0.        ,  1.        ,  0.084438  ],
       [ 0.        ,  0.        ,  0.        ,  1.        ]])]","[array([[-0.3842826 , -0.92321551, -0.        , -0.04724703],
       [ 0.92321551, -0.3842826 , -0.        ,  0.09050186],
       [ 0.        , -0.        ,  1.        ,  0.084438  ],
       [ 0.        ,  0.        ,  0.        ,  1.        ]])]"
6,"[array([[-0.09843036, -0.99513238, -0.00479754, -0.11648279],
       [ 0.99395245, -0.09854721,  0.04844565,  0.02785449],
       [-0.04868262,  0.        ,  0.9988143 ,  0.08517149],
       [ 0.        ,  0.        ,  0.        ,  1.        ]])]","[array([[ 0.25223246, -0.9676498 ,  0.00571382, -0.11973542],
       [ 0.96740162,  0.25229717,  0.02191455,  0.09746797],
       [-0.02264719, -0.        ,  0.99974352,  0.08291218],
       [ 0.        ,  0.        ,  0.        ,  1.        ]])]","[array([[ 0.25223246, -0.9676498 ,  0.00571382, -0.11973542],
       [ 0.96740162,  0.25229717,  0.02191455,  0.09746797],
       [-0.02264719, -0.        ,  0.99974352,  0.08291218],
       [ 0.        ,  0.        ,  0.        ,  1.        ]])]","[array([[ 0.1867631 , -0.98239749,  0.00383514, -0.05812027],
       [ 0.98219043,  0.18680248,  0.02016908,  0.03150981],
       [-0.02053047,  0.        ,  0.99978923,  0.08534488],
       [ 0.        ,  0.        ,  0.        ,  1.        ]])]","[array([[-3.84664423e-01, -9.23056487e-01, -5.69321739e-05,
        -4.72436981e-02],
       [ 9.23056477e-01, -3.84664427e-01,  1.36616772e-04,
         9.05026682e-02],
       [-1.48004780e-04, -0.00000000e+00,  9.99999989e-01,
         8.44387066e-02],
       [ 0.00000000e+00,  0.00000000e+00,  0.00000000e+00,
         1.00000000e+00]])]","[array([[-3.84664423e-01, -9.23056487e-01, -5.69321739e-05,
        -4.72436981e-02],
       [ 9.23056477e-01, -3.84664427e-01,  1.36616772e-04,
         9.05026682e-02],
       [-1.48004780e-04, -0.00000000e+00,  9.99999989e-01,
         8.44387066e-02],
       [ 0.00000000e+00,  0.00000000e+00,  0.00000000e+00,
         1.00000000e+00]])]"
7,"[array([[-0.09817334, -0.99515756, -0.00484025, -0.11648383],
       [ 0.99395025, -0.09829259,  0.04900484,  0.02785744],
       [-0.0492433 ,  0.        ,  0.99878681,  0.08519105],
       [ 0.        ,  0.        ,  0.        ,  1.        ]])]","[array([[ 0.25250053, -0.96757994,  0.00570532, -0.11972363],
       [ 0.96733303,  0.25256498,  0.02185716,  0.09747035],
       [-0.02258951, -0.        ,  0.99974482,  0.08291035],
       [ 0.        ,  0.        ,  0.        ,  1.        ]])]","[array([[ 0.25250053, -0.96757994,  0.00570532, -0.11972363],
       [ 0.96733303,  0.25256498,  0.02185716,  0.09747035],
       [-0.02258951, -0.        ,  0.99974482,  0.08291035],
       [ 0.        ,  0.        ,  0.        ,  1.        ]])]","[array([[ 0.18644186, -0.98245709,  0.00418286, -0.0581216 ],
       [ 0.98220993,  0.18648878,  0.0220361 ,  0.03150759],
       [-0.02242958,  0.        ,  0.99974843,  0.08538742],
       [ 0.        ,  0.        ,  0.        ,  1.        ]])]","[array([[-3.84822001e-01, -9.22990803e-01, -7.59230840e-05,
        -4.72557839e-02],
       [ 9.22990785e-01, -3.84822008e-01,  1.82100573e-04,
         9.05005904e-02],
       [-1.97294028e-04, -0.00000000e+00,  9.99999981e-01,
         8.44342740e-02],
       [ 0.00000000e+00,  0.00000000e+00,  0.00000000e+00,
         1.00000000e+00]])]","[array([[-3.84822001e-01, -9.22990803e-01, -7.59230840e-05,
        -4.72557839e-02],
       [ 9.22990785e-01, -3.84822008e-01,  1.82100573e-04,
         9.05005904e-02],
       [-1.97294028e-04, -0.00000000e+00,  9.99999981e-01,
         8.44342740e-02],
       [ 0.00000000e+00,  0.00000000e+00,  0.00000000e+00,
         1.00000000e+00]])]"
8,"[array([[-0.0980868 , -0.99516619, -0.00481939, -0.11649487],
       [ 0.99396713, -0.09820513,  0.04883752,  0.02786605],
       [-0.04907474,  0.        ,  0.99879511,  0.08518527],
       [ 0.        ,  0.        ,  0.        ,  1.        ]])]","[array([[ 0.25252332, -0.96757353,  0.00578247, -0.11974532],
       [ 0.96731995,  0.25258952,  0.02215044,  0.09747488],
       [-0.02289277, -0.        ,  0.99973793,  0.08291899],
       [ 0.        ,  0.        ,  0.        ,  1.        ]])]","[array([[ 0.25252332, -0.96757353,  0.00578247, -0.11974532],
       [ 0.96731995,  0.25258952,  0.02215044,  0.09747488],
       [-0.02289277, -0.        ,  0.99973793,  0.08291899],
       [ 0.        ,  0.        ,  0.        ,  1.        ]])]","[array([[ 0.1897001 , -0.98183506,  0.00371299, -0.05818307],
       [ 0.98164704,  0.18973644,  0.01921372,  0.03155302],
       [-0.0195692 ,  0.        ,  0.9998085 ,  0.08532135],
       [ 0.        ,  0.        ,  0.        ,  1.        ]])]","[array([[-3.84664404e-01, -9.23056487e-01, -1.32841733e-04,
        -4.72456986e-02],
       [ 9.23056432e-01, -3.84664427e-01,  3.18772453e-04,
         9.05076696e-02],
       [-3.45344470e-04, -0.00000000e+00,  9.99999940e-01,
         8.44329820e-02],
       [ 0.00000000e+00,  0.00000000e+00,  0.00000000e+00,
         1.00000000e+00]])]","[array([[-3.84664404e-01, -9.23056487e-01, -1.32841733e-04,
        -4.72456986e-02],
       [ 9.23056432e-01, -3.84664427e-01,  3.18772453e-04,
         9.05076696e-02],
       [-3.45344470e-04, -0.00000000e+00,  9.99999940e-01,
         8.44329820e-02],
       [ 0.00000000e+00,  0.00000000e+00,  0.00000000e+00,
         1.00000000e+00]])]"
9,"[array([[-0.09819991, -0.99515513, -0.00479964, -0.11648621],
       [ 0.9939686 , -0.09831714,  0.04858144,  0.02786175],
       [-0.04881795,  0.        ,  0.99880769,  0.08517852],
       [ 0.        ,  0.        ,  0.        ,  1.        ]])]","[array([[ 0.25279571, -0.96750251,  0.0057638 , -0.11974767],
       [ 0.96725113,  0.25286141,  0.02205353,  0.09747729],
       [-0.02279429, -0.        ,  0.99974018,  0.08291686],
       [ 0.        ,  0.        ,  0.        ,  1.        ]])]","[array([[ 0.25279571, -0.96750251,  0.0057638 , -0.11974767],
       [ 0.96725113,  0.25286141,  0.02205353,  0.09747729],
       [-0.02279429, -0.        ,  0.99974018,  0.08291686],
       [ 0.        ,  0.        ,  0.        ,  1.        ]])]","[array([[ 0.18647941, -0.98245127,  0.00386467, -0.05812439],
       [ 0.98224035,  0.18651945,  0.02035633,  0.03151018],
       [-0.02071993,  0.        ,  0.99978532,  0.08534813],
       [ 0.        ,  0.        ,  0.        ,  1.        ]])]","[array([[-3.85336561e-01, -9.22776052e-01, -3.04076409e-04,
        -4.72424681e-02],
       [ 9.22775765e-01, -3.85336681e-01,  7.28179906e-04,
         9.05043513e-02],
       [-7.89118773e-04, -0.00000000e+00,  9.99999689e-01,
         8.44550940e-02],
       [ 0.00000000e+00,  0.00000000e+00,  0.00000000e+00,
         1.00000000e+00]])]","[array([[-3.85336561e-01, -9.22776052e-01, -3.04076409e-04,
        -4.72424681e-02],
       [ 9.22775765e-01, -3.85336681e-01,  7.28179906e-04,
         9.05043513e-02],
       [-7.89118773e-04, -0.00000000e+00,  9.99999689e-01,
         8.44550940e-02],
       [ 0.00000000e+00,  0.00000000e+00,  0.00000000e+00,
         1.00000000e+00]])]"
10,"[array([[-0.09756527, -0.99521753, -0.00480505, -0.11650114],
       [ 0.99401276, -0.09768352,  0.04895469,  0.02786696],
       [-0.04918994,  0.        ,  0.99878944,  0.08518885],
       [ 0.        ,  0.        ,  0.        ,  1.        ]])]","[array([[ 0.25214293, -0.96767328,  0.00568896, -0.11970268],
       [ 0.96742707,  0.2522071 ,  0.02182754,  0.09746975],
       [-0.02255672, -0.        ,  0.99974556,  0.0829113 ],
       [ 0.        ,  0.        ,  0.        ,  1.        ]])]","[array([[ 0.25214293, -0.96767328,  0.00568896, -0.11970268],
       [ 0.96742707,  0.2522071 ,  0.02182754,  0.09746975],
       [-0.02255672, -0.        ,  0.99974556,  0.0829113 ],
       [ 0.        ,  0.        ,  0.        ,  1.        ]])]","[array([[ 0.18307156, -0.98309051,  0.00422434, -0.05815073],
       [ 0.9828289 ,  0.18312029,  0.02267861,  0.03148583],
       [-0.02306869,  0.        ,  0.99973388,  0.08539174],
       [ 0.        ,  0.        ,  0.        ,  1.        ]])]","[array([[-0.38870213, -0.92136278, -0.00112868, -0.04743301],
       [ 0.9213589 , -0.38870377,  0.00267536,  0.09049511],
       [-0.0029037 , -0.        ,  0.99999578,  0.08453934],
       [ 0.        ,  0.        ,  0.        ,  1.        ]])]","[array([[-0.38870213, -0.92136278, -0.00112868, -0.04743301],
       [ 0.9213589 , -0.38870377,  0.00267536,  0.09049511],
       [-0.0029037 , -0.        ,  0.99999578,  0.08453934],
       [ 0.        ,  0.        ,  0.        ,  1.        ]])]"
11,"[array([[-0.10106118, -0.99486745, -0.00504012, -0.11649385],
       [ 0.99363253, -0.10118678,  0.04955441,  0.02784663],
       [-0.04981007,  0.        ,  0.99875871,  0.08517475],
       [ 0.        ,  0.        ,  0.        ,  1.        ]])]","[array([[ 0.24701744, -0.96899354,  0.00582287, -0.11989663],
       [ 0.96872443,  0.24708606,  0.02283544,  0.09741845],
       [-0.02356615, -0.        ,  0.99972228,  0.0828544 ],
       [ 0.        ,  0.        ,  0.        ,  1.        ]])]","[array([[ 0.24701744, -0.96899354,  0.00582287, -0.11989663],
       [ 0.96872443,  0.24708606,  0.02283544,  0.09741845],
       [-0.02356615, -0.        ,  0.99972228,  0.0828544 ],
       [ 0.        ,  0.        ,  0.        ,  1.        ]])]","[array([[ 0.17563558, -0.98444663,  0.00411945, -0.0582142 ],
       [ 0.98417597,  0.17568388,  0.02308336,  0.03142365],
       [-0.02344806,  0.        ,  0.99972506,  0.08540924],
       [ 0.        ,  0.        ,  0.        ,  1.        ]])]","[array([[-3.93912801e-01, -9.19147578e-01, -6.59709320e-04,
        -4.80218521e-02],
       [ 9.19146289e-01, -3.93913354e-01,  1.53934924e-03,
         9.05278394e-02],
       [-1.67475744e-03, -0.00000000e+00,  9.99998598e-01,
         8.46232573e-02],
       [ 0.00000000e+00,  0.00000000e+00,  0.00000000e+00,
         1.00000000e+00]])]","[array([[-3.93912801e-01, -9.19147578e-01, -6.59709320e-04,
        -4.80218521e-02],
       [ 9.19146289e-01, -3.93913354e-01,  1.53934924e-03,
         9.05278394e-02],
       [-1.67475744e-03, -0.00000000e+00,  9.99998598e-01,
         8.46232573e-02],
       [ 0.00000000e+00,  0.00000000e+00,  0.00000000e+00,
         1.00000000e+00]])]"
12,"[array([[-0.11260003, -0.99362396, -0.00571526, -0.11652223],
       [ 0.99234649, -0.11274498,  0.05036873,  0.02771796],
       [-0.05069194,  0.        ,  0.99871434,  0.0851885 ],
       [ 0.        ,  0.        ,  0.        ,  1.        ]])]","[array([[ 0.24041439, -0.97065086,  0.00615085, -0.12090311],
       [ 0.97033334,  0.24049306,  0.02482537,  0.09729562],
       [-0.025576  , -0.        ,  0.99967288,  0.08288332],
       [ 0.        ,  0.        ,  0.        ,  1.        ]])]","[array([[ 0.24041439, -0.97065086,  0.00615085, -0.12090311],
       [ 0.97033334,  0.24049306,  0.02482537,  0.09729562],
       [-0.025576  , -0.        ,  0.99967288,  0.08288332],
       [ 0.        ,  0.        ,  0.        ,  1.        ]])]","[array([[ 0.15993921, -0.98711865,  0.00402842, -0.05826632],
       [ 0.98680568,  0.15998994,  0.02485484,  0.03129046],
       [-0.02517919,  0.        ,  0.99968295,  0.08544401],
       [ 0.        ,  0.        ,  0.        ,  1.        ]])]","[array([[-4.03975854e-01, -9.14769570e-01, -3.78000084e-04,
        -4.91446494e-02],
       [ 9.14769169e-01, -4.03976031e-01,  8.55949233e-04,
         9.05056700e-02],
       [-9.35699285e-04, -0.00000000e+00,  9.99999562e-01,
         8.46667552e-02],
       [ 0.00000000e+00,  0.00000000e+00,  0.00000000e+00,
         1.00000000e+00]])]","[array([[-4.03975854e-01, -9.14769570e-01, -3.78000084e-04,
        -4.91446494e-02],
       [ 9.14769169e-01, -4.03976031e-01,  8.55949233e-04,
         9.05056700e-02],
       [-9.35699285e-04, -0.00000000e+00,  9.99999562e-01,
         8.46667552e-02],
       [ 0.00000000e+00,  0.00000000e+00,  0.00000000e+00,
         1.00000000e+00]])]"
13,"[array([[-0.13934196, -0.99021869, -0.00712449, -0.11652048],
       [ 0.9889269 , -0.13952397,  0.05056335,  0.02744695],
       [-0.05106281,  0.        ,  0.99869544,  0.08518181],
       [ 0.        ,  0.        ,  0.        ,  1.        ]])]","[array([[ 0.23126549, -0.9728723 ,  0.00597939, -0.12292817],
       [ 0.97254729,  0.23134278,  0.02514528,  0.09699204],
       [-0.02584644, -0.        ,  0.99966593,  0.08286492],
       [ 0.        ,  0.        ,  0.        ,  1.        ]])]","[array([[ 0.23126549, -0.9728723 ,  0.00597939, -0.12292817],
       [ 0.97254729,  0.23134278,  0.02514528,  0.09699204],
       [-0.02584644, -0.        ,  0.99966593,  0.08286492],
       [ 0.        ,  0.        ,  0.        ,  1.        ]])]","[array([[ 0.13471596, -0.99088006,  0.00288575, -0.0583427 ],
       [ 0.9906528 ,  0.13474686,  0.02122074,  0.03105126],
       [-0.02141605,  0.        ,  0.99977065,  0.08538472],
       [ 0.        ,  0.        ,  0.        ,  1.        ]])]","[array([[-4.18165100e-01, -9.08370524e-01,  9.69739055e-04,
        -5.09424445e-02],
       [ 9.08368081e-01, -4.18166224e-01, -2.10653640e-03,
         9.05241094e-02],
       [ 2.31902769e-03, -0.00000000e+00,  9.99997311e-01,
         8.46062549e-02],
       [ 0.00000000e+00,  0.00000000e+00,  0.00000000e+00,
         1.00000000e+00]])]","[array([[-4.18165100e-01, -9.08370524e-01,  9.69739055e-04,
        -5.09424445e-02],
       [ 9.08368081e-01, -4.18166224e-01, -2.10653640e-03,
         9.05241094e-02],
       [ 2.31902769e-03, -0.00000000e+00,  9.99997311e-01,
         8.46062549e-02],
       [ 0.00000000e+00,  0.00000000e+00,  0.00000000e+00,
         1.00000000e+00]])]"
14,"[array([[-0.16928744, -0.98552777, -0.00876191, -0.11649234],
       [ 0.98421038, -0.16951404,  0.05094038,  0.02716647],
       [-0.05168843,  0.        ,  0.99866326,  0.08520682],
       [ 0.        ,  0.        ,  0.        ,  1.        ]])]","[array([[ 0.21817939, -0.97589156,  0.00578027, -0.12510862],
       [ 0.97554926,  0.21825595,  0.02584543,  0.09659369],
       [-0.02648391, -0.        ,  0.99964924,  0.08288419],
       [ 0.        ,  0.        ,  0.        ,  1.        ]])]","[array([[ 0.21817939, -0.97589156,  0.00578027, -0.12510862],
       [ 0.97554926,  0.21825595,  0.02584543,  0.09659369],
       [-0.02648391, -0.        ,  0.99964924,  0.08288419],
       [ 0.        ,  0.        ,  0.        ,  1.        ]])]","[array([[ 0.09496248, -0.99547787,  0.00243642, -0.05840703],
       [ 0.99515039,  0.09499373,  0.02553222,  0.0305937 ],
       [-0.02564821,  0.        ,  0.99967103,  0.08551152],
       [ 0.        ,  0.        ,  0.        ,  1.        ]])]","[array([[-4.22423014e-01, -9.06398657e-01,  5.21270561e-04,
        -5.35469297e-02],
       [ 9.06397967e-01, -4.22423335e-01, -1.11849630e-03,
         9.07352238e-02],
       [ 1.23400039e-03, -0.00000000e+00,  9.99999239e-01,
         8.46357588e-02],
       [ 0.00000000e+00,  0.00000000e+00,  0.00000000e+00,
         1.00000000e+00]])]","[array([[-4.22423014e-01, -9.06398657e-01,  5.21270561e-04,
        -5.35469297e-02],
       [ 9.06397967e-01, -4.22423335e-01, -1.11849630e-03,
         9.07352238e-02],
       [ 1.23400039e-03, -0.00000000e+00,  9.99999239e-01,
         8.46357588e-02],
       [ 0.00000000e+00,  0.00000000e+00,  0.00000000e+00,
         1.00000000e+00]])]"
15,"[array([[-0.20437312, -0.97883507, -0.01065501, -0.11644029],
       [ 0.97750751, -0.20465069,  0.05096246,  0.02682893],
       [-0.0520644 ,  0.        ,  0.99864373,  0.08521624],
       [ 0.        ,  0.        ,  0.        ,  1.        ]])]","[array([[ 0.20343147, -0.97907403,  0.0054486 , -0.12748495],
       [ 0.97872304,  0.20350442,  0.02621361,  0.09604538],
       [-0.02677388, -0.        ,  0.99964152,  0.08290441],
       [ 0.        ,  0.        ,  0.        ,  1.        ]])]","[array([[ 0.20343147, -0.97907403,  0.0054486 , -0.12748495],
       [ 0.97872304,  0.20350442,  0.02621361,  0.09604538],
       [-0.02677388, -0.        ,  0.99964152,  0.08290441],
       [ 0.        ,  0.        ,  0.        ,  1.        ]])]","[array([[ 4.69648870e-02, -9.98896091e-01,  9.48072640e-04,
        -5.84872163e-02],
       [ 9.98692624e-01,  4.69744553e-02,  2.01604478e-02,
         3.00671835e-02],
       [-2.01827277e-02,  0.00000000e+00,  9.99796308e-01,
         8.53610931e-02],
       [ 0.00000000e+00,  0.00000000e+00,  0.00000000e+00,
         1.00000000e+00]])]","[array([[-4.23847016e-01, -9.05733766e-01, -2.30101247e-04,
        -5.65855042e-02],
       [ 9.05733632e-01, -4.23847078e-01,  4.91711468e-04,
         9.09067732e-02],
       [-5.42887421e-04, -0.00000000e+00,  9.99999853e-01,
         8.47132638e-02],
       [ 0.00000000e+00,  0.00000000e+00,  0.00000000e+00,
         1.00000000e+00]])]","[array([[-4.23847016e-01, -9.05733766e-01, -2.30101247e-04,
        -5.65855042e-02],
       [ 9.05733632e-01, -4.23847078e-01,  4.91711468e-04,
         9.09067732e-02],
       [-5.42887421e-04, -0.00000000e+00,  9.99999853e-01,
         8.47132638e-02],
       [ 0.00000000e+00,  0.00000000e+00,  0.00000000e+00,
         1.00000000e+00]])]"
16,"[array([[-0.27351841, -0.96176481, -0.01400497, -0.11627426],
       [ 0.96050652, -0.27387672,  0.04918085,  0.02615631],
       [-0.05113605,  0.        ,  0.9986917 ,  0.08521145],
       [ 0.        ,  0.        ,  0.        ,  1.        ]])]","[array([[ 0.1698033 , -0.98546705,  0.00464018, -0.13202935],
       [ 0.9850993 ,  0.16986669,  0.02691963,  0.09466824],
       [-0.02731662, -0.        ,  0.99962683,  0.08296267],
       [ 0.        ,  0.        ,  0.        ,  1.        ]])]","[array([[ 0.1698033 , -0.98546705,  0.00464018, -0.13202935],
       [ 0.9850993 ,  0.16986669,  0.02691963,  0.09466824],
       [-0.02731662, -0.        ,  0.99962683,  0.08296267],
       [ 0.        ,  0.        ,  0.        ,  1.        ]])]","[array([[-0.05028382, -0.99873403, -0.00136794, -0.05844441],
       [ 0.99836467, -0.05030242,  0.02715988,  0.0289502 ],
       [-0.02719431, -0.        ,  0.99963017,  0.08550915],
       [ 0.        ,  0.        ,  0.        ,  1.        ]])]","[array([[-0.42560078, -0.90491024, -0.00119528, -0.06241141],
       [ 0.90490668, -0.42560246,  0.00254138,  0.09087993],
       [-0.00280843, -0.        ,  0.99999606,  0.08463331],
       [ 0.        ,  0.        ,  0.        ,  1.        ]])]","[array([[-0.42560078, -0.90491024, -0.00119528, -0.06241141],
       [ 0.90490668, -0.42560246,  0.00254138,  0.09087993],
       [-0.00280843, -0.        ,  0.99999606,  0.08463331],
       [ 0.        ,  0.        ,  0.        ,  1.        ]])]"
17,"[array([[-0.35090977, -0.93624931, -0.01730773, -0.11604946],
       [ 0.93511258, -0.35133634,  0.04612205,  0.02541003],
       [-0.04926257,  0.        ,  0.99878586,  0.08518648],
       [ 0.        ,  0.        ,  0.        ,  1.        ]])]","[array([[ 0.14580399, -0.98930588,  0.00388253, -0.13684844],
       [ 0.98895532,  0.14585567,  0.02633432,  0.09278157],
       [-0.02661898, -0.        ,  0.99964565,  0.08301548],
       [ 0.        ,  0.        ,  0.        ,  1.        ]])]","[array([[ 0.14580399, -0.98930588,  0.00388253, -0.13684844],
       [ 0.98895532,  0.14585567,  0.02633432,  0.09278157],
       [-0.02661898, -0.        ,  0.99964565,  0.08301548],
       [ 0.        ,  0.        ,  0.        ,  1.        ]])]","[array([[-0.14512403, -0.98940547, -0.00397947, -0.0583632 ],
       [ 0.9890337 , -0.14517858,  0.02712049,  0.02786119],
       [-0.02741089, -0.        ,  0.99962425,  0.085526  ],
       [ 0.        ,  0.        ,  0.        ,  1.        ]])]","[array([[-0.42967636, -0.90297321,  0.00419663, -0.06818317],
       [ 0.90293014, -0.42969685, -0.00881889,  0.09044249],
       [ 0.0097665 , -0.        ,  0.99995231,  0.08383443],
       [ 0.        ,  0.        ,  0.        ,  1.        ]])]","[array([[-0.42967636, -0.90297321,  0.00419663, -0.06818317],
       [ 0.90293014, -0.42969685, -0.00881889,  0.09044249],
       [ 0.0097665 , -0.        ,  0.99995231,  0.08383443],
       [ 0.        ,  0.        ,  0.        ,  1.        ]])]"
18,"[array([[-0.40588185, -0.9137082 , -0.01993093, -0.11585168],
       [ 0.91260857, -0.40637091,  0.04481386,  0.0248851 ],
       [-0.04904614,  0.        ,  0.99879651,  0.08521563],
       [ 0.        ,  0.        ,  0.        ,  1.        ]])]","[array([[ 0.12449753, -0.99221385,  0.00346993, -0.14045698],
       [ 0.99182869,  0.12454588,  0.02764371,  0.0911663 ],
       [-0.02786064, -0.        ,  0.99961182,  0.08311497],
       [ 0.        ,  0.        ,  0.        ,  1.        ]])]","[array([[ 0.12449753, -0.99221385,  0.00346993, -0.14045698],
       [ 0.99182869,  0.12454588,  0.02764371,  0.0911663 ],
       [-0.02786064, -0.        ,  0.99961182,  0.08311497],
       [ 0.        ,  0.        ,  0.        ,  1.        ]])]","[array([[-0.2080253 , -0.97810096, -0.00663243, -0.05858788],
       [ 0.97760421, -0.20813101,  0.03116877,  0.0270485 ],
       [-0.03186662, -0.        ,  0.99949213,  0.08567381],
       [ 0.        ,  0.        ,  0.        ,  1.        ]])]","[array([[-0.43547076, -0.90019558,  0.00362372, -0.07233672],
       [ 0.90016442, -0.43548583, -0.00749062,  0.08970884],
       [ 0.0083211 , -0.        ,  0.99996538,  0.08384339],
       [ 0.        ,  0.        ,  0.        ,  1.        ]])]","[array([[-0.43547076, -0.90019558,  0.00362372, -0.07233672],
       [ 0.90016442, -0.43548583, -0.00749062,  0.08970884],
       [ 0.0083211 , -0.        ,  0.99996538,  0.08384339],
       [ 0.        ,  0.        ,  0.        ,  1.        ]])]"
19,"[array([[-0.45506729, -0.89019146, -0.02174692, -0.11563442],
       [ 0.88917672, -0.45558662,  0.0424923 ,  0.02440714],
       [-0.04773389,  0.        ,  0.99886009,  0.08518924],
       [ 0.        ,  0.        ,  0.        ,  1.        ]])]","[array([[ 0.1188058 , -0.99291255,  0.00313904, -0.14346413],
       [ 0.99256615,  0.11884726,  0.02622521,  0.08957321],
       [-0.0264124 , -0.        ,  0.99965113,  0.08311491],
       [ 0.        ,  0.        ,  0.        ,  1.        ]])]","[array([[ 0.1188058 , -0.99291255,  0.00313904, -0.14346413],
       [ 0.99256615,  0.11884726,  0.02622521,  0.08957321],
       [-0.0264124 , -0.        ,  0.99965113,  0.08311491],
       [ 0.        ,  0.        ,  0.        ,  1.        ]])]","[array([[-0.2496883 , -0.96828677, -0.00874595, -0.05856353],
       [ 0.96769331, -0.24984142,  0.03389585,  0.02655233],
       [-0.03500601, -0.        ,  0.9993871 ,  0.08573313],
       [ 0.        ,  0.        ,  0.        ,  1.        ]])]","[array([[-4.54245117e-01, -8.90876704e-01,  2.69694363e-04,
        -7.47105600e-02],
       [ 8.90876547e-01, -4.54245197e-01, -5.28931130e-04,
         8.91412544e-02],
       [ 5.93719791e-04, -0.00000000e+00,  9.99999824e-01,
         8.39051197e-02],
       [ 0.00000000e+00,  0.00000000e+00,  0.00000000e+00,
         1.00000000e+00]])]","[array([[-4.54245117e-01, -8.90876704e-01,  2.69694363e-04,
        -7.47105600e-02],
       [ 8.90876547e-01, -4.54245197e-01, -5.28931130e-04,
         8.91412544e-02],
       [ 5.93719791e-04, -0.00000000e+00,  9.99999824e-01,
         8.39051197e-02],
       [ 0.00000000e+00,  0.00000000e+00,  0.00000000e+00,
         1.00000000e+00]])]"
20,"[array([[-0.45665474, -0.88938604, -0.02142258, -0.1156177 ],
       [ 0.888409  , -0.45715695,  0.04167703,  0.02439248],
       [-0.04686045,  0.        ,  0.99890145,  0.08518067],
       [ 0.        ,  0.        ,  0.        ,  1.        ]])]","[array([[ 0.1207845 , -0.99267387,  0.00311341, -0.14353098],
       [ 0.99234425,  0.12082462,  0.02557925,  0.08953916],
       [-0.02576803, -0.        ,  0.99966795,  0.08315142],
       [ 0.        ,  0.        ,  0.        ,  1.        ]])]","[array([[ 0.1207845 , -0.99267387,  0.00311341, -0.14353098],
       [ 0.99234425,  0.12082462,  0.02557925,  0.08953916],
       [-0.02576803, -0.        ,  0.99966795,  0.08315142],
       [ 0.        ,  0.        ,  0.        ,  1.        ]])]","[array([[-0.25036112, -0.9681131 , -0.00873664, -0.05852991],
       [ 0.96752419, -0.25051351,  0.03376286,  0.02654215],
       [-0.03487491, -0.        ,  0.99939169,  0.0857402 ],
       [ 0.        ,  0.        ,  0.        ,  1.        ]])]","[array([[-4.53437791e-01, -8.91287855e-01,  3.59019352e-04,
        -7.47438862e-02],
       [ 8.91287576e-01, -4.53437933e-01, -7.05696556e-04,
         8.91432835e-02],
       [ 7.91771762e-04, -0.00000000e+00,  9.99999687e-01,
         8.39038217e-02],
       [ 0.00000000e+00,  0.00000000e+00,  0.00000000e+00,
         1.00000000e+00]])]","[array([[-4.53437791e-01, -8.91287855e-01,  3.59019352e-04,
        -7.47438862e-02],
       [ 8.91287576e-01, -4.53437933e-01, -7.05696556e-04,
         8.91432835e-02],
       [ 7.91771762e-04, -0.00000000e+00,  9.99999687e-01,
         8.39038217e-02],
       [ 0.00000000e+00,  0.00000000e+00,  0.00000000e+00,
         1.00000000e+00]])]"
21,"[array([[-0.45633486, -0.88955188, -0.02135289, -0.11563275],
       [ 0.88857964, -0.45683416,  0.04157855,  0.02439033],
       [-0.046741  ,  0.        ,  0.99890704,  0.085183  ],
       [ 0.        ,  0.        ,  0.        ,  1.        ]])]","[array([[ 0.12197548, -0.99252836,  0.00307056, -0.1435132 ],
       [ 0.99221403,  0.12201413,  0.02497755,  0.08954766],
       [-0.02516557, -0.        ,  0.9996833 ,  0.08314627],
       [ 0.        ,  0.        ,  0.        ,  1.        ]])]","[array([[ 0.12197548, -0.99252836,  0.00307056, -0.1435132 ],
       [ 0.99221403,  0.12201413,  0.02497755,  0.08954766],
       [-0.02516557, -0.        ,  0.9996833 ,  0.08314627],
       [ 0.        ,  0.        ,  0.        ,  1.        ]])]","[array([[-0.25112912, -0.96791654, -0.00847013, -0.05847997],
       [ 0.96736646, -0.25127192,  0.03262753,  0.02654195],
       [-0.03370903, -0.        ,  0.99943169,  0.08571608],
       [ 0.        ,  0.        ,  0.        ,  1.        ]])]","[array([[-4.53260592e-01, -8.91378014e-01,  2.69171570e-04,
        -7.46547609e-02],
       [ 8.91377856e-01, -4.53260672e-01, -5.29350182e-04,
         8.91658499e-02],
       [ 5.93856000e-04, -0.00000000e+00,  9.99999824e-01,
         8.39201154e-02],
       [ 0.00000000e+00,  0.00000000e+00,  0.00000000e+00,
         1.00000000e+00]])]","[array([[-4.53260592e-01, -8.91378014e-01,  2.69171570e-04,
        -7.46547609e-02],
       [ 8.91377856e-01, -4.53260672e-01, -5.29350182e-04,
         8.91658499e-02],
       [ 5.93856000e-04, -0.00000000e+00,  9.99999824e-01,
         8.39201154e-02],
       [ 0.00000000e+00,  0.00000000e+00,  0.00000000e+00,
         1.00000000e+00]])]"
22,"[array([[-0.4380537 , -0.89873172, -0.0197546 , -0.11564067],
       [ 0.89781925, -0.43849891,  0.04048833,  0.02459292],
       [-0.04505052,  0.        ,  0.99898471,  0.08520713],
       [ 0.        ,  0.        ,  0.        ,  1.        ]])]","[array([[ 0.14171086, -0.98990429,  0.00274446, -0.14169497],
       [ 0.9897187 ,  0.14173744,  0.01916749,  0.09030076],
       [-0.01936297, -0.        ,  0.99981252,  0.08317574],
       [ 0.        ,  0.        ,  0.        ,  1.        ]])]","[array([[ 0.14171086, -0.98990429,  0.00274446, -0.14169497],
       [ 0.9897187 ,  0.14173744,  0.01916749,  0.09030076],
       [-0.01936297, -0.        ,  0.99981252,  0.08317574],
       [ 0.        ,  0.        ,  0.        ,  1.        ]])]","[array([[-0.22194343, -0.97503643, -0.00671313, -0.05835692],
       [ 0.97459072, -0.22204493,  0.02947846,  0.02678852],
       [-0.03023319, -0.        ,  0.99954287,  0.08559522],
       [ 0.        ,  0.        ,  0.        ,  1.        ]])]","[array([[-0.43448144, -0.90066349, -0.00558209, -0.07248261],
       [ 0.90058916, -0.4345173 ,  0.01157051,  0.08972565],
       [-0.01284665, -0.        ,  0.99991748,  0.08463652],
       [ 0.        ,  0.        ,  0.        ,  1.        ]])]","[array([[-0.43448144, -0.90066349, -0.00558209, -0.07248261],
       [ 0.90058916, -0.4345173 ,  0.01157051,  0.08972565],
       [-0.01284665, -0.        ,  0.99991748,  0.08463652],
       [ 0.        ,  0.        ,  0.        ,  1.        ]])]"
23,"[array([[-0.40540132, -0.91396392, -0.01788097, -0.11570235],
       [ 0.91307619, -0.40579547,  0.04027291,  0.02500517],
       [-0.044064  ,  0.        ,  0.99902871,  0.08520903],
       [ 0.        ,  0.        ,  0.        ,  1.        ]])]","[array([[ 0.16105188, -0.98694253,  0.00259654, -0.13899369],
       [ 0.98681428,  0.16107281,  0.01590981,  0.09147713],
       [-0.0161203 , -0.        ,  0.99987006,  0.08315563],
       [ 0.        ,  0.        ,  0.        ,  1.        ]])]","[array([[ 0.16105188, -0.98694253,  0.00259654, -0.13899369],
       [ 0.98681428,  0.16107281,  0.01590981,  0.09147713],
       [-0.0161203 , -0.        ,  0.99987006,  0.08315563],
       [ 0.        ,  0.        ,  0.        ,  1.        ]])]","[array([[-0.18728489, -0.98229452, -0.00467344, -0.05825268],
       [ 0.98198884, -0.18734319,  0.02450419,  0.02710878],
       [-0.02494586, -0.        ,  0.9996888 ,  0.08544479],
       [ 0.        ,  0.        ,  0.        ,  1.        ]])]","[array([[-0.40567832, -0.91401007, -0.00327007, -0.07007607],
       [ 0.91398038, -0.4056915 ,  0.00736736,  0.09048017],
       [-0.00806049, -0.        ,  0.99996751,  0.08459632],
       [ 0.        ,  0.        ,  0.        ,  1.        ]])]","[array([[-0.40567832, -0.91401007, -0.00327007, -0.07007607],
       [ 0.91398038, -0.4056915 ,  0.00736736,  0.09048017],
       [-0.00806049, -0.        ,  0.99996751,  0.08459632],
       [ 0.        ,  0.        ,  0.        ,  1.        ]])]"
24,"[array([[-0.33519751, -0.94202944, -0.01493842, -0.11594516],
       [ 0.94109534, -0.33553022,  0.04194089,  0.02573781],
       [-0.04452184,  0.        ,  0.99900841,  0.08521029],
       [ 0.        ,  0.        ,  0.        ,  1.        ]])]","[array([[ 0.20041211, -0.97970997,  0.00183359, -0.1340698 ],
       [ 0.97966897,  0.20042049,  0.00896307,  0.09359442],
       [-0.0091487 , -0.        ,  0.99995815,  0.08304093],
       [ 0.        ,  0.        ,  0.        ,  1.        ]])]","[array([[ 0.20041211, -0.97970997,  0.00183359, -0.1340698 ],
       [ 0.97966897,  0.20042049,  0.00896307,  0.09359442],
       [-0.0091487 , -0.        ,  0.99995815,  0.08304093],
