,LP,LD1,LD2,RP,RD1,RD2
0,"[array([[-0.47375477, -0.88036455, -0.02268656, -0.11573604],
       [ 0.87935688, -0.47429765,  0.04210952,  0.27044727],
       [-0.04783191,  0.        ,  0.9988554 ,  0.08522943],
       [ 0.        ,  0.        ,  0.        ,  1.        ]])]","[array([[ 0.35292633, -0.93562853,  0.00650128, -0.14325139],
       [ 0.93546982,  0.35298621,  0.01723236,  0.3371665 ],
       [-0.01841795, -0.        ,  0.99983038,  0.08281369],
       [ 0.        ,  0.        ,  0.        ,  1.        ]])]","[array([[ 0.35292633, -0.93562853,  0.00650128, -0.14325139],
       [ 0.93546982,  0.35298621,  0.01723236,  0.3371665 ],
       [-0.01841795, -0.        ,  0.99983038,  0.08281369],
       [ 0.        ,  0.        ,  0.        ,  1.        ]])]","[array([[ 4.56122726e-01, -8.89916883e-01, -2.88514688e-05,
        -5.78441614e-02],
       [ 8.89916881e-01,  4.56122727e-01, -5.62905719e-05,
         2.80563951e-01],
       [ 6.32537409e-05,  0.00000000e+00,  9.99999998e-01,
         8.56365831e-02],
       [ 0.00000000e+00,  0.00000000e+00,  0.00000000e+00,
         1.00000000e+00]])]","[array([[-0.35633046, -0.93432746,  0.00779757, -0.03154269],
       [ 0.93410383, -0.35641577, -0.02044097,  0.33166778],
       [ 0.02187773, -0.        ,  0.99976065,  0.08455429],
       [ 0.        ,  0.        ,  0.        ,  1.        ]])]","[array([[-0.35633046, -0.93432746,  0.00779757, -0.03154269],
       [ 0.93410383, -0.35641577, -0.02044097,  0.33166778],
       [ 0.02187773, -0.        ,  0.99976065,  0.08455429],
       [ 0.        ,  0.        ,  0.        ,  1.        ]])]"
1,"[array([[-0.47352298, -0.8804892 , -0.02268835, -0.11574665],
       [ 0.87948025, -0.47406621,  0.04213937,  0.27045014],
       [-0.04785904,  0.        ,  0.9988541 ,  0.08523004],
       [ 0.        ,  0.        ,  0.        ,  1.        ]])]","[array([[ 0.35272697, -0.93570386,  0.00647888, -0.14324238],
       [ 0.93554605,  0.35278646,  0.01718408,  0.33715717],
       [-0.01836487, -0.        ,  0.99983135,  0.08281   ],
       [ 0.        ,  0.        ,  0.        ,  1.        ]])]","[array([[ 0.35272697, -0.93570386,  0.00647888, -0.14324238],
       [ 0.93554605,  0.35278646,  0.01718408,  0.33715717],
       [-0.01836487, -0.        ,  0.99983135,  0.08281   ],
       [ 0.        ,  0.        ,  0.        ,  1.        ]])]","[array([[ 4.55923522e-01, -8.90018944e-01, -1.44231383e-04,
        -5.78396050e-02],
       [ 8.90018900e-01,  4.55923545e-01, -2.81557433e-04,
         2.80560898e-01],
       [ 3.16349932e-04,  0.00000000e+00,  9.99999950e-01,
         8.56299138e-02],
       [ 0.00000000e+00,  0.00000000e+00,  0.00000000e+00,
         1.00000000e+00]])]","[array([[-0.35641019, -0.93429792,  0.00769232, -0.03153975],
       [ 0.93408039, -0.35649319, -0.02016005,  0.33166846],
       [ 0.02157775, -0.        ,  0.99976717,  0.08456783],
       [ 0.        ,  0.        ,  0.        ,  1.        ]])]","[array([[-0.35641019, -0.93429792,  0.00769232, -0.03153975],
       [ 0.93408039, -0.35649319, -0.02016005,  0.33166846],
       [ 0.02157775, -0.        ,  0.99976717,  0.08456783],
       [ 0.        ,  0.        ,  0.        ,  1.        ]])]"
2,"[array([[-0.47349688, -0.88054528, -0.02099313, -0.11574287],
       [ 0.8796811 , -0.47396204,  0.03900187,  0.27044483],
       [-0.04429286,  0.        ,  0.99901859,  0.08514816],
       [ 0.        ,  0.        ,  0.        ,  1.        ]])]","[array([[ 0.3695549 , -0.92918504,  0.00665843, -0.14395818],
       [ 0.92903426,  0.36961488,  0.01673882,  0.33788398],
       [-0.01801451, -0.        ,  0.99983773,  0.08278686],
       [ 0.        ,  0.        ,  0.        ,  1.        ]])]","[array([[ 0.3695549 , -0.92918504,  0.00665843, -0.14395818],
       [ 0.92903426,  0.36961488,  0.01673882,  0.33788398],
       [-0.01801451, -0.        ,  0.99983773,  0.08278686],
       [ 0.        ,  0.        ,  0.        ,  1.        ]])]","[array([[ 4.56122704e-01, -8.89916883e-01, -1.44257337e-04,
        -5.78411609e-02],
       [ 8.89916838e-01,  4.56122727e-01, -2.81452846e-04,
         2.80563952e-01],
       [ 3.16268689e-04,  0.00000000e+00,  9.99999950e-01,
         8.56289156e-02],
       [ 0.00000000e+00,  0.00000000e+00,  0.00000000e+00,
         1.00000000e+00]])]","[array([[-0.36295173, -0.93177227,  0.00815377, -0.031224  ],
       [ 0.93153723, -0.3630433 , -0.02092715,  0.33185827],
       [ 0.02245951, -0.        ,  0.99974775,  0.08452379],
       [ 0.        ,  0.        ,  0.        ,  1.        ]])]","[array([[-0.36295173, -0.93177227,  0.00815377, -0.031224  ],
       [ 0.93153723, -0.3630433 , -0.02092715,  0.33185827],
       [ 0.02245951, -0.        ,  0.99974775,  0.08452379],
       [ 0.        ,  0.        ,  0.        ,  1.        ]])]"
3,"[array([[-0.47361786, -0.88043893, -0.02265872, -0.11574095],
       [ 0.87943306, -0.47415957,  0.04207364,  0.27044813],
       [-0.04778712,  0.        ,  0.99885754,  0.08522743],
       [ 0.        ,  0.        ,  0.        ,  1.        ]])]","[array([[ 0.36894493, -0.92942957,  0.0063498 , -0.14391688],
       [ 0.92929195,  0.36899956,  0.01599377,  0.33788501],
       [-0.01720816, -0.        ,  0.99985193,  0.08274622],
       [ 0.        ,  0.        ,  0.        ,  1.        ]])]","[array([[ 0.36894493, -0.92942957,  0.0063498 , -0.14391688],
       [ 0.92929195,  0.36899956,  0.01599377,  0.33788501],
       [-0.01720816, -0.        ,  0.99985193,  0.08274622],
       [ 0.        ,  0.        ,  0.        ,  1.        ]])]","[array([[ 4.56098291e-01, -8.89929399e-01, -1.15409519e-04,
        -5.78417251e-02],
       [ 8.89929371e-01,  4.56098306e-01, -2.25184620e-04,
         2.80564455e-01],
       [ 2.53036500e-04,  0.00000000e+00,  9.99999968e-01,
         8.56303320e-02],
       [ 0.00000000e+00,  0.00000000e+00,  0.00000000e+00,
         1.00000000e+00]])]","[array([[-0.36282538, -0.93182084,  0.0082263 , -0.03123469],
       [ 0.93158142, -0.36291863, -0.02112166,  0.33186058],
       [ 0.02266708, -0.        ,  0.99974307,  0.08451219],
       [ 0.        ,  0.        ,  0.        ,  1.        ]])]","[array([[-0.36282538, -0.93182084,  0.0082263 , -0.03123469],
       [ 0.93158142, -0.36291863, -0.02112166,  0.33186058],
       [ 0.02266708, -0.        ,  0.99974307,  0.08451219],
       [ 0.        ,  0.        ,  0.        ,  1.        ]])]"
4,"[array([[-0.4741073 , -0.88017334, -0.02274112, -0.11573097],
       [ 0.87916255, -0.47465239,  0.04217008,  0.27044359],
       [-0.04791111,  0.        ,  0.9988516 ,  0.08522721],
       [ 0.        ,  0.        ,  0.        ,  1.        ]])]","[array([[ 0.36943429, -0.92923146,  0.00686999, -0.14397455],
       [ 0.92907084,  0.36949816,  0.01727697,  0.33788729],
       [-0.01859275, -0.        ,  0.99982714,  0.08281425],
       [ 0.        ,  0.        ,  0.        ,  1.        ]])]","[array([[ 0.36943429, -0.92923146,  0.00686999, -0.14397455],
       [ 0.92907084,  0.36949816,  0.01727697,  0.33788729],
       [-0.01859275, -0.        ,  0.99982714,  0.08281425],
       [ 0.        ,  0.        ,  0.        ,  1.        ]])]","[array([[ 4.55570243e-01, -8.90199835e-01, -8.64647620e-05,
        -5.78522970e-02],
       [ 8.90199819e-01,  4.55570252e-01, -1.68955099e-04,
         2.80553710e-01],
       [ 1.89794574e-04,  0.00000000e+00,  9.99999982e-01,
         8.56407486e-02],
       [ 0.00000000e+00,  0.00000000e+00,  0.00000000e+00,
         1.00000000e+00]])]","[array([[-0.35714985, -0.93401532,  0.00770471, -0.03156435],
       [ 0.93379806, -0.35723295, -0.02014461,  0.33166827],
       [ 0.02156775, -0.        ,  0.99976739,  0.08459115],
       [ 0.        ,  0.        ,  0.        ,  1.        ]])]","[array([[-0.35714985, -0.93401532,  0.00770471, -0.03156435],
       [ 0.93379806, -0.35723295, -0.02014461,  0.33166827],
       [ 0.02156775, -0.        ,  0.99976739,  0.08459115],
       [ 0.        ,  0.        ,  0.        ,  1.        ]])]"
5,"[array([[-0.47356642, -0.88046909, -0.02256165, -0.11573045],
       [ 0.87947156, -0.47410356,  0.04189978,  0.27044591],
       [-0.04758802,  0.        ,  0.99886705,  0.08521897],
       [ 0.        ,  0.        ,  0.        ,  1.        ]])]","[array([[ 0.35249329, -0.93579171,  0.00650876, -0.14321035],
       [ 0.93563222,  0.35255338,  0.01727637,  0.33715039],
       [-0.01846177, -0.        ,  0.99982957,  0.08281608],
       [ 0.        ,  0.        ,  0.        ,  1.        ]])]","[array([[ 0.35249329, -0.93579171,  0.00650876, -0.14321035],
       [ 0.93563222,  0.35255338,  0.01727637,  0.33715039],
       [-0.01846177, -0.        ,  0.99982957,  0.08281608],
       [ 0.        ,  0.        ,  0.        ,  1.        ]])]","[array([[ 4.55974883e-01, -8.89992636e-01, -1.15411102e-04,
        -5.78425220e-02],
       [ 8.89992608e-01,  4.55974898e-01, -2.25264662e-04,
         2.80552943e-01],
       [ 2.53108456e-04,  0.00000000e+00,  9.99999968e-01,
         8.56353304e-02],
       [ 0.00000000e+00,  0.00000000e+00,  0.00000000e+00,
         1.00000000e+00]])]","[array([[-0.35658751, -0.93422936,  0.00780112, -0.03155117],
       [ 0.93400587, -0.35667284, -0.02043338,  0.33165636],
       [ 0.02187191, -0.        ,  0.99976078,  0.08458547],
       [ 0.        ,  0.        ,  0.        ,  1.        ]])]","[array([[-0.35658751, -0.93422936,  0.00780112, -0.03155117],
       [ 0.93400587, -0.35667284, -0.02043338,  0.33165636],
       [ 0.02187191, -0.        ,  0.99976078,  0.08458547],
       [ 0.        ,  0.        ,  0.        ,  1.        ]])]"
6,"[array([[-0.47521467, -0.87956706, -0.02308248, -0.11576027],
       [ 0.87853131, -0.47577493,  0.04267267,  0.27041996],
       [-0.04851553,  0.        ,  0.99882243,  0.08523075],
       [ 0.        ,  0.        ,  0.        ,  1.        ]])]","[array([[ 0.3372439 , -0.94140347,  0.0051052 , -0.14285367],
       [ 0.94129562,  0.33728254,  0.01424933,  0.33651657],
       [-0.01513626, -0.        ,  0.99988544,  0.08261633],
       [ 0.        ,  0.        ,  0.        ,  1.        ]])]","[array([[ 0.3372439 , -0.94140347,  0.0051052 , -0.14285367],
       [ 0.94129562,  0.33728254,  0.01424933,  0.33651657],
       [-0.01513626, -0.        ,  0.99988544,  0.08261633],
       [ 0.        ,  0.        ,  0.        ,  1.        ]])]","[array([[ 4.52243310e-01, -8.91894569e-01,  2.57550916e-04,
        -5.78568144e-02],
       [ 8.91894424e-01,  4.52243383e-01,  5.07930624e-04,
         2.80508225e-01],
       [-5.69496263e-04,  0.00000000e+00,  9.99999838e-01,
         8.56237567e-02],
       [ 0.00000000e+00,  0.00000000e+00,  0.00000000e+00,
         1.00000000e+00]])]","[array([[-0.35883204, -0.93336505,  0.00832159, -0.03183491],
       [ 0.93311417, -0.35892851, -0.02163962,  0.3317227 ],
       [ 0.02318452, -0.        ,  0.9997312 ,  0.08448973],
       [ 0.        ,  0.        ,  0.        ,  1.        ]])]","[array([[-0.35883204, -0.93336505,  0.00832159, -0.03183491],
       [ 0.93311417, -0.35892851, -0.02163962,  0.3317227 ],
       [ 0.02318452, -0.        ,  0.9997312 ,  0.08448973],
       [ 0.        ,  0.        ,  0.        ,  1.        ]])]"
7,"[array([[-0.48063371, -0.87661896, -0.02303104, -0.11572935],
       [ 0.87561427, -0.4811852 ,  0.04195775,  0.27037376],
       [-0.04786316,  0.        ,  0.9988539 ,  0.08520513],
       [ 0.        ,  0.        ,  0.        ,  1.        ]])]","[array([[ 0.34484395, -0.93864229,  0.0057701 , -0.14373693],
       [ 0.93851092,  0.34489223,  0.01570363,  0.33688937],
       [-0.01673015, -0.        ,  0.99986004,  0.08267102],
       [ 0.        ,  0.        ,  0.        ,  1.        ]])]","[array([[ 0.34484395, -0.93864229,  0.0057701 , -0.14373693],
       [ 0.93851092,  0.34489223,  0.01570363,  0.33688937],
       [-0.01673015, -0.        ,  0.99986004,  0.08267102],
       [ 0.        ,  0.        ,  0.        ,  1.        ]])]","[array([[ 0.44723747, -0.89441454,  0.00113199, -0.05789505],
       [ 0.89441167,  0.44723891,  0.00226381,  0.28048342],
       [-0.00253106,  0.        ,  0.9999968 ,  0.0856067 ],
       [ 0.        ,  0.        ,  0.        ,  1.        ]])]","[array([[-0.37199058, -0.92819689,  0.00857547, -0.03179441],
       [ 0.92795035, -0.37208941, -0.02139197,  0.33202995],
       [ 0.0230468 , -0.        ,  0.99973439,  0.08431411],
       [ 0.        ,  0.        ,  0.        ,  1.        ]])]","[array([[-0.37199058, -0.92819689,  0.00857547, -0.03179441],
       [ 0.92795035, -0.37208941, -0.02139197,  0.33202995],
       [ 0.0230468 , -0.        ,  0.99973439,  0.08431411],
       [ 0.        ,  0.        ,  0.        ,  1.        ]])]"
8,"[array([[-0.492283  , -0.87013416, -0.0228907 , -0.11569364],
       [ 0.869195  , -0.49281491,  0.04041676,  0.27023526],
       [-0.04644888,  0.        ,  0.99892067,  0.08516045],
       [ 0.        ,  0.        ,  0.        ,  1.        ]])]","[array([[ 0.33098364, -0.94362333,  0.0049847 , -0.14449658],
       [ 0.94351633,  0.33102118,  0.01420959,  0.33634878],
       [-0.01505854, -0.        ,  0.99988661,  0.08255986],
       [ 0.        ,  0.        ,  0.        ,  1.        ]])]","[array([[ 0.33098364, -0.94362333,  0.0049847 , -0.14449658],
       [ 0.94351633,  0.33102118,  0.01420959,  0.33634878],
       [-0.01505854, -0.        ,  0.99988661,  0.08255986],
       [ 0.        ,  0.        ,  0.        ,  1.        ]])]","[array([[ 0.43571872, -0.90006317,  0.00595666, -0.05783416],
       [ 0.89997908,  0.43575944,  0.01230351,  0.28042683],
       [-0.01366961,  0.        ,  0.99990657,  0.0856022 ],
       [ 0.        ,  0.        ,  0.        ,  1.        ]])]","[array([[-0.37838055, -0.92560536,  0.00910407, -0.03274957],
       [ 0.92533755, -0.37849006, -0.02226419,  0.33206203],
       [ 0.02405365, -0.        ,  0.99971067,  0.08360909],
       [ 0.        ,  0.        ,  0.        ,  1.        ]])]","[array([[-0.37838055, -0.92560536,  0.00910407, -0.03274957],
       [ 0.92533755, -0.37849006, -0.02226419,  0.33206203],
       [ 0.02405365, -0.        ,  0.99971067,  0.08360909],
       [ 0.        ,  0.        ,  0.        ,  1.        ]])]"
9,"[array([[-0.49178989, -0.87041694, -0.02273879, -0.1156779 ],
       [ 0.86948803, -0.49231529,  0.04020233,  0.27023938],
       [-0.04618744,  0.        ,  0.99893279,  0.0851546 ],
       [ 0.        ,  0.        ,  0.        ,  1.        ]])]","[array([[ 0.33227647, -0.94316998,  0.00476932, -0.14440766],
       [ 0.94307283,  0.33231069,  0.01353637,  0.33638868],
       [-0.01435199, -0.        ,  0.999897  ,  0.08254039],
       [ 0.        ,  0.        ,  0.        ,  1.        ]])]","[array([[ 0.33227647, -0.94316998,  0.00476932, -0.14440766],
       [ 0.94307283,  0.33231069,  0.01353637,  0.33638868],
       [-0.01435199, -0.        ,  0.999897  ,  0.08254039],
       [ 0.        ,  0.        ,  0.        ,  1.        ]])]","[array([[ 0.4381479 , -0.89889137,  0.00455122, -0.05783017],
       [ 0.89884288,  0.43817154,  0.00933665,  0.28042269],
       [-0.01038685,  0.        ,  0.99994606,  0.08559167],
       [ 0.        ,  0.        ,  0.        ,  1.        ]])]","[array([[-0.37531086, -0.92685605,  0.00892285, -0.03264239],
       [ 0.92659422, -0.37541691, -0.02202937,  0.33198732],
       [ 0.02376785, -0.        ,  0.9997175 ,  0.08377318],
       [ 0.        ,  0.        ,  0.        ,  1.        ]])]","[array([[-0.37531086, -0.92685605,  0.00892285, -0.03264239],
       [ 0.92659422, -0.37541691, -0.02202937,  0.33198732],
       [ 0.02376785, -0.        ,  0.9997175 ,  0.08377318],
       [ 0.        ,  0.        ,  0.        ,  1.        ]])]"
10,"[array([[-0.48439515, -0.87459035, -0.02128531, -0.11569801],
       [ 0.87374719, -0.48486259,  0.03839423,  0.27031675],
       [-0.04389968,  0.        ,  0.99903594,  0.08511535],
       [ 0.        ,  0.        ,  0.        ,  1.        ]])]","[array([[ 0.33232991, -0.94314889,  0.00519737, -0.14336526],
       [ 0.94303357,  0.33237054,  0.01474829,  0.3361722 ],
       [-0.01563729, -0.        ,  0.99987773,  0.08262527],
       [ 0.        ,  0.        ,  0.        ,  1.        ]])]","[array([[ 0.33232991, -0.94314889,  0.00519737, -0.14336526],
       [ 0.94303357,  0.33237054,  0.01474829,  0.3361722 ],
       [-0.01563729, -0.        ,  0.99987773,  0.08262527],
       [ 0.        ,  0.        ,  0.        ,  1.        ]])]","[array([[ 4.47845607e-01, -8.94110602e-01,  7.36749781e-04,
        -5.78849732e-02],
       [ 8.94109392e-01,  4.47846213e-01,  1.47089731e-03,
         2.80459585e-01],
       [-1.64509548e-03,  0.00000000e+00,  9.99998647e-01,
         8.56068501e-02],
       [ 0.00000000e+00,  0.00000000e+00,  0.00000000e+00,
         1.00000000e+00]])]","[array([[-0.36467459, -0.9310988 ,  0.00821413, -0.03209096],
       [ 0.93086269, -0.36476709, -0.02096727,  0.33178802],
       [ 0.02251884, -0.        ,  0.99974642,  0.0843599 ],
       [ 0.        ,  0.        ,  0.        ,  1.        ]])]","[array([[-0.36467459, -0.9310988 ,  0.00821413, -0.03209096],
       [ 0.93086269, -0.36476709, -0.02096727,  0.33178802],
       [ 0.02251884, -0.        ,  0.99974642,  0.0843599 ],
       [ 0.        ,  0.        ,  0.        ,  1.        ]])]"
11,"[array([[-0.48602215, -0.8736719 , -0.02190605, -0.11565112],
       [ 0.87278582, -0.48651558,  0.0393383 ,  0.27031948],
       [-0.0450264 ,  0.        ,  0.9989858 ,  0.08513859],
       [ 0.        ,  0.        ,  0.        ,  1.        ]])]","[array([[ 0.3453337 , -0.93846335,  0.00558372, -0.1439107 ],
       [ 0.9383407 ,  0.34537884,  0.01517207,  0.33674497],
       [-0.01616693, -0.        ,  0.99986931,  0.08265111],
       [ 0.        ,  0.        ,  0.        ,  1.        ]])]","[array([[ 0.3453337 , -0.93846335,  0.00558372, -0.1439107 ],
       [ 0.9383407 ,  0.34537884,  0.01517207,  0.33674497],
       [-0.01616693, -0.        ,  0.99986931,  0.08265111],
       [ 0.        ,  0.        ,  0.        ,  1.        ]])]","[array([[ 4.47870725e-01, -8.94097864e-01,  9.06999454e-04,
        -5.78744228e-02],
       [ 8.94096031e-01,  4.47871644e-01,  1.81066671e-03,
         2.80460110e-01],
       [-2.02513257e-03,  0.00000000e+00,  9.99997949e-01,
         8.56253630e-02],
       [ 0.00000000e+00,  0.00000000e+00,  0.00000000e+00,
         1.00000000e+00]])]","[array([[-0.36474573, -0.93107203,  0.00808888, -0.03206833],
       [ 0.93084316, -0.36483541, -0.02064309,  0.3317887 ],
       [ 0.02217131, -0.        ,  0.99975419,  0.08438495],
       [ 0.        ,  0.        ,  0.        ,  1.        ]])]","[array([[-0.36474573, -0.93107203,  0.00808888, -0.03206833],
       [ 0.93084316, -0.36483541, -0.02064309,  0.3317887 ],
       [ 0.02217131, -0.        ,  0.99975419,  0.08438495],
       [ 0.        ,  0.        ,  0.        ,  1.        ]])]"
12,"[array([[-0.48306061, -0.87528339, -0.02305273, -0.11571079],
       [ 0.8742884 , -0.48361036,  0.041723  ,  0.27032887],
       [-0.04766799,  0.        ,  0.99886324,  0.08520176],
       [ 0.        ,  0.        ,  0.        ,  1.        ]])]","[array([[ 0.33334834, -0.94278995,  0.00509774, -0.14329103],
       [ 0.94267973,  0.33338732,  0.01441597,  0.33621503],
       [-0.01529075, -0.        ,  0.99988309,  0.08261025],
       [ 0.        ,  0.        ,  0.        ,  1.        ]])]","[array([[ 0.33334834, -0.94278995,  0.00509774, -0.14329103],
       [ 0.94267973,  0.33338732,  0.01441597,  0.33621503],
       [-0.01529075, -0.        ,  0.99988309,  0.08261025],
       [ 0.        ,  0.        ,  0.        ,  1.        ]])]","[array([[ 4.48275532e-01, -8.93895082e-01,  7.94161679e-04,
        -5.78606908e-02],
       [ 8.93893679e-01,  4.48276235e-01,  1.58361556e-03,
         2.80452233e-01],
       [-1.77158996e-03,  0.00000000e+00,  9.99998431e-01,
         8.56246836e-02],
       [ 0.00000000e+00,  0.00000000e+00,  0.00000000e+00,
         1.00000000e+00]])]","[array([[-0.36465692, -0.93110619,  0.00816056, -0.03199562],
       [ 0.93087313, -0.36474822, -0.02083176,  0.33177595],
       [ 0.02237313, -0.        ,  0.99974969,  0.08440053],
       [ 0.        ,  0.        ,  0.        ,  1.        ]])]","[array([[-0.36465692, -0.93110619,  0.00816056, -0.03199562],
       [ 0.93087313, -0.36474822, -0.02083176,  0.33177595],
       [ 0.02237313, -0.        ,  0.99974969,  0.08440053],
       [ 0.        ,  0.        ,  0.        ,  1.        ]])]"
13,"[array([[-0.48230648, -0.87571015, -0.02263186, -0.11571154],
       [ 0.87474763, -0.48283718,  0.04104686,  0.27034738],
       [-0.04687266,  0.        ,  0.99890087,  0.08519895],
       [ 0.        ,  0.        ,  0.        ,  1.        ]])]","[array([[ 0.33321662, -0.94283802,  0.00481211, -0.14327906],
       [ 0.94273972,  0.33325136,  0.01361447,  0.33625451],
       [-0.01443989, -0.        ,  0.99989574,  0.08268219],
       [ 0.        ,  0.        ,  0.        ,  1.        ]])]","[array([[ 0.33321662, -0.94283802,  0.00481211, -0.14327906],
       [ 0.94273972,  0.33325136,  0.01361447,  0.33625451],
       [-0.01443989, -0.        ,  0.99989574,  0.08268219],
       [ 0.        ,  0.        ,  0.        ,  1.        ]])]","[array([[ 4.50400233e-01, -8.92826718e-01,  2.85036406e-04,
        -5.78538023e-02],
       [ 8.92826540e-01,  4.50400323e-01,  5.65026502e-04,
         2.80472988e-01],
       [-6.32851247e-04,  0.00000000e+00,  9.99999800e-01,
         8.56321759e-02],
       [ 0.00000000e+00,  0.00000000e+00,  0.00000000e+00,
         1.00000000e+00]])]","[array([[-0.36683949, -0.93024414,  0.00863878, -0.03158036],
       [ 0.92998631, -0.36694119, -0.02190043,  0.33196299],
       [ 0.02354267, -0.        ,  0.99972283,  0.08443234],
       [ 0.        ,  0.        ,  0.        ,  1.        ]])]","[array([[-0.36683949, -0.93024414,  0.00863878, -0.03158036],
       [ 0.92998631, -0.36694119, -0.02190043,  0.33196299],
       [ 0.02354267, -0.        ,  0.99972283,  0.08443234],
       [ 0.        ,  0.        ,  0.        ,  1.        ]])]"
14,"[array([[-0.48559196, -0.87392649, -0.02128252, -0.11564665],
       [ 0.87308833, -0.48605812,  0.03826571,  0.27034891],
       [-0.04378596,  0.        ,  0.99904093,  0.08516181],
       [ 0.        ,  0.        ,  0.        ,  1.        ]])]","[array([[ 0.30356518, -0.95280168,  0.00414085, -0.14356498],
       [ 0.95271304,  0.30359342,  0.01299569,  0.3360439 ],
       [-0.01363945, -0.        ,  0.99990698,  0.08276873],
       [ 0.        ,  0.        ,  0.        ,  1.        ]])]","[array([[ 0.30356518, -0.95280168,  0.00414085, -0.14356498],
       [ 0.95271304,  0.30359342,  0.01299569,  0.3360439 ],
       [-0.01363945, -0.        ,  0.99990698,  0.08276873],
       [ 0.        ,  0.        ,  0.        ,  1.        ]])]","[array([[ 4.49438271e-01, -8.93311260e-01,  4.83241331e-04,
        -5.78885547e-02],
       [ 8.93310743e-01,  4.49438531e-01,  9.60498249e-04,
         2.80504606e-01],
       [-1.07521118e-03,  0.00000000e+00,  9.99999422e-01,
         8.56260847e-02],
       [ 0.00000000e+00,  0.00000000e+00,  0.00000000e+00,
         1.00000000e+00]])]","[array([[-0.35625497, -0.93434904,  0.00861773, -0.03221239],
       [ 0.9340758 , -0.35635919, -0.02259509,  0.33181645],
       [ 0.0241827 , -0.        ,  0.99970756,  0.08427599],
       [ 0.        ,  0.        ,  0.        ,  1.        ]])]","[array([[-0.35625497, -0.93434904,  0.00861773, -0.03221239],
       [ 0.9340758 , -0.35635919, -0.02259509,  0.33181645],
       [ 0.0241827 , -0.        ,  0.99970756,  0.08427599],
       [ 0.        ,  0.        ,  0.        ,  1.        ]])]"
15,"[array([[-0.49002114, -0.8714416 , -0.02165222, -0.11566617],
       [ 0.87059213, -0.49049928,  0.03846825,  0.27028031],
       [-0.04414323,  0.        ,  0.99902521,  0.08518881],
       [ 0.        ,  0.        ,  0.        ,  1.        ]])]","[array([[ 0.28021258, -0.95993169,  0.00347258, -0.14403845],
       [ 0.95985799,  0.28023409,  0.0118952 ,  0.33568657],
       [-0.01239171, -0.        ,  0.99992322,  0.08278506],
       [ 0.        ,  0.        ,  0.        ,  1.        ]])]","[array([[ 0.28021258, -0.95993169,  0.00347258, -0.14403845],
       [ 0.95985799,  0.28023409,  0.0118952 ,  0.33568657],
       [-0.01239171, -0.        ,  0.99992322,  0.08278506],
       [ 0.        ,  0.        ,  0.        ,  1.        ]])]","[array([[ 4.51105867e-01, -8.92470298e-01,  5.13664203e-04,
        -5.78614453e-02],
       [ 8.92469720e-01,  4.51106159e-01,  1.01623539e-03,
         2.80514245e-01],
       [-1.13867699e-03,  0.00000000e+00,  9.99999352e-01,
         8.56265064e-02],
       [ 0.00000000e+00,  0.00000000e+00,  0.00000000e+00,
         1.00000000e+00]])]","[array([[-0.35354769, -0.93537528,  0.00878121, -0.03209159],
       [ 0.9350869 , -0.35365673, -0.02322515,  0.33178346],
       [ 0.02482976, -0.        ,  0.99969169,  0.08428141],
       [ 0.        ,  0.        ,  0.        ,  1.        ]])]","[array([[-0.35354769, -0.93537528,  0.00878121, -0.03209159],
       [ 0.9350869 , -0.35365673, -0.02322515,  0.33178346],
       [ 0.02482976, -0.        ,  0.99969169,  0.08428141],
       [ 0.        ,  0.        ,  0.        ,  1.        ]])]"
16,"[array([[-0.49805688, -0.86687448, -0.0216329 , -0.11564722],
       [ 0.86605793, -0.49852647,  0.03761688,  0.27016756],
       [-0.04339369,  0.        ,  0.99905805,  0.08517802],
       [ 0.        ,  0.        ,  0.        ,  1.        ]])]","[array([[ 0.27056288, -0.96269648,  0.00335044, -0.14466603],
       [ 0.96262267,  0.27058362,  0.01192038,  0.33529823],
       [-0.01238228, -0.        ,  0.99992334,  0.08283376],
       [ 0.        ,  0.        ,  0.        ,  1.        ]])]","[array([[ 0.27056288, -0.96269648,  0.00335044, -0.14466603],
       [ 0.96262267,  0.27058362,  0.01192038,  0.33529823],
       [-0.01238228, -0.        ,  0.99992334,  0.08283376],
       [ 0.        ,  0.        ,  0.        ,  1.        ]])]","[array([[ 4.49969742e-01, -8.93043670e-01,  4.83976246e-04,
        -5.78770848e-02],
       [ 8.93043154e-01,  4.49970002e-01,  9.60534970e-04,
         2.80499317e-01],
       [-1.07557447e-03,  0.00000000e+00,  9.99999422e-01,
         8.56360929e-02],
       [ 0.00000000e+00,  0.00000000e+00,  0.00000000e+00,
         1.00000000e+00]])]","[array([[-0.35492799, -0.93485096,  0.00893348, -0.03220149],
       [ 0.93455498, -0.3550404 , -0.0235226 ,  0.33178535],
       [ 0.02516187, -0.        ,  0.99968339,  0.08428785],
       [ 0.        ,  0.        ,  0.        ,  1.        ]])]","[array([[-0.35492799, -0.93485096,  0.00893348, -0.03220149],
       [ 0.93455498, -0.3550404 , -0.0235226 ,  0.33178535],
       [ 0.02516187, -0.        ,  0.99968339,  0.08428785],
       [ 0.        ,  0.        ,  0.        ,  1.        ]])]"
17,"[array([[-0.49955336, -0.86603354, -0.02079317, -0.11565514],
       [ 0.8652843 , -0.49998591,  0.03601617,  0.27020929],
       [-0.0415875 ,  0.        ,  0.99913487,  0.08510856],
       [ 0.        ,  0.        ,  0.        ,  1.        ]])]","[array([[ 0.27329498, -0.96192504,  0.00317212, -0.14477444],
       [ 0.96186026,  0.27331339,  0.01116425,  0.33527875],
       [-0.01160616, -0.        ,  0.99993265,  0.08283408],
       [ 0.        ,  0.        ,  0.        ,  1.        ]])]","[array([[ 0.27329498, -0.96192504,  0.00317212, -0.14477444],
       [ 0.96186026,  0.27331339,  0.01116425,  0.33527875],
       [-0.01160616, -0.        ,  0.99993265,  0.08283408],
       [ 0.        ,  0.        ,  0.        ,  1.        ]])]","[array([[ 4.45538910e-01, -8.95262319e-01, -6.77781135e-04,
        -5.79715247e-02],
       [ 8.95261283e-01,  4.45539425e-01, -1.36192641e-03,
         2.80511310e-01],
       [ 1.52125962e-03,  0.00000000e+00,  9.99998843e-01,
         8.55139238e-02],
       [ 0.00000000e+00,  0.00000000e+00,  0.00000000e+00,
         1.00000000e+00]])]","[array([[-0.36915786, -0.92933512,  0.00766206, -0.03244014],
       [ 0.92913501, -0.36923737, -0.01928466,  0.33182949],
       [ 0.02075103, -0.        ,  0.99978467,  0.08436412],
       [ 0.        ,  0.        ,  0.        ,  1.        ]])]","[array([[-0.36915786, -0.92933512,  0.00766206, -0.03244014],
       [ 0.92913501, -0.36923737, -0.01928466,  0.33182949],
       [ 0.02075103, -0.        ,  0.99978467,  0.08436412],
       [ 0.        ,  0.        ,  0.        ,  1.        ]])]"
18,"[array([[-0.48424628, -0.87464587, -0.02236385, -0.11572598],
       [ 0.87371461, -0.48476242,  0.0403506 ,  0.27036662],
       [-0.04613364,  0.        ,  0.99893528,  0.08516439],
       [ 0.        ,  0.        ,  0.        ,  1.        ]])]","[array([[ 0.32169025, -0.94683793,  0.00365017, -0.14366552],
       [ 0.94677698,  0.32171095,  0.01074295,  0.33609719],
       [-0.01134613, -0.        ,  0.99993563,  0.08279381],
       [ 0.        ,  0.        ,  0.        ,  1.        ]])]","[array([[ 0.32169025, -0.94683793,  0.00365017, -0.14366552],
       [ 0.94677698,  0.32171095,  0.01074295,  0.33609719],
       [-0.01134613, -0.        ,  0.99993563,  0.08279381],
       [ 0.        ,  0.        ,  0.        ,  1.        ]])]","[array([[ 0.43790553, -0.8990181 ,  0.00228191, -0.05793287],
       [ 0.89900589,  0.43791148,  0.00468469,  0.28047673],
       [-0.00521089,  0.        ,  0.99998642,  0.08567272],
       [ 0.        ,  0.        ,  0.        ,  1.        ]])]","[array([[-0.37377794, -0.92747764,  0.00867567, -0.03286468],
       [ 0.92722791, -0.37387862, -0.02152166,  0.33185632],
       [ 0.0232045 , -0.        ,  0.99973074,  0.0842011 ],
       [ 0.        ,  0.        ,  0.        ,  1.        ]])]","[array([[-0.37377794, -0.92747764,  0.00867567, -0.03286468],
       [ 0.92722791, -0.37387862, -0.02152166,  0.33185632],
       [ 0.0232045 , -0.        ,  0.99973074,  0.0842011 ],
       [ 0.        ,  0.        ,  0.        ,  1.        ]])]"
19,"[array([[-0.46087713, -0.88716227, -0.02313828, -0.11579682],
       [ 0.88604632, -0.46145759,  0.04448385,  0.27068748],
       [-0.05014172,  0.        ,  0.99874211,  0.08518317],
       [ 0.        ,  0.        ,  0.        ,  1.        ]])]","[array([[ 0.35516857, -0.93477761,  0.00678969, -0.14201986],
       [ 0.93460685,  0.35523346,  0.01786671,  0.33716505],
       [-0.01911333, -0.        ,  0.99981732,  0.0827398 ],
       [ 0.        ,  0.        ,  0.        ,  1.        ]])]","[array([[ 0.35516857, -0.93477761,  0.00678969, -0.14201986],
       [ 0.93460685,  0.35523346,  0.01786671,  0.33716505],
       [-0.01911333, -0.        ,  0.99981732,  0.0827398 ],
       [ 0.        ,  0.        ,  0.        ,  1.        ]])]","[array([[ 0.43767354, -0.89913099,  0.00230897, -0.05793367],
       [ 0.89911848,  0.43767963,  0.00474334,  0.28047615],
       [-0.00527547,  0.        ,  0.99998608,  0.08567517],
       [ 0.        ,  0.        ,  0.        ,  1.        ]])]","[array([[-0.37398427, -0.92739407,  0.00871811, -0.03288997],
       [ 0.92714219, -0.37408587, -0.02161302,  0.3318572 ],
       [ 0.0233051 , -0.        ,  0.9997284 ,  0.0841959 ],
       [ 0.        ,  0.        ,  0.        ,  1.        ]])]","[array([[-0.37398427, -0.92739407,  0.00871811, -0.03288997],
       [ 0.92714219, -0.37408587, -0.02161302,  0.3318572 ],
       [ 0.0233051 , -0.        ,  0.9997284 ,  0.0841959 ],
       [ 0.        ,  0.        ,  0.        ,  1.        ]])]"
20,"[array([[-0.46048415, -0.88736903, -0.02303385, -0.11579498],
       [ 0.88626096, -0.46105988,  0.04433161,  0.2706922 ],
       [-0.04995848,  0.        ,  0.9987513 ,  0.08518207],
       [ 0.        ,  0.        ,  0.        ,  1.        ]])]","[array([[ 0.35543883, -0.93467651,  0.00656176, -0.141972  ],
       [ 0.93451728,  0.35549939,  0.01725214,  0.3371661 ],
       [-0.01845788, -0.        ,  0.99982964,  0.08270696],
       [ 0.        ,  0.        ,  0.        ,  1.        ]])]","[array([[ 0.35543883, -0.93467651,  0.00656176, -0.141972  ],
       [ 0.93451728,  0.35549939,  0.01725214,  0.3371661 ],
       [-0.01845788, -0.        ,  0.99982964,  0.08270696],
       [ 0.        ,  0.        ,  0.        ,  1.        ]])]","[array([[ 0.43778048, -0.899079  ,  0.00228061, -0.05793861],
       [ 0.8990668 ,  0.43778642,  0.00468367,  0.28047526],
       [-0.0052094 ,  0.        ,  0.99998643,  0.08567269],
       [ 0.        ,  0.        ,  0.        ,  1.        ]])]","[array([[-0.37427108, -0.92727899,  0.00865054, -0.03288727],
       [ 0.92703141, -0.37437103, -0.02142651,  0.3318598 ],
       [ 0.02310687, -0.        ,  0.999733  ,  0.0842052 ],
       [ 0.        ,  0.        ,  0.        ,  1.        ]])]","[array([[-0.37427108, -0.92727899,  0.00865054, -0.03288727],
       [ 0.92703141, -0.37437103, -0.02142651,  0.3318598 ],
       [ 0.02310687, -0.        ,  0.999733  ,  0.0842052 ],
       [ 0.        ,  0.        ,  0.        ,  1.        ]])]"
21,"[array([[-0.46015858, -0.88753759, -0.02304596, -0.11580019],
       [ 0.88642658, -0.46073532,  0.0443946 ,  0.27069418],
       [-0.05001997,  0.        ,  0.99874822,  0.08518345],
       [ 0.        ,  0.        ,  0.        ,  1.        ]])]","[array([[ 0.35612171, -0.93441657,  0.00655723, -0.14196554],
       [ 0.93425821,  0.35618207,  0.01720239,  0.33718441],
       [-0.01840977, -0.        ,  0.99983053,  0.08270543],
       [ 0.        ,  0.        ,  0.        ,  1.        ]])]","[array([[ 0.35612171, -0.93441657,  0.00655723, -0.14196554],
       [ 0.93425821,  0.35618207,  0.01720239,  0.33718441],
       [-0.01840977, -0.        ,  0.99983053,  0.08270543],
       [ 0.        ,  0.        ,  0.        ,  1.        ]])]","[array([[ 0.43689484, -0.89951172,  0.00124847, -0.05791961],
       [ 0.89950805,  0.43689662,  0.00257044,  0.28044548],
       [-0.0028576 ,  0.        ,  0.99999592,  0.08558101],
       [ 0.        ,  0.        ,  0.        ,  1.        ]])]","[array([[-0.37449172, -0.92718826,  0.00882519, -0.032889  ],
       [ 0.92693091, -0.37459569, -0.02184385,  0.33186091],
       [ 0.02355924, -0.        ,  0.99972244,  0.08418582],
       [ 0.        ,  0.        ,  0.        ,  1.        ]])]","[array([[-0.37449172, -0.92718826,  0.00882519, -0.032889  ],
       [ 0.92693091, -0.37459569, -0.02184385,  0.33186091],
       [ 0.02355924, -0.        ,  0.99972244,  0.08418582],
       [ 0.        ,  0.        ,  0.        ,  1.        ]])]"
22,"[array([[-0.46022119, -0.88750151, -0.02318455, -0.11578938],
       [ 0.88637748, -0.4608048 ,  0.04465301,  0.27069549],
       [-0.05031317,  0.        ,  0.99873349,  0.08518801],
       [ 0.        ,  0.        ,  0.        ,  1.        ]])]","[array([[ 0.35636677, -0.93432324,  0.00654296, -0.14194592],
       [ 0.9341658 ,  0.35642683,  0.01715145,  0.33718845],
       [-0.01835708, -0.        ,  0.99983149,  0.08270076],
       [ 0.        ,  0.        ,  0.        ,  1.        ]])]","[array([[ 0.35636677, -0.93432324,  0.00654296, -0.14194592],
       [ 0.9341658 ,  0.35642683,  0.01715145,  0.33718845],
       [-0.01835708, -0.        ,  0.99983149,  0.08270076],
       [ 0.        ,  0.        ,  0.        ,  1.        ]])]","[array([[ 0.43752227, -0.89920468,  0.0022799 , -0.05793694],
       [ 0.89919247,  0.43752821,  0.00468564,  0.28047215],
       [-0.00521087,  0.        ,  0.99998642,  0.08567272],
       [ 0.        ,  0.        ,  0.        ,  1.        ]])]","[array([[-0.37473504, -0.92709042,  0.00877553, -0.03288592],
       [ 0.92683631, -0.37483778, -0.02170461,  0.33185959],
       [ 0.02341154, -0.        ,  0.99972591,  0.08419251],
       [ 0.        ,  0.        ,  0.        ,  1.        ]])]","[array([[-0.37473504, -0.92709042,  0.00877553, -0.03288592],
       [ 0.92683631, -0.37483778, -0.02170461,  0.33185959],
       [ 0.02341154, -0.        ,  0.99972591,  0.08419251],
       [ 0.        ,  0.        ,  0.        ,  1.        ]])]"
23,"[array([[-0.45990392, -0.88766605, -0.02318106, -0.11579935],
       [ 0.8865406 , -0.46048776,  0.04468532,  0.27069944],
       [-0.05034024,  0.        ,  0.99873213,  0.08519362],
       [ 0.        ,  0.        ,  0.        ,  1.        ]])]","[array([[ 0.35642692, -0.93430028,  0.00654425, -0.14193273],
       [ 0.93414284,  0.356487  ,  0.01715152,  0.33719145],
       [-0.01835761, -0.        ,  0.99983148,  0.08270077],
       [ 0.        ,  0.        ,  0.        ,  1.        ]])]","[array([[ 0.35642692, -0.93430028,  0.00654425, -0.14193273],
       [ 0.93414284,  0.356487  ,  0.01715152,  0.33719145],
       [-0.01835761, -0.        ,  0.99983148,  0.08270077],
       [ 0.        ,  0.        ,  0.        ,  1.        ]])]","[array([[ 0.43747256, -0.89922901,  0.00222379, -0.05793704],
       [ 0.89921739,  0.43747822,  0.00457096,  0.28047015],
       [-0.0050832 ,  0.        ,  0.99998708,  0.08566886],
       [ 0.        ,  0.        ,  0.        ,  1.        ]])]","[array([[-0.37475157, -0.92708375,  0.00877396, -0.0328913 ],
       [ 0.92682976, -0.37485427, -0.02169961,  0.33185657],
       [ 0.02340631, -0.        ,  0.99972603,  0.08419368],
       [ 0.        ,  0.        ,  0.        ,  1.        ]])]","[array([[-0.37475157, -0.92708375,  0.00877396, -0.0328913 ],
       [ 0.92682976, -0.37485427, -0.02169961,  0.33185657],
       [ 0.02340631, -0.        ,  0.99972603,  0.08419368],
       [ 0.        ,  0.        ,  0.        ,  1.        ]])]"
24,"[array([[-0.45992782, -0.88765369, -0.02318031, -0.11579068],
       [ 0.88652845, -0.46051159,  0.04468092,  0.27069944],
       [-0.05033599,  0.        ,  0.99873234,  0.08519253],
       [ 0.        ,  0.        ,  0.        ,  1.        ]])]","[array([[ 0.35684566, -0.93414039,  0.00655047, -0.14193232],
       [ 0.93398304,  0.35690578,  0.01714473,  0.33720042],
       [-0.01835349, -0.        ,  0.99983156,  0.08269864],
       [ 0.        ,  0.        ,  0.        ,  1.        ]])]","[array([[ 0.35684566, -0.93414039,  0.00655047, -0.14193232],
       [ 0.93398304,  0.35690578,  0.01714473,  0.33720042],
       [-0.01835349, -0.        ,  0.99983156,  0.08269864],
       [ 0.        ,  0.        ,  0.        ,  1.        ]])]","[array([[ 0.43734481, -0.89929115,  0.00222313, -0.05793473],
       [ 0.89927953,  0.43735046,  0.00457127,  0.28046762],
       [-0.00508319,  0.        ,  0.99998708,  0.08567086],
       [ 0.        ,  0.        ,  0.        ,  1.        ]])]","[array([[-0.37493568, -0.92701032,  0.0086662 , -0.03288944],
       [ 0.92676279, -0.37503582, -0.02142105,  0.3318572 ],
       [ 0.02310767, -0.        ,  0.99973298,  0.08420518],
       [ 0.        ,  0.        ,  0.        ,  1.        ]])]","[array([[-0.37493568, -0.92701032,  0.0086662 , -0.03288944],
       [ 0.92676279, -0.37503582, -0.02142105,  0.3318572 ],
       [ 0.02310767, -0.        ,  0.99973298,  0.08420518],
       [ 0.        ,  0.        ,  0.        ,  1.        ]])]"
25,"[array([[-0.45970737, -0.8877688 , -0.02314495, -0.11579592],
       [ 0.88664576, -0.46028964,  0.04464007,  0.27070334],
       [-0.05028344,  0.        ,  0.99873499,  0.08519535],
       [ 0.        ,  0.        ,  0.        ,  1.        ]])]","[array([[ 0.35688296, -0.93412673,  0.0064655 , -0.14191345],
       [ 0.93397348,  0.35694152,  0.0169204 ,  0.33721388],
       [-0.01811361, -0.        ,  0.99983594,  0.08268501],
       [ 0.        ,  0.        ,  0.        ,  1.        ]])]","[array([[ 0.35688296, -0.93412673,  0.0064655 , -0.14191345],
       [ 0.93397348,  0.35694152,  0.0169204 ,  0.33721388],
       [-0.01811361, -0.        ,  0.99983594,  0.08268501],
       [ 0.        ,  0.        ,  0.        ,  1.        ]])]","[array([[ 0.4373973 , -0.89926548,  0.0022786 , -0.05793768],
       [ 0.89925328,  0.43740324,  0.00468462,  0.28047068],
       [-0.00520938,  0.        ,  0.99998643,  0.08567369],
       [ 0.        ,  0.        ,  0.        ,  1.        ]])]","[array([[-0.37501229, -0.92697878,  0.00872503, -0.03288857],
