,LP,LD1,LD2,RP,RD1,RD2
0,"[array([[-0.51750514, -0.85566536, -0.0050217 , -0.16589708],
       [ 0.85562508, -0.5175295 ,  0.00830271,  0.1192291 ],
       [-0.00970322,  0.        ,  0.99995292,  0.08406335],
       [ 0.        ,  0.        ,  0.        ,  1.        ]])]","[array([[ 0.64568752, -0.76351353,  0.01160702, -0.19255267],
       [ 0.76339019,  0.64579184,  0.01372287,  0.18596726],
       [-0.01797331, -0.        ,  0.99983847,  0.08294155],
       [ 0.        ,  0.        ,  0.        ,  1.        ]])]","[array([[ 0.64568752, -0.76351353,  0.01160702, -0.19255267],
       [ 0.76339019,  0.64579184,  0.01372287,  0.18596726],
       [-0.01797331, -0.        ,  0.99983847,  0.08294155],
       [ 0.        ,  0.        ,  0.        ,  1.        ]])]","[array([[ 0.85706444, -0.51503062,  0.01356515, -0.10333714],
       [ 0.51496612,  0.85717178,  0.00815061,  0.13275816],
       [-0.01582548,  0.        ,  0.99987477,  0.08453449],
       [ 0.        ,  0.        ,  0.        ,  1.        ]])]","[array([[-0.0944348 , -0.99552521,  0.00340923, -0.05625645],
       [ 0.9948771 , -0.09449632, -0.03591646,  0.15888958],
       [ 0.03607791, -0.        ,  0.99934898,  0.08183472],
       [ 0.        ,  0.        ,  0.        ,  1.        ]])]","[array([[-0.0944348 , -0.99552521,  0.00340923, -0.05625645],
       [ 0.9948771 , -0.09449632, -0.03591646,  0.15888958],
       [ 0.03607791, -0.        ,  0.99934898,  0.08183472],
       [ 0.        ,  0.        ,  0.        ,  1.        ]])]"
1,"[array([[-0.51105847, -0.85944697, -0.01304416, -0.1658285 ],
       [ 0.85916715, -0.51122492,  0.02192921,  0.11926047],
       [-0.02551549,  0.        ,  0.99967443,  0.08423155],
       [ 0.        ,  0.        ,  0.        ,  1.        ]])]","[array([[ 0.64345491, -0.76543967,  0.00824   , -0.19244434],
       [ 0.76537691,  0.64350767,  0.00980132,  0.1858928 ],
       [-0.01280482, -0.        ,  0.99991801,  0.08264019],
       [ 0.        ,  0.        ,  0.        ,  1.        ]])]","[array([[ 0.64345491, -0.76543967,  0.00824   , -0.19244434],
       [ 0.76537691,  0.64350767,  0.00980132,  0.1858928 ],
       [-0.01280482, -0.        ,  0.99991801,  0.08264019],
       [ 0.        ,  0.        ,  0.        ,  1.        ]])]","[array([[ 0.86753692, -0.4962687 , -0.03312203, -0.10368721],
       [ 0.4959074 ,  0.86816898, -0.01893344,  0.13337767],
       [ 0.0381516 ,  0.        ,  0.99927196,  0.0829604 ],
       [ 0.        ,  0.        ,  0.        ,  1.        ]])]","[array([[-0.09351806, -0.99561172,  0.00341692, -0.05631279],
       [ 0.99494782, -0.09358047, -0.036353  ,  0.15893793],
       [ 0.03651323, -0.        ,  0.99933317,  0.08180688],
       [ 0.        ,  0.        ,  0.        ,  1.        ]])]","[array([[-0.09351806, -0.99561172,  0.00341692, -0.05631279],
       [ 0.99494782, -0.09358047, -0.036353  ,  0.15893793],
       [ 0.03651323, -0.        ,  0.99933317,  0.08180688],
       [ 0.        ,  0.        ,  0.        ,  1.        ]])]"
2,"[array([[-0.50569646, -0.862644  , -0.01078941, -0.16598697],
       [ 0.86244773, -0.50581155,  0.01840096,  0.11908356],
       [-0.02133088,  0.        ,  0.99977247,  0.08406681],
       [ 0.        ,  0.        ,  0.        ,  1.        ]])]","[array([[ 0.64353296, -0.76537333,  0.00830601, -0.19242153],
       [ 0.76530959,  0.64358656,  0.00987776,  0.18590729],
       [-0.01290581, -0.        ,  0.99991672,  0.0826224 ],
       [ 0.        ,  0.        ,  0.        ,  1.        ]])]","[array([[ 0.64353296, -0.76537333,  0.00830601, -0.19242153],
       [ 0.76530959,  0.64358656,  0.00987776,  0.18590729],
       [-0.01290581, -0.        ,  0.99991672,  0.0826224 ],
       [ 0.        ,  0.        ,  0.        ,  1.        ]])]","[array([[ 0.8839133 , -0.46336517, -0.06316633, -0.10436002],
       [ 0.46218652,  0.88616743, -0.03302884,  0.13468376],
       [ 0.07128036,  0.        ,  0.99745632,  0.08171032],
       [ 0.        ,  0.        ,  0.        ,  1.        ]])]","[array([[-0.09271752, -0.99568696,  0.00330739, -0.05633028],
       [ 0.99505407, -0.09277649, -0.03549523,  0.1589466 ],
       [ 0.03564898, -0.        ,  0.99936437,  0.08179536],
       [ 0.        ,  0.        ,  0.        ,  1.        ]])]","[array([[-0.09271752, -0.99568696,  0.00330739, -0.05633028],
       [ 0.99505407, -0.09277649, -0.03549523,  0.1589466 ],
       [ 0.03564898, -0.        ,  0.99936437,  0.08179536],
       [ 0.        ,  0.        ,  0.        ,  1.        ]])]"
3,"[array([[-0.50860368, -0.86097224, -0.00700731, -0.16582384],
       [ 0.86089054, -0.50865195,  0.01186096,  0.11898114],
       [-0.01377623,  0.        ,  0.9999051 ,  0.08410359],
       [ 0.        ,  0.        ,  0.        ,  1.        ]])]","[array([[ 0.64732489, -0.76220908,  0.00279269, -0.19233487],
       [ 0.76220199,  0.64733092,  0.00328829,  0.18574497],
       [-0.00431416, -0.        ,  0.99999069,  0.08319119],
       [ 0.        ,  0.        ,  0.        ,  1.        ]])]","[array([[ 0.64732489, -0.76220908,  0.00279269, -0.19233487],
       [ 0.76220199,  0.64733092,  0.00328829,  0.18574497],
       [-0.00431416, -0.        ,  0.99999069,  0.08319119],
       [ 0.        ,  0.        ,  0.        ,  1.        ]])]","[array([[ 0.88387115, -0.46505657, -0.04994168, -0.10440009],
       [ 0.46431596,  0.88528097, -0.02623541,  0.13434919],
       [ 0.05641337,  0.        ,  0.9984075 ,  0.08229734],
       [ 0.        ,  0.        ,  0.        ,  1.        ]])]","[array([[-0.09599666, -0.99537342,  0.00404925, -0.05584469],
       [ 0.99448909, -0.09608203, -0.04194866,  0.15845512],
       [ 0.04214365, -0.        ,  0.99911156,  0.08301683],
       [ 0.        ,  0.        ,  0.        ,  1.        ]])]","[array([[-0.09599666, -0.99537342,  0.00404925, -0.05584469],
       [ 0.99448909, -0.09608203, -0.04194866,  0.15845512],
       [ 0.04214365, -0.        ,  0.99911156,  0.08301683],
       [ 0.        ,  0.        ,  0.        ,  1.        ]])]"
4,"[array([[-0.51517806, -0.85706948, -0.00484507, -0.16579918],
       [ 0.85703158, -0.51520084,  0.00806009,  0.11876908],
       [-0.00940424,  0.        ,  0.99995578,  0.08433566],
       [ 0.        ,  0.        ,  0.        ,  1.        ]])]","[array([[ 6.47982571e-01, -7.61654695e-01, -8.44767159e-04,
        -1.92783292e-01],
       [ 7.61654047e-01,  6.47983122e-01, -9.92959309e-04,
         1.85269325e-01],
       [ 1.30368698e-03, -0.00000000e+00,  9.99999150e-01,
         8.39205428e-02],
       [ 0.00000000e+00,  0.00000000e+00,  0.00000000e+00,
         1.00000000e+00]])]","[array([[ 6.47982571e-01, -7.61654695e-01, -8.44767159e-04,
        -1.92783292e-01],
       [ 7.61654047e-01,  6.47983122e-01, -9.92959309e-04,
         1.85269325e-01],
       [ 1.30368698e-03, -0.00000000e+00,  9.99999150e-01,
         8.39205428e-02],
       [ 0.00000000e+00,  0.00000000e+00,  0.00000000e+00,
         1.00000000e+00]])]","[array([[ 0.88266998, -0.46737973, -0.04949633, -0.1044838 ],
       [ 0.46664663,  0.88405667, -0.02616753,  0.13403412],
       [ 0.05598773,  0.        ,  0.99843146,  0.08254787],
       [ 0.        ,  0.        ,  0.        ,  1.        ]])]","[array([[-0.08942455, -0.99597862,  0.0054627 , -0.05624401],
       [ 0.99412548, -0.08959124, -0.06072837,  0.15825693],
       [ 0.06097357, -0.        ,  0.99813938,  0.08302204],
       [ 0.        ,  0.        ,  0.        ,  1.        ]])]","[array([[-0.08942455, -0.99597862,  0.0054627 , -0.05624401],
       [ 0.99412548, -0.08959124, -0.06072837,  0.15825693],
       [ 0.06097357, -0.        ,  0.99813938,  0.08302204],
       [ 0.        ,  0.        ,  0.        ,  1.        ]])]"
