,LP,LD1,LD2,RP,RD1,RD2
0,"[array([[-0.25783915, -0.96612321, -0.01117622, -0.28813005],
       [ 0.96521689, -0.25808126,  0.041838  ,  0.23499547],
       [-0.04330503,  0.        ,  0.9990619 ,  0.08377803],
       [ 0.        ,  0.        ,  0.        ,  1.        ]])]","[array([[ 0.45297263, -0.89149378,  0.00739196, -0.29993925],
       [ 0.8913751 ,  0.45303294,  0.01454614,  0.30526592],
       [-0.0163166 , -0.        ,  0.99986688,  0.08120787],
       [ 0.        ,  0.        ,  0.        ,  1.        ]])]","[array([[ 0.45297263, -0.89149378,  0.00739196, -0.29993925],
       [ 0.8913751 ,  0.45303294,  0.01454614,  0.30526592],
       [-0.0163166 , -0.        ,  0.99986688,  0.08120787],
       [ 0.        ,  0.        ,  0.        ,  1.        ]])]","[array([[ 0.57958955, -0.81461512,  0.02186695, -0.22953552],
       [ 0.81403596,  0.58000191,  0.03071223,  0.25888911],
       [-0.03770152,  0.        ,  0.99928905,  0.08455651],
       [ 0.        ,  0.        ,  0.        ,  1.        ]])]","[array([[ 0.07564293, -0.99713195, -0.00245568, -0.19510301],
       [ 0.99660691,  0.07568278, -0.03235391,  0.30879454],
       [ 0.03244697,  0.        ,  0.99947346,  0.08080319],
       [ 0.        ,  0.        ,  0.        ,  1.        ]])]","[array([[ 0.07564293, -0.99713195, -0.00245568, -0.19510301],
       [ 0.99660691,  0.07568278, -0.03235391,  0.30879454],
       [ 0.03244697,  0.        ,  0.99947346,  0.08080319],
       [ 0.        ,  0.        ,  0.        ,  1.        ]])]"
1,"[array([[-0.25769376, -0.9661615 , -0.01121995, -0.28813675],
       [ 0.96524701, -0.2579379 ,  0.04202673,  0.23499442],
       [-0.04349866,  0.        ,  0.99905349,  0.08378737],
       [ 0.        ,  0.        ,  0.        ,  1.        ]])]","[array([[ 0.45297152, -0.89149378,  0.00745975, -0.29994122],
       [ 0.89137291,  0.45303294,  0.01467956,  0.30526399],
       [-0.01646625, -0.        ,  0.99986442,  0.08121663],
       [ 0.        ,  0.        ,  0.        ,  1.        ]])]","[array([[ 0.45297152, -0.89149378,  0.00745975, -0.29994122],
       [ 0.89137291,  0.45303294,  0.01467956,  0.30526399],
       [-0.01646625, -0.        ,  0.99986442,  0.08121663],
       [ 0.        ,  0.        ,  0.        ,  1.        ]])]","[array([[ 0.58008808, -0.8142645 ,  0.02170602, -0.22954257],
       [ 0.81369505,  0.58049404,  0.03044724,  0.25890512],
       [-0.03739233,  0.        ,  0.99930066,  0.08454559],
       [ 0.        ,  0.        ,  0.        ,  1.        ]])]","[array([[ 0.07565473, -0.99713109, -0.00244129, -0.19509937],
       [ 0.99661235,  0.07569411, -0.03215949,  0.30879352],
       [ 0.03225202,  0.        ,  0.99947977,  0.08081239],
       [ 0.        ,  0.        ,  0.        ,  1.        ]])]","[array([[ 0.07565473, -0.99713109, -0.00244129, -0.19509937],
       [ 0.99661235,  0.07569411, -0.03215949,  0.30879352],
       [ 0.03225202,  0.        ,  0.99947977,  0.08081239],
       [ 0.        ,  0.        ,  0.        ,  1.        ]])]"
2,"[array([[-0.25788036, -0.96611183, -0.01120927, -0.288134  ],
       [ 0.96520045, -0.25812386,  0.04195431,  0.23499535],
       [-0.04342593,  0.        ,  0.99905665,  0.08378374],
       [ 0.        ,  0.        ,  0.        ,  1.        ]])]","[array([[ 0.45275477, -0.89160446,  0.00738973, -0.29993282],
       [ 0.89148572,  0.45281507,  0.01455057,  0.30526042],
       [-0.01631953, -0.        ,  0.99986683,  0.08120896],
       [ 0.        ,  0.        ,  0.        ,  1.        ]])]","[array([[ 0.45275477, -0.89160446,  0.00738973, -0.29993282],
       [ 0.89148572,  0.45281507,  0.01455057,  0.30526042],
       [-0.01631953, -0.        ,  0.99986683,  0.08120896],
       [ 0.        ,  0.        ,  0.        ,  1.        ]])]","[array([[ 0.58015544, -0.81420871,  0.02199625, -0.22954958],
       [ 0.81362413,  0.58057228,  0.03084808,  0.2589064 ],
       [-0.03788719,  0.        ,  0.99928202,  0.08456567],
       [ 0.        ,  0.        ,  0.        ,  1.        ]])]","[array([[ 0.07547488, -0.99714469, -0.00245341, -0.19508984],
       [ 0.99661828,  0.07551474, -0.03239642,  0.30878287],
       [ 0.03248919,  0.        ,  0.99947209,  0.08080084],
       [ 0.        ,  0.        ,  0.        ,  1.        ]])]","[array([[ 0.07547488, -0.99714469, -0.00245341, -0.19508984],
       [ 0.99661828,  0.07551474, -0.03239642,  0.30878287],
       [ 0.03248919,  0.        ,  0.99947209,  0.08080084],
       [ 0.        ,  0.        ,  0.        ,  1.        ]])]"
3,"[array([[-0.25775533, -0.96614597, -0.01114218, -0.28813519],
       [ 0.96524455, -0.25799604,  0.04172533,  0.23499482],
       [-0.0431874 ,  0.        ,  0.99906699,  0.0837804 ],
       [ 0.        ,  0.        ,  0.        ,  1.        ]])]","[array([[ 0.45319134, -0.8913824 ,  0.00741846, -0.29994671],
       [ 0.89126299,  0.45325205,  0.01458942,  0.30526847],
       [-0.01636718, -0.        ,  0.99986605,  0.08121248],
       [ 0.        ,  0.        ,  0.        ,  1.        ]])]","[array([[ 0.45319134, -0.8913824 ,  0.00741846, -0.29994671],
       [ 0.89126299,  0.45325205,  0.01458942,  0.30526847],
       [-0.01636718, -0.        ,  0.99986605,  0.08121248],
       [ 0.        ,  0.        ,  0.        ,  1.        ]])]","[array([[ 0.58006578, -0.81426866,  0.02214159, -0.22954911],
       [ 0.8136761 ,  0.58048821,  0.03105869,  0.25890449],
       [-0.03814305,  0.        ,  0.99927229,  0.0845724 ],
       [ 0.        ,  0.        ,  0.        ,  1.        ]])]","[array([[ 0.07549077, -0.99714354, -0.00242799, -0.19509133],
       [ 0.9966282 ,  0.07552981, -0.03205425,  0.30878676],
       [ 0.03214607,  0.        ,  0.99948318,  0.08081275],
       [ 0.        ,  0.        ,  0.        ,  1.        ]])]","[array([[ 0.07549077, -0.99714354, -0.00242799, -0.19509133],
       [ 0.9966282 ,  0.07552981, -0.03205425,  0.30878676],
       [ 0.03214607,  0.        ,  0.99948318,  0.08081275],
       [ 0.        ,  0.        ,  0.        ,  1.        ]])]"
4,"[array([[-0.25792711, -0.96610045, -0.01111408, -0.28812483],
       [ 0.9652048 , -0.25816645,  0.04159068,  0.23499177],
       [-0.04305006,  0.        ,  0.99907292,  0.08377132],
       [ 0.        ,  0.        ,  0.        ,  1.        ]])]","[array([[ 0.45291419, -0.89152384,  0.00734646, -0.29993653],
       [ 0.89140659,  0.45297377,  0.01445898,  0.30526065],
       [-0.01621828, -0.        ,  0.99986848,  0.08120174],
       [ 0.        ,  0.        ,  0.        ,  1.        ]])]","[array([[ 0.45291419, -0.89152384,  0.00734646, -0.29993653],
       [ 0.89140659,  0.45297377,  0.01445898,  0.30526065],
       [-0.01621828, -0.        ,  0.99986848,  0.08120174],
       [ 0.        ,  0.        ,  0.        ,  1.        ]])]","[array([[ 0.57983536, -0.81443986,  0.02187833, -0.22954047],
       [ 0.81386072,  0.58024797,  0.03070857,  0.25889522],
       [-0.03770514,  0.        ,  0.99928891,  0.0845596 ],
       [ 0.        ,  0.        ,  0.        ,  1.        ]])]","[array([[ 0.07589575, -0.99711275, -0.00244877, -0.19510979],
       [ 0.99659414,  0.07593524, -0.03215508,  0.30879342],
       [ 0.03224819,  0.        ,  0.99947989,  0.08080951],
       [ 0.        ,  0.        ,  0.        ,  1.        ]])]","[array([[ 0.07589575, -0.99711275, -0.00244877, -0.19510979],
       [ 0.99659414,  0.07593524, -0.03215508,  0.30879342],
       [ 0.03224819,  0.        ,  0.99947989,  0.08080951],
       [ 0.        ,  0.        ,  0.        ,  1.        ]])]"
5,"[array([[-0.25817418, -0.96603415, -0.01114076, -0.28811654],
       [ 0.96513597, -0.25841445,  0.04164764,  0.23498549],
       [-0.04311198,  0.        ,  0.99907025,  0.08377371],
       [ 0.        ,  0.        ,  0.        ,  1.        ]])]","[array([[ 0.45289514, -0.89153408,  0.00727801, -0.29993397],
       [ 0.89141899,  0.45295361,  0.01432508,  0.30525817],
       [-0.0160679 , -0.        ,  0.9998709 ,  0.08119596],
       [ 0.        ,  0.        ,  0.        ,  1.        ]])]","[array([[ 0.45289514, -0.89153408,  0.00727801, -0.29993397],
       [ 0.89141899,  0.45295361,  0.01432508,  0.30525817],
       [-0.0160679 , -0.        ,  0.9998709 ,  0.08119596],
       [ 0.        ,  0.        ,  0.        ,  1.        ]])]","[array([[ 0.57976616, -0.81449118,  0.02180186, -0.22954037],
       [ 0.8139159 ,  0.58017594,  0.03060697,  0.25889135],
       [-0.03757802,  0.        ,  0.9992937 ,  0.08455375],
       [ 0.        ,  0.        ,  0.        ,  1.        ]])]","[array([[ 0.07579292, -0.99712061, -0.00243398, -0.19510962],
       [ 0.99660685,  0.07583199, -0.03200458,  0.30879359],
       [ 0.032097  ,  0.        ,  0.99948476,  0.08081732],
       [ 0.        ,  0.        ,  0.        ,  1.        ]])]","[array([[ 0.07579292, -0.99712061, -0.00243398, -0.19510962],
       [ 0.99660685,  0.07583199, -0.03200458,  0.30879359],
       [ 0.032097  ,  0.        ,  0.99948476,  0.08081732],
       [ 0.        ,  0.        ,  0.        ,  1.        ]])]"
6,"[array([[-0.25792918, -0.96610045, -0.01106599, -0.28812378],
       [ 0.96521253, -0.25816645,  0.04141071,  0.2349886 ],
       [-0.04286377,  0.        ,  0.99908093,  0.08376315],
       [ 0.        ,  0.        ,  0.        ,  1.        ]])]","[array([[ 0.45259477, -0.89168629,  0.00731674, -0.2999261 ],
       [ 0.89156979,  0.45265391,  0.01441331,  0.30525102],
       [-0.0161641 , -0.        ,  0.99986935,  0.08120202],
       [ 0.        ,  0.        ,  0.        ,  1.        ]])]","[array([[ 0.45259477, -0.89168629,  0.00731674, -0.2999261 ],
       [ 0.89156979,  0.45265391,  0.01441331,  0.30525102],
       [-0.0161641 , -0.        ,  0.99986935,  0.08120202],
       [ 0.        ,  0.        ,  0.        ,  1.        ]])]","[array([[ 0.57984614, -0.81443124,  0.02191357, -0.22954263],
       [ 0.81385027,  0.58026007,  0.03075707,  0.25889456],
       [-0.03776509,  0.        ,  0.99928664,  0.08455694],
       [ 0.        ,  0.        ,  0.        ,  1.        ]])]","[array([[ 0.07570724, -0.99712702, -0.0024734 , -0.19510799],
       [ 0.9965953 ,  0.07574763, -0.03255931,  0.3087948 ],
       [ 0.03265312,  0.        ,  0.99946674,  0.08079063],
       [ 0.        ,  0.        ,  0.        ,  1.        ]])]","[array([[ 0.07570724, -0.99712702, -0.0024734 , -0.19510799],
       [ 0.9965953 ,  0.07574763, -0.03255931,  0.3087948 ],
       [ 0.03265312,  0.        ,  0.99946674,  0.08079063],
       [ 0.        ,  0.        ,  0.        ,  1.        ]])]"
7,"[array([[-0.25785147, -0.96612013, -0.0111585 , -0.28812774],
       [ 0.96521676, -0.2580928 ,  0.04176967,  0.23498734],
       [-0.04323445,  0.        ,  0.99906495,  0.08377445],
       [ 0.        ,  0.        ,  0.        ,  1.        ]])]","[array([[ 0.45273632, -0.89161532,  0.00720672, -0.29992928],
       [ 0.89150238,  0.45279368,  0.01419106,  0.3052548 ],
       [-0.01591612, -0.        ,  0.99987333,  0.08119113],
       [ 0.        ,  0.        ,  0.        ,  1.        ]])]","[array([[ 0.45273632, -0.89161532,  0.00720672, -0.29992928],
       [ 0.89150238,  0.45279368,  0.01419106,  0.3052548 ],
       [-0.01591612, -0.        ,  0.99987333,  0.08119113],
       [ 0.        ,  0.        ,  0.        ,  1.        ]])]","[array([[ 0.57972822, -0.81452114,  0.02169095, -0.22954079],
       [ 0.8139516 ,  0.58013387,  0.03045458,  0.25889117],
       [-0.03738956,  0.        ,  0.99930077,  0.08454953],
       [ 0.        ,  0.        ,  0.        ,  1.        ]])]","[array([[ 0.07571151, -0.99712673, -0.00245851, -0.19510512],
       [ 0.99660145,  0.07575141, -0.03236168,  0.30879366],
       [ 0.03245493,  0.        ,  0.9994732 ,  0.08080393],
       [ 0.        ,  0.        ,  0.        ,  1.        ]])]","[array([[ 0.07571151, -0.99712673, -0.00245851, -0.19510512],
       [ 0.99660145,  0.07575141, -0.03236168,  0.30879366],
       [ 0.03245493,  0.        ,  0.9994732 ,  0.08080393],
       [ 0.        ,  0.        ,  0.        ,  1.        ]])]"
8,"[array([[-0.2676595 , -0.96344294, -0.01166552, -0.27762459],
       [ 0.96252921, -0.2679136 ,  0.04195033,  0.23252283],
       [-0.0435421 ,  0.        ,  0.99905159,  0.08384934],
       [ 0.        ,  0.        ,  0.        ,  1.        ]])]","[array([[ 0.44415601, -0.89591854,  0.0074437 , -0.29015979],
       [ 0.89579275,  0.44421838,  0.01501276,  0.30267077],
       [-0.01675684, -0.        ,  0.99985959,  0.08128287],
       [ 0.        ,  0.        ,  0.        ,  1.        ]])]","[array([[ 0.44415601, -0.89591854,  0.0074437 , -0.29015979],
       [ 0.89579275,  0.44421838,  0.01501276,  0.30267077],
       [-0.01675684, -0.        ,  0.99985959,  0.08128287],
       [ 0.        ,  0.        ,  0.        ,  1.        ]])]","[array([[ 0.57204795, -0.81994012,  0.02143232, -0.21930084],
       [ 0.81936525,  0.5724493 ,  0.0306983 ,  0.25699871],
       [-0.03743968,  0.        ,  0.99929889,  0.08463765],
       [ 0.        ,  0.        ,  0.        ,  1.        ]])]","[array([[ 0.06451984, -0.99791432, -0.00205022, -0.18531905],
       [ 0.99741088,  0.06455241, -0.0316943 ,  0.30721493],
       [ 0.03176054,  0.        ,  0.99949551,  0.08090701],
       [ 0.        ,  0.        ,  0.        ,  1.        ]])]","[array([[ 0.06451984, -0.99791432, -0.00205022, -0.18531905],
       [ 0.99741088,  0.06455241, -0.0316943 ,  0.30721493],
       [ 0.03176054,  0.        ,  0.99949551,  0.08090701],
       [ 0.        ,  0.        ,  0.        ,  1.        ]])]"
9,"[array([[-0.22461831, -0.97439855, -0.00969977, -0.24785433],
       [ 0.97349129, -0.22482765,  0.04203862,  0.22597738],
       [-0.04314315,  0.        ,  0.9990689 ,  0.08406641],
       [ 0.        ,  0.        ,  0.        ,  1.        ]])]","[array([[ 0.48461305, -0.87469569,  0.00759233, -0.25724583],
       [ 0.87458836,  0.48467252,  0.01370199,  0.29663112],
       [-0.01566486, -0.        ,  0.9998773 ,  0.08149414],
       [ 0.        ,  0.        ,  0.        ,  1.        ]])]","[array([[ 0.48461305, -0.87469569,  0.00759233, -0.25724583],
       [ 0.87458836,  0.48467252,  0.01370199,  0.29663112],
       [-0.01566486, -0.        ,  0.9998773 ,  0.08149414],
       [ 0.        ,  0.        ,  0.        ,  1.        ]])]","[array([[ 0.60724714, -0.79421206,  0.02186596, -0.18847297],
       [ 0.79369767,  0.60764069,  0.02857973,  0.24777698],
       [-0.03598502,  0.        ,  0.99935233,  0.08483106],
       [ 0.        ,  0.        ,  0.        ,  1.        ]])]","[array([[ 0.10981492, -0.99394518, -0.00369618, -0.15231286],
       [ 0.99338265,  0.1098771 , -0.03343557,  0.29645624],
       [ 0.03363925,  0.        ,  0.99943404,  0.08108827],
       [ 0.        ,  0.        ,  0.        ,  1.        ]])]","[array([[ 0.10981492, -0.99394518, -0.00369618, -0.15231286],
       [ 0.99338265,  0.1098771 , -0.03343557,  0.29645624],
       [ 0.03363925,  0.        ,  0.99943404,  0.08108827],
       [ 0.        ,  0.        ,  0.        ,  1.        ]])]"
10,"[array([[-0.19622265, -0.98052069, -0.00870878, -0.21180204],
       [ 0.97955642, -0.19641581,  0.04347479,  0.21539071],
       [-0.04433847,  0.        ,  0.99901657,  0.08435218],
       [ 0.        ,  0.        ,  0.        ,  1.        ]])]","[array([[ 0.5089014 , -0.86079249,  0.00746042, -0.21912763],
       [ 0.8607    ,  0.50895609,  0.01261773,  0.28625004],
       [-0.01465827, -0.        ,  0.99989256,  0.08173913],
       [ 0.        ,  0.        ,  0.        ,  1.        ]])]","[array([[ 0.5089014 , -0.86079249,  0.00746042, -0.21912763],
       [ 0.8607    ,  0.50895609,  0.01261773,  0.28625004],
       [-0.01465827, -0.        ,  0.99989256,  0.08173913],
       [ 0.        ,  0.        ,  0.        ,  1.        ]])]","[array([[ 0.63049694, -0.77590259,  0.02118459, -0.15183527],
       [ 0.77546498,  0.63085274,  0.02605549,  0.2354794 ],
       [-0.03358088,  0.        ,  0.999436  ,  0.08504521],
       [ 0.        ,  0.        ,  0.        ,  1.        ]])]","[array([[ 0.13850774, -0.99035082, -0.00456822, -0.11429087],
       [ 0.98981261,  0.13858305, -0.03264567,  0.28309748],
       [ 0.03296374,  0.        ,  0.99945655,  0.08140475],
       [ 0.        ,  0.        ,  0.        ,  1.        ]])]","[array([[ 0.13850774, -0.99035082, -0.00456822, -0.11429087],
       [ 0.98981261,  0.13858305, -0.03264567,  0.28309748],
       [ 0.03296374,  0.        ,  0.99945655,  0.08140475],
       [ 0.        ,  0.        ,  0.        ,  1.        ]])]"
11,"[array([[-0.17203719, -0.98505955, -0.00780341, -0.17590242],
       [ 0.98404776, -0.17221408,  0.04463527,  0.20005839],
       [-0.04531226,  0.        ,  0.99897287,  0.08464399],
       [ 0.        ,  0.        ,  0.        ,  1.        ]])]","[array([[ 0.5305072 , -0.84765052,  0.00712063, -0.18141056],
       [ 0.84757418,  0.53055498,  0.01137639,  0.27109064],
       [-0.01342109, -0.        ,  0.99990993,  0.08197179],
       [ 0.        ,  0.        ,  0.        ,  1.        ]])]","[array([[ 0.5305072 , -0.84765052,  0.00712063, -0.18141056],
       [ 0.84757418,  0.53055498,  0.01137639,  0.27109064],
       [-0.01342109, -0.        ,  0.99990993,  0.08197179],
       [ 0.        ,  0.        ,  0.        ,  1.        ]])]","[array([[ 0.6514929 , -0.7584185 ,  0.01893088, -0.11550141],
       [ 0.75809852,  0.65176788,  0.02202859,  0.21862803],
       [-0.02904543,  0.        ,  0.99957809,  0.08519362],
       [ 0.        ,  0.        ,  0.        ,  1.        ]])]","[array([[ 0.16349996, -0.98652762, -0.00556903, -0.07670305],
       [ 0.98595585,  0.16359478, -0.03358301,  0.26524703],
       [ 0.03404163,  0.        ,  0.99942042,  0.08164348],
       [ 0.        ,  0.        ,  0.        ,  1.        ]])]","[array([[ 0.16349996, -0.98652762, -0.00556903, -0.07670305],
       [ 0.98595585,  0.16359478, -0.03358301,  0.26524703],
       [ 0.03404163,  0.        ,  0.99942042,  0.08164348],
       [ 0.        ,  0.        ,  0.        ,  1.        ]])]"
12,"[array([[-0.11281621, -0.99360223, -0.00520617, -0.13643314],
       [ 0.99254594, -0.11293627,  0.04580336,  0.18909532],
       [-0.04609829,  0.        ,  0.99893691,  0.0849626 ],
       [ 0.        ,  0.        ,  0.        ,  1.        ]])]","[array([[ 0.58812246, -0.80874478,  0.00662255, -0.13793165],
       [ 0.80869351,  0.58815974,  0.00910629,  0.26076427],
       [-0.01125978, -0.        ,  0.99993661,  0.08221206],
       [ 0.        ,  0.        ,  0.        ,  1.        ]])]","[array([[ 0.58812246, -0.80874478,  0.00662255, -0.13793165],
       [ 0.80869351,  0.58815974,  0.00910629,  0.26076427],
       [-0.01125978, -0.        ,  0.99993661,  0.08221206],
       [ 0.        ,  0.        ,  0.        ,  1.        ]])]","[array([[ 0.69503142, -0.71865328,  0.02165162, -0.07502975],
       [ 0.71830482,  0.69536858,  0.02237664,  0.20395137],
       [-0.0311369 ,  0.        ,  0.99951513,  0.08553747],
       [ 0.        ,  0.        ,  0.        ,  1.        ]])]","[array([[ 0.21924972, -0.97564207, -0.00721892, -0.03328622],
       [ 0.97511365,  0.21936854, -0.03210618,  0.2483397 ],
       [ 0.03290774,  0.        ,  0.99945839,  0.08203853],
       [ 0.        ,  0.        ,  0.        ,  1.        ]])]","[array([[ 0.21924972, -0.97564207, -0.00721892, -0.03328622],
       [ 0.97511365,  0.21936854, -0.03210618,  0.2483397 ],
       [ 0.03290774,  0.        ,  0.99945839,  0.08203853],
       [ 0.        ,  0.        ,  0.        ,  1.        ]])]"
13,"[array([[-0.07040903, -0.99751292, -0.0032484 , -0.09632355],
       [ 0.99645299, -0.07048392,  0.04597242,  0.1798377 ],
       [-0.04608704,  0.        ,  0.99893743,  0.08525035],
       [ 0.        ,  0.        ,  0.        ,  1.        ]])]","[array([[ 0.61676976, -0.78712101,  0.00596487, -0.09454832],
       [ 0.7870842 ,  0.6167986 ,  0.00761201,  0.25120932],
       [-0.00967069, -0.        ,  0.99995324,  0.08245053],
       [ 0.        ,  0.        ,  0.        ,  1.        ]])]","[array([[ 0.61676976, -0.78712101,  0.00596487, -0.09454832],
       [ 0.7870842 ,  0.6167986 ,  0.00761201,  0.25120932],
       [-0.00967069, -0.        ,  0.99995324,  0.08245053],
       [ 0.        ,  0.        ,  0.        ,  1.        ]])]","[array([[ 0.72489765, -0.68852422,  0.02139633, -0.03436136],
       [ 0.68822449,  0.72521335,  0.02031387,  0.19202404],
       [-0.02950349,  0.        ,  0.99956468,  0.08580588],
       [ 0.        ,  0.        ,  0.        ,  1.        ]])]","[array([[ 0.25928051, -0.96578799, -0.00521302,  0.0093183 ],
       [ 0.96559285,  0.25933291, -0.01941392,  0.23456197],
       [ 0.02010164,  0.        ,  0.99979794,  0.08284777],
       [ 0.        ,  0.        ,  0.        ,  1.        ]])]","[array([[ 0.25928051, -0.96578799, -0.00521302,  0.0093183 ],
       [ 0.96559285,  0.25933291, -0.01941392,  0.23456197],
       [ 0.02010164,  0.        ,  0.99979794,  0.08284777],
       [ 0.        ,  0.        ,  0.        ,  1.        ]])]"
14,"[array([[-0.05367186, -0.99855542, -0.00252882, -0.06437232],
       [ 0.99744889, -0.05373141,  0.04699619,  0.17132895],
       [-0.04706418,  0.        ,  0.99889187,  0.08551424],
       [ 0.        ,  0.        ,  0.        ,  1.        ]])]","[array([[ 0.62948125, -0.77699282,  0.00596005, -0.06140497],
       [ 0.77695799,  0.62950946,  0.00735639,  0.24264353],
       [-0.00946777, -0.        ,  0.99995518,  0.08268907],
       [ 0.        ,  0.        ,  0.        ,  1.        ]])]","[array([[ 0.62948125, -0.77699282,  0.00596005, -0.06140497],
       [ 0.77695799,  0.62950946,  0.00735639,  0.24264353],
       [-0.00946777, -0.        ,  0.99995518,  0.08268907],
       [ 0.        ,  0.        ,  0.        ,  1.        ]])]","[array([[ 0.73940781, -0.6730215 ,  0.01783663, -0.0026018 ],
       [ 0.67282577,  0.73962291,  0.01623048,  0.18239286],
       [-0.02411584,  0.        ,  0.99970917,  0.08582019],
       [ 0.        ,  0.        ,  0.        ,  1.        ]])]","[array([[ 0.27226814, -0.96221243, -0.00416019,  0.04234945],
       [ 0.96210012,  0.27229992, -0.01470067,  0.22439734],
       [ 0.01527798,  0.        ,  0.99988328,  0.08332216],
       [ 0.        ,  0.        ,  0.        ,  1.        ]])]","[array([[ 0.27226814, -0.96221243, -0.00416019,  0.04234945],
       [ 0.96210012,  0.27229992, -0.01470067,  0.22439734],
       [ 0.01527798,  0.        ,  0.99988328,  0.08332216],
       [ 0.        ,  0.        ,  0.        ,  1.        ]])]"
15,"[array([[-0.08312346, -0.99653155, -0.00392009, -0.04841258],
       [ 0.99542523, -0.08321584,  0.04694406,  0.16153189],
       [-0.04710745,  0.        ,  0.99888983,  0.08561621],
       [ 0.        ,  0.        ,  0.        ,  1.        ]])]","[array([[ 0.60697885, -0.79469351,  0.00623757, -0.04752705],
       [ 0.79465155,  0.60701089,  0.00816618,  0.23292163],
       [-0.01027588, -0.        ,  0.9999472 ,  0.08282477],
       [ 0.        ,  0.        ,  0.        ,  1.        ]])]","[array([[ 0.60697885, -0.79469351,  0.00623757, -0.04752705],
       [ 0.79465155,  0.60701089,  0.00816618,  0.23292163],
       [-0.01027588, -0.        ,  0.9999472 ,  0.08282477],
       [ 0.        ,  0.        ,  0.        ,  1.        ]])]","[array([[ 0.71664969, -0.69707749,  0.02227542,  0.01334148],
       [ 0.696741  ,  0.7169958 ,  0.0216566 ,  0.17451634],
       [-0.03106771,  0.        ,  0.99951728,  0.08617792],
       [ 0.        ,  0.        ,  0.        ,  1.        ]])]","[array([[ 0.24612004, -0.96922496, -0.00528173,  0.05657554],
       [ 0.96900186,  0.2461767 , -0.02079477,  0.21758167],
       [ 0.02145505,  0.        ,  0.99976981,  0.08317073],
       [ 0.        ,  0.        ,  0.        ,  1.        ]])]","[array([[ 0.24612004, -0.96922496, -0.00528173,  0.05657554],
       [ 0.96900186,  0.2461767 , -0.02079477,  0.21758167],
       [ 0.02145505,  0.        ,  0.99976981,  0.08317073],
       [ 0.        ,  0.        ,  0.        ,  1.        ]])]"
16,"[array([[-0.12597576, -0.9920144 , -0.00612736, -0.05017731],
       [ 0.99084304, -0.12612469,  0.04819379,  0.15896145],
       [-0.04858174,  0.        ,  0.99881921,  0.08563723],
       [ 0.        ,  0.        ,  0.        ,  1.        ]])]","[array([[ 0.57150309, -0.8205783 ,  0.00595545, -0.0523904 ],
       [ 0.82053375,  0.57153412,  0.00855052,  0.23031093],
       [-0.01042011, -0.        ,  0.99994571,  0.08278636],
       [ 0.        ,  0.        ,  0.        ,  1.        ]])]","[array([[ 0.57150309, -0.8205783 ,  0.00595545, -0.0523904 ],
       [ 0.82053375,  0.57153412,  0.00855052,  0.23031093],
       [-0.01042011, -0.        ,  0.99994571,  0.08278636],
       [ 0.        ,  0.        ,  0.        ,  1.        ]])]","[array([[ 0.68633459, -0.72703072,  0.01926538,  0.01092971],
       [ 0.72674447,  0.68660493,  0.02039968,  0.17462054],
       [-0.0280589 ,  0.        ,  0.99960627,  0.08606752],
       [ 0.        ,  0.        ,  0.        ,  1.        ]])]","[array([[ 0.20234997, -0.97929851, -0.00537722,  0.05226392],
       [ 0.97895292,  0.20242141, -0.02601458,  0.21950259],
       [ 0.0265645 ,  0.        ,  0.9996471 ,  0.08285625],
       [ 0.        ,  0.        ,  0.        ,  1.        ]])]","[array([[ 0.20234997, -0.97929851, -0.00537722,  0.05226392],
       [ 0.97895292,  0.20242141, -0.02601458,  0.21950259],
       [ 0.0265645 ,  0.        ,  0.9996471 ,  0.08285625],
       [ 0.        ,  0.        ,  0.        ,  1.        ]])]"
17,"[array([[-0.22950711, -0.9732491 , -0.01061472, -0.05323275],
       [ 0.97220984, -0.22975245,  0.04496479,  0.15255707],
       [-0.0462007 ,  0.        ,  0.99893218,  0.0855169 ],
       [ 0.        ,  0.        ,  0.        ,  1.        ]])]","[array([[ 0.48993376, -0.8717233 ,  0.00796196, -0.06340665],
       [ 0.87160821,  0.48999846,  0.0141646 ,  0.22364385],
       [-0.01624896, -0.        ,  0.99986798,  0.08297772],
       [ 0.        ,  0.        ,  0.        ,  1.        ]])]","[array([[ 0.48993376, -0.8717233 ,  0.00796196, -0.06340665],
       [ 0.87160821,  0.48999846,  0.0141646 ,  0.22364385],
       [-0.01624896, -0.        ,  0.99986798,  0.08297772],
       [ 0.        ,  0.        ,  0.        ,  1.        ]])]","[array([[ 0.60520393, -0.79583665,  0.0192933 ,  0.00589038],
       [ 0.79543256,  0.60551138,  0.0253576 ,  0.17472122],
       [-0.03186282,  0.        ,  0.99949225,  0.08611373],
       [ 0.        ,  0.        ,  0.        ,  1.        ]])]","[array([[ 0.10586879, -0.99437599, -0.00286203,  0.0418427 ],
       [ 0.99401283,  0.10590747, -0.02687189,  0.22361162],
       [ 0.02702387,  0.        ,  0.99963479,  0.08273364],
       [ 0.        ,  0.        ,  0.        ,  1.        ]])]","[array([[ 0.10586879, -0.99437599, -0.00286203,  0.0418427 ],
       [ 0.99401283,  0.10590747, -0.02687189,  0.22361162],
       [ 0.02702387,  0.        ,  0.99963479,  0.08273364],
       [ 0.        ,  0.        ,  0.        ,  1.        ]])]"
18,"[array([[-0.41355586, -0.91027242, -0.01938248, -0.0573627 ],
       [ 0.90927431, -0.41400982,  0.04261574,  0.14042089],
       [-0.04681647,  0.        ,  0.99890351,  0.08544869],
       [ 0.        ,  0.        ,  0.        ,  1.        ]])]","[array([[ 0.29389452, -0.95582971,  0.00394578, -0.08044108],
       [ 0.95574358,  0.29392101,  0.01283166,  0.207648  ],
       [-0.01342463, -0.        ,  0.99990989,  0.0826079 ],
       [ 0.        ,  0.        ,  0.        ,  1.        ]])]","[array([[ 0.29389452, -0.95582971,  0.00394578, -0.08044108],
       [ 0.95574358,  0.29392101,  0.01283166,  0.207648  ],
       [-0.01342463, -0.        ,  0.99990989,  0.0826079 ],
       [ 0.        ,  0.        ,  0.        ,  1.        ]])]","[array([[ 0.43773223, -0.89900462,  0.01346044, -0.00363287],
       [ 0.89857988,  0.43793914,  0.0276317 ,  0.17383552],
       [-0.03073588,  0.        ,  0.99952754,  0.08593448],
       [ 0.        ,  0.        ,  0.        ,  1.        ]])]","[array([[-0.0900303 , -0.99593525,  0.00274203,  0.02189985],
       [ 0.99547365, -0.09007205, -0.03031888,  0.22866245],
       [ 0.03044262, -0.        ,  0.99953652,  0.08236792],
       [ 0.        ,  0.        ,  0.        ,  1.        ]])]","[array([[-0.0900303 , -0.99593525,  0.00274203,  0.02189985],
       [ 0.99547365, -0.09007205, -0.03031888,  0.22866245],
       [ 0.03044262, -0.        ,  0.99953652,  0.08236792],
       [ 0.        ,  0.        ,  0.        ,  1.        ]])]"
19,"[array([[-0.56817471, -0.82249579, -0.02604179, -0.05967678],
       [ 0.82163321, -0.5687712 ,  0.03765883,  0.12964664],
       [-0.04578605,  0.        ,  0.99895127,  0.08532361],
       [ 0.        ,  0.        ,  0.        ,  1.        ]])]","[array([[ 9.77005220e-02, -9.95215559e-01,  7.74103349e-04,
        -9.34743466e-02],
       [ 9.95184322e-01,  9.77035886e-02,  7.88507063e-03,
         1.91453805e-01],
       [-7.92297765e-03, -0.00000000e+00,  9.99968613e-01,
         8.22809507e-02],
       [ 0.00000000e+00,  0.00000000e+00,  0.00000000e+00,
         1.00000000e+00]])]","[array([[ 9.77005220e-02, -9.95215559e-01,  7.74103349e-04,
        -9.34743466e-02],
       [ 9.95184322e-01,  9.77035886e-02,  7.88507063e-03,
         1.91453805e-01],
       [-7.92297765e-03, -0.00000000e+00,  9.99968613e-01,
         8.22809507e-02],
       [ 0.00000000e+00,  0.00000000e+00,  0.00000000e+00,
         1.00000000e+00]])]","[array([[ 0.27410411, -0.96165612,  0.00918945, -0.01266963],
       [ 0.96111615,  0.2742581 ,  0.0322218 ,  0.17195204],
       [-0.03350657,  0.        ,  0.9994385 ,  0.08592555],
       [ 0.        ,  0.        ,  0.        ,  1.        ]])]","[array([[-0.26980053, -0.96289963,  0.00565501,  0.00308279],
       [ 0.96268819, -0.26985979, -0.02017793,  0.23053594],
       [ 0.02095538, -0.        ,  0.99978041,  0.08259262],
       [ 0.        ,  0.        ,  0.        ,  1.        ]])]","[array([[-0.26980053, -0.96289963,  0.00565501,  0.00308279],
       [ 0.96268819, -0.26985979, -0.02017793,  0.23053594],
       [ 0.02095538, -0.        ,  0.99978041,  0.08259262],
       [ 0.        ,  0.        ,  0.        ,  1.        ]])]"
20,"[array([[-0.60696723, -0.79424692, -0.02761529, -0.05988049],
       [ 0.79342616, -0.60759512,  0.03609864,  0.12683786],
       [-0.04545015,  0.        ,  0.99896661,  0.08529308],
       [ 0.        ,  0.        ,  0.        ,  1.        ]])]","[array([[ 7.07396296e-02, -9.97494409e-01,  8.99605772e-04,
        -9.73472451e-02],
       [ 9.97413758e-01,  7.07453496e-02,  1.26842504e-02,
         1.87016597e-01],
       [-1.27161118e-02, -0.00000000e+00,  9.99919147e-01,
         8.23673724e-02],
       [ 0.00000000e+00,  0.00000000e+00,  0.00000000e+00,
         1.00000000e+00]])]","[array([[ 7.07396296e-02, -9.97494409e-01,  8.99605772e-04,
        -9.73472451e-02],
       [ 9.97413758e-01,  7.07453496e-02,  1.26842504e-02,
         1.87016597e-01],
       [-1.27161118e-02, -0.00000000e+00,  9.99919147e-01,
         8.23673724e-02],
       [ 0.00000000e+00,  0.00000000e+00,  0.00000000e+00,
         1.00000000e+00]])]","[array([[ 0.22854076, -0.97350135,  0.00801562, -0.01500614],
       [ 0.97290314,  0.22868128,  0.03412266,  0.17145552],
       [-0.03505148,  0.        ,  0.99938551,  0.08595415],
       [ 0.        ,  0.        ,  0.        ,  1.        ]])]","[array([[-0.31827065, -0.94796634,  0.00797556, -0.00212553],
       [ 0.94766884, -0.31837056, -0.02374767,  0.23070954],
       [ 0.02505117, -0.        ,  0.99968617,  0.08242237],
       [ 0.        ,  0.        ,  0.        ,  1.        ]])]","[array([[-0.31827065, -0.94796634,  0.00797556, -0.00212553],
       [ 0.94766884, -0.31837056, -0.02374767,  0.23070954],
       [ 0.02505117, -0.        ,  0.99968617,  0.08242237],
       [ 0.        ,  0.        ,  0.        ,  1.        ]])]"
21,"[array([[-0.58395122, -0.81134666, -0.02678758, -0.05943756],
       [ 0.81049433, -0.58456531,  0.03717978,  0.1292345 ],
       [-0.04582478,  0.        ,  0.99894949,  0.08531948],
       [ 0.        ,  0.        ,  0.        ,  1.        ]])]","[array([[ 0.09915217, -0.99507135,  0.00136557, -0.09524486],
       [ 0.99497699,  0.09916157,  0.01370326,  0.19044896],
       [-0.01377113, -0.        ,  0.99990517,  0.08244792],
       [ 0.        ,  0.        ,  0.        ,  1.        ]])]","[array([[ 0.09915217, -0.99507135,  0.00136557, -0.09524486],
       [ 0.99497699,  0.09916157,  0.01370326,  0.19044896],
       [-0.01377113, -0.        ,  0.99990517,  0.08244792],
       [ 0.        ,  0.        ,  0.        ,  1.        ]])]","[array([[ 0.25400042, -0.96716305,  0.00891154, -0.01330418],
       [ 0.96656834,  0.2541567 ,  0.0339118 ,  0.17260751],
       [-0.03506317,  0.        ,  0.9993851 ,  0.08596642],
       [ 0.        ,  0.        ,  0.        ,  1.        ]])]","[array([[-0.29190511, -0.95642614,  0.00635948,  0.00119372],
       [ 0.95619925, -0.29197438, -0.02083188,  0.23149322],
       [ 0.02178096, -0.        ,  0.99976277,  0.08255937],
       [ 0.        ,  0.        ,  0.        ,  1.        ]])]","[array([[-0.29190511, -0.95642614,  0.00635948,  0.00119372],
       [ 0.95619925, -0.29197438, -0.02083188,  0.23149322],
       [ 0.02178096, -0.        ,  0.99976277,  0.08255937],
       [ 0.        ,  0.        ,  0.        ,  1.        ]])]"
22,"[array([[-0.58287702, -0.81208452, -0.0278049 , -0.05740002],
       [ 0.81116212, -0.58353983,  0.03869476,  0.1293092 ],
       [-0.04764868,  0.        ,  0.99886416,  0.08537033],
       [ 0.        ,  0.        ,  0.        ,  1.        ]])]","[array([[ 0.10283152, -0.99469762,  0.00152328, -0.09310618],
       [ 0.9945885 ,  0.10284281,  0.01473321,  0.19062888],
       [-0.01481174, -0.        ,  0.9998903 ,  0.08249801],
       [ 0.        ,  0.        ,  0.        ,  1.        ]])]","[array([[ 0.10283152, -0.99469762,  0.00152328, -0.09310618],
       [ 0.9945885 ,  0.10284281,  0.01473321,  0.19062888],
       [-0.01481174, -0.        ,  0.9998903 ,  0.08249801],
       [ 0.        ,  0.        ,  0.        ,  1.        ]])]","[array([[ 0.25570829, -0.96671267,  0.00893816, -0.01115544],
       [ 0.96612263,  0.25586446,  0.03377034,  0.17251865],
       [-0.03493318,  0.        ,  0.99938965,  0.0859885 ],
       [ 0.        ,  0.        ,  0.        ,  1.        ]])]","[array([[-0.28678381, -0.95796296,  0.00787488,  0.00335173],
       [ 0.95760201, -0.28689191, -0.02629508,  0.23132649],
       [ 0.02744895, -0.        ,  0.99962321,  0.08227612],
       [ 0.        ,  0.        ,  0.        ,  1.        ]])]","[array([[-0.28678381, -0.95796296,  0.00787488,  0.00335173],
       [ 0.95760201, -0.28689191, -0.02629508,  0.23132649],
       [ 0.02744895, -0.        ,  0.99962321,  0.08227612],
       [ 0.        ,  0.        ,  0.        ,  1.        ]])]"
23,"[array([[-0.5688675 , -0.82202009, -0.02593718, -0.03900385],
       [ 0.82116699, -0.56945849,  0.03744063,  0.12583427],
       [-0.04554709,  0.        ,  0.99896219,  0.08542625],
       [ 0.        ,  0.        ,  0.        ,  1.        ]])]","[array([[ 0.10576641, -0.99439035,  0.00114166, -0.07340313],
       [ 0.99433242,  0.10577257,  0.01073295,  0.18769321],
       [-0.0107935 , -0.        ,  0.99994175,  0.08251023],
       [ 0.        ,  0.        ,  0.        ,  1.        ]])]","[array([[ 0.10576641, -0.99439035,  0.00114166, -0.07340313],
       [ 0.99433242,  0.10577257,  0.01073295,  0.18769321],
       [-0.0107935 , -0.        ,  0.99994175,  0.08251023],
       [ 0.        ,  0.        ,  0.        ,  1.        ]])]","[array([[ 0.27171892, -0.96233523,  0.00892985,  0.00781977],
       [ 0.96181596,  0.27186562,  0.03160939,  0.16844913],
       [-0.03284655,  0.        ,  0.99946041,  0.08605976],
       [ 0.        ,  0.        ,  0.        ,  1.        ]])]","[array([[-0.27240168, -0.96216522,  0.00595079,  0.0233036 ],
       [ 0.96193572, -0.27246667, -0.02101412,  0.22707603],
       [ 0.02184044, -0.        ,  0.99976147,  0.08272347],
       [ 0.        ,  0.        ,  0.        ,  1.        ]])]","[array([[-0.27240168, -0.96216522,  0.00595079,  0.0233036 ],
       [ 0.96193572, -0.27246667, -0.02101412,  0.22707603],
       [ 0.02184044, -0.        ,  0.99976147,  0.08272347],
       [ 0.        ,  0.        ,  0.        ,  1.        ]])]"
24,"[array([[-0.58138158, -0.81322096, -0.0258287 , -0.00775944],
       [ 0.81241962, -0.58195504,  0.0360929 ,  0.11654606],
       [-0.04438264,  0.        ,  0.99901461,  0.08559117],
       [ 0.        ,  0.        ,  0.        ,  1.        ]])]","[array([[ 9.58115291e-02, -9.95399070e-01,  9.18027050e-04,
        -4.29851024e-02],
       [ 9.95353381e-01,  9.58159271e-02,  9.53707070e-03,
         1.78160934e-01],
       [-9.58115291e-03, -0.00000000e+00,  9.99954100e-01,
         8.26746807e-02],
       [ 0.00000000e+00,  0.00000000e+00,  0.00000000e+00,
         1.00000000e+00]])]","[array([[ 9.58115291e-02, -9.95399070e-01,  9.18027050e-04,
        -4.29851024e-02],
       [ 9.95353381e-01,  9.58159271e-02,  9.53707070e-03,
         1.78160934e-01],
       [-9.58115291e-03, -0.00000000e+00,  9.99954100e-01,
         8.26746807e-02],
       [ 0.00000000e+00,  0.00000000e+00,  0.00000000e+00,
         1.00000000e+00]])]","[array([[ 0.26404836, -0.9644675 ,  0.00899441,  0.03833467],
       [ 0.96390844,  0.26420151,  0.03283411,  0.15968624],
       [-0.03404377,  0.        ,  0.99942034,  0.08629658],
       [ 0.        ,  0.        ,  0.        ,  1.        ]])]","[array([[-0.27936201, -0.96015713,  0.00742596,  0.05316955],
       [ 0.95981809, -0.27946069, -0.02551376,  0.2183722 ],
       [ 0.02657248, -0.        ,  0.99964689,  0.082712  ],
       [ 0.        ,  0.        ,  0.        ,  1.        ]])]","[array([[-0.27936201, -0.96015713,  0.00742596,  0.05316955],
       [ 0.95981809, -0.27946069, -0.02551376,  0.2183722 ],
       [ 0.02657248, -0.        ,  0.99964689,  0.082712  ],
       [ 0.        ,  0.        ,  0.        ,  1.        ]])]"
25,"[array([[-0.57724666, -0.81622043, -0.0238852 ,  0.02487082],
       [ 0.81552259, -0.57774061,  0.03374453,  0.10678349],
       [-0.04134242,  0.        ,  0.99914504,  0.08577707],
       [ 0.        ,  0.        ,  0.        ,  1.        ]])]","[array([[ 9.81431775e-02, -9.95171949e-01,  8.41810218e-04,
        -9.80322682e-03],
       [ 9.95135343e-01,  9.81467877e-02,  8.53564273e-03,
         1.68406357e-01],
       [-8.57705318e-03, -0.00000000e+00,  9.99963216e-01,
         8.28487503e-02],
       [ 0.00000000e+00,  0.00000000e+00,  0.00000000e+00,
         1.00000000e+00]])]","[array([[ 9.81431775e-02, -9.95171949e-01,  8.41810218e-04,
        -9.80322682e-03],
       [ 9.95135343e-01,  9.81467877e-02,  8.53564273e-03,
         1.68406357e-01],
       [-8.57705318e-03, -0.00000000e+00,  9.99963216e-01,
         8.28487503e-02],
       [ 0.00000000e+00,  0.00000000e+00,  0.00000000e+00,
         1.00000000e+00]])]","[array([[ 0.26736018, -0.96354548,  0.00993197,  0.07127867],
       [ 0.96288132,  0.26754459,  0.03576938,  0.14957092],
       [-0.03712267,  0.        ,  0.99931072,  0.08656955],
       [ 0.        ,  0.        ,  0.        ,  1.        ]])]","[array([[-0.27162047, -0.96236792,  0.00838472,  0.08634297],
       [ 0.96190972, -0.27174985, -0.02969344,  0.20830371],
       [ 0.03085456, -0.        ,  0.99952388,  0.08284682],
       [ 0.        ,  0.        ,  0.        ,  1.        ]])]","[array([[-0.27162047, -0.96236792,  0.00838472,  0.08634297],
       [ 0.96190972, -0.27174985, -0.02969344,  0.20830371],
       [ 0.03085456, -0.        ,  0.99952388,  0.08284682],
       [ 0.        ,  0.        ,  0.        ,  1.        ]])]"
26,"[array([[-0.57106752, -0.82049159, -0.02598919,  0.05468282],
       [ 0.81964323, -0.5716586 ,  0.03730183,  0.10181138],
       [-0.04546278,  0.        ,  0.99896603,  0.08613837],
