,LP,LD1,LD2,RP,RD1,RD2
0,"[array([[-0.48192463, -0.87606431, -0.0161238 , -0.15111012],
       [ 0.8755744 , -0.48219428,  0.02929418,  0.24138817],
       [-0.0334384 ,  0.        ,  0.99944078,  0.08505902],
       [ 0.        ,  0.        ,  0.        ,  1.        ]])]","[array([[ 0.90750939, -0.41998093,  0.00653611, -0.17151271],
       [ 0.41997004,  0.90753293,  0.00302473,  0.30897885],
       [-0.00720206, -0.        ,  0.99997406,  0.08284103],
       [ 0.        ,  0.        ,  0.        ,  1.        ]])]","[array([[ 0.90750939, -0.41998093,  0.00653611, -0.17151271],
       [ 0.41997004,  0.90753293,  0.00302473,  0.30897885],
       [-0.00720206, -0.        ,  0.99997406,  0.08284103],
       [ 0.        ,  0.        ,  0.        ,  1.        ]])]","[array([[ 4.15231198e-01, -9.09715563e-01, -8.03935052e-04,
        -9.59509045e-02],
       [ 9.09713858e-01,  4.15231976e-01, -1.76130999e-03,
         2.35624593e-01],
       [ 1.93611065e-03,  0.00000000e+00,  9.99998126e-01,
         8.50346311e-02],
       [ 0.00000000e+00,  0.00000000e+00,  0.00000000e+00,
         1.00000000e+00]])]","[array([[-0.71777336, -0.69519154,  0.03886035, -0.07260869],
       [ 0.69417492, -0.71882454, -0.03758273,  0.2832924 ],
       [ 0.05406097, -0.        ,  0.99853764,  0.08211286],
       [ 0.        ,  0.        ,  0.        ,  1.        ]])]","[array([[-0.71777336, -0.69519154,  0.03886035, -0.07260869],
       [ 0.69417492, -0.71882454, -0.03758273,  0.2832924 ],
       [ 0.05406097, -0.        ,  0.99853764,  0.08211286],
       [ 0.        ,  0.        ,  0.        ,  1.        ]])]"
1,"[array([[-0.48187541, -0.87608802, -0.01630539, -0.15110849],
       [ 0.87558691, -0.4821512 ,  0.02962755,  0.24138838],
       [-0.03381801,  0.        ,  0.99942801,  0.08506752],
       [ 0.        ,  0.        ,  0.        ,  1.        ]])]","[array([[ 0.9076428 , -0.41969251,  0.00653803, -0.17151666],
       [ 0.41968162,  0.90766635,  0.00302309,  0.30898962],
       [-0.00720312, -0.        ,  0.99997406,  0.08284306],
       [ 0.        ,  0.        ,  0.        ,  1.        ]])]","[array([[ 0.9076428 , -0.41969251,  0.00653803, -0.17151666],
       [ 0.41968162,  0.90766635,  0.00302309,  0.30898962],
       [-0.00720312, -0.        ,  0.99997406,  0.08284306],
       [ 0.        ,  0.        ,  0.        ,  1.        ]])]","[array([[ 4.15597629e-01, -9.09548432e-01, -5.10057330e-04,
        -9.59596292e-02],
       [ 9.09547747e-01,  4.15597942e-01, -1.11627561e-03,
         2.35640562e-01],
       [ 1.22728551e-03,  0.00000000e+00,  9.99999247e-01,
         8.50625088e-02],
       [ 0.00000000e+00,  0.00000000e+00,  0.00000000e+00,
         1.00000000e+00]])]","[array([[-0.71813334, -0.69481467,  0.03894979, -0.07259006],
       [ 0.69379495, -0.71918883, -0.03762973,  0.28329847],
       [ 0.05415794, -0.        ,  0.99853238,  0.08210778],
       [ 0.        ,  0.        ,  0.        ,  1.        ]])]","[array([[-0.71813334, -0.69481467,  0.03894979, -0.07259006],
       [ 0.69379495, -0.71918883, -0.03762973,  0.28329847],
       [ 0.05415794, -0.        ,  0.99853238,  0.08210778],
       [ 0.        ,  0.        ,  0.        ,  1.        ]])]"
2,"[array([[-0.48211894, -0.87595615, -0.0161908 , -0.15110454],
       [ 0.87546262, -0.48239073,  0.0294003 ,  0.24138844],
       [-0.03356366,  0.        ,  0.99943658,  0.08506283],
       [ 0.        ,  0.        ,  0.        ,  1.        ]])]","[array([[ 0.90758344, -0.41982231,  0.00644495, -0.17151835],
       [ 0.41981172,  0.90760632,  0.00298118,  0.30898622],
       [-0.00710104, -0.        ,  0.99997479,  0.08283781],
       [ 0.        ,  0.        ,  0.        ,  1.        ]])]","[array([[ 0.90758344, -0.41982231,  0.00644495, -0.17151835],
       [ 0.41981172,  0.90760632,  0.00298118,  0.30898622],
       [-0.00710104, -0.        ,  0.99997479,  0.08283781],
       [ 0.        ,  0.        ,  0.        ,  1.        ]])]","[array([[ 4.15415740e-01, -9.09631284e-01, -8.31084054e-04,
        -9.59572902e-02],
       [ 9.09629463e-01,  4.15416571e-01, -1.81981198e-03,
         2.35627122e-01],
       [ 2.00060400e-03,  0.00000000e+00,  9.99997999e-01,
         8.50321865e-02],
       [ 0.00000000e+00,  0.00000000e+00,  0.00000000e+00,
         1.00000000e+00]])]","[array([[-0.71627498, -0.69670666,  0.03936992, -0.07268017],
       [ 0.69565661, -0.71735614, -0.03823664,  0.28326547],
       [ 0.05488197, -0.        ,  0.99849285,  0.08208175],
       [ 0.        ,  0.        ,  0.        ,  1.        ]])]","[array([[-0.71627498, -0.69670666,  0.03936992, -0.07268017],
       [ 0.69565661, -0.71735614, -0.03823664,  0.28326547],
       [ 0.05488197, -0.        ,  0.99849285,  0.08208175],
       [ 0.        ,  0.        ,  0.        ,  1.        ]])]"
3,"[array([[-0.4816443 , -0.87621591, -0.01626177, -0.15111512],
       [ 0.87571692, -0.48191875,  0.02956685,  0.24138212],
       [-0.03374379,  0.        ,  0.99943052,  0.08506686],
       [ 0.        ,  0.        ,  0.        ,  1.        ]])]","[array([[ 0.90760423, -0.41977802,  0.00640056, -0.17151682],
       [ 0.41976758,  0.9076268 ,  0.00296026,  0.30898671],
       [-0.00705198, -0.        ,  0.99997513,  0.08283725],
       [ 0.        ,  0.        ,  0.        ,  1.        ]])]","[array([[ 0.90760423, -0.41977802,  0.00640056, -0.17151682],
       [ 0.41976758,  0.9076268 ,  0.00296026,  0.30898671],
       [-0.00705198, -0.        ,  0.99997513,  0.08283725],
       [ 0.        ,  0.        ,  0.        ,  1.        ]])]","[array([[ 4.15056570e-01, -9.09795094e-01, -9.64811321e-04,
        -9.59476986e-02],
       [ 9.09792636e-01,  4.15057691e-01, -2.11484000e-03,
         2.35622282e-01],
       [ 2.32452341e-03,  0.00000000e+00,  9.99997298e-01,
         8.50229307e-02],
       [ 0.00000000e+00,  0.00000000e+00,  0.00000000e+00,
         1.00000000e+00]])]","[array([[-0.7180611 , -0.69488666,  0.03899738, -0.07259435],
       [ 0.69386414, -0.71911928, -0.03768326,  0.28329723],
       [ 0.05422936, -0.        ,  0.99852851,  0.08210751],
       [ 0.        ,  0.        ,  0.        ,  1.        ]])]","[array([[-0.7180611 , -0.69488666,  0.03899738, -0.07259435],
       [ 0.69386414, -0.71911928, -0.03768326,  0.28329723],
       [ 0.05422936, -0.        ,  0.99852851,  0.08210751],
       [ 0.        ,  0.        ,  0.        ,  1.        ]])]"
4,"[array([[-0.48167802, -0.87619614, -0.01632847, -0.15112214],
       [ 0.87569313, -0.4819547 ,  0.02968525,  0.24138724],
       [-0.03387968,  0.        ,  0.99942592,  0.0850729 ],
       [ 0.        ,  0.        ,  0.        ,  1.        ]])]","[array([[ 0.9075291 , -0.41993974,  0.0064456 , -0.17151515],
       [ 0.41992915,  0.90755199,  0.00298249,  0.30898024],
       [-0.00710218, -0.        ,  0.99997478,  0.08283685],
       [ 0.        ,  0.        ,  0.        ,  1.        ]])]","[array([[ 0.9075291 , -0.41993974,  0.0064456 , -0.17151515],
       [ 0.41992915,  0.90755199,  0.00298249,  0.30898024],
       [-0.00710218, -0.        ,  0.99997478,  0.08283685],
       [ 0.        ,  0.        ,  0.        ,  1.        ]])]","[array([[ 4.15070949e-01, -9.09788690e-01, -8.03689391e-04,
        -9.59479639e-02],
       [ 9.09786985e-01,  4.15071727e-01, -1.76159317e-03,
         2.35619533e-01],
       [ 1.93626628e-03,  0.00000000e+00,  9.99998125e-01,
         8.50316276e-02],
       [ 0.00000000e+00,  0.00000000e+00,  0.00000000e+00,
         1.00000000e+00]])]","[array([[-0.71773254, -0.69524169,  0.03871688, -0.07261268],
       [ 0.69423236, -0.71877604, -0.0374492 ,  0.28329224],
       [ 0.05386502, -0.        ,  0.99854823,  0.08211709],
       [ 0.        ,  0.        ,  0.        ,  1.        ]])]","[array([[-0.71773254, -0.69524169,  0.03871688, -0.07261268],
       [ 0.69423236, -0.71877604, -0.0374492 ,  0.28329224],
       [ 0.05386502, -0.        ,  0.99854823,  0.08211709],
       [ 0.        ,  0.        ,  0.        ,  1.        ]])]"
5,"[array([[-0.48179848, -0.87613155, -0.01623997, -0.15110971],
       [ 0.87563426, -0.4820721 ,  0.02951498,  0.24138322],
       [-0.03368784,  0.        ,  0.9994324 ,  0.08506261],
       [ 0.        ,  0.        ,  0.        ,  1.        ]])]","[array([[ 0.90757506, -0.41983828,  0.00658209, -0.17151316],
       [ 0.41982724,  0.90759893,  0.00304475,  0.30897869],
       [-0.0072522 , -0.        ,  0.9999737 ,  0.08283862],
       [ 0.        ,  0.        ,  0.        ,  1.        ]])]","[array([[ 0.90757506, -0.41983828,  0.00658209, -0.17151316],
       [ 0.41982724,  0.90759893,  0.00304475,  0.30897869],
       [-0.0072522 , -0.        ,  0.9999737 ,  0.08283862],
       [ 0.        ,  0.        ,  0.        ,  1.        ]])]","[array([[ 0.40405265, -0.91470818, -0.00709929, -0.09580081],
       [ 0.91456702,  0.40411501, -0.01606914,  0.23556822],
       [ 0.01756751,  0.        ,  0.99984568,  0.08487149],
       [ 0.        ,  0.        ,  0.        ,  1.        ]])]","[array([[-0.71817055, -0.69475902,  0.03925507, -0.07258511],
       [ 0.69372348, -0.71924259, -0.0379188 ,  0.28329601],
       [ 0.05457835, -0.        ,  0.99850949,  0.08208641],
       [ 0.        ,  0.        ,  0.        ,  1.        ]])]","[array([[-0.71817055, -0.69475902,  0.03925507, -0.07258511],
       [ 0.69372348, -0.71924259, -0.0379188 ,  0.28329601],
       [ 0.05457835, -0.        ,  0.99850949,  0.08208641],
       [ 0.        ,  0.        ,  0.        ,  1.        ]])]"
6,"[array([[-0.45942907, -0.88802161, -0.01850833, -0.15106403],
       [ 0.88730189, -0.45980172,  0.0357454 ,  0.24114319],
       [-0.04025284,  0.        ,  0.99918953,  0.08533066],
       [ 0.        ,  0.        ,  0.        ,  1.        ]])]","[array([[ 0.91371174, -0.40631475,  0.00625915, -0.17002345],
       [ 0.40630522,  0.91373318,  0.00278329,  0.30915629],
       [-0.00685009, -0.        ,  0.99997654,  0.08283383],
       [ 0.        ,  0.        ,  0.        ,  1.        ]])]","[array([[ 0.91371174, -0.40631475,  0.00625915, -0.17002345],
       [ 0.40630522,  0.91373318,  0.00278329,  0.30915629],
       [-0.00685009, -0.        ,  0.99997654,  0.08283383],
       [ 0.        ,  0.        ,  0.        ,  1.        ]])]","[array([[ 0.42675925, -0.90436237, -0.00229072, -0.09554462],
       [ 0.90434934,  0.4267654 , -0.00485429,  0.23465612],
       [ 0.00536763,  0.        ,  0.99998559,  0.08494876],
       [ 0.        ,  0.        ,  0.        ,  1.        ]])]","[array([[-0.70544408, -0.70771127,  0.03864456, -0.07160891],
       [ 0.70665177, -0.70650177, -0.03871072,  0.28194907],
       [ 0.05469846, -0.        ,  0.99850292,  0.08209559],
       [ 0.        ,  0.        ,  0.        ,  1.        ]])]","[array([[-0.70544408, -0.70771127,  0.03864456, -0.07160891],
       [ 0.70665177, -0.70650177, -0.03871072,  0.28194907],
       [ 0.05469846, -0.        ,  0.99850292,  0.08209559],
       [ 0.        ,  0.        ,  0.        ,  1.        ]])]"
