,LP,LD1,LD2,RP,RD1,RD2
0,"[array([[-0.40722292, -0.91315106, -0.01801745, -0.1158363 ],
       [ 0.91225858, -0.40762131,  0.0403626 ,  0.07639172],
       [-0.04420145,  0.        ,  0.99902264,  0.08575211],
       [ 0.        ,  0.        ,  0.        ,  1.        ]])]","[array([[ 0.33429757, -0.94246283,  0.00299296, -0.13870175],
       [ 0.94242506,  0.33431097,  0.0084375 ,  0.14390628],
       [-0.00895261, -0.        ,  0.99995992,  0.08360969],
       [ 0.        ,  0.        ,  0.        ,  1.        ]])]","[array([[ 0.33429757, -0.94246283,  0.00299296, -0.13870175],
       [ 0.94242506,  0.33431097,  0.0084375 ,  0.14390628],
       [-0.00895261, -0.        ,  0.99995992,  0.08360969],
       [ 0.        ,  0.        ,  0.        ,  1.        ]])]","[array([[ 0.26635023, -0.96385395,  0.00656697, -0.05804545],
       [ 0.96356112,  0.26643117,  0.02375698,  0.08370281],
       [-0.0246479 ,  0.        ,  0.99969619,  0.08538511],
       [ 0.        ,  0.        ,  0.        ,  1.        ]])]","[array([[-0.4096095 , -0.91213873,  0.01493329, -0.04306233],
       [ 0.91153315, -0.40988162, -0.03323212,  0.14058937],
       [ 0.03643318, -0.        ,  0.99933609,  0.08255342],
       [ 0.        ,  0.        ,  0.        ,  1.        ]])]","[array([[-0.4096095 , -0.91213873,  0.01493329, -0.04306233],
       [ 0.91153315, -0.40988162, -0.03323212,  0.14058937],
       [ 0.03643318, -0.        ,  0.99933609,  0.08255342],
       [ 0.        ,  0.        ,  0.        ,  1.        ]])]"
1,"[array([[-0.4069439 , -0.91327665, -0.01795593, -0.11584898],
       [ 0.91238891, -0.40733985,  0.0402581 ,  0.076391  ],
       [-0.04408095,  0.        ,  0.99902796,  0.08574941],
       [ 0.        ,  0.        ,  0.        ,  1.        ]])]","[array([[ 0.334235  , -0.94248518,  0.00294169, -0.13869886],
       [ 0.94244868,  0.33424794,  0.00829474,  0.14390325],
       [-0.00880092, -0.        ,  0.99996127,  0.08360487],
       [ 0.        ,  0.        ,  0.        ,  1.        ]])]","[array([[ 0.334235  , -0.94248518,  0.00294169, -0.13869886],
       [ 0.94244868,  0.33424794,  0.00829474,  0.14390325],
       [-0.00880092, -0.        ,  0.99996127,  0.08360487],
       [ 0.        ,  0.        ,  0.        ,  1.        ]])]","[array([[ 0.26633099, -0.9638602 ,  0.00642867, -0.05804707],
       [ 0.96357953,  0.26640856,  0.02325879,  0.08369719],
       [-0.02413087,  0.        ,  0.99970881,  0.08537153],
       [ 0.        ,  0.        ,  0.        ,  1.        ]])]","[array([[-0.40956992, -0.91215753,  0.01487037, -0.04306484],
       [ 0.91155691, -0.40983978, -0.03309615,  0.14059119],
       [ 0.03628337, -0.        ,  0.99934154,  0.08256119],
       [ 0.        ,  0.        ,  0.        ,  1.        ]])]","[array([[-0.40956992, -0.91215753,  0.01487037, -0.04306484],
       [ 0.91155691, -0.40983978, -0.03309615,  0.14059119],
       [ 0.03628337, -0.        ,  0.99934154,  0.08256119],
       [ 0.        ,  0.        ,  0.        ,  1.        ]])]"
2,"[array([[-0.40695441, -0.91327135, -0.01798761, -0.11584568],
       [ 0.91238053, -0.40735175,  0.04032772,  0.07639305],
       [-0.04415743,  0.        ,  0.99902458,  0.08574713],
       [ 0.        ,  0.        ,  0.        ,  1.        ]])]","[array([[ 0.33428539, -0.94246741,  0.00290957, -0.13869938],
       [ 0.94243171,  0.33429806,  0.00820279,  0.14390501],
       [-0.00870353, -0.        ,  0.99996212,  0.08359777],
       [ 0.        ,  0.        ,  0.        ,  1.        ]])]","[array([[ 0.33428539, -0.94246741,  0.00290957, -0.13869938],
       [ 0.94243171,  0.33429806,  0.00820279,  0.14390501],
       [-0.00870353, -0.        ,  0.99996212,  0.08359777],
       [ 0.        ,  0.        ,  0.        ,  1.        ]])]","[array([[ 0.26660029, -0.9637857 ,  0.00643552, -0.05805144],
       [ 0.96350502,  0.26667795,  0.02325827,  0.08370025],
       [-0.0241322 ,  0.        ,  0.99970878,  0.08536856],
       [ 0.        ,  0.        ,  0.        ,  1.        ]])]","[array([[-0.40977976, -0.91206352,  0.01485585, -0.04305188],
       [ 0.91146474, -0.41004895, -0.03304356,  0.14058725],
       [ 0.03622945, -0.        ,  0.9993435 ,  0.0825599 ],
       [ 0.        ,  0.        ,  0.        ,  1.        ]])]","[array([[-0.40977976, -0.91206352,  0.01485585, -0.04305188],
       [ 0.91146474, -0.41004895, -0.03304356,  0.14058725],
       [ 0.03622945, -0.        ,  0.9993435 ,  0.0825599 ],
       [ 0.        ,  0.        ,  0.        ,  1.        ]])]"
3,"[array([[-0.40729249, -0.91312306, -0.0178637 , -0.11583642],
       [ 0.91224605, -0.40768405,  0.04001079,  0.07638328],
       [-0.04381752,  0.        ,  0.99903955,  0.08573851],
       [ 0.        ,  0.        ,  0.        ,  1.        ]])]","[array([[ 0.33447555, -0.94239978,  0.00296089, -0.13871012],
       [ 0.94236285,  0.33448865,  0.00834212,  0.14390406],
       [-0.008852  , -0.        ,  0.99996082,  0.08360749],
       [ 0.        ,  0.        ,  0.        ,  1.        ]])]","[array([[ 0.33447555, -0.94239978,  0.00296089, -0.13871012],
       [ 0.94236285,  0.33448865,  0.00834212,  0.14390406],
       [-0.008852  , -0.        ,  0.99996082,  0.08360749],
       [ 0.        ,  0.        ,  0.        ,  1.        ]])]","[array([[ 0.26689516, -0.96370381,  0.00647609, -0.05806332],
       [ 0.96342024,  0.26697372,  0.02337696,  0.08370278],
       [-0.02425741,  0.        ,  0.99970575,  0.08537137],
       [ 0.        ,  0.        ,  0.        ,  1.        ]])]","[array([[-0.40957438, -0.91215753,  0.01474695, -0.0430637 ],
       [ 0.91156684, -0.40983978, -0.03282147,  0.14058088],
       [ 0.03598224, -0.        ,  0.99935243,  0.08256976],
       [ 0.        ,  0.        ,  0.        ,  1.        ]])]","[array([[-0.40957438, -0.91215753,  0.01474695, -0.0430637 ],
       [ 0.91156684, -0.40983978, -0.03282147,  0.14058088],
       [ 0.03598224, -0.        ,  0.99935243,  0.08256976],
       [ 0.        ,  0.        ,  0.        ,  1.        ]])]"
4,"[array([[-0.40718702, -0.91316918, -0.01791043, -0.11584331],
       [ 0.91228708, -0.40758073,  0.04012764,  0.07638654],
       [-0.04394327,  0.        ,  0.99903403,  0.08574633],
       [ 0.        ,  0.        ,  0.        ,  1.        ]])]","[array([[ 0.33425388, -0.94247858,  0.00290902, -0.13870143],
       [ 0.94244289,  0.33426654,  0.00820211,  0.14390052],
       [-0.0087027 , -0.        ,  0.99996213,  0.08360175],
       [ 0.        ,  0.        ,  0.        ,  1.        ]])]","[array([[ 0.33425388, -0.94247858,  0.00290902, -0.13870143],
       [ 0.94244289,  0.33426654,  0.00820211,  0.14390052],
       [-0.0087027 , -0.        ,  0.99996213,  0.08360175],
       [ 0.        ,  0.        ,  0.        ,  1.        ]])]","[array([[ 0.26656676, -0.96379476,  0.00646788, -0.05805377],
       [ 0.96351118,  0.26664521,  0.02337828,  0.08369583],
       [-0.02425649,  0.        ,  0.99970577,  0.08537135],
       [ 0.        ,  0.        ,  0.        ,  1.        ]])]","[array([[-0.40973013, -0.91208612,  0.01483709, -0.04305677],
       [ 0.9114887 , -0.40999868, -0.0330067 ,  0.14058318],
       [ 0.03618814, -0.        ,  0.99934499,  0.08256022],
       [ 0.        ,  0.        ,  0.        ,  1.        ]])]","[array([[-0.40973013, -0.91208612,  0.01483709, -0.04305677],
       [ 0.9114887 , -0.40999868, -0.0330067 ,  0.14058318],
       [ 0.03618814, -0.        ,  0.99934499,  0.08256022],
       [ 0.        ,  0.        ,  0.        ,  1.        ]])]"
5,"[array([[-0.40730319, -0.91311523, -0.01801908, -0.11583509],
       [ 0.91222298, -0.40770158,  0.04035671,  0.0763846 ],
       [-0.04419673,  0.        ,  0.99902285,  0.08575001],
       [ 0.        ,  0.        ,  0.        ,  1.        ]])]","[array([[ 0.3340604 , -0.94254718,  0.0029074 , -0.13869358],
       [ 0.94251149,  0.33407305,  0.00820287,  0.14389646],
       [-0.00870288, -0.        ,  0.99996213,  0.08359875],
       [ 0.        ,  0.        ,  0.        ,  1.        ]])]","[array([[ 0.3340604 , -0.94254718,  0.0029074 , -0.13869358],
       [ 0.94251149,  0.33407305,  0.00820287,  0.14389646],
       [-0.00870288, -0.        ,  0.99996213,  0.08359875],
       [ 0.        ,  0.        ,  0.        ,  1.        ]])]","[array([[ 0.2663738 , -0.96384836,  0.0064292 , -0.05804493],
       [ 0.96356774,  0.26645137,  0.02325668,  0.08369184],
       [-0.02412898,  0.        ,  0.99970885,  0.08536849],
       [ 0.        ,  0.        ,  0.        ,  1.        ]])]","[array([[-0.40950503, -0.91218668,  0.01486931, -0.04306631],
       [ 0.91158594, -0.4097749 , -0.03310009,  0.14058116],
       [ 0.03628653, -0.        ,  0.99934143,  0.08255409],
       [ 0.        ,  0.        ,  0.        ,  1.        ]])]","[array([[-0.40950503, -0.91218668,  0.01486931, -0.04306631],
       [ 0.91158594, -0.4097749 , -0.03310009,  0.14058116],
       [ 0.03628653, -0.        ,  0.99934143,  0.08255409],
       [ 0.        ,  0.        ,  0.        ,  1.        ]])]"
6,"[array([[-0.40709997, -0.91320748, -0.01793623, -0.1158407 ],
       [ 0.91232243, -0.4074949 ,  0.04019558,  0.07638572],
       [-0.04401583,  0.        ,  0.99903083,  0.08574195],
       [ 0.        ,  0.        ,  0.        ,  1.        ]])]","[array([[ 0.3344334 , -0.94241452,  0.00302795, -0.13870285],
       [ 0.9423759 ,  0.33444711,  0.00853225,  0.14390146],
       [-0.00905361, -0.        ,  0.99995902,  0.0836119 ],
       [ 0.        ,  0.        ,  0.        ,  1.        ]])]","[array([[ 0.3344334 , -0.94241452,  0.00302795, -0.13870285],
       [ 0.9423759 ,  0.33444711,  0.00853225,  0.14390146],
       [-0.00905361, -0.        ,  0.99995902,  0.0836119 ],
       [ 0.        ,  0.        ,  0.        ,  1.        ]])]","[array([[ 0.26640484, -0.96383932,  0.00649861, -0.05804954],
       [ 0.96355268,  0.26648409,  0.02350465,  0.08369147],
       [-0.02438648,  0.        ,  0.99970261,  0.08537526],
       [ 0.        ,  0.        ,  0.        ,  1.        ]])]","[array([[-0.4095643 , -0.91216134,  0.01479111, -0.04306407],
       [ 0.91156708, -0.4098313 , -0.03292056,  0.14058599],
       [ 0.03609072, -0.        ,  0.99934852,  0.08256532],
       [ 0.        ,  0.        ,  0.        ,  1.        ]])]","[array([[-0.4095643 , -0.91216134,  0.01479111, -0.04306407],
       [ 0.91156708, -0.4098313 , -0.03292056,  0.14058599],
       [ 0.03609072, -0.        ,  0.99934852,  0.08256532],
       [ 0.        ,  0.        ,  0.        ,  1.        ]])]"
7,"[array([[-0.40691189, -0.91328942, -0.01803164, -0.11584784],
       [ 0.91239404, -0.40731122,  0.04043126,  0.07638821],
       [-0.04426993,  0.        ,  0.99901961,  0.08575065],
       [ 0.        ,  0.        ,  0.        ,  1.        ]])]","[array([[ 0.33419116, -0.94250093,  0.0028745 , -0.13869653],
       [ 0.94246607,  0.33420352,  0.00810651,  0.14389649],
       [-0.00860106, -0.        ,  0.99996301,  0.08359451],
       [ 0.        ,  0.        ,  0.        ,  1.        ]])]","[array([[ 0.33419116, -0.94250093,  0.0028745 , -0.13869653],
       [ 0.94246607,  0.33420352,  0.00810651,  0.14389649],
       [-0.00860106, -0.        ,  0.99996301,  0.08359451],
       [ 0.        ,  0.        ,  0.        ,  1.        ]])]","[array([[ 0.26652437, -0.96380659,  0.00645038, -0.05805393],
       [ 0.96352445,  0.26660242,  0.02331907,  0.08369715],
       [-0.02419476,  0.        ,  0.99970726,  0.08536996],
       [ 0.        ,  0.        ,  0.        ,  1.        ]])]","[array([[-0.40961249, -0.91213873,  0.01485101, -0.04306223],
       [ 0.91153981, -0.40988162, -0.03304901,  0.14058716],
       [ 0.03623244, -0.        ,  0.99934339,  0.08255881],
       [ 0.        ,  0.        ,  0.        ,  1.        ]])]","[array([[-0.40961249, -0.91213873,  0.01485101, -0.04306223],
       [ 0.91153981, -0.40988162, -0.03304901,  0.14058716],
       [ 0.03623244, -0.        ,  0.99934339,  0.08255881],
       [ 0.        ,  0.        ,  0.        ,  1.        ]])]"
8,"[array([[-0.40673055, -0.91336886, -0.01809957, -0.11585381],
       [ 0.91246584, -0.40713307,  0.04060487,  0.07639163],
       [-0.04445616,  0.        ,  0.99901134,  0.08575782],
       [ 0.        ,  0.        ,  0.        ,  1.        ]])]","[array([[ 0.33440306, -0.94242571,  0.00289359, -0.13870193],
       [ 0.94239043,  0.33441558,  0.0081545 ,  0.14390585],
       [-0.00865267, -0.        ,  0.99996256,  0.08359515],
       [ 0.        ,  0.        ,  0.        ,  1.        ]])]","[array([[ 0.33440306, -0.94242571,  0.00289359, -0.13870193],
       [ 0.94239043,  0.33441558,  0.0081545 ,  0.14390585],
       [-0.00865267, -0.        ,  0.99996256,  0.08359515],
       [ 0.        ,  0.        ,  0.        ,  1.        ]])]","[array([[ 0.26658228, -0.96379023,  0.00650261, -0.05805208],
       [ 0.96350363,  0.26666158,  0.02350226,  0.08370014],
       [-0.02438524,  0.        ,  0.99970264,  0.08537723],
       [ 0.        ,  0.        ,  0.        ,  1.        ]])]","[array([[-0.40961249, -0.91213873,  0.01485101, -0.04305923],
       [ 0.91153981, -0.40988162, -0.03304901,  0.14058516],
       [ 0.03623244, -0.        ,  0.99934339,  0.08256181],
       [ 0.        ,  0.        ,  0.        ,  1.        ]])]","[array([[-0.40961249, -0.91213873,  0.01485101, -0.04305923],
       [ 0.91153981, -0.40988162, -0.03304901,  0.14058516],
       [ 0.03623244, -0.        ,  0.99934339,  0.08256181],
       [ 0.        ,  0.        ,  0.        ,  1.        ]])]"
9,"[array([[-0.40691869, -0.91328693, -0.01800423, -0.11584366],
       [ 0.9123943 , -0.4073168 ,  0.04036914,  0.07638614],
       [-0.04420203,  0.        ,  0.99902261,  0.08574913],
       [ 0.        ,  0.        ,  0.        ,  1.        ]])]","[array([[ 0.33440563, -0.94242469,  0.00292752, -0.13869701],
       [ 0.94238858,  0.33441844,  0.00825006,  0.14390493],
       [-0.00875407, -0.        ,  0.99996168,  0.08359938],
       [ 0.        ,  0.        ,  0.        ,  1.        ]])]","[array([[ 0.33440563, -0.94242469,  0.00292752, -0.13869701],
       [ 0.94238858,  0.33441844,  0.00825006,  0.14390493],
       [-0.00875407, -0.        ,  0.99996168,  0.08359938],
       [ 0.        ,  0.        ,  0.        ,  1.        ]])]","[array([[ 0.2665651 , -0.96379476,  0.00653574, -0.05804774],
       [ 0.96350519,  0.26664521,  0.02362357,  0.08369396],
       [-0.024511  ,  0.        ,  0.99969956,  0.08538105],
       [ 0.        ,  0.        ,  0.        ,  1.        ]])]","[array([[-0.40950859, -0.91218477,  0.01488836, -0.04305717],
       [ 0.9115825 , -0.40977914, -0.03314208,  0.14058121],
       [ 0.03633264, -0.        ,  0.99933975,  0.08255662],
       [ 0.        ,  0.        ,  0.        ,  1.        ]])]","[array([[-0.40950859, -0.91218477,  0.01488836, -0.04305717],
       [ 0.9115825 , -0.40977914, -0.03314208,  0.14058121],
       [ 0.03633264, -0.        ,  0.99933975,  0.08255662],
       [ 0.        ,  0.        ,  0.        ,  1.        ]])]"
10,"[array([[-0.40747373, -0.9130411 , -0.01791931, -0.11583043],
       [ 0.9121595 , -0.40786756,  0.04011368,  0.07639113],
       [-0.04393415,  0.        ,  0.99903443,  0.08574512],
       [ 0.        ,  0.        ,  0.        ,  1.        ]])]","[array([[ 0.33422163, -0.94248976,  0.00299204, -0.13869845],
       [ 0.94245199,  0.33423503,  0.00843709,  0.14390308],
       [-0.00895192, -0.        ,  0.99995993,  0.08360867],
       [ 0.        ,  0.        ,  0.        ,  1.        ]])]","[array([[ 0.33422163, -0.94248976,  0.00299204, -0.13869845],
       [ 0.94245199,  0.33423503,  0.00843709,  0.14390308],
       [-0.00895192, -0.        ,  0.99995993,  0.08360867],
       [ 0.        ,  0.        ,  0.        ,  1.        ]])]","[array([[ 0.26634692, -0.96385568,  0.00644641, -0.05805239],
       [ 0.96357349,  0.26642492,  0.02332144,  0.08370047],
       [-0.02419599,  0.        ,  0.99970723,  0.08537299],
       [ 0.        ,  0.        ,  0.        ,  1.        ]])]","[array([[-0.40988438, -0.91201744,  0.01479788, -0.04307392],
       [ 0.91142367, -0.41015141, -0.03290474,  0.14058915],
       [ 0.03607907, -0.        ,  0.99934894,  0.08256569],
       [ 0.        ,  0.        ,  0.        ,  1.        ]])]","[array([[-0.40988438, -0.91201744,  0.01479788, -0.04307392],
       [ 0.91142367, -0.41015141, -0.03290474,  0.14058915],
       [ 0.03607907, -0.        ,  0.99934894,  0.08256569],
       [ 0.        ,  0.        ,  0.        ,  1.        ]])]"
11,"[array([[-0.40712186, -0.91319719, -0.01796343, -0.11584609],
       [ 0.91230956, -0.40751796,  0.04025383,  0.07639875],
       [-0.0440801 ,  0.        ,  0.999028  ,  0.08575239],
       [ 0.        ,  0.        ,  0.        ,  1.        ]])]","[array([[ 0.3343837 , -0.94243232,  0.00297643, -0.13871235],
       [ 0.94239499,  0.33439695,  0.00838849,  0.14390763],
       [-0.0089009 , -0.        ,  0.99996039,  0.08361305],
       [ 0.        ,  0.        ,  0.        ,  1.        ]])]","[array([[ 0.3343837 , -0.94243232,  0.00297643, -0.13871235],
       [ 0.94239499,  0.33439695,  0.00838849,  0.14390763],
       [-0.0089009 , -0.        ,  0.99996039,  0.08361305],
       [ 0.        ,  0.        ,  0.        ,  1.        ]])]","[array([[ 0.26640607, -0.96383932,  0.00644774, -0.05805957],
       [ 0.96355715,  0.26648409,  0.02332065,  0.08370537],
       [-0.02419558,  0.        ,  0.99970724,  0.08537298],
       [ 0.        ,  0.        ,  0.        ,  1.        ]])]","[array([[-0.40991543, -0.91200242,  0.01486387, -0.04307272],
       [ 0.91140343, -0.41018483, -0.03304824,  0.14059433],
       [ 0.03623701, -0.        ,  0.99934322,  0.08256066],
       [ 0.        ,  0.        ,  0.        ,  1.        ]])]","[array([[-0.40991543, -0.91200242,  0.01486387, -0.04307272],
       [ 0.91140343, -0.41018483, -0.03304824,  0.14059433],
       [ 0.03623701, -0.        ,  0.99934322,  0.08256066],
       [ 0.        ,  0.        ,  0.        ,  1.        ]])]"
12,"[array([[-0.40651661, -0.91346878, -0.01786162, -0.11584374],
       [ 0.9125883 , -0.40690882,  0.04009751,  0.07640543],
       [-0.04389587,  0.        ,  0.99903611,  0.08574227],
       [ 0.        ,  0.        ,  0.        ,  1.        ]])]","[array([[ 0.33532507, -0.94209781,  0.00296841, -0.13865278],
       [ 0.9420609 ,  0.33533821,  0.00833943,  0.14393749],
       [-0.00885198, -0.        ,  0.99996082,  0.08361449],
       [ 0.        ,  0.        ,  0.        ,  1.        ]])]","[array([[ 0.33532507, -0.94209781,  0.00296841, -0.13865278],
       [ 0.9420609 ,  0.33533821,  0.00833943,  0.14393749],
       [-0.00885198, -0.        ,  0.99996082,  0.08361449],
       [ 0.        ,  0.        ,  0.        ,  1.        ]])]","[array([[ 0.26715511, -0.96363094,  0.00660013, -0.0580475 ],
       [ 0.963337  ,  0.26723662,  0.02379945,  0.08371098],
       [-0.02469768,  0.        ,  0.99969497,  0.08538823],
       [ 0.        ,  0.        ,  0.        ,  1.        ]])]","[array([[-0.40948925, -0.91219512,  0.01478568, -0.04299892],
       [ 0.91160106, -0.4097561 , -0.03291574,  0.14059094],
       [ 0.0360841 , -0.        ,  0.99934876,  0.08257053],
       [ 0.        ,  0.        ,  0.        ,  1.        ]])]","[array([[-0.40948925, -0.91219512,  0.01478568, -0.04299892],
       [ 0.91160106, -0.4097561 , -0.03291574,  0.14059094],
       [ 0.0360841 , -0.        ,  0.99934876,  0.08257053],
       [ 0.        ,  0.        ,  0.        ,  1.        ]])]"
13,"[array([[-0.40672108, -0.91337663, -0.0179192 , -0.11583911],
       [ 0.91249144, -0.40711563,  0.04020229,  0.07640525],
       [-0.04401502,  0.        ,  0.99903087,  0.08574594],
       [ 0.        ,  0.        ,  0.        ,  1.        ]])]","[array([[ 0.33519145, -0.94214521,  0.00301767, -0.13865774],
       [ 0.94210703,  0.33520503,  0.00848162,  0.14393442],
       [-0.00900246, -0.        ,  0.99995948,  0.08361528],
       [ 0.        ,  0.        ,  0.        ,  1.        ]])]","[array([[ 0.33519145, -0.94214521,  0.00301767, -0.13865774],
       [ 0.94210703,  0.33520503,  0.00848162,  0.14393442],
       [-0.00900246, -0.        ,  0.99995948,  0.08361528],
       [ 0.        ,  0.        ,  0.        ,  1.        ]])]","[array([[ 0.26684482, -0.96371742,  0.00652465, -0.05805732],
       [ 0.96342947,  0.26692457,  0.02355692,  0.08370714],
       [-0.0244438 ,  0.        ,  0.99970121,  0.08538454],
       [ 0.        ,  0.        ,  0.        ,  1.        ]])]","[array([[-0.4095809 , -0.91215562,  0.01468375, -0.04303547],
       [ 0.91157   , -0.40984403, -0.03268039,  0.14059372],
       [ 0.03582765, -0.        ,  0.99935798,  0.08257668],
       [ 0.        ,  0.        ,  0.        ,  1.        ]])]","[array([[-0.4095809 , -0.91215562,  0.01468375, -0.04303547],
       [ 0.91157   , -0.40984403, -0.03268039,  0.14059372],
       [ 0.03582765, -0.        ,  0.99935798,  0.08257668],
       [ 0.        ,  0.        ,  0.        ,  1.        ]])]"
14,"[array([[-0.40585279, -0.91376298, -0.01790881, -0.11583595],
       [ 0.91287467, -0.40624772,  0.04028185,  0.07641154],
       [-0.04408348,  0.        ,  0.99902785,  0.08574247],
       [ 0.        ,  0.        ,  0.        ,  1.        ]])]","[array([[ 0.33612995, -0.94181092,  0.00297557, -0.13861208],
       [ 0.94177401,  0.33614312,  0.00833701,  0.14396423],
       [-0.00885211, -0.        ,  0.99996082,  0.0836155 ],
       [ 0.        ,  0.        ,  0.        ,  1.        ]])]","[array([[ 0.33612995, -0.94181092,  0.00297557, -0.13861208],
       [ 0.94177401,  0.33614312,  0.00833701,  0.14396423],
       [-0.00885211, -0.        ,  0.99996082,  0.0836155 ],
       [ 0.        ,  0.        ,  0.        ,  1.        ]])]","[array([[ 0.2675873 , -0.96351152,  0.00652523, -0.05805512],
       [ 0.96322518,  0.26766685,  0.02348867,  0.0837083 ],
       [-0.0243782 ,  0.        ,  0.99970281,  0.08538007],
       [ 0.        ,  0.        ,  0.        ,  1.        ]])]","[array([[-0.40893968, -0.91244394,  0.0146424 , -0.04300182],
       [ 0.9118596 , -0.40920174, -0.03264984,  0.14058234],
       [ 0.03578285, -0.        ,  0.99935959,  0.08258311],
       [ 0.        ,  0.        ,  0.        ,  1.        ]])]","[array([[-0.40893968, -0.91244394,  0.0146424 , -0.04300182],
       [ 0.9118596 , -0.40920174, -0.03264984,  0.14058234],
       [ 0.03578285, -0.        ,  0.99935959,  0.08258311],
       [ 0.        ,  0.        ,  0.        ,  1.        ]])]"
15,"[array([[-0.40517393, -0.91406435, -0.01790137, -0.11581659],
       [ 0.9131735 , -0.40556919,  0.04034578,  0.07642656],
       [-0.04413889,  0.        ,  0.9990254 ,  0.08574971],
       [ 0.        ,  0.        ,  0.        ,  1.        ]])]","[array([[ 0.33777811, -0.94122036,  0.00319241, -0.13853284],
       [ 0.94117832,  0.33779319,  0.00889527,  0.1440106 ],
       [-0.00945079, -0.        ,  0.99995534,  0.08364054],
       [ 0.        ,  0.        ,  0.        ,  1.        ]])]","[array([[ 0.33777811, -0.94122036,  0.00319241, -0.13853284],
       [ 0.94117832,  0.33779319,  0.00889527,  0.1440106 ],
       [-0.00945079, -0.        ,  0.99995534,  0.08364054],
       [ 0.        ,  0.        ,  0.        ,  1.        ]])]","[array([[ 0.26754125, -0.96352338,  0.00666091, -0.05804719],
       [ 0.9632249 ,  0.26762416,  0.02398117,  0.08370693],
       [-0.02488904,  0.        ,  0.99969022,  0.08539151],
       [ 0.        ,  0.        ,  0.        ,  1.        ]])]","[array([[-0.4083712 , -0.91270081,  0.01449812, -0.04298343],
       [ 0.91212616, -0.40862847, -0.03238258,  0.14058775],
       [ 0.03547995, -0.        ,  0.99937039,  0.08257474],
       [ 0.        ,  0.        ,  0.        ,  1.        ]])]","[array([[-0.4083712 , -0.91270081,  0.01449812, -0.04298343],
       [ 0.91212616, -0.40862847, -0.03238258,  0.14058775],
       [ 0.03547995, -0.        ,  0.99937039,  0.08257474],
       [ 0.        ,  0.        ,  0.        ,  1.        ]])]"
16,"[array([[-0.42662871, -0.90421206, -0.01971012, -0.11586193],
       [ 0.90324862, -0.42708377,  0.04172983,  0.07615115],
       [-0.04615049,  0.        ,  0.9989345 ,  0.08583077],
       [ 0.        ,  0.        ,  0.        ,  1.        ]])]","[array([[ 0.31289929, -0.94977713,  0.00417557, -0.14032119],
       [ 0.94969257,  0.31292715,  0.01267342,  0.14311295],
       [-0.01334357, -0.        ,  0.99991097,  0.08373433],
       [ 0.        ,  0.        ,  0.        ,  1.        ]])]","[array([[ 0.31289929, -0.94977713,  0.00417557, -0.14032119],
       [ 0.94969257,  0.31292715,  0.01267342,  0.14311295],
       [-0.01334357, -0.        ,  0.99991097,  0.08373433],
       [ 0.        ,  0.        ,  0.        ,  1.        ]])]","[array([[ 0.23613431, -0.9717048 ,  0.0055112 , -0.05835229],
       [ 0.97144025,  0.23619862,  0.02267272,  0.083446  ],
       [-0.02333293,  0.        ,  0.99972775,  0.08527366],
       [ 0.        ,  0.        ,  0.        ,  1.        ]])]","[array([[-0.42167192, -0.90664736,  0.01354108, -0.04522023],
       [ 0.90618024, -0.42188928, -0.02910002,  0.14103849],
       [ 0.03209629, -0.        ,  0.99948478,  0.08253734],
       [ 0.        ,  0.        ,  0.        ,  1.        ]])]","[array([[-0.42167192, -0.90664736,  0.01354108, -0.04522023],
       [ 0.90618024, -0.42188928, -0.02910002,  0.14103849],
       [ 0.03209629, -0.        ,  0.99948478,  0.08253734],
       [ 0.        ,  0.        ,  0.        ,  1.        ]])]"
17,"[array([[-0.46274459, -0.88621852, -0.022004  , -0.11573526],
       [ 0.8852183 , -0.46326745,  0.04209308,  0.07577044],
       [-0.04749741,  0.        ,  0.99887136,  0.08588094],
       [ 0.        ,  0.        ,  0.        ,  1.        ]])]","[array([[ 0.27345152, -0.96188416,  0.00176704, -0.14276524],
       [ 0.96186408,  0.27345723,  0.00621555,  0.14166428],
       [-0.00646185, -0.        ,  0.99997912,  0.08334049],
       [ 0.        ,  0.        ,  0.        ,  1.        ]])]","[array([[ 0.27345152, -0.96188416,  0.00176704, -0.14276524],
       [ 0.96186408,  0.27345723,  0.00621555,  0.14166428],
       [-0.00646185, -0.        ,  0.99997912,  0.08334049],
       [ 0.        ,  0.        ,  0.        ,  1.        ]])]","[array([[ 0.18098095, -0.98347792,  0.00413129, -0.05853834],
       [ 0.98322179,  0.1810281 ,  0.02244422,  0.08285346],
       [-0.02282127,  0.        ,  0.99973956,  0.0852392 ],
       [ 0.        ,  0.        ,  0.        ,  1.        ]])]","[array([[-0.42056571, -0.90716655,  0.01316544, -0.04872155],
       [ 0.90672239, -0.42077172, -0.02838416,  0.14176862],
       [ 0.0312888 , -0.        ,  0.99951039,  0.08245402],
       [ 0.        ,  0.        ,  0.        ,  1.        ]])]","[array([[-0.42056571, -0.90716655,  0.01316544, -0.04872155],
       [ 0.90672239, -0.42077172, -0.02838416,  0.14176862],
       [ 0.0312888 , -0.        ,  0.99951039,  0.08245402],
       [ 0.        ,  0.        ,  0.        ,  1.        ]])]"
18,"[array([[-0.51960634, -0.85403861, -0.02504601, -0.11546151],
       [ 0.85304819, -0.52020962,  0.04111853,  0.07521734],
       [-0.04814599,  0.        ,  0.99884031,  0.08590747],
       [ 0.        ,  0.        ,  0.        ,  1.        ]])]","[array([[ 0.22961347, -0.97328047,  0.00166629, -0.14666947],
       [ 0.97325484,  0.22961952,  0.00706285,  0.13930078],
       [-0.00725675, -0.        ,  0.99997367,  0.08334276],
       [ 0.        ,  0.        ,  0.        ,  1.        ]])]","[array([[ 0.22961347, -0.97328047,  0.00166629, -0.14666947],
       [ 0.97325484,  0.22961952,  0.00706285,  0.13930078],
       [-0.00725675, -0.        ,  0.99997367,  0.08334276],
       [ 0.        ,  0.        ,  0.        ,  1.        ]])]","[array([[ 1.08227935e-01, -9.94126002e-01,  4.55022777e-04,
        -5.89821740e-02],
       [ 9.94117216e-01,  1.08228891e-01,  4.17956767e-03,
         8.20133058e-02],
       [-4.20426350e-03,  0.00000000e+00,  9.99991162e-01,
         8.48161755e-02],
       [ 0.00000000e+00,  0.00000000e+00,  0.00000000e+00,
         1.00000000e+00]])]","[array([[-0.40633239, -0.91364155,  0.01237338, -0.0539572 ],
       [ 0.91321824, -0.40652074, -0.02780875,  0.142665  ],
       [ 0.03043726, -0.        ,  0.99953668,  0.0824451 ],
       [ 0.        ,  0.        ,  0.        ,  1.        ]])]","[array([[-0.40633239, -0.91364155,  0.01237338, -0.0539572 ],
       [ 0.91321824, -0.40652074, -0.02780875,  0.142665  ],
       [ 0.03043726, -0.        ,  0.99953668,  0.0824451 ],
       [ 0.        ,  0.        ,  0.        ,  1.        ]])]"
19,"[array([[-0.55296967, -0.83280018, -0.02585349, -0.11530958],
       [ 0.83189145, -0.55357372,  0.03889418,  0.07483473],
       [-0.04670289,  0.        ,  0.99890882,  0.08594114],
       [ 0.        ,  0.        ,  0.        ,  1.        ]])]","[array([[ 2.05107380e-01, -9.78739000e-01,  9.65226582e-04,
        -1.49004740e-01],
       [ 9.78728163e-01,  2.05109651e-01,  4.60585298e-03,
         1.37665438e-01],
       [-4.70590523e-03, -0.00000000e+00,  9.99988927e-01,
         8.34396478e-02],
       [ 0.00000000e+00,  0.00000000e+00,  0.00000000e+00,
         1.00000000e+00]])]","[array([[ 2.05107380e-01, -9.78739000e-01,  9.65226582e-04,
        -1.49004740e-01],
       [ 9.78728163e-01,  2.05109651e-01,  4.60585298e-03,
         1.37665438e-01],
       [-4.70590523e-03, -0.00000000e+00,  9.99988927e-01,
         8.34396478e-02],
       [ 0.00000000e+00,  0.00000000e+00,  0.00000000e+00,
         1.00000000e+00]])]","[array([[ 5.81210683e-02, -9.98309534e-01,  1.22098772e-04,
        -5.89369090e-02],
       [ 9.98307332e-01,  5.81211966e-02,  2.09721024e-03,
         8.13177414e-02],
       [-2.10076151e-03,  0.00000000e+00,  9.99997793e-01,
         8.48650571e-02],
       [ 0.00000000e+00,  0.00000000e+00,  0.00000000e+00,
         1.00000000e+00]])]","[array([[-0.40143427, -0.91572059,  0.01750198, -0.05699955],
       [ 0.91485151, -0.40181562, -0.03988626,  0.14285676],
       [ 0.04355724, -0.        ,  0.99905093,  0.08236988],
       [ 0.        ,  0.        ,  0.        ,  1.        ]])]","[array([[-0.40143427, -0.91572059,  0.01750198, -0.05699955],
       [ 0.91485151, -0.40181562, -0.03988626,  0.14285676],
       [ 0.04355724, -0.        ,  0.99905093,  0.08236988],
       [ 0.        ,  0.        ,  0.        ,  1.        ]])]"
20,"[array([[-0.59682324, -0.80196801, -0.025482  , -0.11507055],
       [ 0.80123803, -0.59736698,  0.03420971,  0.07464922],
       [-0.0426572 ,  0.        ,  0.99908977,  0.08567152],
       [ 0.        ,  0.        ,  0.        ,  1.        ]])]","[array([[ 1.73979232e-01, -9.84749296e-01,  2.26276241e-04,
        -1.51969911e-01],
       [ 9.84748463e-01,  1.73979379e-01,  1.28075735e-03,
         1.35400906e-01],
       [-1.30059230e-03, -0.00000000e+00,  9.99999154e-01,
         8.36073588e-02],
       [ 0.00000000e+00,  0.00000000e+00,  0.00000000e+00,
         1.00000000e+00]])]","[array([[ 1.73979232e-01, -9.84749296e-01,  2.26276241e-04,
        -1.51969911e-01],
       [ 9.84748463e-01,  1.73979379e-01,  1.28075735e-03,
         1.35400906e-01],
       [-1.30059230e-03, -0.00000000e+00,  9.99999154e-01,
         8.36073588e-02],
       [ 0.00000000e+00,  0.00000000e+00,  0.00000000e+00,
         1.00000000e+00]])]","[array([[-6.36118208e-03, -9.99979767e-01,  1.25440620e-05,
        -5.88403300e-02],
       [ 9.99977823e-01, -6.36119445e-03, -1.97192655e-03,
         8.04000412e-02],
       [ 1.97196645e-03, -0.00000000e+00,  9.99998056e-01,
         8.49458280e-02],
       [ 0.00000000e+00,  0.00000000e+00,  0.00000000e+00,
         1.00000000e+00]])]","[array([[-0.40572907, -0.91384654,  0.01638389, -0.06029721],
       [ 0.91310236, -0.40605973, -0.03687231,  0.14287102],
       [ 0.04034847, -0.        ,  0.99918567,  0.08332192],
       [ 0.        ,  0.        ,  0.        ,  1.        ]])]","[array([[-0.40572907, -0.91384654,  0.01638389, -0.06029721],
       [ 0.91310236, -0.40605973, -0.03687231,  0.14287102],
       [ 0.04034847, -0.        ,  0.99918567,  0.08332192],
       [ 0.        ,  0.        ,  0.        ,  1.        ]])]"
21,"[array([[-0.61701599, -0.78675784, -0.0174174 , -0.11476221],
       [ 0.78644457, -0.61726177,  0.0222001 ,  0.07448629],
       [-0.02821719,  0.        ,  0.99960182,  0.08542907],
       [ 0.        ,  0.        ,  0.        ,  1.        ]])]","[array([[ 1.74777996e-01, -9.84607863e-01, -9.61433124e-05,
        -1.52786676e-01],
       [ 9.84607714e-01,  1.74778022e-01, -5.41621081e-04,
         1.34663976e-01],
       [ 5.50088113e-04, -0.00000000e+00,  9.99999849e-01,
         8.37665072e-02],
       [ 0.00000000e+00,  0.00000000e+00,  0.00000000e+00,
         1.00000000e+00]])]","[array([[ 1.74777996e-01, -9.84607863e-01, -9.61433124e-05,
        -1.52786676e-01],
       [ 9.84607714e-01,  1.74778022e-01, -5.41621081e-04,
         1.34663976e-01],
       [ 5.50088113e-04, -0.00000000e+00,  9.99999849e-01,
         8.37665072e-02],
       [ 0.00000000e+00,  0.00000000e+00,  0.00000000e+00,
         1.00000000e+00]])]","[array([[-2.11837636e-02, -9.99775597e-01,  5.79471510e-05,
        -5.87924921e-02],
       [ 9.99771857e-01, -2.11838428e-02, -2.73482710e-03,
         8.02021038e-02],
       [ 2.73544094e-03, -0.00000000e+00,  9.99996259e-01,
         8.49567261e-02],
       [ 0.00000000e+00,  0.00000000e+00,  0.00000000e+00,
         1.00000000e+00]])]","[array([[-0.40286709, -0.91510211,  0.01691841, -0.06122848],
       [ 0.91429625, -0.40322217, -0.0383959 ,  0.14283907],
       [ 0.04195805, -0.        ,  0.99911937,  0.08335473],
       [ 0.        ,  0.        ,  0.        ,  1.        ]])]","[array([[-0.40286709, -0.91510211,  0.01691841, -0.06122848],
       [ 0.91429625, -0.40322217, -0.0383959 ,  0.14283907],
       [ 0.04195805, -0.        ,  0.99911937,  0.08335473],
       [ 0.        ,  0.        ,  0.        ,  1.        ]])]"
22,"[array([[-0.6207024 , -0.78370482, -0.02313625, -0.11480191],
       [ 0.78316095, -0.62113345,  0.02919178,  0.0743148 ],
       [-0.03724844,  0.        ,  0.99930604,  0.08567236],
       [ 0.        ,  0.        ,  0.        ,  1.        ]])]","[array([[ 1.85770551e-01, -9.82592919e-01, -6.77230558e-04,
        -1.53220172e-01],
       [ 9.82586389e-01,  1.85771786e-01, -3.58203991e-03,
         1.34199726e-01],
       [ 3.64549738e-03, -0.00000000e+00,  9.99993355e-01,
         8.39130732e-02],
       [ 0.00000000e+00,  0.00000000e+00,  0.00000000e+00,
         1.00000000e+00]])]","[array([[ 1.85770551e-01, -9.82592919e-01, -6.77230558e-04,
        -1.53220172e-01],
       [ 9.82586389e-01,  1.85771786e-01, -3.58203991e-03,
         1.34199726e-01],
       [ 3.64549738e-03, -0.00000000e+00,  9.99993355e-01,
         8.39130732e-02],
       [ 0.00000000e+00,  0.00000000e+00,  0.00000000e+00,
         1.00000000e+00]])]","[array([[-2.50574052e-02, -9.99686011e-01,  7.02965527e-05,
        -5.87239275e-02],
       [ 9.99682078e-01, -2.50575038e-02, -2.80452837e-03,
         8.01077361e-02],
       [ 2.80540924e-03, -0.00000000e+00,  9.99996065e-01,
         8.50011588e-02],
       [ 0.00000000e+00,  0.00000000e+00,  0.00000000e+00,
         1.00000000e+00]])]","[array([[-0.405477  , -0.91392263,  0.01827075, -0.06136927],
       [ 0.91299623, -0.40588844, -0.04113952,  0.14272375],
       [ 0.04501423, -0.        ,  0.99898635,  0.08342355],
       [ 0.        ,  0.        ,  0.        ,  1.        ]])]","[array([[-0.405477  , -0.91392263,  0.01827075, -0.06136927],
       [ 0.91299623, -0.40588844, -0.04113952,  0.14272375],
       [ 0.04501423, -0.        ,  0.99898635,  0.08342355],
       [ 0.        ,  0.        ,  0.        ,  1.        ]])]"
23,"[array([[-0.62180972, -0.78302372, -0.01505087, -0.11466636],
       [ 0.78279444, -0.62199185,  0.0189475 ,  0.07439725],
       [-0.02419786,  0.        ,  0.99970719,  0.08539303],
       [ 0.        ,  0.        ,  0.        ,  1.        ]])]","[array([[ 0.1915649 , -0.98147936, -0.0010723 , -0.15285042],
       [ 0.98146399,  0.1915679 , -0.00549384,  0.1344855 ],
       [ 0.00559751, -0.        ,  0.99998433,  0.08394   ],
       [ 0.        ,  0.        ,  0.        ,  1.        ]])]","[array([[ 0.1915649 , -0.98147936, -0.0010723 , -0.15285042],
       [ 0.98146399,  0.1915679 , -0.00549384,  0.1344855 ],
       [ 0.00559751, -0.        ,  0.99998433,  0.08394   ],
       [ 0.        ,  0.        ,  0.        ,  1.        ]])]","[array([[-1.81370127e-02, -9.99835508e-01,  7.61788513e-05,
        -5.87682710e-02],
       [ 9.99826689e-01, -1.81371727e-02, -4.19945941e-03,
         8.01889148e-02],
       [ 4.20015031e-03, -0.00000000e+00,  9.99991179e-01,
         8.49029166e-02],
       [ 0.00000000e+00,  0.00000000e+00,  0.00000000e+00,
         1.00000000e+00]])]","[array([[-0.40258892, -0.91523037,  0.01659936, -0.06098709],
       [ 0.91445339, -0.40293098, -0.03770432,  0.14281208],
       [ 0.04119654, -0.        ,  0.99915106,  0.08335295],
       [ 0.        ,  0.        ,  0.        ,  1.        ]])]","[array([[-0.40258892, -0.91523037,  0.01659936, -0.06098709],
       [ 0.91445339, -0.40293098, -0.03770432,  0.14281208],
       [ 0.04119654, -0.        ,  0.99915106,  0.08335295],
       [ 0.        ,  0.        ,  0.        ,  1.        ]])]"
24,"[array([[-0.57827407, -0.81549209, -0.0239113 , -0.11512288],
       [ 0.81479583, -0.57876822,  0.03369133,  0.07456408],
       [-0.04131411,  0.        ,  0.99914621,  0.08592044],
       [ 0.        ,  0.        ,  0.        ,  1.        ]])]","[array([[ 0.2332276 , -0.97242128, -0.00131594, -0.15021053],
       [ 0.97240581,  0.23323131, -0.0054866 ,  0.13664804],
       [ 0.0056422 , -0.        ,  0.99998408,  0.08366758],
       [ 0.        ,  0.        ,  0.        ,  1.        ]])]","[array([[ 0.2332276 , -0.97242128, -0.00131594, -0.15021053],
       [ 0.97240581,  0.23323131, -0.0054866 ,  0.13664804],
       [ 0.0056422 , -0.        ,  0.99998408,  0.08366758],
       [ 0.        ,  0.        ,  0.        ,  1.        ]])]","[array([[ 3.00824962e-02, -9.99547414e-01, -9.96991538e-05,
        -5.88498312e-02],
       [ 9.99541925e-01,  3.00826615e-02, -3.31267337e-03,
         8.06882445e-02],
       [ 3.31417331e-03,  0.00000000e+00,  9.99994508e-01,
         8.47317625e-02],
       [ 0.00000000e+00,  0.00000000e+00,  0.00000000e+00,
         1.00000000e+00]])]","[array([[-0.37367463, -0.92746129,  0.01352109, -0.05809074],
       [ 0.92685473, -0.37391917, -0.03353742,  0.14322163],
       [ 0.03616045, -0.        ,  0.999346  ,  0.0829031 ],
       [ 0.        ,  0.        ,  0.        ,  1.        ]])]","[array([[-0.37367463, -0.92746129,  0.01352109, -0.05809074],
       [ 0.92685473, -0.37391917, -0.03353742,  0.14322163],
       [ 0.03616045, -0.        ,  0.999346  ,  0.0829031 ],
       [ 0.        ,  0.        ,  0.        ,  1.        ]])]"
25,"[array([[-0.49906437, -0.86631235, -0.02092045, -0.11537226],
       [ 0.8655522 , -0.49950266,  0.03628338,  0.07563079],
       [-0.04188256,  0.        ,  0.99912254,  0.08576417],
       [ 0.        ,  0.        ,  0.        ,  1.        ]])]","[array([[ 2.87484814e-01, -9.57785086e-01, -4.58914445e-04,
        -1.44563050e-01],
       [ 9.57783866e-01,  2.87485180e-01, -1.52891850e-03,
         1.40636156e-01],
       [ 1.59630644e-03, -0.00000000e+00,  9.99998726e-01,
         8.33802375e-02],
       [ 0.00000000e+00,  0.00000000e+00,  0.00000000e+00,
         1.00000000e+00]])]","[array([[ 2.87484814e-01, -9.57785086e-01, -4.58914445e-04,
        -1.44563050e-01],
       [ 9.57783866e-01,  2.87485180e-01, -1.52891850e-03,
         1.40636156e-01],
       [ 1.59630644e-03, -0.00000000e+00,  9.99998726e-01,
         8.33802375e-02],
       [ 0.00000000e+00,  0.00000000e+00,  0.00000000e+00,
         1.00000000e+00]])]","[array([[ 0.10337376, -0.99464015,  0.00220097, -0.058312  ],
       [ 0.99441478,  0.10339719,  0.02117249,  0.08163676],
