,transforms
0,"[array([[ 0.03091424, -0.99955639, -0.00292135, -0.0832685 ],
       [ 0.99951893,  0.0296464 , -0.00240391,  0.1474995 ],
       [ 0.00249308, -0.00284881,  0.99999284,  0.1044425 ],
       [ 0.        ,  0.        ,  0.        ,  1.        ]])]"
1,"[array([[ 0.03066772, -0.99955815, -0.00295252, -0.0832665 ],
       [ 0.99952653,  0.02958384, -0.00240388,  0.1475015 ],
       [ 0.00249331, -0.00288012,  0.99999275,  0.104443  ],
       [ 0.        ,  0.        ,  0.        ,  1.        ]])]"
2,"[array([[ 0.03066516, -0.99955792, -0.00301774, -0.0832665 ],
       [ 0.99952639,  0.02958569, -0.00248482,  0.1474945 ],
       [ 0.00257621, -0.00294291,  0.99999236,  0.104439  ],
       [ 0.        ,  0.        ,  0.        ,  1.        ]])]"
3,"[array([[ 0.03058469, -0.99955281, -0.00291999, -0.083265  ],
       [ 0.99952917,  0.02976685, -0.00236355,  0.1474955 ],
       [ 0.00245176, -0.00284835,  0.99999294,  0.1044405 ],
       [ 0.        ,  0.        ,  0.        ,  1.        ]])]"
4,"[array([[ 0.0307846 , -0.99955441, -0.00298143, -0.0832685 ],
       [ 0.99952314,  0.02970709, -0.0023189 ,  0.1474925 ],
       [ 0.00240959, -0.00291123,  0.99999287,  0.1044405 ],
       [ 0.        ,  0.        ,  0.        ,  1.        ]])]"
5,"[array([[ 0.03062238, -0.99955752, -0.00289211, -0.0832665 ],
       [ 0.99952771,  0.02961142, -0.0024887 ,  0.147493  ],
       [ 0.0025761 , -0.00281715,  0.99999272,  0.104437  ],
       [ 0.        ,  0.        ,  0.        ,  1.        ]])]"
6,"[array([[ 0.03049658, -0.99955209, -0.00282762, -0.083265  ],
       [ 0.99953176,  0.0298    , -0.00240779,  0.147495  ],
       [ 0.00249291, -0.00275462,  0.9999931 ,  0.104439  ],
       [ 0.        ,  0.        ,  0.        ,  1.        ]])]"
7,"[array([[ 0.03058468, -0.99955679, -0.00279728, -0.0832705 ],
       [ 0.99952896,  0.02964455, -0.00245045,  0.1474965 ],
       [ 0.00253487, -0.00272342,  0.99999309,  0.1044415 ],
       [ 0.        ,  0.        ,  0.        ,  1.        ]])]"
8,"[array([[ 0.0307897 , -0.99955375, -0.00286157, -0.083267  ],
       [ 0.99952256,  0.02974117, -0.00248926,  0.147499  ],
       [ 0.0025762 , -0.00278628,  0.99999281,  0.1044415 ],
       [ 0.        ,  0.        ,  0.        ,  1.        ]])]"
9,"[array([[ 0.03066262, -0.99955476, -0.00288978, -0.083262  ],
       [ 0.99952668,  0.02970431, -0.00240541,  0.1474925 ],
       [ 0.0024929 , -0.00281706,  0.99999293,  0.10444   ],
       [ 0.        ,  0.        ,  0.        ,  1.        ]])]"
10,"[array([[ 0.03058467, -0.99955772, -0.00279966, -0.0832675 ],
       [ 0.99952875,  0.02961328, -0.00253353,  0.147497  ],
       [ 0.00261798, -0.00272342,  0.99999287,  0.1044385 ],
       [ 0.        ,  0.        ,  0.        ,  1.        ]])]"
11,"[array([[ 0.03074948, -0.99955441, -0.0029492 , -0.083275  ],
       [ 0.99952432,  0.02970988, -0.00227892,  0.1475025 ],
       [ 0.00236854, -0.0028802 ,  0.99999305,  0.104445  ],
       [ 0.        ,  0.        ,  0.        ,  1.        ]])]"
12,"[array([[ 0.03103877, -0.99953128, -0.00286297, -0.0832065 ],
       [ 0.99951486,  0.03048707, -0.0024885 ,  0.1475    ],
       [ 0.00257618, -0.00278578,  0.99999281,  0.1044445 ],
       [ 0.        ,  0.        ,  0.        ,  1.        ]])]"
13,"[array([[ 0.03116977, -0.99953381, -0.00295678, -0.0832085 ],
       [ 0.99951078,  0.03039514, -0.00248574,  0.1474985 ],
       [ 0.0025767 , -0.00287987,  0.99999254,  0.104443  ],
       [ 0.        ,  0.        ,  0.        ,  1.        ]])]"
14,"[array([[ 0.03116331, -0.99952425, -0.00295499, -0.0831605 ],
       [ 0.9995112 ,  0.03070788, -0.00240213,  0.1474965 ],
       [ 0.00249306, -0.00287984,  0.99999275,  0.104441  ],
       [ 0.        ,  0.        ,  0.        ,  1.        ]])]"
15,"[array([[ 0.03083119, -0.99952849, -0.00315252, -0.0830665 ],
       [ 0.99952061,  0.0305515 , -0.00272959,  0.147478  ],
       [ 0.0028255 , -0.00306767,  0.99999131,  0.104438  ],
       [ 0.        ,  0.        ,  0.        ,  1.        ]])]"
16,"[array([[ 1.92145762e-02, -9.99806689e-01,  7.45862025e-04,
        -8.52080000e-02],
       [ 9.99781812e-01,  1.96408471e-02, -8.20907257e-03,
         1.47497000e-01],
       [ 8.19322838e-03,  9.06981793e-04,  9.99966027e-01,
         1.04369500e-01],
       [ 0.00000000e+00,  0.00000000e+00,  0.00000000e+00,
         1.00000000e+00]])]"
17,"[array([[-0.00157992, -0.99999728,  0.00179569, -0.088248  ],
       [ 0.99996348, -0.00150159, -0.00839567,  0.147569  ],
       [ 0.00839851,  0.00178314,  0.99996314,  0.1043435 ],
       [ 0.        ,  0.        ,  0.        ,  1.        ]])]"
18,"[array([[-0.04008065, -0.9991827 , -0.0032553 , -0.0926035 ],
       [ 0.99919185, -0.04028029, -0.00316501,  0.1474795 ],
       [ 0.00303201, -0.00338016,  0.99998969,  0.104403  ],
       [ 0.        ,  0.        ,  0.        ,  1.        ]])]"
19,"[array([[-0.06132982, -0.99804157, -0.00363591, -0.0952525 ],
       [ 0.99806393, -0.06240695, -0.01058913,  0.1468615 ],
       [ 0.01034629, -0.00428989,  0.99993732,  0.1045825 ],
       [ 0.        ,  0.        ,  0.        ,  1.        ]])]"
20,"[array([[-0.08764677, -0.9953753 , -0.01288888, -0.098718  ],
       [ 0.99606593, -0.0950094 , -0.01424867,  0.145851  ],
       [ 0.01306536, -0.01418565,  0.99981541,  0.1050215 ],
       [ 0.        ,  0.        ,  0.        ,  1.        ]])]"
21,"[array([[-0.0984545 , -0.99417667, -0.0120987 , -0.0994105 ],
       [ 0.99497696, -0.10683568, -0.01938268,  0.1453315 ],
       [ 0.01809887, -0.01410269,  0.99973893,  0.105163  ],
       [ 0.        ,  0.        ,  0.        ,  1.        ]])]"
22,"[array([[-0.10719687, -0.99334048, -0.01044917, -0.099529  ],
       [ 0.99394646, -0.11444751, -0.02533245,  0.1447615 ],
       [ 0.02406802, -0.01328381,  0.99962447,  0.105321  ],
       [ 0.        ,  0.        ,  0.        ,  1.        ]])]"
23,"[array([[-0.10259576, -0.99385838, -0.0062006 , -0.0989375 ],
       [ 0.99446702, -0.11031386, -0.02332973,  0.144934  ],
       [ 0.02257107, -0.00873866,  0.9997086 ,  0.1053005 ],
       [ 0.        ,  0.        ,  0.        ,  1.        ]])]"
24,"[array([[-0.09182102, -0.99566225,  0.00341593, -0.0955185 ],
       [ 0.99560755, -0.09302533, -0.01805194,  0.1461395 ],
       [ 0.01828938,  0.00172211,  0.99983122,  0.1048645 ],
       [ 0.        ,  0.        ,  0.        ,  1.        ]])]"
25,"[array([[-6.15515427e-02, -9.98008176e-01,  1.16186225e-03,
        -8.92470000e-02],
       [ 9.98082577e-01, -6.30802306e-02, -6.46578781e-03,
         1.48161000e-01],
       [ 6.52504537e-03,  7.51700861e-04,  9.99978422e-01,
         1.04579000e-01],
       [ 0.00000000e+00,  0.00000000e+00,  0.00000000e+00,
         1.00000000e+00]])]"
26,"[array([[-0.00515447, -0.99997154,  0.00502665, -0.081198  ],
       [ 0.99992512, -0.00568201, -0.01107283,  0.149161  ],
       [ 0.01109873,  0.00496395,  0.99992606,  0.1047915 ],
       [ 0.        ,  0.        ,  0.        ,  1.        ]])]"
27,"[array([[ 0.06406474, -0.99773026,  0.0076632 , -0.0726895 ],
       [ 0.99792996,  0.06685385, -0.00611575,  0.1495735 ],
       [ 0.00561242,  0.00805506,  0.99995194,  0.1048485 ],
       [ 0.        ,  0.        ,  0.        ,  1.        ]])]"
28,"[array([[ 0.12266335, -0.99292383,  0.00192217, -0.0654025 ],
       [ 0.99243912,  0.11872768, -0.00454859,  0.148529  ],
       [ 0.00427847,  0.00244864,  0.99998781,  0.104803  ],
       [ 0.        ,  0.        ,  0.        ,  1.        ]])]"
29,"[array([[ 0.15375135, -0.98935913, -0.00231786, -0.061027  ],
       [ 0.98810866,  0.14547183,  0.00171556,  0.147685  ],
       [-0.00133879, -0.00254277,  0.99999584,  0.1048845 ],
       [ 0.        ,  0.        ,  0.        ,  1.        ]])]"
30,"[array([[ 1.69831083e-01, -9.87038471e-01, -2.69078267e-03,
        -5.95015000e-02],
       [ 9.85472716e-01,  1.60463187e-01, -5.14006153e-04,
         1.47113500e-01],
       [ 9.63521190e-04, -2.57343660e-03,  9.99996248e-01,
         1.04940000e-01],
       [ 0.00000000e+00,  0.00000000e+00,  0.00000000e+00,
         1.00000000e+00]])]"
31,"[array([[ 0.17749983, -0.98577025, -0.00404126, -0.058661  ],
       [ 0.98411194,  0.168064  , -0.00352093,  0.1468305 ],
       [ 0.00418237, -0.00339206,  0.99998564,  0.104993  ],
       [ 0.        ,  0.        ,  0.        ,  1.        ]])]"
32,"[array([[ 0.17452506, -0.98615991, -0.00421921, -0.060834  ],
       [ 0.98464953,  0.16575198, -0.00180305,  0.1474055 ],
       [ 0.00251175, -0.003862  ,  0.99998947,  0.1049005 ],
       [ 0.        ,  0.        ,  0.        ,  1.        ]])]"
33,"[array([[ 1.61790794e-01, -9.87305696e-01, -4.92579621e-03,
        -6.56415000e-02],
       [ 9.86824128e-01,  1.58759886e-01, -5.81808919e-04,
         1.48457000e-01],
       [ 1.37110843e-03, -4.77095742e-03,  9.99987699e-01,
         1.04581000e-01],
       [ 0.00000000e+00,  0.00000000e+00,  0.00000000e+00,
         1.00000000e+00]])]"
34,"[array([[ 0.13290958, -0.99010545,  0.00315091, -0.0714565 ],
       [ 0.99110557,  0.14026468, -0.00717569,  0.1490115 ],
       [ 0.00669329,  0.00412635,  0.99996929,  0.104611  ],
       [ 0.        ,  0.        ,  0.        ,  1.        ]])]"
35,"[array([[ 0.08131866, -0.99624677,  0.00316352, -0.0794085 ],
       [ 0.99668341,  0.08649007, -0.00334321,  0.1492625 ],
       [ 0.0030749 ,  0.00344083,  0.99998941,  0.104563  ],
       [ 0.        ,  0.        ,  0.        ,  1.        ]])]"
36,"[array([[ 0.01435331, -0.99989451,  0.00107051, -0.086988  ],
       [ 0.99986407,  0.01447627, -0.00812894,  0.1481825 ],
       [ 0.00811274,  0.00118812,  0.99996639,  0.104359  ],
       [ 0.        ,  0.        ,  0.        ,  1.        ]])]"
37,"[array([[-1.96352686e-02, -9.99805429e-01,  1.09296229e-03,
        -9.04190000e-02],
       [ 9.99776294e-01, -1.97033728e-02, -7.84247479e-03,
         1.47580000e-01],
       [ 7.86242748e-03,  9.38255846e-04,  9.99968650e-01,
         1.04333000e-01],
       [ 0.00000000e+00,  0.00000000e+00,  0.00000000e+00,
         1.00000000e+00]])]"
38,"[array([[-0.02283789, -0.99973093,  0.00121197, -0.090651  ],
       [ 0.99970892, -0.02317319, -0.00775337,  0.1475815 ],
       [ 0.00777903,  0.001032  ,  0.99996921,  0.1043395 ],
       [ 0.        ,  0.        ,  0.        ,  1.        ]])]"
39,"[array([[-0.01755247, -0.99983776,  0.00507906, -0.0885465 ],
       [ 0.99982543, -0.01731348, -0.00631715,  0.147925  ],
       [ 0.0064054 ,  0.00496903,  0.99996715,  0.1044255 ],
       [ 0.        ,  0.        ,  0.        ,  1.        ]])]"
40,"[array([[ 0.00875828, -0.99996229,  0.00335914, -0.0827    ],
       [ 0.99993876,  0.00798542, -0.00679552,  0.1485285 ],
       [ 0.00676588,  0.00341337,  0.99997127,  0.1046575 ],
       [ 0.        ,  0.        ,  0.        ,  1.        ]])]"
41,"[array([[ 0.05295409, -0.99846554,  0.00870889, -0.0753255 ],
       [ 0.9985569 ,  0.0546053 , -0.00941757,  0.1494165 ],
       [ 0.00894354,  0.00921053,  0.99991773,  0.104893  ],
       [ 0.        ,  0.        ,  0.        ,  1.        ]])]"
42,"[array([[ 0.10029815, -0.9945652 ,  0.01043198, -0.067662  ],
       [ 0.99488958,  0.10345685, -0.01272893,  0.148977  ],
       [ 0.01161915,  0.01169376,  0.99986456,  0.1051205 ],
       [ 0.        ,  0.        ,  0.        ,  1.        ]])]"
43,"[array([[ 1.47234069e-01, -9.90379215e-01, -3.61479983e-04,
        -6.10250000e-02],
       [ 9.89086224e-01,  1.38379345e-01, -5.53624556e-03,
         1.47627000e-01],
       [ 5.52913147e-03,  4.08106054e-04,  9.99984610e-01,
         1.05100500e-01],
       [ 0.00000000e+00,  0.00000000e+00,  0.00000000e+00,
         1.00000000e+00]])]"
44,"[array([[ 1.62237785e-01, -9.88220159e-01, -6.95768609e-04,
        -5.90495000e-02],
       [ 9.86698809e-01,  1.53036414e-01, -1.02385135e-02,
         1.46956500e-01],
       [ 1.02157470e-02,  8.79339132e-04,  9.99947343e-01,
         1.05200000e-01],
       [ 0.00000000e+00,  0.00000000e+00,  0.00000000e+00,
         1.00000000e+00]])]"
45,"[array([[ 0.1631077 , -0.98817154, -0.00309506, -0.059625  ],
       [ 0.98655671,  0.15334454, -0.00971219,  0.147008  ],
       [ 0.01008698, -0.00156922,  0.99994805,  0.105189  ],
       [ 0.        ,  0.        ,  0.        ,  1.        ]])]"
46,"[array([[ 0.15632114, -0.98912232, -0.0020408 , -0.063483  ],
       [ 0.98769012,  0.14709026, -0.00539749,  0.147926  ],
       [ 0.00565016, -0.00122471,  0.99998335,  0.1050195 ],
       [ 0.        ,  0.        ,  0.        ,  1.        ]])]"
47,"[array([[ 0.12309612, -0.99142972,  0.00316827, -0.0716595 ],
       [ 0.99237412,  0.13057885, -0.006842  ,  0.1489035 ],
       [ 0.0064    ,  0.00403465,  0.99997157,  0.1046105 ],
       [ 0.        ,  0.        ,  0.        ,  1.        ]])]"
48,"[array([[ 8.37004690e-02, -9.96325892e-01, -8.72670624e-04,
        -7.93400000e-02],
       [ 9.96471738e-01,  8.56422683e-02, -6.13775920e-03,
         1.48326000e-01],
       [ 6.18926545e-03, -3.43819325e-04,  9.99980783e-01,
         1.04494500e-01],
       [ 0.00000000e+00,  0.00000000e+00,  0.00000000e+00,
         1.00000000e+00]])]"
49,"[array([[ 0.04992546, -0.99877462,  0.00104998, -0.0836965 ],
       [ 0.99871724,  0.04946813, -0.00850875,  0.147704  ],
       [ 0.00844572,  0.00146966,  0.99996325,  0.1043685 ],
       [ 0.        ,  0.        ,  0.        ,  1.        ]])]"
50,"[array([[ 0.03169471, -0.99948098,  0.00120807, -0.0852735 ],
       [ 0.99946469,  0.03218079, -0.00815323,  0.1475635 ],
       [ 0.00811085,  0.00146987,  0.99996603,  0.1043685 ],
       [ 0.        ,  0.        ,  0.        ,  1.        ]])]"
51,"[array([[ 0.03094283, -0.99950638,  0.00136478, -0.0852785 ],
       [ 0.99948654,  0.03137436, -0.00836419,  0.1475305 ],
       [ 0.00831796,  0.00162659,  0.99996409,  0.104366  ],
       [ 0.        ,  0.        ,  0.        ,  1.        ]])]"
52,"[array([[ 0.03834693, -0.99926072,  0.00104322, -0.0820035 ],
       [ 0.99926366,  0.0384295 , -0.00132891,  0.147678  ],
       [ 0.00128793,  0.00109352,  0.99999857,  0.1045045 ],
       [ 0.        ,  0.        ,  0.        ,  1.        ]])]"
53,"[array([[ 0.07412125, -0.99662491,  0.00404401, -0.073852  ],
       [ 0.99723002,  0.08196319, -0.00650821,  0.148104  ],
       [ 0.00619062,  0.00456393,  0.99997064,  0.104609  ],
       [ 0.        ,  0.        ,  0.        ,  1.        ]])]"
54,"[array([[ 0.08051313, -0.99611542,  0.00297711, -0.07398   ],
       [ 0.99673433,  0.08798634, -0.00645073,  0.148083  ],
       [ 0.00619012,  0.00353321,  0.99997476,  0.1045945 ],
       [ 0.        ,  0.        ,  0.        ,  1.        ]])]"
55,"[array([[ 6.67521942e-02, -9.97578429e-01, -4.41416605e-04,
        -7.93110000e-02],
       [ 9.97752150e-01,  6.95505382e-02, -5.88210546e-03,
         1.48017000e-01],
       [ 5.89845151e-03, -3.12446263e-05,  9.99982603e-01,
         1.04503500e-01],
       [ 0.00000000e+00,  0.00000000e+00,  0.00000000e+00,
         1.00000000e+00]])]"
56,"[array([[ 0.04215507, -0.99913636,  0.00134637, -0.084947  ],
       [ 0.99907102,  0.04151605, -0.00901179,  0.147518  ],
       [ 0.00894703,  0.00171941,  0.99995849,  0.1043615 ],
       [ 0.        ,  0.        ,  0.        ,  1.        ]])]"
57,"[array([[ 0.00378628, -0.99998704,  0.00313677, -0.089693  ],
       [ 0.99990964,  0.00396969, -0.01291021,  0.1471165 ],
       [ 0.0128983 ,  0.00318826,  0.99991174,  0.104495  ],
       [ 0.        ,  0.        ,  0.        ,  1.        ]])]"
58,"[array([[-8.31908575e-05, -9.99983949e-01,  5.65259137e-03,
        -8.95770000e-02],
       [ 9.99912511e-01,  3.12553588e-04, -1.32266649e-02,
         1.47118000e-01],
       [ 1.32273463e-02,  5.65721994e-03,  9.99896546e-01,
         1.04534500e-01],
       [ 0.00000000e+00,  0.00000000e+00,  0.00000000e+00,
         1.00000000e+00]])]"
59,"[array([[ 0.01935779, -0.99981104,  0.00147018, -0.082001  ],
       [ 0.99979242,  0.01937376, -0.00638532,  0.147768  ],
       [ 0.00635567,  0.00159365,  0.99997853,  0.1046055 ],
       [ 0.        ,  0.        ,  0.        ,  1.        ]])]"
60,"[array([[ 2.35236371e-02, -9.99743214e-01,  1.16067945e-04,
        -8.10605000e-02],
       [ 9.99713017e-01,  2.26596377e-02, -4.53415537e-03,
         1.47921500e-01],
       [ 4.53017040e-03,  2.18782708e-04,  9.99989714e-01,
         1.04526500e-01],
       [ 0.00000000e+00,  0.00000000e+00,  0.00000000e+00,
         1.00000000e+00]])]"
61,"[array([[ 0.06458052, -0.99754801,  0.00386328, -0.0743335 ],
       [ 0.99790403,  0.06986182, -0.00437014,  0.148568  ],
       [ 0.00411156,  0.00415919,  0.99998299,  0.1046275 ],
       [ 0.        ,  0.        ,  0.        ,  1.        ]])]"
62,"[array([[ 0.12846621, -0.99187129, -0.00231964, -0.0658495 ],
       [ 0.99168935,  0.12723704, -0.00673333,  0.1477385 ],
       [ 0.00697554, -0.00144409,  0.99997464,  0.104718  ],
       [ 0.        ,  0.        ,  0.        ,  1.        ]])]"
63,"[array([[ 0.14583672, -0.98970824, -0.00462041, -0.065647  ],
       [ 0.98930683,  0.14303249, -0.00124913,  0.1476685 ],
       [ 0.00190962, -0.00439424,  0.99998855,  0.104606  ],
       [ 0.        ,  0.        ,  0.        ,  1.        ]])]"
64,"[array([[ 0.1162919 , -0.99223151,  0.00312909, -0.074346  ],
       [ 0.99319342,  0.12434167, -0.00697099,  0.148369  ],
       [ 0.00655984,  0.00397168,  0.99997081,  0.1045975 ],
       [ 0.        ,  0.        ,  0.        ,  1.        ]])]"
65,"[array([[ 7.47843844e-02, -9.97181738e-01, -3.70743399e-04,
        -8.15695000e-02],
       [ 9.97194332e-01,  7.50237632e-02, -3.26178911e-03,
         1.48135500e-01],
       [ 3.28038110e-03, -1.24987527e-04,  9.99994612e-01,
         1.04490000e-01],
       [ 0.00000000e+00,  0.00000000e+00,  0.00000000e+00,
         1.00000000e+00]])]"
66,"[array([[ 0.08952732, -0.99520391,  0.00504941, -0.074466  ],
       [ 0.99597587,  0.09766897, -0.00458326,  0.1482845 ],
       [ 0.00411286,  0.00547296,  0.99997675,  0.1046185 ],
       [ 0.        ,  0.        ,  0.        ,  1.        ]])]"
67,"[array([[ 0.14136306, -0.99040483, -0.00298343, -0.064712  ],
       [ 0.98995656,  0.13816828, -0.00116759,  0.147684  ],
       [ 0.00157762, -0.0027935 ,  0.99999487,  0.1046435 ],
       [ 0.        ,  0.        ,  0.        ,  1.        ]])]"
68,"[array([[ 1.65070902e-01, -9.87659352e-01, -4.65910570e-03,
        -6.11875000e-02],
       [ 9.86280849e-01,  1.56552211e-01, -5.36050142e-04,
         1.47062000e-01],
       [ 1.29779304e-03, -4.51773917e-03,  9.99989003e-01,
         1.04893000e-01],
       [ 0.00000000e+00,  0.00000000e+00,  0.00000000e+00,
         1.00000000e+00]])]"
69,"[array([[ 1.59126533e-01, -9.87811240e-01, -5.12053597e-03,
        -6.49770000e-02],
       [ 9.87256870e-01,  1.55578386e-01, -8.14198549e-04,
         1.47748500e-01],
       [ 1.61865800e-03, -4.93151757e-03,  9.99986559e-01,
         1.04587500e-01],
       [ 0.00000000e+00,  0.00000000e+00,  0.00000000e+00,
         1.00000000e+00]])]"
70,"[array([[ 0.1363296 , -0.98956806,  0.00297155, -0.070736  ],
       [ 0.99064236,  0.14401224, -0.00694799,  0.148352  ],
       [ 0.00647804,  0.00394126,  0.99997145,  0.104621  ],
       [ 0.        ,  0.        ,  0.        ,  1.        ]])]"
71,"[array([[ 0.11520461, -0.99233598,  0.00237746, -0.0751    ],
       [ 0.99331786,  0.12352626, -0.00721592,  0.148155  ],
       [ 0.006894  ,  0.00325069,  0.99997114,  0.104592  ],
       [ 0.        ,  0.        ,  0.        ,  1.        ]])]"
72,"[array([[ 9.85803019e-02, -9.94874380e-01, -6.46912464e-04,
        -7.80860000e-02],
       [ 9.95108535e-01,  1.01118585e-01, -6.36477103e-03,
         1.47794000e-01],
       [ 6.39754172e-03,  0.00000000e+00,  9.99979535e-01,
         1.04510000e-01],
       [ 0.00000000e+00,  0.00000000e+00,  0.00000000e+00,
         1.00000000e+00]])]"
73,"[array([[ 0.07522633, -0.99715697,  0.00378353, -0.0818475 ],
       [ 0.99712332,  0.07521826, -0.00959018,  0.147742  ],
       [ 0.00927847,  0.00449437,  0.99994686,  0.104419  ],
       [ 0.        ,  0.        ,  0.        ,  1.        ]])]"
74,"[array([[ 0.02350103, -0.99972521,  0.00133433, -0.0868545 ],
       [ 0.99968815,  0.02339124, -0.00847742,  0.147516  ],
       [ 0.00844373,  0.00153231,  0.99996318,  0.1043555 ],
       [ 0.        ,  0.        ,  0.        ,  1.        ]])]"
75,"[array([[ 0.01031651, -0.99994737,  0.00132154, -0.087736  ],
       [ 0.99991148,  0.01016207, -0.00841704,  0.1474725 ],
       [ 0.00840297,  0.00140706,  0.9999637 ,  0.1043745 ],
       [ 0.        ,  0.        ,  0.        ,  1.        ]])]"
76,"[array([[ 0.01277785, -0.99992577,  0.00195419, -0.087608  ],
       [ 0.99987681,  0.01200812, -0.00914084,  0.1474    ],
       [ 0.00911514,  0.00206389,  0.99995631,  0.104409  ],
       [ 0.        ,  0.        ,  0.        ,  1.        ]])]"
77,"[array([[ 0.013978  , -0.99989211,  0.00297058, -0.0873085 ],
       [ 0.99984335,  0.01435252, -0.01090045,  0.1473015 ],
       [ 0.01085791,  0.00312691,  0.99993618,  0.104431  ],
       [ 0.        ,  0.        ,  0.        ,  1.        ]])]"
78,"[array([[ 0.01551634, -0.99987811,  0.00184186, -0.0863655 ],
       [ 0.99982639,  0.0154838 , -0.0103463 ,  0.1473325 ],
       [ 0.01031649,  0.00200195,  0.99994478,  0.104417  ],
       [ 0.        ,  0.        ,  0.        ,  1.        ]])]"
79,"[array([[ 0.01750471, -0.99984018,  0.00127702, -0.084781  ],
       [ 0.99980607,  0.01781968, -0.00904635,  0.14749   ],
       [ 0.00902262,  0.00143808,  0.99995827,  0.104369  ],
       [ 0.        ,  0.        ,  0.        ,  1.        ]])]"
80,"[array([[ 2.27184558e-02, -9.99713977e-01, -9.20768312e-04,
        -8.21120000e-02],
       [ 9.99736654e-01,  2.39009061e-02, -3.21947166e-03,
         1.47568500e-01],
       [ 3.23956043e-03, -8.43561390e-04,  9.99994394e-01,
         1.04491500e-01],
       [ 0.00000000e+00,  0.00000000e+00,  0.00000000e+00,
         1.00000000e+00]])]"
81,"[array([[ 4.41039868e-02, -9.98909214e-01, -4.78512955e-04,
        -7.80570000e-02],
       [ 9.99011417e-01,  4.66940552e-02, -5.55445493e-03,
         1.48137500e-01],
       [ 5.57015478e-03, -2.18634372e-04,  9.99984459e-01,
         1.04514500e-01],
       [ 0.00000000e+00,  0.00000000e+00,  0.00000000e+00,
         1.00000000e+00]])]"
82,"[array([[ 0.09050145, -0.99536623,  0.00310573, -0.0720155 ],
       [ 0.99588962,  0.09609376, -0.00395054,  0.1488095 ],
       [ 0.00365327,  0.00347101,  0.99998737,  0.1046145 ],
       [ 0.        ,  0.        ,  0.        ,  1.        ]])]"
83,"[array([[ 0.12517961, -0.9918809 ,  0.00157828, -0.068012  ],
       [ 0.99213355,  0.12715859, -0.00124568,  0.1488525 ],
       [ 0.00103832,  0.00172387,  0.99999798,  0.1046695 ],
       [ 0.        ,  0.        ,  0.        ,  1.        ]])]"
84,"[array([[ 1.50539106e-01, -9.89293788e-01, -4.12636790e-03,
        -6.55695000e-02],
       [ 9.88603858e-01,  1.45880564e-01, -2.27729540e-06,
         1.48599000e-01],
       [ 6.23436386e-04, -4.08189267e-03,  9.99991487e-01,
         1.04589000e-01],
       [ 0.00000000e+00,  0.00000000e+00,  0.00000000e+00,
         1.00000000e+00]])]"
85,"[array([[ 1.60065499e-01, -9.87585599e-01, -4.70335750e-03,
        -6.45495000e-02],
       [ 9.87105199e-01,  1.57016724e-01, -7.94475932e-04,
         1.48281000e-01],
       [ 1.53709408e-03, -4.52027355e-03,  9.99988624e-01,
         1.04584000e-01],
       [ 0.00000000e+00,  0.00000000e+00,  0.00000000e+00,
         1.00000000e+00]])]"
86,"[array([[ 1.65684512e-01, -9.86606590e-01, -5.27592950e-03,
        -6.42065000e-02],
       [ 9.86177798e-01,  1.63037594e-01, -5.44865801e-04,
         1.48107000e-01],
       [ 1.41149422e-03, -5.11650518e-03,  9.99985934e-01,
         1.04583500e-01],
       [ 0.00000000e+00,  0.00000000e+00,  0.00000000e+00,
         1.00000000e+00]])]"
87,"[array([[ 1.66552632e-01, -9.86391934e-01, -5.63094313e-03,
        -6.42405000e-02],
       [ 9.86031433e-01,  1.64320184e-01, -5.64503186e-04,
         1.48076500e-01],
       [ 1.49449022e-03, -5.46164508e-03,  9.99983987e-01,
         1.04590000e-01],
       [ 0.00000000e+00,  0.00000000e+00,  0.00000000e+00,
         1.00000000e+00]])]"
88,"[array([[ 1.65448716e-01, -9.86869034e-01, -6.44944197e-03,
        -6.51740000e-02],
       [ 9.86217134e-01,  1.61400292e-01, -5.17328657e-04,
         1.48141500e-01],
       [ 1.57728329e-03, -6.28138905e-03,  9.99979068e-01,
         1.04612000e-01],
       [ 0.00000000e+00,  0.00000000e+00,  0.00000000e+00,
         1.00000000e+00]])]"
89,"[array([[ 0.15266615, -0.98743437, -0.00555231, -0.067616  ],
       [ 0.98825997,  0.15796067, -0.00515152,  0.1483085 ],
       [ 0.00593886, -0.00466894,  0.99997132,  0.1048295 ],
       [ 0.        ,  0.        ,  0.        ,  1.        ]])]"
90,"[array([[ 0.13284606, -0.98985447, -0.00593525, -0.070241  ],
       [ 0.99108899,  0.14201064, -0.00901477,  0.1481395 ],
       [ 0.00972348, -0.00459511,  0.99994175,  0.1048245 ],
       [ 0.        ,  0.        ,  0.        ,  1.        ]])]"
91,"[array([[ 0.1129222 , -0.99263381, -0.00211191, -0.07384   ],
       [ 0.9935741 ,  0.12114748, -0.00749547,  0.14802   ],
       [ 0.00768602, -0.00118833,  0.99996968,  0.104712  ],
       [ 0.        ,  0.        ,  0.        ,  1.        ]])]"
92,"[array([[ 0.08863852, -0.9958128 , -0.00226519, -0.0786135 ],
       [ 0.99604113,  0.09140084, -0.00655389,  0.147766  ],
       [ 0.00672889, -0.00165672,  0.99997596,  0.1045185 ],
       [ 0.        ,  0.        ,  0.        ,  1.        ]])]"
93,"[array([[ 6.93814999e-02, -9.97552934e-01, -8.70777789e-04,
        -8.21265000e-02],
       [ 9.97582237e-01,  6.99127381e-02, -3.93507661e-03,
         1.47932000e-01],
       [ 3.98601077e-03, -5.93539779e-04,  9.99991878e-01,
         1.04488500e-01],
       [ 0.00000000e+00,  0.00000000e+00,  0.00000000e+00,
         1.00000000e+00]])]"
94,"[array([[ 0.02636802, -0.99964896,  0.00123805, -0.0867805 ],
       [ 0.99961415,  0.02645385, -0.00876957,  0.147652  ],
       [ 0.00873389,  0.00146966,  0.99996078,  0.1043545 ],
       [ 0.        ,  0.        ,  0.        ,  1.        ]])]"
95,"[array([[ 7.90813555e-04, -9.99999205e-01,  1.25219293e-03,
        -8.98025000e-02],
       [ 9.99962929e-01, -1.56362261e-04, -8.57506998e-03,
         1.47525500e-01],
       [ 8.57408380e-03,  1.25089809e-03,  9.99962449e-01,
         1.04342000e-01],
       [ 0.00000000e+00,  0.00000000e+00,  0.00000000e+00,
         1.00000000e+00]])]"
96,"[array([[ 0.00166411, -0.9999983 ,  0.00142906, -0.089542  ],
       [ 0.99996638,  0.00115697, -0.00803173,  0.1475535 ],
       [ 0.00802935,  0.0014384 ,  0.99996672,  0.104342  ],
       [ 0.        ,  0.        ,  0.        ,  1.        ]])]"
97,"[array([[-2.02681179e-02, -9.99785930e-01,  1.16986189e-03,
        -9.18005000e-02],
       [ 9.99713468e-01, -2.06705608e-02, -1.27140974e-02,
         1.47126500e-01],
       [ 1.27352034e-02,  9.06877857e-04,  9.99918488e-01,
         1.04456500e-01],
       [ 0.00000000e+00,  0.00000000e+00,  0.00000000e+00,
         1.00000000e+00]])]"
98,"[array([[-0.023977  , -0.99969856,  0.00188939, -0.0920855 ],
       [ 0.99962432, -0.02450196, -0.01323741,  0.1471005 ],
       [ 0.01327893,  0.00156462,  0.9999106 ,  0.104467  ],
       [ 0.        ,  0.        ,  0.        ,  1.        ]])]"
99,"[array([[-0.01950199, -0.99981245,  0.00297722, -0.090207  ],
       [ 0.99975791, -0.01916583, -0.01013143,  0.1474065 ],
       [ 0.01018761,  0.00278264,  0.99994424,  0.1044055 ],
       [ 0.        ,  0.        ,  0.        ,  1.        ]])]"
100,"[array([[-0.0021188 , -0.9999885 , -0.00293007, -0.0849315 ],
       [ 0.99999237, -0.00378772, -0.00328827,  0.1480625 ],
       [ 0.00328207, -0.00294252,  0.9999903 ,  0.104435  ],
       [ 0.        ,  0.        ,  0.        ,  1.        ]])]"
101,"[array([[ 0.06496736, -0.99776169,  0.00202505, -0.075615  ],
       [ 0.99788539,  0.06683511, -0.0021325 ,  0.149493  ],
       [ 0.00199644,  0.00216305,  0.99999568,  0.1046135 ],
       [ 0.        ,  0.        ,  0.        ,  1.        ]])]"
102,"[array([[ 1.52469223e-01, -9.88730658e-01, -3.57399248e-03,
        -6.49545000e-02],
       [ 9.88307996e-01,  1.49664046e-01, -1.21204981e-04,
         1.48661000e-01],
       [ 6.64715958e-04, -3.51559839e-03,  9.99993606e-01,
         1.04585000e-01],
       [ 0.00000000e+00,  0.00000000e+00,  0.00000000e+00,
         1.00000000e+00]])]"
103,"[array([[ 0.19574355, -0.98240488, -0.0077788 , -0.0602405 ],
       [ 0.98064543,  0.18655801,  0.00599674,  0.1476905 ],
       [-0.00435824, -0.0087611 ,  0.99995176,  0.1046785 ],
       [ 0.        ,  0.        ,  0.        ,  1.        ]])]"
104,"[array([[ 0.21575486, -0.97833524, -0.00749662, -0.0584745 ],
       [ 0.9764403 ,  0.20691264, -0.00219963,  0.1469935 ],
       [ 0.00376536, -0.00687929,  0.99996948,  0.1049075 ],
       [ 0.        ,  0.        ,  0.        ,  1.        ]])]"
105,"[array([[ 0.22067199, -0.97743337, -0.00863168, -0.058393  ],
       [ 0.97532917,  0.21110953, -0.00427314,  0.146752  ],
       [ 0.00607277, -0.00753514,  0.99995362,  0.104982  ],
       [ 0.        ,  0.        ,  0.        ,  1.        ]])]"
106,"[array([[ 0.21960126, -0.97759045, -0.01059603, -0.0586    ],
       [ 0.97556376,  0.21030913, -0.00490889,  0.1467275 ],
       [ 0.00711632, -0.00932683,  0.99993181,  0.1049905 ],
       [ 0.        ,  0.        ,  0.        ,  1.        ]])]"
107,"[array([[ 0.21706414, -0.97816662, -0.00934147, -0.058882  ],
       [ 0.97613975,  0.20765548, -0.00392663,  0.146876  ],
       [ 0.00586094, -0.00832255,  0.99994866,  0.1049375 ],
       [ 0.        ,  0.        ,  0.        ,  1.        ]])]"
108,"[array([[ 2.15453816e-01, -9.78356085e-01, -7.96569295e-03,
        -5.92615000e-02],
       [ 9.76511877e-01,  2.06784262e-01, -3.42893558e-04,
         1.47118500e-01],
       [ 2.05114377e-03, -7.72262464e-03,  9.99968215e-01,
         1.04863000e-01],
       [ 0.00000000e+00,  0.00000000e+00,  0.00000000e+00,
         1.00000000e+00]])]"
109,"[array([[ 2.16403252e-01, -9.78123100e-01, -8.81078856e-03,
        -5.95145000e-02],
       [ 9.76303709e-01,  2.07823285e-01,  2.80989605e-03,
         1.47334500e-01],
       [-8.36664418e-04, -9.20239117e-03,  9.99957236e-01,
         1.04762500e-01],
       [ 0.00000000e+00,  0.00000000e+00,  0.00000000e+00,
         1.00000000e+00]])]"
110,"[array([[ 0.21597787, -0.97832606, -0.00923109, -0.059664  ],
       [ 0.97639734,  0.20684124,  0.00341282,  0.1473755 ],
       [-0.00133862, -0.0097374 ,  0.99995157,  0.104751  ],
       [ 0.        ,  0.        ,  0.        ,  1.        ]])]"
111,"[array([[ 0.20600416, -0.98004317, -0.01158148, -0.0615795 ],
       [ 0.97855112,  0.19843214,  0.00243813,  0.1474085 ],
       [ 0.        , -0.01183498,  0.99992996,  0.1047945 ],
       [ 0.        ,  0.        ,  0.        ,  1.        ]])]"
112,"[array([[ 2.00933552e-01, -9.81326950e-01, -9.02951065e-03,
        -6.42640000e-02],
       [ 9.79603371e-01,  1.92142009e-01,  1.00866335e-04,
         1.47221500e-01],
       [ 1.71559259e-03, -8.88064488e-03,  9.99959228e-01,
         1.04798500e-01],
       [ 0.00000000e+00,  0.00000000e+00,  0.00000000e+00,
         1.00000000e+00]])]"
113,"[array([[ 1.97452922e-01, -9.82082734e-01, -1.08735744e-02,
        -6.50015000e-02],
       [ 9.80311454e-01,  1.88138575e-01,  8.22933367e-04,
         1.47241500e-01],
       [ 1.34036774e-03, -1.08342194e-02,  9.99940542e-01,
         1.04800500e-01],
       [ 0.00000000e+00,  0.00000000e+00,  0.00000000e+00,
         1.00000000e+00]])]"
114,"[array([[ 0.17494467, -0.98302395,  0.00194445, -0.0693895 ],
       [ 0.98455202,  0.18344736, -0.00764702,  0.1478095 ],
       [ 0.00718894,  0.00331437,  0.99996887,  0.104627  ],
       [ 0.        ,  0.        ,  0.        ,  1.        ]])]"
115,"[array([[ 0.11524302, -0.99231066,  0.00175558, -0.0771545 ],
       [ 0.99331672,  0.12374565, -0.00664435,  0.1485795 ],
       [ 0.00639777,  0.00256435,  0.99997639,  0.104593  ],
       [ 0.        ,  0.        ,  0.        ,  1.        ]])]"
116,"[array([[ 0.05289643, -0.99866333, -0.00330728, -0.0844735 ],
       [ 0.99859153,  0.05159401, -0.00394426,  0.148426  ],
       [ 0.00411371, -0.0030994 ,  0.99998675,  0.1044325 ],
       [ 0.        ,  0.        ,  0.        ,  1.        ]])]"
117,"[array([[ 0.03004362, -0.99957674, -0.00241763, -0.086325  ],
       [ 0.99954249,  0.02899956, -0.00341944,  0.148199  ],
       [ 0.00349055, -0.00231746,  0.99999123,  0.104423  ],
       [ 0.        ,  0.        ,  0.        ,  1.        ]])]"
118,"[array([[ 0.02713487, -0.99963911, -0.00252477, -0.0844265 ],
       [ 0.99962705,  0.02675227, -0.0030076 ,  0.147975  ],
       [ 0.00307501, -0.00244342,  0.99999229,  0.104435  ],
       [ 0.        ,  0.        ,  0.        ,  1.        ]])]"
119,"[array([[ 0.02201003, -0.99976847, -0.00300083, -0.0836165 ],
       [ 0.99975388,  0.02131562, -0.002717  ,  0.1475695 ],
       [ 0.0027824 , -0.00294224,  0.99999181,  0.104439  ],
       [ 0.        ,  0.        ,  0.        ,  1.        ]])]"
120,"[array([[ 0.02376118, -0.99973152, -0.00281394, -0.0832295 ],
       [ 0.99971424,  0.02300644, -0.0025509 ,  0.1475215 ],
       [ 0.00261705, -0.00275451,  0.99999279,  0.104449  ],
       [ 0.        ,  0.        ,  0.        ,  1.        ]])]"
121,"[array([[ 3.53207964e-02, -9.99362346e-01, -3.65472654e-04,
        -7.99300000e-02],
       [ 9.99370770e-01,  3.57049000e-02, -3.23030919e-03,
         1.47872500e-01],
       [ 3.24120250e-03, -2.49903062e-04,  9.99994716e-01,
         1.04500000e-01],
       [ 0.00000000e+00,  0.00000000e+00,  0.00000000e+00,
         1.00000000e+00]])]"
122,"[array([[ 0.08370104, -0.99588939,  0.00333637, -0.072691  ],
       [ 0.99648243,  0.09050128, -0.00440501,  0.148887  ],
       [ 0.00411032,  0.00372137,  0.99998473,  0.1046085 ],
       [ 0.        ,  0.        ,  0.        ,  1.        ]])]"
123,"[array([[ 1.53640109e-01, -9.88711170e-01, -5.24945602e-03,
        -6.45270000e-02],
       [ 9.88125740e-01,  1.49747643e-01, -6.97827997e-04,
         1.48209000e-01],
       [ 1.49608978e-03, -5.08576902e-03,  9.99985978e-01,
         1.04594000e-01],
       [ 0.00000000e+00,  0.00000000e+00,  0.00000000e+00,
         1.00000000e+00]])]"
124,"[array([[ 0.18268308, -0.98468629, -0.00842714, -0.0612745 ],
       [ 0.98316257,  0.17408593,  0.00591161,  0.1476795 ],
       [-0.0042728 , -0.00932771,  0.99994702,  0.1046825 ],
       [ 0.        ,  0.        ,  0.        ,  1.        ]])]"
125,"[array([[ 0.18339131, -0.98475658, -0.00921583, -0.061545  ],
       [ 0.98303106,  0.17364384,  0.00598123,  0.147677  ],
       [-0.00418989, -0.01011457,  0.99993964,  0.104696  ],
       [ 0.        ,  0.        ,  0.        ,  1.        ]])]"
126,"[array([[ 0.1791864 , -0.98516736, -0.00907205, -0.063003  ],
       [ 0.98381027,  0.17131845,  0.0047983 ,  0.1479075 ],
       [-0.00309519, -0.00976004,  0.99994734,  0.1046825 ],
       [ 0.        ,  0.        ,  0.        ,  1.        ]])]"
127,"[array([[ 1.59391582e-01, -9.86322168e-01,  9.34785964e-04,
        -6.88335000e-02],
       [ 9.87206172e-01,  1.64820574e-01, -4.48389332e-03,
         1.48667500e-01],
       [ 4.27757502e-03,  1.66105541e-03,  9.99989510e-01,
         1.04669500e-01],
       [ 0.00000000e+00,  0.00000000e+00,  0.00000000e+00,
         1.00000000e+00]])]"
128,"[array([[ 0.12073896, -0.99167286,  0.00269699, -0.0760425 ],
       [ 0.99265948,  0.12873143, -0.00739895,  0.1488175 ],
       [ 0.00701922,  0.00362712,  0.99996899,  0.104589  ],
       [ 0.        ,  0.        ,  0.        ,  1.        ]])]"
129,"[array([[ 0.06262871, -0.99810367, -0.00319398, -0.08339   ],
       [ 0.99802824,  0.06148489, -0.00396358,  0.1483705 ],
       [ 0.00415585, -0.00294426,  0.99998704,  0.104448  ],
       [ 0.        ,  0.        ,  0.        ,  1.        ]])]"
130,"[array([[ 0.05294861, -0.99857807, -0.00320471, -0.0839295 ],
       [ 0.99858993,  0.0532241 , -0.00365603,  0.148275  ],
       [ 0.00382061, -0.0030056 ,  0.99998818,  0.104439  ],
       [ 0.        ,  0.        ,  0.        ,  1.        ]])]"
131,"[array([[ 0.05237316, -0.99860207, -0.00310884, -0.0839335 ],
       [ 0.99862027,  0.05277713, -0.00366323,  0.148272  ],
       [ 0.00382104, -0.00291119,  0.99998846,  0.1044405 ],
       [ 0.        ,  0.        ,  0.        ,  1.        ]])]"
132,"[array([[ 0.05270011, -0.99859475, -0.00317673, -0.0839345 ],
       [ 0.99860275,  0.0529119 , -0.00374148,  0.148272  ],
       [ 0.00390371, -0.00297434,  0.99998795,  0.1044385 ],
       [ 0.        ,  0.        ,  0.        ,  1.        ]])]"
133,"[array([[ 0.05513595, -0.998527  , -0.00264359, -0.0833095 ],
       [ 0.9984717 ,  0.05420208, -0.00364076,  0.1482535 ],
       [ 0.00378099, -0.00244238,  0.99998988,  0.104447  ],
       [ 0.        ,  0.        ,  0.        ,  1.        ]])]"
134,"[array([[ 0.06547814, -0.99731177,  0.00258123, -0.077754  ],
       [ 0.99783531,  0.07321212, -0.0062899 ,  0.148461  ],
       [ 0.00610742,  0.00303486,  0.99997689,  0.1045805 ],
       [ 0.        ,  0.        ,  0.        ,  1.        ]])]"
135,"[array([[ 0.13211585, -0.99052275, -0.00294172, -0.0669695 ],
       [ 0.99122215,  0.13732967, -0.00455522,  0.1482475 ],
       [ 0.00490395, -0.00228831,  0.9999853 ,  0.1047685 ],
       [ 0.        ,  0.        ,  0.        ,  1.        ]])]"
136,"[array([[ 1.82053804e-01, -9.84776066e-01, -1.70543052e-02,
        -6.12435000e-02],
       [ 9.83283014e-01,  1.73017744e-01, -2.03626685e-04,
         1.47137000e-01],
       [ 3.30550460e-03, -1.67618787e-02,  9.99854544e-01,
         1.04966000e-01],
       [ 0.00000000e+00,  0.00000000e+00,  0.00000000e+00,
         1.00000000e+00]])]"
137,"[array([[ 1.80652353e-01, -9.84925899e-01, -1.83885870e-02,
        -6.14760000e-02],
       [ 9.83542396e-01,  1.72020001e-01,  3.13955195e-04,
         1.47175000e-01],
       [ 3.01366297e-03, -1.81684751e-02,  9.99830866e-01,
         1.04989500e-01],
       [ 0.00000000e+00,  0.00000000e+00,  0.00000000e+00,
         1.00000000e+00]])]"
138,"[array([[ 0.18035793, -0.9849331 , -0.01871198, -0.0616555 ],
       [ 0.98359932,  0.17192164,  0.00155951,  0.1472295 ],
       [ 0.00184124, -0.01870146,  0.9998237 ,  0.104991  ],
       [ 0.        ,  0.        ,  0.        ,  1.        ]])]"
139,"[array([[ 1.75094612e-01, -9.86035634e-01, -1.60762546e-02,
        -6.39085000e-02],
       [ 9.84551141e-01,  1.65716052e-01,  3.83745757e-03,
         1.47807000e-01],
       [-9.63439254e-04, -1.64899407e-02,  9.99863405e-01,
         1.04846500e-01],
       [ 0.00000000e+00,  0.00000000e+00,  0.00000000e+00,
         1.00000000e+00]])]"
140,"[array([[ 0.14291278, -0.98848524,  0.00264671, -0.071742  ],
       [ 0.98971568,  0.15127388, -0.0066766 ,  0.1486785 ],
       [ 0.00622985,  0.00362632,  0.99997421,  0.104623  ],
       [ 0.        ,  0.        ,  0.        ,  1.        ]])]"
141,"[array([[ 0.0775728 , -0.99703877, -0.00296162, -0.0811345 ],
       [ 0.99697871,  0.07685435, -0.00377035,  0.1485055 ],
       [ 0.00398875, -0.00266311,  0.99998851,  0.1044655 ],
       [ 0.        ,  0.        ,  0.        ,  1.        ]])]"
142,"[array([[ 0.0551818 , -0.9985091 , -0.00302487, -0.0833585 ],
       [ 0.99846642,  0.05451423, -0.00428572,  0.1484195 ],
       [ 0.00444612, -0.00278677,  0.99998624,  0.1044445 ],
       [ 0.        ,  0.        ,  0.        ,  1.        ]])]"
143,"[array([[ 0.05344541, -0.99855134, -0.00248552, -0.083589  ],
       [ 0.99856125,  0.05375996, -0.00423355,  0.1483545 ],
       [ 0.00436035, -0.00225435,  0.99998795,  0.104452  ],
       [ 0.        ,  0.        ,  0.        ,  1.        ]])]"
144,"[array([[ 0.05521164, -0.99851148, -0.00170791, -0.08346   ],
       [ 0.99846244,  0.05452291, -0.00485681,  0.1482965 ],
       [ 0.00494371, -0.00144058,  0.99998675,  0.104488  ],
