,LP,LD1,LD2,RP,RD1,RD2
0,"[array([[-0.37500306, -0.92667279, -0.0254998 , -0.11610483],
       [ 0.9245378 , -0.37586904,  0.06286757,  0.11766484],
       [-0.06784226,  0.        ,  0.99769606,  0.08661367],
       [ 0.        ,  0.        ,  0.        ,  1.        ]])]","[array([[ 0.93419914, -0.35663447,  0.00915525, -0.12971539],
       [ 0.35661734,  0.934244  ,  0.00349489,  0.18651867],
       [-0.00979964, -0.        ,  0.99995198,  0.08331863],
       [ 0.        ,  0.        ,  0.        ,  1.        ]])]","[array([[ 0.93419914, -0.35663447,  0.00915525, -0.12971539],
       [ 0.35661734,  0.934244  ,  0.00349489,  0.18651867],
       [-0.00979964, -0.        ,  0.99995198,  0.08331863],
       [ 0.        ,  0.        ,  0.        ,  1.        ]])]","[array([[ 0.56047289, -0.82633576,  0.05513031, -0.05543532],
       [ 0.82236695,  0.56317778,  0.08089123,  0.12809518],
       [-0.09789149,  0.        ,  0.99519709,  0.08835477],
       [ 0.        ,  0.        ,  0.        ,  1.        ]])]","[array([[-0.86119402, -0.50657804,  0.04151574, -0.02216148],
       [ 0.50599044, -0.86219411, -0.02439238,  0.16591934],
       [ 0.04815127, -0.        ,  0.99884005,  0.08231079],
       [ 0.        ,  0.        ,  0.        ,  1.        ]])]","[array([[-0.86119402, -0.50657804,  0.04151574, -0.02216148],
       [ 0.50599044, -0.86219411, -0.02439238,  0.16591934],
       [ 0.04815127, -0.        ,  0.99884005,  0.08231079],
       [ 0.        ,  0.        ,  0.        ,  1.        ]])]"
1,"[array([[-0.37489111, -0.92671633, -0.02556368, -0.11610684],
       [ 0.92456928, -0.37576169,  0.06304603,  0.11766036],
       [-0.06803164,  0.        ,  0.99768316,  0.08662291],
       [ 0.        ,  0.        ,  0.        ,  1.        ]])]","[array([[ 0.93422857, -0.35654762,  0.00952768, -0.12971893],
       [ 0.35652908,  0.93427715,  0.00363604,  0.18652062],
       [-0.01019792, -0.        ,  0.999948  ,  0.08333529],
       [ 0.        ,  0.        ,  0.        ,  1.        ]])]","[array([[ 0.93422857, -0.35654762,  0.00952768, -0.12971893],
       [ 0.35652908,  0.93427715,  0.00363604,  0.18652062],
       [-0.01019792, -0.        ,  0.999948  ,  0.08333529],
       [ 0.        ,  0.        ,  0.        ,  1.        ]])]","[array([[ 0.56043118, -0.82633985,  0.05549184, -0.05543942],
       [ 0.82231858,  0.56317178,  0.08142297,  0.12808621],
       [-0.09853448,  0.        ,  0.99513364,  0.08838317],
       [ 0.        ,  0.        ,  0.        ,  1.        ]])]","[array([[-0.86112501, -0.50672108,  0.04120026, -0.02216764],
       [ 0.5061421 , -0.86211005, -0.02421621,  0.16591167],
       [ 0.04779003, -0.        ,  0.9988574 ,  0.08232428],
       [ 0.        ,  0.        ,  0.        ,  1.        ]])]","[array([[-0.86112501, -0.50672108,  0.04120026, -0.02216764],
       [ 0.5061421 , -0.86211005, -0.02421621,  0.16591167],
       [ 0.04779003, -0.        ,  0.9988574 ,  0.08232428],
       [ 0.        ,  0.        ,  0.        ,  1.        ]])]"
