,LP,LD1,LD2,RP,RD1,RD2
0,"[array([[-0.88699149, -0.45933254, -0.04753651, -0.1111633 ],
       [ 0.45867431, -0.88826439,  0.02458172,  0.26534969],
       [-0.05351618,  0.        ,  0.99856698,  0.08565476],
       [ 0.        ,  0.        ,  0.        ,  1.        ]])]","[array([[ 3.80794183e-01, -9.24659558e-01,  7.00687588e-04,
        -1.67047223e-01],
       [ 9.24657993e-01,  3.80794828e-01,  1.70143455e-03,
         3.07873453e-01],
       [-1.84006592e-03, -0.00000000e+00,  9.99998307e-01,
         8.26935141e-02],
       [ 0.00000000e+00,  0.00000000e+00,  0.00000000e+00,
         1.00000000e+00]])]","[array([[ 3.80794183e-01, -9.24659558e-01,  7.00687588e-04,
        -1.67047223e-01],
       [ 9.24657993e-01,  3.80794828e-01,  1.70143455e-03,
         3.07873453e-01],
       [-1.84006592e-03, -0.00000000e+00,  9.99998307e-01,
         8.26935141e-02],
       [ 0.00000000e+00,  0.00000000e+00,  0.00000000e+00,
         1.00000000e+00]])]","[array([[ 0.04709303, -0.99888993, -0.00107748, -0.05870303],
       [ 0.99862858,  0.04710536, -0.02284837,  0.27517578],
       [ 0.02287376,  0.        ,  0.99973836,  0.08508363],
       [ 0.        ,  0.        ,  0.        ,  1.        ]])]","[array([[-0.69164329, -0.72223742, -0.00163564, -0.05714351],
       [ 0.7222354 , -0.69164522,  0.00170798,  0.33292979],
       [-0.00236485, -0.        ,  0.9999972 ,  0.0837962 ],
       [ 0.        ,  0.        ,  0.        ,  1.        ]])]","[array([[-0.69164329, -0.72223742, -0.00163564, -0.05714351],
       [ 0.7222354 , -0.69164522,  0.00170798,  0.33292979],
       [-0.00236485, -0.        ,  0.9999972 ,  0.0837962 ],
       [ 0.        ,  0.        ,  0.        ,  1.        ]])]"
1,"[array([[-0.88885981, -0.45623274, -0.04218905, -0.11107619],
       [ 0.4557197 , -0.88986049,  0.02163039,  0.26539772],
       [-0.04741086,  0.        ,  0.99887547,  0.085514  ],
       [ 0.        ,  0.        ,  0.        ,  1.        ]])]","[array([[ 3.80769364e-01, -9.24669858e-01,  5.87062423e-04,
        -1.67044480e-01],
       [ 9.24668759e-01,  3.80769817e-01,  1.42563539e-03,
         3.07869998e-01],
       [-1.54177773e-03, -0.00000000e+00,  9.99998811e-01,
         8.26790285e-02],
       [ 0.00000000e+00,  0.00000000e+00,  0.00000000e+00,
         1.00000000e+00]])]","[array([[ 3.80769364e-01, -9.24669858e-01,  5.87062423e-04,
        -1.67044480e-01],
       [ 9.24668759e-01,  3.80769817e-01,  1.42563539e-03,
         3.07869998e-01],
       [-1.54177773e-03, -0.00000000e+00,  9.99998811e-01,
         8.26790285e-02],
       [ 0.00000000e+00,  0.00000000e+00,  0.00000000e+00,
         1.00000000e+00]])]","[array([[ 0.04702336, -0.99889322, -0.00106369, -0.0587005 ],
       [ 0.99863776,  0.04703539, -0.02258975,  0.27517195],
       [ 0.02261478,  0.        ,  0.99974425,  0.08509143],
       [ 0.        ,  0.        ,  0.        ,  1.        ]])]","[array([[-0.69156669, -0.72231068, -0.00167019, -0.05714395],
       [ 0.72230858, -0.69156871,  0.00174443,  0.33292852],
       [-0.00241507, -0.        ,  0.99999708,  0.0837998 ],
       [ 0.        ,  0.        ,  0.        ,  1.        ]])]","[array([[-0.69156669, -0.72231068, -0.00167019, -0.05714395],
       [ 0.72230858, -0.69156871,  0.00174443,  0.33292852],
       [-0.00241507, -0.        ,  0.99999708,  0.0837998 ],
       [ 0.        ,  0.        ,  0.        ,  1.        ]])]"
2,"[array([[-0.88893845, -0.45610939, -0.04186472, -0.11107502],
       [ 0.45560441, -0.88992372,  0.02145678,  0.26540558],
       [-0.04704305,  0.        ,  0.99889286,  0.08549676],
       [ 0.        ,  0.        ,  0.        ,  1.        ]])]","[array([[ 3.80464209e-01, -9.24795504e-01,  5.11027053e-04,
        -1.67030342e-01],
       [ 9.24794670e-01,  3.80464552e-01,  1.24215389e-03,
         3.07869620e-01],
       [-1.34316601e-03, -0.00000000e+00,  9.99999098e-01,
         8.26717127e-02],
       [ 0.00000000e+00,  0.00000000e+00,  0.00000000e+00,
         1.00000000e+00]])]","[array([[ 3.80464209e-01, -9.24795504e-01,  5.11027053e-04,
        -1.67030342e-01],
       [ 9.24794670e-01,  3.80464552e-01,  1.24215389e-03,
         3.07869620e-01],
       [-1.34316601e-03, -0.00000000e+00,  9.99999098e-01,
         8.26717127e-02],
       [ 0.00000000e+00,  0.00000000e+00,  0.00000000e+00,
         1.00000000e+00]])]","[array([[ 0.04683751, -0.99890196, -0.00106264, -0.05869542],
       [ 0.99864497,  0.04684957, -0.02265701,  0.27517314],
       [ 0.02268191,  0.        ,  0.99974273,  0.08508793],
       [ 0.        ,  0.        ,  0.        ,  1.        ]])]","[array([[-0.69177228, -0.72211387, -0.00163589, -0.05713471],
       [ 0.72211185, -0.69177422,  0.00170764,  0.33293495],
       [-0.00236478, -0.        ,  0.9999972 ,  0.0837982 ],
       [ 0.        ,  0.        ,  0.        ,  1.        ]])]","[array([[-0.69177228, -0.72211387, -0.00163589, -0.05713471],
       [ 0.72211185, -0.69177422,  0.00170764,  0.33293495],
       [-0.00236478, -0.        ,  0.9999972 ,  0.0837982 ],
       [ 0.        ,  0.        ,  0.        ,  1.        ]])]"
3,"[array([[-0.88904419, -0.45590853, -0.04180709, -0.11106337],
       [ 0.45540529, -0.89002663,  0.02141533,  0.26541087],
       [-0.04697286,  0.        ,  0.99889617,  0.08549119],
       [ 0.        ,  0.        ,  0.        ,  1.        ]])]","[array([[ 3.80839328e-01, -9.24641007e-01,  6.44111708e-04,
        -1.67046575e-01],
       [ 9.24639684e-01,  3.80839872e-01,  1.56383861e-03,
         3.07878237e-01],
       [-1.69129273e-03, -0.00000000e+00,  9.99998570e-01,
         8.26857831e-02],
       [ 0.00000000e+00,  0.00000000e+00,  0.00000000e+00,
         1.00000000e+00]])]","[array([[ 3.80839328e-01, -9.24641007e-01,  6.44111708e-04,
        -1.67046575e-01],
       [ 9.24639684e-01,  3.80839872e-01,  1.56383861e-03,
         3.07878237e-01],
       [-1.69129273e-03, -0.00000000e+00,  9.99998570e-01,
         8.26857831e-02],
       [ 0.00000000e+00,  0.00000000e+00,  0.00000000e+00,
         1.00000000e+00]])]","[array([[ 0.04688958, -0.99889952, -0.00105753, -0.05869356],
       [ 0.99864556,  0.0469015 , -0.02252318,  0.27517359],
       [ 0.02254799,  0.        ,  0.99974576,  0.08509492],
       [ 0.        ,  0.        ,  0.        ,  1.        ]])]","[array([[-0.69161549, -0.72226362, -0.00180976, -0.05714375],
       [ 0.72226115, -0.69161786,  0.00188995,  0.33293035],
       [-0.00261671, -0.        ,  0.99999658,  0.08381121],
       [ 0.        ,  0.        ,  0.        ,  1.        ]])]","[array([[-0.69161549, -0.72226362, -0.00180976, -0.05714375],
       [ 0.72226115, -0.69161786,  0.00188995,  0.33293035],
       [-0.00261671, -0.        ,  0.99999658,  0.08381121],
       [ 0.        ,  0.        ,  0.        ,  1.        ]])]"
4,"[array([[-0.88902058, -0.45595936, -0.04175497, -0.11106848],
       [ 0.45545728, -0.8900006 ,  0.02139164,  0.265408  ],
       [-0.04691567,  0.        ,  0.99889885,  0.08549491],
       [ 0.        ,  0.        ,  0.        ,  1.        ]])]","[array([[ 3.80694249e-01, -9.24700761e-01,  6.24935857e-04,
        -1.67039231e-01],
       [ 9.24699516e-01,  3.80694762e-01,  1.51795801e-03,
         3.07872682e-01],
       [-1.64156673e-03, -0.00000000e+00,  9.99998653e-01,
         8.26822018e-02],
       [ 0.00000000e+00,  0.00000000e+00,  0.00000000e+00,
         1.00000000e+00]])]","[array([[ 3.80694249e-01, -9.24700761e-01,  6.24935857e-04,
        -1.67039231e-01],
       [ 9.24699516e-01,  3.80694762e-01,  1.51795801e-03,
         3.07872682e-01],
       [-1.64156673e-03, -0.00000000e+00,  9.99998653e-01,
         8.26822018e-02],
       [ 0.00000000e+00,  0.00000000e+00,  0.00000000e+00,
         1.00000000e+00]])]","[array([[ 0.04624334, -0.99892969, -0.0010146 , -0.05868035],
       [ 0.99868934,  0.04625447, -0.02191164,  0.27516887],
       [ 0.02193512,  0.        ,  0.9997594 ,  0.08510765],
       [ 0.        ,  0.        ,  0.        ,  1.        ]])]","[array([[-0.69172057, -0.72216308, -0.00177498, -0.05713403],
       [ 0.7221607 , -0.69172284,  0.00185309,  0.3329301 ],
       [-0.00256603, -0.        ,  0.99999671,  0.0838066 ],
       [ 0.        ,  0.        ,  0.        ,  1.        ]])]","[array([[-0.69172057, -0.72216308, -0.00177498, -0.05713403],
       [ 0.7221607 , -0.69172284,  0.00185309,  0.3329301 ],
       [-0.00256603, -0.        ,  0.99999671,  0.0838066 ],
       [ 0.        ,  0.        ,  0.        ,  1.        ]])]"
5,"[array([[-0.88887807, -0.45621109, -0.04203825, -0.11107853],
       [ 0.45570175, -0.88987159,  0.02155178,  0.26540199],
       [-0.04724081,  0.        ,  0.99888353,  0.08550619],
       [ 0.        ,  0.        ,  0.        ,  1.        ]])]","[array([[ 3.80591755e-01, -9.24742988e-01,  5.67965933e-04,
        -1.67037161e-01],
       [ 9.24741958e-01,  3.80592179e-01,  1.38001395e-03,
         3.07869871e-01],
       [-1.49232161e-03, -0.00000000e+00,  9.99998886e-01,
         8.26744558e-02],
       [ 0.00000000e+00,  0.00000000e+00,  0.00000000e+00,
         1.00000000e+00]])]","[array([[ 3.80591755e-01, -9.24742988e-01,  5.67965933e-04,
        -1.67037161e-01],
       [ 9.24741958e-01,  3.80592179e-01,  1.38001395e-03,
         3.07869871e-01],
       [-1.49232161e-03, -0.00000000e+00,  9.99998886e-01,
         8.26744558e-02],
       [ 0.00000000e+00,  0.00000000e+00,  0.00000000e+00,
         1.00000000e+00]])]","[array([[ 0.04690731, -0.99889867, -0.00107037, -0.05869695],
       [ 0.99863871,  0.04691952, -0.02278772,  0.2751749 ],
       [ 0.02281285,  0.        ,  0.99973975,  0.08508599],
       [ 0.        ,  0.        ,  0.        ,  1.        ]])]","[array([[-0.69169211, -0.72219033, -0.00177522, -0.05714031],
       [ 0.72218795, -0.69169439,  0.00185349,  0.33293263],
       [-0.00256648, -0.        ,  0.99999671,  0.08380661],
       [ 0.        ,  0.        ,  0.        ,  1.        ]])]","[array([[-0.69169211, -0.72219033, -0.00177522, -0.05714031],
       [ 0.72218795, -0.69169439,  0.00185349,  0.33293263],
       [-0.00256648, -0.        ,  0.99999671,  0.08380661],
       [ 0.        ,  0.        ,  0.        ,  1.        ]])]"
6,"[array([[-0.88890509, -0.45613731, -0.04226703, -0.11108009],
       [ 0.45562252, -0.88990941,  0.02166464,  0.26540434],
       [-0.04749588,  0.        ,  0.99887143,  0.08551391],
       [ 0.        ,  0.        ,  0.        ,  1.        ]])]","[array([[ 3.80864238e-01, -9.24630705e-01,  7.00945422e-04,
        -1.67050321e-01],
       [ 9.24629139e-01,  3.80864883e-01,  1.70169446e-03,
         3.07875685e-01],
       [-1.84040444e-03, -0.00000000e+00,  9.99998306e-01,
         8.26925249e-02],
       [ 0.00000000e+00,  0.00000000e+00,  0.00000000e+00,
         1.00000000e+00]])]","[array([[ 3.80864238e-01, -9.24630705e-01,  7.00945422e-04,
        -1.67050321e-01],
       [ 9.24629139e-01,  3.80864883e-01,  1.70169446e-03,
         3.07875685e-01],
       [-1.84040444e-03, -0.00000000e+00,  9.99998306e-01,
         8.26925249e-02],
       [ 0.00000000e+00,  0.00000000e+00,  0.00000000e+00,
         1.00000000e+00]])]","[array([[ 0.04623406, -0.9989301 , -0.00103199, -0.05868615],
       [ 0.99868135,  0.04624558, -0.02229159,  0.27516897],
       [ 0.02231547,  0.        ,  0.99975098,  0.08509413],
       [ 0.        ,  0.        ,  0.        ,  1.        ]])]","[array([[-0.69156419, -0.72231282, -0.00177482, -0.05714806],
       [ 0.72231044, -0.69156647,  0.00185373,  0.33293049],
       [-0.00256638, -0.        ,  0.99999671,  0.08380461],
       [ 0.        ,  0.        ,  0.        ,  1.        ]])]","[array([[-0.69156419, -0.72231282, -0.00177482, -0.05714806],
       [ 0.72231044, -0.69156647,  0.00185373,  0.33293049],
       [-0.00256638, -0.        ,  0.99999671,  0.08380461],
       [ 0.        ,  0.        ,  0.        ,  1.        ]])]"
7,"[array([[-0.88899174, -0.45598477, -0.04208999, -0.11107241],
       [ 0.45547455, -0.88998758,  0.02156479,  0.26540776],
       [-0.04729278,  0.        ,  0.99888107,  0.08550836],
       [ 0.        ,  0.        ,  0.        ,  1.        ]])]","[array([[ 3.80921624e-01, -9.24607020e-01,  7.57710554e-04,
        -1.67050039e-01],
       [ 9.24605191e-01,  3.80922378e-01,  1.83917915e-03,
         3.07873706e-01],
       [-1.98914686e-03, -0.00000000e+00,  9.99998022e-01,
         8.26972549e-02],
       [ 0.00000000e+00,  0.00000000e+00,  0.00000000e+00,
         1.00000000e+00]])]","[array([[ 3.80921624e-01, -9.24607020e-01,  7.57710554e-04,
        -1.67050039e-01],
       [ 9.24605191e-01,  3.80922378e-01,  1.83917915e-03,
         3.07873706e-01],
       [-1.98914686e-03, -0.00000000e+00,  9.99998022e-01,
         8.26972549e-02],
       [ 0.00000000e+00,  0.00000000e+00,  0.00000000e+00,
         1.00000000e+00]])]","[array([[ 0.04609742, -0.99893643, -0.00101988, -0.05867914],
       [ 0.99869203,  0.0461087 , -0.02209554,  0.27516651],
       [ 0.02211907,  0.        ,  0.99975534,  0.08509953],
       [ 0.        ,  0.        ,  0.        ,  1.        ]])]","[array([[-0.69148689, -0.72238716, -0.00163549, -0.05715354],
       [ 0.72238514, -0.69148882,  0.00170857,  0.33292918],
       [-0.00236518, -0.        ,  0.9999972 ,  0.08379821],
       [ 0.        ,  0.        ,  0.        ,  1.        ]])]","[array([[-0.69148689, -0.72238716, -0.00163549, -0.05715354],
       [ 0.72238514, -0.69148882,  0.00170857,  0.33292918],
       [-0.00236518, -0.        ,  0.9999972 ,  0.08379821],
       [ 0.        ,  0.        ,  0.        ,  1.        ]])]"
8,"[array([[-0.88739745, -0.45865569, -0.04648364, -0.11113551],
       [ 0.45802773, -0.88861407,  0.0239924 ,  0.26536919],
       [-0.05231027,  0.        ,  0.99863088,  0.08561175],
       [ 0.        ,  0.        ,  0.        ,  1.        ]])]","[array([[ 3.80566776e-01, -9.24753290e-01,  5.30101167e-04,
        -1.67034413e-01],
       [ 9.24752393e-01,  3.80567146e-01,  1.28811119e-03,
         3.07870426e-01],
       [-1.39292415e-03, -0.00000000e+00,  9.99999030e-01,
         8.26722950e-02],
       [ 0.00000000e+00,  0.00000000e+00,  0.00000000e+00,
         1.00000000e+00]])]","[array([[ 3.80566776e-01, -9.24753290e-01,  5.30101167e-04,
        -1.67034413e-01],
       [ 9.24752393e-01,  3.80567146e-01,  1.28811119e-03,
         3.07870426e-01],
       [-1.39292415e-03, -0.00000000e+00,  9.99999030e-01,
         8.26722950e-02],
       [ 0.00000000e+00,  0.00000000e+00,  0.00000000e+00,
         1.00000000e+00]])]","[array([[ 0.04691072, -0.99889853, -0.00105247, -0.05869802],
       [ 0.99864722,  0.04692253, -0.02240528,  0.27517674],
       [ 0.02242999,  0.        ,  0.99974842,  0.08509657],
       [ 0.        ,  0.        ,  0.        ,  1.        ]])]","[array([[-0.69158848, -0.72228982, -0.00167066, -0.05714797],
       [ 0.72228772, -0.69159049,  0.00174482,  0.33293188],
       [-0.00241568, -0.        ,  0.99999708,  0.08380082],
       [ 0.        ,  0.        ,  0.        ,  1.        ]])]","[array([[-0.69158848, -0.72228982, -0.00167066, -0.05714797],
       [ 0.72228772, -0.69159049,  0.00174482,  0.33293188],
       [-0.00241568, -0.        ,  0.99999708,  0.08380082],
       [ 0.        ,  0.        ,  0.        ,  1.        ]])]"
9,"[array([[-0.88910088, -0.45581173, -0.04165679, -0.111068  ],
       [ 0.45531225, -0.89007622,  0.02133261,  0.26541339],
       [-0.04680137,  0.        ,  0.99890422,  0.08549335],
       [ 0.        ,  0.        ,  0.        ,  1.        ]])]","[array([[ 3.80546647e-01, -9.24761502e-01,  6.43458253e-04,
        -1.67031810e-01],
       [ 9.24760180e-01,  3.80547191e-01,  1.56365737e-03,
         3.07867089e-01],
       [-1.69087637e-03, -0.00000000e+00,  9.99998570e-01,
         8.26847699e-02],
       [ 0.00000000e+00,  0.00000000e+00,  0.00000000e+00,
         1.00000000e+00]])]","[array([[ 3.80546647e-01, -9.24761502e-01,  6.43458253e-04,
        -1.67031810e-01],
       [ 9.24760180e-01,  3.80547191e-01,  1.56365737e-03,
         3.07867089e-01],
       [-1.69087637e-03, -0.00000000e+00,  9.99998570e-01,
         8.26847699e-02],
       [ 0.00000000e+00,  0.00000000e+00,  0.00000000e+00,
         1.00000000e+00]])]","[array([[ 0.04690717, -0.99889867, -0.00107638, -0.05869795],
       [ 0.99863578,  0.04691952, -0.02291567,  0.27517397],
       [ 0.02294094,  0.        ,  0.99973682,  0.08508112],
       [ 0.        ,  0.        ,  0.        ,  1.        ]])]","[array([[-0.69159277, -0.72228555, -0.00173979, -0.05714178],
       [ 0.72228327, -0.69159496,  0.00181699,  0.33292896],
       [-0.00251561, -0.        ,  0.99999684,  0.083807  ],
       [ 0.        ,  0.        ,  0.        ,  1.        ]])]","[array([[-0.69159277, -0.72228555, -0.00173979, -0.05714178],
       [ 0.72228327, -0.69159496,  0.00181699,  0.33292896],
       [-0.00251561, -0.        ,  0.99999684,  0.083807  ],
       [ 0.        ,  0.        ,  0.        ,  1.        ]])]"
10,"[array([[-0.88899093, -0.45600773, -0.04185786, -0.11106669],
       [ 0.45550309, -0.88997581,  0.02144722,  0.26540726],
       [-0.04703259,  0.        ,  0.99889336,  0.08549753],
       [ 0.        ,  0.        ,  0.        ,  1.        ]])]","[array([[ 3.80591783e-01, -9.24742988e-01,  5.49033775e-04,
        -1.67034162e-01],
       [ 9.24742026e-01,  3.80592179e-01,  1.33401358e-03,
         3.07867868e-01],
       [-1.44257766e-03, -0.00000000e+00,  9.99998959e-01,
         8.26758740e-02],
       [ 0.00000000e+00,  0.00000000e+00,  0.00000000e+00,
         1.00000000e+00]])]","[array([[ 3.80591783e-01, -9.24742988e-01,  5.49033775e-04,
        -1.67034162e-01],
       [ 9.24742026e-01,  3.80592179e-01,  1.33401358e-03,
         3.07867868e-01],
       [-1.44257766e-03, -0.00000000e+00,  9.99998959e-01,
         8.26758740e-02],
       [ 0.00000000e+00,  0.00000000e+00,  0.00000000e+00,
         1.00000000e+00]])]","[array([[ 0.04690738, -0.99889867, -0.00106736, -0.05869895],
       [ 0.99864017,  0.04691952, -0.02272374,  0.27517487],
       [ 0.0227488 ,  0.        ,  0.99974121,  0.08508843],
       [ 0.        ,  0.        ,  0.        ,  1.        ]])]","[array([[-0.6914868 , -0.72238716, -0.00167029, -0.05715154],
       [ 0.72238506, -0.69148882,  0.00174493,  0.33292718],
       [-0.0024155 , -0.        ,  0.99999708,  0.08380281],
       [ 0.        ,  0.        ,  0.        ,  1.        ]])]","[array([[-0.6914868 , -0.72238716, -0.00167029, -0.05715154],
       [ 0.72238506, -0.69148882,  0.00174493,  0.33292718],
       [-0.0024155 , -0.        ,  0.99999708,  0.08380281],
       [ 0.        ,  0.        ,  0.        ,  1.        ]])]"
11,"[array([[-0.88736212, -0.45870677, -0.04665379, -0.11113388],
       [ 0.4580741 , -0.8885877 ,  0.02408362,  0.26536946],
       [-0.0525033 ,  0.        ,  0.99862075,  0.08561607],
       [ 0.        ,  0.        ,  0.        ,  1.        ]])]","[array([[ 3.80601768e-01, -9.24738878e-01,  5.49134357e-04,
        -1.67035461e-01],
       [ 9.24737916e-01,  3.80602164e-01,  1.33421703e-03,
         3.07872044e-01],
       [-1.44280409e-03, -0.00000000e+00,  9.99998959e-01,
         8.26748812e-02],
       [ 0.00000000e+00,  0.00000000e+00,  0.00000000e+00,
         1.00000000e+00]])]","[array([[ 3.80601768e-01, -9.24738878e-01,  5.49134357e-04,
        -1.67035461e-01],
       [ 9.24737916e-01,  3.80602164e-01,  1.33421703e-03,
         3.07872044e-01],
       [-1.44280409e-03, -0.00000000e+00,  9.99998959e-01,
         8.26748812e-02],
       [ 0.00000000e+00,  0.00000000e+00,  0.00000000e+00,
         1.00000000e+00]])]","[array([[ 0.04715107, -0.99888719, -0.00107262, -0.05870331],
       [ 0.99862883,  0.04716326, -0.02271739,  0.27517729],
       [ 0.0227427 ,  0.        ,  0.99974135,  0.08508856],
       [ 0.        ,  0.        ,  0.        ,  1.        ]])]","[array([[-0.69171631, -0.72216731, -0.00170585, -0.05713522],
       [ 0.72216512, -0.69171842,  0.00178094,  0.33293502],
       [-0.0024661 , -0.        ,  0.99999696,  0.08380342],
       [ 0.        ,  0.        ,  0.        ,  1.        ]])]","[array([[-0.69171631, -0.72216731, -0.00170585, -0.05713522],
       [ 0.72216512, -0.69171842,  0.00178094,  0.33293502],
       [-0.0024661 , -0.        ,  0.99999696,  0.08380342],
       [ 0.        ,  0.        ,  0.        ,  1.        ]])]"
12,"[array([[-0.88890079, -0.45616149, -0.04209621, -0.11107346],
       [ 0.45565082, -0.88989702,  0.02157853,  0.26540284],
       [-0.04730459,  0.        ,  0.99888051,  0.08550362],
       [ 0.        ,  0.        ,  0.        ,  1.        ]])]","[array([[ 3.80819156e-01, -9.24649259e-01,  7.19625563e-04,
        -1.67045971e-01],
       [ 9.24647608e-01,  3.80819836e-01,  1.74728620e-03,
         3.07871895e-01],
       [-1.88967458e-03, -0.00000000e+00,  9.99998215e-01,
         8.26900917e-02],
       [ 0.00000000e+00,  0.00000000e+00,  0.00000000e+00,
         1.00000000e+00]])]","[array([[ 3.80819156e-01, -9.24649259e-01,  7.19625563e-04,
        -1.67045971e-01],
       [ 9.24647608e-01,  3.80819836e-01,  1.74728620e-03,
         3.07871895e-01],
       [-1.88967458e-03, -0.00000000e+00,  9.99998215e-01,
         8.26900917e-02],
       [ 0.00000000e+00,  0.00000000e+00,  0.00000000e+00,
         1.00000000e+00]])]","[array([[ 0.04651513, -0.99891704, -0.00104335, -0.05868433],
       [ 0.99866585,  0.04652683, -0.02240037,  0.27516581],
       [ 0.02242465,  0.        ,  0.99974854,  0.08509969],
       [ 0.        ,  0.        ,  0.        ,  1.        ]])]","[array([[-0.69166612, -0.72221547, -0.00167079, -0.05714248],
       [ 0.72221336, -0.69166814,  0.00174458,  0.33293118],
       [-0.0024156 , -0.        ,  0.99999708,  0.08380082],
       [ 0.        ,  0.        ,  0.        ,  1.        ]])]","[array([[-0.69166612, -0.72221547, -0.00167079, -0.05714248],
       [ 0.72221336, -0.69166814,  0.00174458,  0.33293118],
       [-0.0024156 , -0.        ,  0.99999708,  0.08380082],
       [ 0.        ,  0.        ,  0.        ,  1.        ]])]"
13,"[array([[-0.88707179, -0.45920637, -0.04725627, -0.11114906],
       [ 0.45855616, -0.88832962,  0.0244283 ,  0.26535359],
       [-0.05319677,  0.        ,  0.99858405,  0.08564061],
       [ 0.        ,  0.        ,  0.        ,  1.        ]])]","[array([[ 3.80804329e-01, -9.24655435e-01,  6.25052293e-04,
        -1.67042527e-01],
       [ 9.24654189e-01,  3.80804842e-01,  1.51772755e-03,
         3.07877619e-01],
       [-1.64139797e-03, -0.00000000e+00,  9.99998653e-01,
         8.26841965e-02],
       [ 0.00000000e+00,  0.00000000e+00,  0.00000000e+00,
         1.00000000e+00]])]","[array([[ 3.80804329e-01, -9.24655435e-01,  6.25052293e-04,
        -1.67042527e-01],
       [ 9.24654189e-01,  3.80804842e-01,  1.51772755e-03,
         3.07877619e-01],
       [-1.64139797e-03, -0.00000000e+00,  9.99998653e-01,
         8.26841965e-02],
       [ 0.00000000e+00,  0.00000000e+00,  0.00000000e+00,
         1.00000000e+00]])]","[array([[ 0.04702903, -0.99889294, -0.00107903, -0.05869963],
       [ 0.99863012,  0.04704141, -0.02291247,  0.27517918],
       [ 0.02293787,  0.        ,  0.99973689,  0.08508019],
       [ 0.        ,  0.        ,  0.        ,  1.        ]])]","[array([[-0.69166603, -0.72221547, -0.0017056 , -0.05714148],
       [ 0.72221328, -0.69166814,  0.00178093,  0.33293818],
       [-0.00246592, -0.        ,  0.99999696,  0.08380542],
       [ 0.        ,  0.        ,  0.        ,  1.        ]])]","[array([[-0.69166603, -0.72221547, -0.0017056 , -0.05714148],
       [ 0.72221328, -0.69166814,  0.00178093,  0.33293818],
       [-0.00246592, -0.        ,  0.99999696,  0.08380542],
       [ 0.        ,  0.        ,  0.        ,  1.        ]])]"
14,"[array([[-0.88718207, -0.45903242, -0.04687436, -0.11114862],
       [ 0.45839305, -0.88841952,  0.02421925,  0.26535722],
       [-0.05276152,  0.        ,  0.99860714,  0.08562886],
       [ 0.        ,  0.        ,  0.        ,  1.        ]])]","[array([[ 3.80606770e-01, -9.24736796e-01,  5.86791097e-04,
        -1.67033611e-01],
       [ 9.24735697e-01,  3.80607223e-01,  1.42568844e-03,
         3.07867137e-01],
       [-1.54172349e-03, -0.00000000e+00,  9.99998812e-01,
         8.26790268e-02],
       [ 0.00000000e+00,  0.00000000e+00,  0.00000000e+00,
         1.00000000e+00]])]","[array([[ 3.80606770e-01, -9.24736796e-01,  5.86791097e-04,
        -1.67033611e-01],
       [ 9.24735697e-01,  3.80607223e-01,  1.42568844e-03,
         3.07867137e-01],
       [-1.54172349e-03, -0.00000000e+00,  9.99998812e-01,
         8.26790268e-02],
       [ 0.00000000e+00,  0.00000000e+00,  0.00000000e+00,
         1.00000000e+00]])]","[array([[ 0.04698034, -0.99889524, -0.00106923, -0.05870055],
       [ 0.99863664,  0.0469925 , -0.02272796,  0.2751746 ],
       [ 0.0227531 ,  0.        ,  0.99974111,  0.08509033],
       [ 0.        ,  0.        ,  0.        ,  1.        ]])]","[array([[-0.69158991, -0.72228876, -0.00153133, -0.05714591],
       [ 0.72228698, -0.69159161,  0.0015993 ,  0.33292989],
       [-0.00221421, -0.        ,  0.99999755,  0.08379241],
       [ 0.        ,  0.        ,  0.        ,  1.        ]])]","[array([[-0.69158991, -0.72228876, -0.00153133, -0.05714591],
       [ 0.72228698, -0.69159161,  0.0015993 ,  0.33292989],
       [-0.00221421, -0.        ,  0.99999755,  0.08379241],
       [ 0.        ,  0.        ,  0.        ,  1.        ]])]"
15,"[array([[-0.88891821, -0.45618441, -0.04147521, -0.11107633],
       [ 0.45568867, -0.88988526,  0.02126155,  0.26540313],
       [-0.04660737,  0.        ,  0.99891329,  0.08548701],
       [ 0.        ,  0.        ,  0.        ,  1.        ]])]","[array([[ 3.80591634e-01, -9.24742988e-01,  6.43694520e-04,
        -1.67035157e-01],
       [ 9.24741665e-01,  3.80592179e-01,  1.56401531e-03,
         3.07869880e-01],
       [-1.69129729e-03, -0.00000000e+00,  9.99998570e-01,
         8.26857833e-02],
       [ 0.00000000e+00,  0.00000000e+00,  0.00000000e+00,
         1.00000000e+00]])]","[array([[ 3.80591634e-01, -9.24742988e-01,  6.43694520e-04,
        -1.67035157e-01],
       [ 9.24741665e-01,  3.80592179e-01,  1.56401531e-03,
         3.07869880e-01],
       [-1.69129729e-03, -0.00000000e+00,  9.99998570e-01,
         8.26857833e-02],
       [ 0.00000000e+00,  0.00000000e+00,  0.00000000e+00,
         1.00000000e+00]])]","[array([[ 0.04715395, -0.99888705, -0.0010788 , -0.05870437],
       [ 0.99862574,  0.04716628, -0.02284677,  0.27517738],
       [ 0.02287223,  0.        ,  0.9997384 ,  0.08508266],
       [ 0.        ,  0.        ,  0.        ,  1.        ]])]","[array([[-0.69163987, -0.72224061, -0.00167079, -0.05714166],
       [ 0.7222385 , -0.69164189,  0.0017447 ,  0.33293274],
       [-0.00241568, -0.        ,  0.99999708,  0.08380282],
       [ 0.        ,  0.        ,  0.        ,  1.        ]])]","[array([[-0.69163987, -0.72224061, -0.00167079, -0.05714166],
       [ 0.7222385 , -0.69164189,  0.0017447 ,  0.33293274],
       [-0.00241568, -0.        ,  0.99999708,  0.08380282],
       [ 0.        ,  0.        ,  0.        ,  1.        ]])]"
16,"[array([[-0.88895157, -0.45608397, -0.04186301, -0.11107444],
       [ 0.45557908, -0.88993675,  0.02145439,  0.265405  ],
       [-0.04704043,  0.        ,  0.99889299,  0.08550271],
       [ 0.        ,  0.        ,  0.        ,  1.        ]])]","[array([[ 3.80521617e-01, -9.24771802e-01,  6.43457700e-04,
        -1.67036061e-01],
       [ 9.24770480e-01,  3.80522161e-01,  1.56377630e-03,
         3.07864648e-01],
       [-1.69098614e-03, -0.00000000e+00,  9.99998570e-01,
         8.26867734e-02],
       [ 0.00000000e+00,  0.00000000e+00,  0.00000000e+00,
         1.00000000e+00]])]","[array([[ 3.80521617e-01, -9.24771802e-01,  6.43457700e-04,
        -1.67036061e-01],
       [ 9.24770480e-01,  3.80522161e-01,  1.56377630e-03,
         3.07864648e-01],
       [-1.69098614e-03, -0.00000000e+00,  9.99998570e-01,
         8.26867734e-02],
       [ 0.00000000e+00,  0.00000000e+00,  0.00000000e+00,
         1.00000000e+00]])]","[array([[ 0.04690451, -0.99889881, -0.00106122, -0.05869689],
       [ 0.99864325,  0.04691652, -0.02259435,  0.27517378],
       [ 0.02261925,  0.        ,  0.99974415,  0.08509333],
       [ 0.        ,  0.        ,  0.        ,  1.        ]])]","[array([[-0.69153268, -0.72234332, -0.00163619, -0.05715548],
       [ 0.7223413 , -0.69153462,  0.00170908,  0.33293095],
       [-0.00236602, -0.        ,  0.9999972 ,  0.08379924],
       [ 0.        ,  0.        ,  0.        ,  1.        ]])]","[array([[-0.69153268, -0.72234332, -0.00163619, -0.05715548],
       [ 0.7223413 , -0.69153462,  0.00170908,  0.33293095],
       [-0.00236602, -0.        ,  0.9999972 ,  0.08379924],
       [ 0.        ,  0.        ,  0.        ,  1.        ]])]"
17,"[array([[-0.88900042, -0.4559618 , -0.04215553, -0.11106996],
       [ 0.45545003, -0.88999935,  0.021597  ,  0.26540718],
       [-0.0473658 ,  0.        ,  0.99887761,  0.08551099],
       [ 0.        ,  0.        ,  0.        ,  1.        ]])]","[array([[ 3.80546614e-01, -9.24761502e-01,  6.62383439e-04,
        -1.67030809e-01],
       [ 9.24760101e-01,  3.80547191e-01,  1.60964716e-03,
         3.07867091e-01],
       [-1.74060788e-03, -0.00000000e+00,  9.99998485e-01,
         8.26863513e-02],
       [ 0.00000000e+00,  0.00000000e+00,  0.00000000e+00,
         1.00000000e+00]])]","[array([[ 3.80546614e-01, -9.24761502e-01,  6.62383439e-04,
        -1.67030809e-01],
       [ 9.24760101e-01,  3.80547191e-01,  1.60964716e-03,
         3.07867091e-01],
       [-1.74060788e-03, -0.00000000e+00,  9.99998485e-01,
         8.26863513e-02],
       [ 0.00000000e+00,  0.00000000e+00,  0.00000000e+00,
         1.00000000e+00]])]","[array([[ 0.04689851, -0.9988991 , -0.00106094, -0.05869476],
       [ 0.9986436 ,  0.04691051, -0.02259146,  0.27517071],
       [ 0.02261636,  0.        ,  0.99974422,  0.08509339],
       [ 0.        ,  0.        ,  0.        ,  1.        ]])]","[array([[-0.69159174, -0.72228662, -0.00170511, -0.05714182],
       [ 0.72228442, -0.69159384,  0.00178078,  0.33292694],
       [-0.00246548, -0.        ,  0.99999696,  0.0838044 ],
       [ 0.        ,  0.        ,  0.        ,  1.        ]])]","[array([[-0.69159174, -0.72228662, -0.00170511, -0.05714182],
       [ 0.72228442, -0.69159384,  0.00178078,  0.33292694],
       [-0.00246548, -0.        ,  0.99999696,  0.0838044 ],
       [ 0.        ,  0.        ,  0.        ,  1.        ]])]"
18,"[array([[-0.88900749, -0.45595936, -0.04203272, -0.11107177],
       [ 0.45545057, -0.8900006 ,  0.02153393,  0.26540615],
       [-0.04722774,  0.        ,  0.99888415,  0.0855089 ],
       [ 0.        ,  0.        ,  0.        ,  1.        ]])]","[array([[ 3.80666774e-01, -9.24712085e-01,  6.05831728e-04,
        -1.67041408e-01],
       [ 9.24710914e-01,  3.80667256e-01,  1.47167877e-03,
         3.07868196e-01],
       [-1.59149945e-03, -0.00000000e+00,  9.99998734e-01,
         8.26816097e-02],
       [ 0.00000000e+00,  0.00000000e+00,  0.00000000e+00,
         1.00000000e+00]])]","[array([[ 3.80666774e-01, -9.24712085e-01,  6.05831728e-04,
        -1.67041408e-01],
       [ 9.24710914e-01,  3.80667256e-01,  1.47167877e-03,
         3.07868196e-01],
       [-1.59149945e-03, -0.00000000e+00,  9.99998734e-01,
         8.26816097e-02],
       [ 0.00000000e+00,  0.00000000e+00,  0.00000000e+00,
         1.00000000e+00]])]","[array([[ 0.04704128, -0.99889237, -0.00107054, -0.05870089],
       [ 0.99863381,  0.04705346, -0.02272637,  0.2751752 ],
       [ 0.02275157,  0.        ,  0.99974115,  0.08508936],
       [ 0.        ,  0.        ,  0.        ,  1.        ]])]","[array([[-0.69140896, -0.7224615 , -0.00173975, -0.05715404],
       [ 0.72245921, -0.69141115,  0.00181788,  0.33292389],
       [-0.00251623, -0.        ,  0.99999683,  0.08380302],
       [ 0.        ,  0.        ,  0.        ,  1.        ]])]","[array([[-0.69140896, -0.7224615 , -0.00173975, -0.05715404],
       [ 0.72245921, -0.69141115,  0.00181788,  0.33292389],
       [-0.00251623, -0.        ,  0.99999683,  0.08380302],
       [ 0.        ,  0.        ,  0.        ,  1.        ]])]"
19,"[array([[-0.88880634, -0.45633572, -0.04220183, -0.11108156],
       [ 0.45582219, -0.88980768,  0.02164311,  0.26539902],
       [-0.04742803,  0.        ,  0.99887466,  0.08551239],
       [ 0.        ,  0.        ,  0.        ,  1.        ]])]","[array([[ 3.80676641e-01, -9.24707970e-01,  6.81685318e-04,
        -1.67035703e-01],
       [ 9.24706488e-01,  3.80677251e-01,  1.65589051e-03,
         3.07870381e-01],
       [-1.79071724e-03, -0.00000000e+00,  9.99998397e-01,
         8.26869448e-02],
       [ 0.00000000e+00,  0.00000000e+00,  0.00000000e+00,
         1.00000000e+00]])]","[array([[ 3.80676641e-01, -9.24707970e-01,  6.81685318e-04,
        -1.67035703e-01],
       [ 9.24706488e-01,  3.80677251e-01,  1.65589051e-03,
         3.07870381e-01],
       [-1.79071724e-03, -0.00000000e+00,  9.99998397e-01,
         8.26869448e-02],
       [ 0.00000000e+00,  0.00000000e+00,  0.00000000e+00,
         1.00000000e+00]])]","[array([[ 0.04702924, -0.99889294, -0.00106999, -0.05870063],
       [ 0.99863451,  0.04704141, -0.02272057,  0.27517308],
       [ 0.02274575,  0.        ,  0.99974128,  0.0850875 ],
       [ 0.        ,  0.        ,  0.        ,  1.        ]])]","[array([[-0.69145915, -0.72241338, -0.0017748 , -0.05715278],
       [ 0.722411  , -0.69146143,  0.00185425,  0.33292474],
       [-0.00256674, -0.        ,  0.99999671,  0.08380662],
       [ 0.        ,  0.        ,  0.        ,  1.        ]])]","[array([[-0.69145915, -0.72241338, -0.0017748 , -0.05715278],
       [ 0.722411  , -0.69146143,  0.00185425,  0.33292474],
       [-0.00256674, -0.        ,  0.99999671,  0.08380662],
       [ 0.        ,  0.        ,  0.        ,  1.        ]])]"
20,"[array([[-0.88892086, -0.45611188, -0.04220974, -0.11107645],
       [ 0.45559853, -0.88992244,  0.02163375,  0.26540373],
       [-0.0474308 ,  0.        ,  0.99887453,  0.08551245],
       [ 0.        ,  0.        ,  0.        ,  1.        ]])]","[array([[ 3.80343974e-01, -9.24844903e-01,  6.05437497e-04,
        -1.67021740e-01],
       [ 9.24843731e-01,  3.80344456e-01,  1.47218074e-03,
         3.07865519e-01],
       [-1.59181365e-03, -0.00000000e+00,  9.99998733e-01,
         8.26786197e-02],
       [ 0.00000000e+00,  0.00000000e+00,  0.00000000e+00,
         1.00000000e+00]])]","[array([[ 3.80343974e-01, -9.24844903e-01,  6.05437497e-04,
        -1.67021740e-01],
       [ 9.24843731e-01,  3.80344456e-01,  1.47218074e-03,
         3.07865519e-01],
       [-1.59181365e-03, -0.00000000e+00,  9.99998733e-01,
         8.26786197e-02],
       [ 0.00000000e+00,  0.00000000e+00,  0.00000000e+00,
         1.00000000e+00]])]","[array([[ 0.0472211 , -0.99888389, -0.00107132, -0.05870185],
       [ 0.99862692,  0.04723325, -0.02265619,  0.27517395],
       [ 0.0226815 ,  0.        ,  0.99974274,  0.08509193],
       [ 0.        ,  0.        ,  0.        ,  1.        ]])]","[array([[-0.69138139, -0.72248772, -0.00180946, -0.05715428],
       [ 0.72248524, -0.69138375,  0.00189086,  0.33291944],
       [-0.00261715, -0.        ,  0.99999658,  0.08380723],
       [ 0.        ,  0.        ,  0.        ,  1.        ]])]","[array([[-0.69138139, -0.72248772, -0.00180946, -0.05715428],
       [ 0.72248524, -0.69138375,  0.00189086,  0.33291944],
       [-0.00261715, -0.        ,  0.99999658,  0.08380723],
       [ 0.        ,  0.        ,  0.        ,  1.        ]])]"
21,"[array([[-0.88915938, -0.45570891, -0.04153306, -0.11106052],
       [ 0.45521257, -0.89012886,  0.0212632 ,  0.26541402],
       [-0.0466596 ,  0.        ,  0.99891085,  0.08548618],
       [ 0.        ,  0.        ,  0.        ,  1.        ]])]","[array([[ 3.80811729e-01, -9.24652347e-01,  6.81812851e-04,
        -1.67050749e-01],
       [ 9.24650865e-01,  3.80812340e-01,  1.65551319e-03,
         3.07870758e-01],
       [-1.79041691e-03, -0.00000000e+00,  9.99998397e-01,
         8.26919353e-02],
       [ 0.00000000e+00,  0.00000000e+00,  0.00000000e+00,
         1.00000000e+00]])]","[array([[ 3.80811729e-01, -9.24652347e-01,  6.81812851e-04,
        -1.67050749e-01],
       [ 9.24650865e-01,  3.80812340e-01,  1.65551319e-03,
         3.07870758e-01],
       [-1.79041691e-03, -0.00000000e+00,  9.99998397e-01,
         8.26919353e-02],
       [ 0.00000000e+00,  0.00000000e+00,  0.00000000e+00,
         1.00000000e+00]])]","[array([[ 0.04741832, -0.99887451, -0.00110328, -0.05870818],
       [ 0.99860425,  0.04743116, -0.02323443,  0.27518022],
       [ 0.02326061,  0.        ,  0.99972944,  0.08507796],
       [ 0.        ,  0.        ,  0.        ,  1.        ]])]","[array([[-0.69148464, -0.72238931, -0.00163572, -0.05715664],
       [ 0.72238729, -0.69148657,  0.00170882,  0.33292514],
       [-0.00236551, -0.        ,  0.9999972 ,  0.08380522],
       [ 0.        ,  0.        ,  0.        ,  1.        ]])]","[array([[-0.69148464, -0.72238931, -0.00163572, -0.05715664],
       [ 0.72238729, -0.69148657,  0.00170882,  0.33292514],
       [-0.00236551, -0.        ,  0.9999972 ,  0.08380522],
       [ 0.        ,  0.        ,  0.        ,  1.        ]])]"
22,"[array([[-0.88368134, -0.46699455, -0.03199026, -0.1116146 ],
       [ 0.46668885, -0.88426019,  0.01689466,  0.26513871],
       [-0.03617743,  0.        ,  0.99934538,  0.08507437],
       [ 0.        ,  0.        ,  0.        ,  1.        ]])]","[array([[ 3.80496447e-01, -9.24782102e-01,  7.19157724e-04,
        -1.67061306e-01],
       [ 9.24780450e-01,  3.80497127e-01,  1.74788230e-03,
         3.07853219e-01],
       [-1.89004771e-03, -0.00000000e+00,  9.99998214e-01,
         8.26971035e-02],
       [ 0.00000000e+00,  0.00000000e+00,  0.00000000e+00,
         1.00000000e+00]])]","[array([[ 3.80496447e-01, -9.24782102e-01,  7.19157724e-04,
        -1.67061306e-01],
       [ 9.24780450e-01,  3.80497127e-01,  1.74788230e-03,
         3.07853219e-01],
       [-1.89004771e-03, -0.00000000e+00,  9.99998214e-01,
         8.26971035e-02],
       [ 0.00000000e+00,  0.00000000e+00,  0.00000000e+00,
         1.00000000e+00]])]","[array([[ 0.04721766, -0.99888403, -0.00108933, -0.05871477],
       [ 0.99861831,  0.04723023, -0.02303852,  0.27517312],
       [ 0.02306426,  0.        ,  0.99973398,  0.08508236],
       [ 0.        ,  0.        ,  0.        ,  1.        ]])]","[array([[-0.6916677 , -0.72221441, -0.00146184, -0.05716542],
       [ 0.7222128 , -0.69166925,  0.0015264 ,  0.33291918],
       [-0.0021135 , -0.        ,  0.99999777,  0.08381121],
       [ 0.        ,  0.        ,  0.        ,  1.        ]])]","[array([[-0.6916677 , -0.72221441, -0.00146184, -0.05716542],
       [ 0.7222128 , -0.69166925,  0.0015264 ,  0.33291918],
       [-0.0021135 , -0.        ,  0.99999777,  0.08381121],
       [ 0.        ,  0.        ,  0.        ,  1.        ]])]"
23,"[array([[-0.88920834, -0.45558311, -0.0418636 , -0.11105899],
       [ 0.45507905, -0.89019325,  0.02142496,  0.26540928],
       [-0.04702755,  0.        ,  0.99889359,  0.08549842],
       [ 0.        ,  0.        ,  0.        ,  1.        ]])]","[array([[ 3.80429035e-01, -9.24809904e-01,  6.24473419e-04,
        -1.67046288e-01],
       [ 9.24808658e-01,  3.80429548e-01,  1.51807137e-03,
         3.07859018e-01],
       [-1.64149557e-03, -0.00000000e+00,  9.99998653e-01,
         8.26861996e-02],
       [ 0.00000000e+00,  0.00000000e+00,  0.00000000e+00,
         1.00000000e+00]])]","[array([[ 3.80429035e-01, -9.24809904e-01,  6.24473419e-04,
        -1.67046288e-01],
       [ 9.24808658e-01,  3.80429548e-01,  1.51807137e-03,
         3.07859018e-01],
       [-1.64149557e-03, -0.00000000e+00,  9.99998653e-01,
         8.26861996e-02],
       [ 0.00000000e+00,  0.00000000e+00,  0.00000000e+00,
         1.00000000e+00]])]","[array([[ 0.04690417, -0.99889881, -0.00107624, -0.05869888],
       [ 0.99863596,  0.04691652, -0.02291421,  0.27517094],
       [ 0.02293947,  0.        ,  0.99973686,  0.08508816],
