,LP,LD1,LD2,RP,RD1,RD2
0,"[array([[-0.66522766, -0.74592661, -0.03264437, -0.16503482],
       [ 0.74503009, -0.66602814,  0.03656047,  0.02236626],
       [-0.0490135 ,  0.        ,  0.99879812,  0.0846279 ],
       [ 0.        ,  0.        ,  0.        ,  1.        ]])]","[array([[ 0.74659443, -0.66521267, -0.00942662, -0.20128216],
       [ 0.66515965,  0.74665394, -0.00839841,  0.08287787],
       [ 0.01262516, -0.        ,  0.9999203 ,  0.08162552],
       [ 0.        ,  0.        ,  0.        ,  1.        ]])]","[array([[ 0.74659443, -0.66521267, -0.00942662, -0.20128216],
       [ 0.66515965,  0.74665394, -0.00839841,  0.08287787],
       [ 0.01262516, -0.        ,  0.9999203 ,  0.08162552],
       [ 0.        ,  0.        ,  0.        ,  1.        ]])]","[array([[ 0.56435183, -0.82536043,  0.01694646, -0.10669855],
       [ 0.82498857,  0.56460621,  0.0247729 ,  0.03578414],
       [-0.03001465,  0.        ,  0.99954946,  0.08510133],
       [ 0.        ,  0.        ,  0.        ,  1.        ]])]","[array([[-0.74974856, -0.66117037,  0.02703403, -0.07358209],
       [ 0.66074098, -0.75023579, -0.02382464,  0.07532869],
       [ 0.03603404, -0.        ,  0.99935056,  0.08169412],
       [ 0.        ,  0.        ,  0.        ,  1.        ]])]","[array([[-0.74974856, -0.66117037,  0.02703403, -0.07358209],
       [ 0.66074098, -0.75023579, -0.02382464,  0.07532869],
       [ 0.03603404, -0.        ,  0.99935056,  0.08169412],
       [ 0.        ,  0.        ,  0.        ,  1.        ]])]"
1,"[array([[-0.66519703, -0.74595755, -0.03256137, -0.16503685],
       [ 0.74506546, -0.66599349,  0.03647093,  0.02236486],
       [-0.04889142,  0.        ,  0.9988041 ,  0.08462517],
       [ 0.        ,  0.        ,  0.        ,  1.        ]])]","[array([[ 0.7467182 , -0.66506935, -0.009731  , -0.20128445],
       [ 0.66501288,  0.7467816 , -0.00866625,  0.08288011],
       [ 0.01303059, -0.        ,  0.9999151 ,  0.08161263],
       [ 0.        ,  0.        ,  0.        ,  1.        ]])]","[array([[ 0.7467182 , -0.66506935, -0.009731  , -0.20128445],
       [ 0.66501288,  0.7467816 , -0.00866625,  0.08288011],
       [ 0.01303059, -0.        ,  0.9999151 ,  0.08161263],
       [ 0.        ,  0.        ,  0.        ,  1.        ]])]","[array([[ 0.56429357, -0.82540107,  0.01690695, -0.10669761],
       [ 0.82503084,  0.56454679,  0.02471897,  0.03578166],
       [-0.02994783,  0.        ,  0.99955146,  0.08509783],
       [ 0.        ,  0.        ,  0.        ,  1.        ]])]","[array([[-0.74968254, -0.66124835,  0.02695759, -0.07358626],
       [ 0.66082125, -0.75016707, -0.02376225,  0.07532709],
       [ 0.03593544, -0.        ,  0.99935411,  0.08169825],
       [ 0.        ,  0.        ,  0.        ,  1.        ]])]","[array([[-0.74968254, -0.66124835,  0.02695759, -0.07358626],
       [ 0.66082125, -0.75016707, -0.02376225,  0.07532709],
       [ 0.03593544, -0.        ,  0.99935411,  0.08169825],
       [ 0.        ,  0.        ,  0.        ,  1.        ]])]"
2,"[array([[-0.66509481, -0.74604705, -0.03259897, -0.16504316],
       [ 0.74515252, -0.66589323,  0.03652293,  0.02236405],
       [-0.04895526,  0.        ,  0.99880097,  0.0846266 ],
       [ 0.        ,  0.        ,  0.        ,  1.        ]])]","[array([[ 0.74669623, -0.66510047, -0.0092789 , -0.20128789],
       [ 0.66504913,  0.74675388, -0.00826431,  0.08288383],
       [ 0.01242565, -0.        ,  0.9999228 ,  0.08163286],
       [ 0.        ,  0.        ,  0.        ,  1.        ]])]","[array([[ 0.74669623, -0.66510047, -0.0092789 , -0.20128789],
       [ 0.66504913,  0.74675388, -0.00826431,  0.08288383],
       [ 0.01242565, -0.        ,  0.9999228 ,  0.08163286],
       [ 0.        ,  0.        ,  0.        ,  1.        ]])]","[array([[ 0.56444083, -0.82530101,  0.01687594, -0.10670302],
       [ 0.82493238,  0.56469306,  0.02466425,  0.03578617],
       [-0.02988516,  0.        ,  0.99955334,  0.08509343],
       [ 0.        ,  0.        ,  0.        ,  1.        ]])]","[array([[-0.74975415, -0.66116702,  0.02696094, -0.07358586],
       [ 0.66073995, -0.75023875, -0.02376001,  0.07532769],
       [ 0.03593647, -0.        ,  0.99935408,  0.08169722],
       [ 0.        ,  0.        ,  0.        ,  1.        ]])]","[array([[-0.74975415, -0.66116702,  0.02696094, -0.07358586],
       [ 0.66073995, -0.75023875, -0.02376001,  0.07532769],
       [ 0.03593647, -0.        ,  0.99935408,  0.08169722],
       [ 0.        ,  0.        ,  0.        ,  1.        ]])]"
3,"[array([[-0.66715901, -0.74409747, -0.03489719, -0.16493275],
       [ 0.74308161, -0.66807107,  0.03886849,  0.02241166],
       [-0.05223575,  0.        ,  0.99863478,  0.08468108],
       [ 0.        ,  0.        ,  0.        ,  1.        ]])]","[array([[ 0.74671489, -0.66508162, -0.00912723, -0.2012894 ],
       [ 0.66503195,  0.74677067, -0.0081288 ,  0.08288645],
       [ 0.01222226, -0.        ,  0.99992531,  0.08164133],
       [ 0.        ,  0.        ,  0.        ,  1.        ]])]","[array([[ 0.74671489, -0.66508162, -0.00912723, -0.2012894 ],
       [ 0.66503195,  0.74677067, -0.0081288 ,  0.08288645],
       [ 0.01222226, -0.        ,  0.99992531,  0.08164133],
       [ 0.        ,  0.        ,  0.        ,  1.        ]])]","[array([[ 0.55961315, -0.82865522,  0.01279221, -0.10660465],
       [ 0.82843881,  0.55975934,  0.0189373 ,  0.03570583],
       [-0.02285305,  0.        ,  0.99973884,  0.08489691],
       [ 0.        ,  0.        ,  0.        ,  1.        ]])]","[array([[-0.74984904, -0.6610608 ,  0.0269265 , -0.07358039],
       [ 0.660635  , -0.75033234, -0.02372289,  0.07533374],
       [ 0.0358861 , -0.        ,  0.99935589,  0.08169782],
       [ 0.        ,  0.        ,  0.        ,  1.        ]])]","[array([[-0.74984904, -0.6610608 ,  0.0269265 , -0.07358039],
       [ 0.660635  , -0.75033234, -0.02372289,  0.07533374],
       [ 0.0358861 , -0.        ,  0.99935589,  0.08169782],
       [ 0.        ,  0.        ,  0.        ,  1.        ]])]"
4,"[array([[-0.66721801, -0.74417563, -0.03198043, -0.16493931],
       [ 0.74332228, -0.667984  ,  0.03562819,  0.02240626],
       [-0.04787605,  0.        ,  0.99885328,  0.08458542],
       [ 0.        ,  0.        ,  0.        ,  1.        ]])]","[array([[ 0.74671669, -0.66507856, -0.00920302, -0.20129044],
       [ 0.66502805,  0.7467734 , -0.00819624,  0.08288459],
       [ 0.01232372, -0.        ,  0.99992406,  0.08163511],
       [ 0.        ,  0.        ,  0.        ,  1.        ]])]","[array([[ 0.74671669, -0.66507856, -0.00920302, -0.20129044],
       [ 0.66502805,  0.7467734 , -0.00819624,  0.08288459],
       [ 0.01232372, -0.        ,  0.99992406,  0.08163511],
       [ 0.        ,  0.        ,  0.        ,  1.        ]])]","[array([[ 0.56773452, -0.82298883,  0.01915481, -0.10676028],
       [ 0.82252082,  0.56805756,  0.02775105,  0.03590404],
       [-0.03371983,  0.        ,  0.99943132,  0.08513332],
       [ 0.        ,  0.        ,  0.        ,  1.        ]])]","[array([[-0.74982575, -0.66108567,  0.02696428, -0.07358347],
       [ 0.66065864, -0.75031042, -0.02375777,  0.07533429],
       [ 0.0359375 , -0.        ,  0.99935404,  0.08169619],
       [ 0.        ,  0.        ,  0.        ,  1.        ]])]","[array([[-0.74982575, -0.66108567,  0.02696428, -0.07358347],
       [ 0.66065864, -0.75031042, -0.02375777,  0.07533429],
       [ 0.0359375 , -0.        ,  0.99935404,  0.08169619],
       [ 0.        ,  0.        ,  0.        ,  1.        ]])]"
5,"[array([[-0.66749128, -0.74392235, -0.03217031, -0.16492431],
       [ 0.74305985, -0.66826607,  0.03581241,  0.02240993],
       [-0.04813998,  0.        ,  0.9988406 ,  0.08459334],
       [ 0.        ,  0.        ,  0.        ,  1.        ]])]","[array([[ 0.74662673, -0.6651785 , -0.00927843, -0.20128503],
       [ 0.66512715,  0.74668438, -0.00826562,  0.08288104],
       [ 0.01242617, -0.        ,  0.99992279,  0.08163285],
       [ 0.        ,  0.        ,  0.        ,  1.        ]])]","[array([[ 0.74662673, -0.6651785 , -0.00927843, -0.20128503],
       [ 0.66512715,  0.74668438, -0.00826562,  0.08288104],
       [ 0.01242617, -0.        ,  0.99992279,  0.08163285],
       [ 0.        ,  0.        ,  0.        ,  1.        ]])]","[array([[ 0.5819653 , -0.81312095,  0.01227628, -0.10722047],
       [ 0.8129401 ,  0.58209477,  0.01714858,  0.03649623],
       [-0.02108983,  0.        ,  0.99977758,  0.08504641],
       [ 0.        ,  0.        ,  0.        ,  1.        ]])]","[array([[-0.74982864, -0.66108232,  0.0269663 , -0.07358633],
       [ 0.66065522, -0.75031338, -0.02375933,  0.07533335],
       [ 0.03594005, -0.        ,  0.99935395,  0.08169611],
       [ 0.        ,  0.        ,  0.        ,  1.        ]])]","[array([[-0.74982864, -0.66108232,  0.0269663 , -0.07358633],
       [ 0.66065522, -0.75031338, -0.02375933,  0.07533335],
       [ 0.03594005, -0.        ,  0.99935395,  0.08169611],
       [ 0.        ,  0.        ,  0.        ,  1.        ]])]"
6,"[array([[-0.66517757, -0.74597082, -0.03265475, -0.16505044],
       [ 0.74507355, -0.66597863,  0.03657699,  0.02236385],
       [-0.04903273,  0.        ,  0.99879717,  0.08463133],
       [ 0.        ,  0.        ,  0.        ,  1.        ]])]","[array([[ 0.74648179, -0.66534066, -0.00931364, -0.20129715],
       [ 0.66528888,  0.74653989, -0.00830062,  0.08287524],
       [ 0.01247574, -0.        ,  0.99992217,  0.08163227],
       [ 0.        ,  0.        ,  0.        ,  1.        ]])]","[array([[ 0.74648179, -0.66534066, -0.00931364, -0.20129715],
       [ 0.66528888,  0.74653989, -0.00830062,  0.08287524],
       [ 0.01247574, -0.        ,  0.99992217,  0.08163227],
       [ 0.        ,  0.        ,  0.        ,  1.        ]])]","[array([[ 0.57807087, -0.81597317,  0.00467457, -0.10714155],
       [ 0.81594649,  0.57808977,  0.00659816,  0.03618735],
       [-0.00808624,  0.        ,  0.99996731,  0.08416013],
       [ 0.        ,  0.        ,  0.        ,  1.        ]])]","[array([[-0.74997009, -0.66092632,  0.02685627, -0.07359769],
       [ 0.66050296, -0.75045079, -0.02365247,  0.07534031],
       [ 0.03578685, -0.        ,  0.99935945,  0.08169798],
       [ 0.        ,  0.        ,  0.        ,  1.        ]])]","[array([[-0.74997009, -0.66092632,  0.02685627, -0.07359769],
       [ 0.66050296, -0.75045079, -0.02365247,  0.07534031],
       [ 0.03578685, -0.        ,  0.99935945,  0.08169798],
       [ 0.        ,  0.        ,  0.        ,  1.        ]])]"
7,"[array([[-0.66537595, -0.74579174, -0.03270355, -0.16505896],
       [ 0.74489254, -0.66617916,  0.03661183,  0.02235362],
       [-0.04909123,  0.        ,  0.9987943 ,  0.08463664],
       [ 0.        ,  0.        ,  0.        ,  1.        ]])]","[array([[ 0.74596345, -0.66592078, -0.00938331, -0.20132228],
       [ 0.6658681 ,  0.74602247, -0.00837581,  0.0828485 ],
       [ 0.01257779, -0.        ,  0.9999209 ,  0.08162903],
       [ 0.        ,  0.        ,  0.        ,  1.        ]])]","[array([[ 0.74596345, -0.66592078, -0.00938331, -0.20132228],
       [ 0.6658681 ,  0.74602247, -0.00837581,  0.0828485 ],
       [ 0.01257779, -0.        ,  0.9999209 ,  0.08162903],
       [ 0.        ,  0.        ,  0.        ,  1.        ]])]","[array([[ 0.57163589, -0.82039184,  0.01377066, -0.10696562],
       [ 0.8201539 ,  0.57180174,  0.01975744,  0.03595429],
       [-0.02408293,  0.        ,  0.99970996,  0.08477046],
       [ 0.        ,  0.        ,  0.        ,  1.        ]])]","[array([[-0.75024569, -0.66061885,  0.02672348, -0.0736127 ],
       [ 0.66020016, -0.75072148, -0.02351609,  0.07536321],
       [ 0.03559706, -0.        ,  0.99936622,  0.08170001],
       [ 0.        ,  0.        ,  0.        ,  1.        ]])]","[array([[-0.75024569, -0.66061885,  0.02672348, -0.0736127 ],
       [ 0.66020016, -0.75072148, -0.02351609,  0.07536321],
       [ 0.03559706, -0.        ,  0.99936622,  0.08170001],
       [ 0.        ,  0.        ,  0.        ,  1.        ]])]"
8,"[array([[-0.67988623, -0.73268247, -0.03051398, -0.16458281],
       [ 0.73194566, -0.68057064,  0.03285046,  0.02248593],
       [-0.04483588,  0.        ,  0.99899437,  0.08450532],
       [ 0.        ,  0.        ,  0.        ,  1.        ]])]","[array([[ 0.74318524, -0.66902307, -0.00915565, -0.20149589],
       [ 0.66897231,  0.74324164, -0.00824139,  0.08273127],
       [ 0.01231854, -0.        ,  0.99992412,  0.08162227],
       [ 0.        ,  0.        ,  0.        ,  1.        ]])]","[array([[ 0.74318524, -0.66902307, -0.00915565, -0.20149589],
       [ 0.66897231,  0.74324164, -0.00824139,  0.08273127],
       [ 0.01231854, -0.        ,  0.99992412,  0.08162227],
       [ 0.        ,  0.        ,  0.        ,  1.        ]])]","[array([[ 0.55489709, -0.83191488,  0.00261595, -0.10670694],
       [ 0.83190564,  0.55490326,  0.00392184,  0.03555508],
       [-0.00471424,  0.        ,  0.99998889,  0.0843226 ],
       [ 0.        ,  0.        ,  0.        ,  1.        ]])]","[array([[-0.75291317, -0.65765855,  0.02463707, -0.07344817],
       [ 0.65730674, -0.75331615, -0.02150861,  0.07551655],
       [ 0.03270482, -0.        ,  0.99946505,  0.08179899],
       [ 0.        ,  0.        ,  0.        ,  1.        ]])]","[array([[-0.75291317, -0.65765855,  0.02463707, -0.07344817],
       [ 0.65730674, -0.75331615, -0.02150861,  0.07551655],
       [ 0.03270482, -0.        ,  0.99946505,  0.08179899],
       [ 0.        ,  0.        ,  0.        ,  1.        ]])]"
9,"[array([[-0.67302738, -0.73879493, -0.03487411, -0.16487798],
       [ 0.7378051 , -0.67393031,  0.03823069,  0.02237821],
       [-0.05174736,  0.        ,  0.99866021,  0.08466414],
       [ 0.        ,  0.        ,  0.        ,  1.        ]])]","[array([[ 0.73167955, -0.68148548, -0.01491909, -0.20162609],
       [ 0.68134386,  0.73183163, -0.01389273,  0.08234051],
       [ 0.02038595, -0.        ,  0.99979218,  0.08116973],
       [ 0.        ,  0.        ,  0.        ,  1.        ]])]","[array([[ 0.73167955, -0.68148548, -0.01491909, -0.20162609],
       [ 0.68134386,  0.73183163, -0.01389273,  0.08234051],
       [ 0.02038595, -0.        ,  0.99979218,  0.08116973],
       [ 0.        ,  0.        ,  0.        ,  1.        ]])]","[array([[ 0.57078763, -0.82097516,  0.01418688, -0.1069568 ],
       [ 0.82072169,  0.57096391,  0.02039897,  0.03595914],
       [-0.02484725,  0.        ,  0.99969126,  0.08477658],
       [ 0.        ,  0.        ,  0.        ,  1.        ]])]","[array([[-0.74994137, -0.66102247,  0.0252435 , -0.07355892],
       [ 0.66064831, -0.7503661 , -0.02223784,  0.07546985],
       [ 0.03364157, -0.        ,  0.99943396,  0.0817272 ],
       [ 0.        ,  0.        ,  0.        ,  1.        ]])]","[array([[-0.74994137, -0.66102247,  0.0252435 , -0.07355892],
       [ 0.66064831, -0.7503661 , -0.02223784,  0.07546985],
       [ 0.03364157, -0.        ,  0.99943396,  0.0817272 ],
       [ 0.        ,  0.        ,  0.        ,  1.        ]])]"
10,"[array([[-0.67255322, -0.73926395, -0.03407299, -0.16519294],
       [ 0.73831706, -0.67341578,  0.03740472,  0.02227059],
       [-0.05059725,  0.        ,  0.99871914,  0.08475638],
       [ 0.        ,  0.        ,  0.        ,  1.        ]])]","[array([[ 0.71810189, -0.69582441, -0.0125722 , -0.20208585],
       [ 0.6957178 ,  0.71821194, -0.01218031,  0.08205713],
       [ 0.01750487, -0.        ,  0.99984678,  0.08125335],
       [ 0.        ,  0.        ,  0.        ,  1.        ]])]","[array([[ 0.71810189, -0.69582441, -0.0125722 , -0.20208585],
       [ 0.6957178 ,  0.71821194, -0.01218031,  0.08205713],
       [ 0.01750487, -0.        ,  0.99984678,  0.08125335],
       [ 0.        ,  0.        ,  0.        ,  1.        ]])]","[array([[ 0.56620671, -0.82414901,  0.01372467, -0.10697635],
       [ 0.823907  ,  0.56637302,  0.01997124,  0.03590804],
       [-0.02423256,  0.        ,  0.99970635,  0.08472581],
       [ 0.        ,  0.        ,  0.        ,  1.        ]])]","[array([[-0.74121054, -0.67080686,  0.02500184, -0.0737861 ],
       [ 0.67042556, -0.74163209, -0.02261418,  0.07577803],
       [ 0.03371191, -0.        ,  0.99943159,  0.08164596],
       [ 0.        ,  0.        ,  0.        ,  1.        ]])]","[array([[-0.74121054, -0.67080686,  0.02500184, -0.0737861 ],
       [ 0.67042556, -0.74163209, -0.02261418,  0.07577803],
       [ 0.03371191, -0.        ,  0.99943159,  0.08164596],
       [ 0.        ,  0.        ,  0.        ,  1.        ]])]"
11,"[array([[-0.68601069, -0.72685812, -0.03265907, -0.16475437],
       [ 0.72603582, -0.68678765,  0.03456455,  0.02234959],
       [-0.04755337,  0.        ,  0.9988687 ,  0.0846082 ],
       [ 0.        ,  0.        ,  0.        ,  1.        ]])]","[array([[ 0.69362995, -0.72028206, -0.00844076, -0.2028297 ],
       [ 0.72022874,  0.69368131, -0.00876444,  0.08165429],
       [ 0.01216806, -0.        ,  0.99992597,  0.08137106],
       [ 0.        ,  0.        ,  0.        ,  1.        ]])]","[array([[ 0.69362995, -0.72028206, -0.00844076, -0.2028297 ],
       [ 0.72022874,  0.69368131, -0.00876444,  0.08165429],
       [ 0.01216806, -0.        ,  0.99992597,  0.08137106],
       [ 0.        ,  0.        ,  0.        ,  1.        ]])]","[array([[ 0.54690626, -0.83709494,  0.01286872, -0.10701592],
       [ 0.8368633 ,  0.54705764,  0.01969142,  0.0356524 ],
       [-0.02352352,  0.        ,  0.99972328,  0.08466393],
       [ 0.        ,  0.        ,  0.        ,  1.        ]])]","[array([[-0.72785197, -0.68538689,  0.02182467, -0.07495238],
       [ 0.68507898, -0.7281791 , -0.02054212,  0.07667203],
       [ 0.02997157, -0.        ,  0.99955075,  0.0817459 ],
       [ 0.        ,  0.        ,  0.        ,  1.        ]])]","[array([[-0.72785197, -0.68538689,  0.02182467, -0.07495238],
       [ 0.68507898, -0.7281791 , -0.02054212,  0.07667203],
       [ 0.02997157, -0.        ,  0.99955075,  0.0817459 ],
       [ 0.        ,  0.        ,  0.        ,  1.        ]])]"
12,"[array([[-0.68992924, -0.72312171, -0.03305513, -0.16471009],
       [ 0.72229319, -0.69072063,  0.03460571,  0.02231669],
       [-0.047856  ,  0.        ,  0.99885425,  0.08461697],
       [ 0.        ,  0.        ,  0.        ,  1.        ]])]","[array([[ 0.68616393, -0.72741022, -0.00731012, -0.20317536],
       [ 0.72736894,  0.68620287, -0.0077491 ,  0.08143958],
       [ 0.010653  , -0.        ,  0.99994326,  0.08141323],
       [ 0.        ,  0.        ,  0.        ,  1.        ]])]","[array([[ 0.68616393, -0.72741022, -0.00731012, -0.20317536],
       [ 0.72736894,  0.68620287, -0.0077491 ,  0.08143958],
       [ 0.010653  , -0.        ,  0.99994326,  0.08141323],
       [ 0.        ,  0.        ,  0.        ,  1.        ]])]","[array([[ 0.54902358, -0.835693  ,  0.01379581, -0.1071549 ],
       [ 0.83542929,  0.54919688,  0.02099258,  0.03578851],
       [-0.02511997,  0.        ,  0.99968444,  0.08471769],
       [ 0.        ,  0.        ,  0.        ,  1.        ]])]","[array([[-0.723241  , -0.69022482,  0.02263084, -0.07529953],
       [ 0.68988716, -0.72359498, -0.02158717,  0.07695216],
       [ 0.03127556, -0.        ,  0.9995108 ,  0.08167244],
       [ 0.        ,  0.        ,  0.        ,  1.        ]])]","[array([[-0.723241  , -0.69022482,  0.02263084, -0.07529953],
       [ 0.68988716, -0.72359498, -0.02158717,  0.07695216],
       [ 0.03127556, -0.        ,  0.9995108 ,  0.08167244],
       [ 0.        ,  0.        ,  0.        ,  1.        ]])]"
13,"[array([[-0.69105865, -0.72204964, -0.03289778, -0.1646976 ],
       [ 0.72123287, -0.69184125,  0.03433422,  0.02228569],
       [-0.04755106,  0.        ,  0.99886881,  0.08462414],
       [ 0.        ,  0.        ,  0.        ,  1.        ]])]","[array([[ 0.68656852, -0.72702291, -0.0078332 , -0.20322748],
       [ 0.7269756 ,  0.6866132 , -0.00829422,  0.08136494],
       [ 0.01140847, -0.        ,  0.99993492,  0.08145021],
       [ 0.        ,  0.        ,  0.        ,  1.        ]])]","[array([[ 0.68656852, -0.72702291, -0.0078332 , -0.20322748],
       [ 0.7269756 ,  0.6866132 , -0.00829422,  0.08136494],
       [ 0.01140847, -0.        ,  0.99993492,  0.08145021],
       [ 0.        ,  0.        ,  0.        ,  1.        ]])]","[array([[ 0.54428295, -0.83879324,  0.01348995, -0.10705723],
       [ 0.83853572,  0.5444501 ,  0.02078295,  0.03564679],
       [-0.0247772 ,  0.        ,  0.999693  ,  0.08473001],
       [ 0.        ,  0.        ,  0.        ,  1.        ]])]","[array([[-0.72427555, -0.68912643,  0.0230148 , -0.07518353],
       [ 0.68877878, -0.72464112, -0.02188684,  0.07690102],
       [ 0.03176027, -0.        ,  0.99949552,  0.08173902],
       [ 0.        ,  0.        ,  0.        ,  1.        ]])]","[array([[-0.72427555, -0.68912643,  0.0230148 , -0.07518353],
       [ 0.68877878, -0.72464112, -0.02188684,  0.07690102],
       [ 0.03176027, -0.        ,  0.99949552,  0.08173902],
       [ 0.        ,  0.        ,  0.        ,  1.        ]])]"
14,"[array([[-0.69155567, -0.72155671, -0.03326644, -0.16469786],
       [ 0.72072333, -0.69235533,  0.03466952,  0.02228126],
       [-0.04804822,  0.        ,  0.99884502,  0.08463828],
       [ 0.        ,  0.        ,  0.        ,  1.        ]])]","[array([[ 0.68600285, -0.72756073, -0.00744784, -0.20327291],
       [ 0.72751786,  0.68604328, -0.00789856,  0.08132413],
       [ 0.01085623, -0.        ,  0.99994107,  0.08144077],
       [ 0.        ,  0.        ,  0.        ,  1.        ]])]","[array([[ 0.68600285, -0.72756073, -0.00744784, -0.20327291],
       [ 0.72751786,  0.68604328, -0.00789856,  0.08132413],
       [ 0.01085623, -0.        ,  0.99994107,  0.08144077],
       [ 0.        ,  0.        ,  0.        ,  1.        ]])]","[array([[ 0.54297326, -0.83965695,  0.01249998, -0.10705856],
       [ 0.83943454,  0.54311712,  0.01932491,  0.03560983],
       [-0.02301525,  0.        ,  0.99973511,  0.08466454],
       [ 0.        ,  0.        ,  0.        ,  1.        ]])]","[array([[-0.72373999, -0.68969434,  0.02285052, -0.07522737],
       [ 0.68935084, -0.72410063, -0.02176476,  0.07692326],
       [ 0.03155711, -0.        ,  0.99950195,  0.08172048],
       [ 0.        ,  0.        ,  0.        ,  1.        ]])]","[array([[-0.72373999, -0.68969434,  0.02285052, -0.07522737],
       [ 0.68935084, -0.72410063, -0.02176476,  0.07692326],
       [ 0.03155711, -0.        ,  0.99950195,  0.08172048],
       [ 0.        ,  0.        ,  0.        ,  1.        ]])]"
15,"[array([[-0.71007988, -0.70356795, -0.02790532, -0.1643743 ],
       [ 0.70302528, -0.71062799,  0.02762808,  0.02224984],
       [-0.03926853,  0.        ,  0.99922869,  0.08444662],
       [ 0.        ,  0.        ,  0.        ,  1.        ]])]","[array([[ 0.66617198, -0.74577353, -0.00606115, -0.20428125],
       [ 0.74574266,  0.66619955, -0.00678512,  0.08054828],
       [ 0.0090981 , -0.        ,  0.99995861,  0.08152968],
       [ 0.        ,  0.        ,  0.        ,  1.        ]])]","[array([[ 0.66617198, -0.74577353, -0.00606115, -0.20428125],
       [ 0.74574266,  0.66619955, -0.00678512,  0.08054828],
       [ 0.0090981 , -0.        ,  0.99995861,  0.08152968],
       [ 0.        ,  0.        ,  0.        ,  1.        ]])]","[array([[ 0.52275512, -0.85237076,  0.01382658, -0.10716851],
       [ 0.85207277,  0.52293794,  0.02253685,  0.03546664],
       [-0.0264402 ,  0.        ,  0.9996504 ,  0.08476126],
       [ 0.        ,  0.        ,  0.        ,  1.        ]])]","[array([[-0.71674751, -0.69698849,  0.0219101 , -0.07640302],
       [ 0.69666307, -0.71708231, -0.02129615,  0.07780723],
       [ 0.03055451, -0.        ,  0.9995331 ,  0.08167237],
       [ 0.        ,  0.        ,  0.        ,  1.        ]])]","[array([[-0.71674751, -0.69698849,  0.0219101 , -0.07640302],
       [ 0.69666307, -0.71708231, -0.02129615,  0.07780723],
       [ 0.03055451, -0.        ,  0.9995331 ,  0.08167237],
       [ 0.        ,  0.        ,  0.        ,  1.        ]])]"
16,"[array([[-0.71610473, -0.6973028 , -0.0310295 , -0.16442907],
       [ 0.6966491 , -0.71677668,  0.03018647,  0.02209473],
       [-0.04329034,  0.        ,  0.99906253,  0.0845527 ],
       [ 0.        ,  0.        ,  0.        ,  1.        ]])]","[array([[ 0.6520388 , -0.75816631, -0.00540761, -0.20512858],
       [ 0.75814024,  0.65206123, -0.00628755,  0.07984842],
       [ 0.0082931 , -0.        ,  0.99996561,  0.08161228],
       [ 0.        ,  0.        ,  0.        ,  1.        ]])]","[array([[ 0.6520388 , -0.75816631, -0.00540761, -0.20512858],
       [ 0.75814024,  0.65206123, -0.00628755,  0.07984842],
       [ 0.0082931 , -0.        ,  0.99996561,  0.08161228],
       [ 0.        ,  0.        ,  0.        ,  1.        ]])]","[array([[ 0.50165535, -0.86494284,  0.01469   , -0.10721445],
       [ 0.86457223,  0.50187039,  0.02531732,  0.03522468],
       [-0.02927051,  0.        ,  0.99957153,  0.08483866],
       [ 0.        ,  0.        ,  0.        ,  1.        ]])]","[array([[-0.70886207, -0.70501919,  0.02150583, -0.0775512 ],
       [ 0.70469496, -0.70918823, -0.02137941,  0.07859036],
       [ 0.03032458, -0.        ,  0.9995401 ,  0.08165768],
       [ 0.        ,  0.        ,  0.        ,  1.        ]])]","[array([[-0.70886207, -0.70501919,  0.02150583, -0.0775512 ],
       [ 0.70469496, -0.70918823, -0.02137941,  0.07859036],
       [ 0.03032458, -0.        ,  0.9995401 ,  0.08165768],
       [ 0.        ,  0.        ,  0.        ,  1.        ]])]"
17,"[array([[-0.7228365 , -0.69027   , -0.03216709, -0.16441628],
       [ 0.68958752, -0.72355188,  0.03068747,  0.02199384],
       [-0.0444572 ,  0.        ,  0.99901129,  0.08459784],
       [ 0.        ,  0.        ,  0.        ,  1.        ]])]","[array([[ 0.63796648, -0.77005334, -0.00407652, -0.20584257],
       [ 0.77003762,  0.63797951, -0.00492043,  0.07927571],
       [ 0.00638973, -0.        ,  0.99997959,  0.08172081],
       [ 0.        ,  0.        ,  0.        ,  1.        ]])]","[array([[ 0.63796648, -0.77005334, -0.00407652, -0.20584257],
       [ 0.77003762,  0.63797951, -0.00492043,  0.07927571],
       [ 0.00638973, -0.        ,  0.99997959,  0.08172081],
       [ 0.        ,  0.        ,  0.        ,  1.        ]])]","[array([[ 0.48605539, -0.87378847,  0.01561633, -0.10729951],
       [ 0.87333783,  0.48630619,  0.02805922,  0.0350702 ],
       [-0.03211214,  0.        ,  0.99948427,  0.08491331],
       [ 0.        ,  0.        ,  0.        ,  1.        ]])]","[array([[-0.70294116, -0.71093695,  0.02103306, -0.07852085],
       [ 0.71061891, -0.70325576, -0.02126279,  0.07923255],
       [ 0.02990812, -0.        ,  0.99955265,  0.08165392],
       [ 0.        ,  0.        ,  0.        ,  1.        ]])]","[array([[-0.70294116, -0.71093695,  0.02103306, -0.07852085],
       [ 0.71061891, -0.70325576, -0.02126279,  0.07923255],
       [ 0.02990812, -0.        ,  0.99955265,  0.08165392],
       [ 0.        ,  0.        ,  0.        ,  1.        ]])]"
18,"[array([[-0.72745282, -0.68490867, -0.04138241, -0.16478589],
       [ 0.68380314, -0.72862893,  0.03889932,  0.02171366],
       [-0.05679491,  0.        ,  0.99838587,  0.08507721],
       [ 0.        ,  0.        ,  0.        ,  1.        ]])]","[array([[ 0.61483149, -0.78864845,  0.00398409, -0.20729756],
       [ 0.78863189,  0.61484439,  0.00511032,  0.07853431],
       [-0.00647984, -0.        ,  0.99997901,  0.08234706],
       [ 0.        ,  0.        ,  0.        ,  1.        ]])]","[array([[ 0.61483149, -0.78864845,  0.00398409, -0.20729756],
       [ 0.78863189,  0.61484439,  0.00511032,  0.07853431],
       [-0.00647984, -0.        ,  0.99997901,  0.08234706],
       [ 0.        ,  0.        ,  0.        ,  1.        ]])]","[array([[ 0.46448804, -0.88544518,  0.01541702, -0.10760486],
       [ 0.88495785,  0.46474383,  0.02937302,  0.03492155],
       [-0.03317316,  0.        ,  0.99944962,  0.08493908],
       [ 0.        ,  0.        ,  0.        ,  1.        ]])]","[array([[-0.69178982, -0.72179578,  0.0209213 , -0.08039978],
       [ 0.72146593, -0.6921061 , -0.02181877,  0.08044792],
       [ 0.03022846, -0.        ,  0.99954302,  0.08160174],
       [ 0.        ,  0.        ,  0.        ,  1.        ]])]","[array([[-0.69178982, -0.72179578,  0.0209213 , -0.08039978],
       [ 0.72146593, -0.6921061 , -0.02181877,  0.08044792],
       [ 0.03022846, -0.        ,  0.99954302,  0.08160174],
       [ 0.        ,  0.        ,  0.        ,  1.        ]])]"
19,"[array([[-0.72815362, -0.68416113, -0.04142279, -0.16486869],
       [ 0.68305678, -0.72933089,  0.03885735,  0.02165039],
       [-0.05679561,  0.        ,  0.99838583,  0.08506922],
       [ 0.        ,  0.        ,  0.        ,  1.        ]])]","[array([[ 0.60114204, -0.79912491,  0.00525542, -0.20765338],
       [ 0.79909438,  0.60116502,  0.006986  ,  0.07833504],
       [-0.00874206, -0.        ,  0.99996179,  0.082402  ],
       [ 0.        ,  0.        ,  0.        ,  1.        ]])]","[array([[ 0.60114204, -0.79912491,  0.00525542, -0.20765338],
       [ 0.79909438,  0.60116502,  0.006986  ,  0.07833504],
       [-0.00874206, -0.        ,  0.99996179,  0.082402  ],
       [ 0.        ,  0.        ,  0.        ,  1.        ]])]","[array([[ 0.45647819, -0.8895951 ,  0.0157554 , -0.10764327],
       [ 0.88906568,  0.45675   ,  0.0306862 ,  0.03485158],
       [-0.03449457,  0.        ,  0.99940489,  0.08496968],
       [ 0.        ,  0.        ,  0.        ,  1.        ]])]","[array([[-0.68617959, -0.72714275,  0.02051804, -0.0809217 ],
       [ 0.72681789, -0.68648628, -0.0217332 ,  0.080801  ],
       [ 0.0298885 , -0.        ,  0.99955324,  0.08159455],
       [ 0.        ,  0.        ,  0.        ,  1.        ]])]","[array([[-0.68617959, -0.72714275,  0.02051804, -0.0809217 ],
       [ 0.72681789, -0.68648628, -0.0217332 ,  0.080801  ],
       [ 0.0298885 , -0.        ,  0.99955324,  0.08159455],
       [ 0.        ,  0.        ,  0.        ,  1.        ]])]"
20,"[array([[-0.73103245, -0.68117451, -0.03991042, -0.16485423],
       [ 0.68016163, -0.73212108,  0.03713315,  0.0216115 ],
       [-0.05451342,  0.        ,  0.99851304,  0.0849881 ],
       [ 0.        ,  0.        ,  0.        ,  1.        ]])]","[array([[ 0.58168161, -0.81339045,  0.00651732, -0.20810073],
       [ 0.8133394 ,  0.58171812,  0.00911288,  0.07806954],
       [-0.01120358, -0.        ,  0.99993724,  0.08247527],
       [ 0.        ,  0.        ,  0.        ,  1.        ]])]","[array([[ 0.58168161, -0.81339045,  0.00651732, -0.20810073],
       [ 0.8133394 ,  0.58171812,  0.00911288,  0.07806954],
       [-0.01120358, -0.        ,  0.99993724,  0.08247527],
       [ 0.        ,  0.        ,  0.        ,  1.        ]])]","[array([[ 0.4424159 , -0.89666521,  0.01611448, -0.10770702],
       [ 0.896071  ,  0.44270928,  0.03263834,  0.03470605],
       [-0.03639969,  0.        ,  0.99933731,  0.08500735],
       [ 0.        ,  0.        ,  0.        ,  1.        ]])]","[array([[-0.6726077 , -0.7397437 ,  0.01944617, -0.08186855],
       [ 0.73943472, -0.67288875, -0.02137825,  0.08150676],
       [ 0.02889954, -0.        ,  0.99958232,  0.08162799],
       [ 0.        ,  0.        ,  0.        ,  1.        ]])]","[array([[-0.6726077 , -0.7397437 ,  0.01944617, -0.08186855],
       [ 0.73943472, -0.67288875, -0.02137825,  0.08150676],
       [ 0.02889954, -0.        ,  0.99958232,  0.08162799],
       [ 0.        ,  0.        ,  0.        ,  1.        ]])]"
21,"[array([[-0.73612418, -0.67566193, -0.04002688, -0.16475847],
       [ 0.67466529, -0.73721161,  0.03668504,  0.02162472],
       [-0.05429497,  0.        ,  0.99852494,  0.08498321],
       [ 0.        ,  0.        ,  0.        ,  1.        ]])]","[array([[ 0.56801705, -0.82298129,  0.0076433 , -0.20849636],
       [ 0.8229068 ,  0.56806847,  0.01107312,  0.07777587],
       [-0.01345489, -0.        ,  0.99990948,  0.08257087],
       [ 0.        ,  0.        ,  0.        ,  1.        ]])]","[array([[ 0.56801705, -0.82298129,  0.0076433 , -0.20849636],
       [ 0.8229068 ,  0.56806847,  0.01107312,  0.07777587],
       [-0.01345489, -0.        ,  0.99990948,  0.08257087],
       [ 0.        ,  0.        ,  0.        ,  1.        ]])]","[array([[ 0.43523844, -0.90016572,  0.01640671, -0.10769831],
       [ 0.89952684,  0.43554757,  0.03390849,  0.03461308],
       [-0.03766916,  0.        ,  0.99929027,  0.08505779],
       [ 0.        ,  0.        ,  0.        ,  1.        ]])]","[array([[-0.66402052, -0.74746493,  0.0193111 , -0.08226379],
       [ 0.74714904, -0.66430127, -0.02172865,  0.08181152],
       [ 0.02906979, -0.        ,  0.99957738,  0.08166458],
       [ 0.        ,  0.        ,  0.        ,  1.        ]])]","[array([[-0.66402052, -0.74746493,  0.0193111 , -0.08226379],
       [ 0.74714904, -0.66430127, -0.02172865,  0.08181152],
       [ 0.02906979, -0.        ,  0.99957738,  0.08166458],
       [ 0.        ,  0.        ,  0.        ,  1.        ]])]"
22,"[array([[-0.74681545, -0.66409515, -0.03527489, -0.16445142],
       [ 0.66335558, -0.74764807,  0.03133277,  0.02165134],
       [-0.04718114,  0.        ,  0.99888635,  0.08472486],
       [ 0.        ,  0.        ,  0.        ,  1.        ]])]","[array([[ 0.55502168, -0.83179524,  0.0082226 , -0.20909477],
       [ 0.83170398,  0.55508258,  0.01232163,  0.07733769],
       [-0.0148133 , -0.        ,  0.99989028,  0.08265306],
       [ 0.        ,  0.        ,  0.        ,  1.        ]])]","[array([[ 0.55502168, -0.83179524,  0.0082226 , -0.20909477],
       [ 0.83170398,  0.55508258,  0.01232163,  0.07733769],
       [-0.0148133 , -0.        ,  0.99989028,  0.08265306],
       [ 0.        ,  0.        ,  0.        ,  1.        ]])]","[array([[ 0.42237074, -0.90616532,  0.02161891, -0.10761832],
       [ 0.90498062,  0.42292366,  0.04632114,  0.03443688],
       [-0.05111775,  0.        ,  0.99869263,  0.08535104],
       [ 0.        ,  0.        ,  0.        ,  1.        ]])]","[array([[-0.65278145, -0.75728154,  0.02002597, -0.08295917],
       [ 0.75692544, -0.65308856, -0.02322089,  0.0821818 ],
       [ 0.03066349, -0.        ,  0.99952976,  0.0815819 ],
       [ 0.        ,  0.        ,  0.        ,  1.        ]])]","[array([[-0.65278145, -0.75728154,  0.02002597, -0.08295917],
       [ 0.75692544, -0.65308856, -0.02322089,  0.0821818 ],
       [ 0.03066349, -0.        ,  0.99952976,  0.0815819 ],
       [ 0.        ,  0.        ,  0.        ,  1.        ]])]"
23,"[array([[-0.75749824, -0.65200619, -0.03292939, -0.16419761],
       [ 0.651391  , -0.75821364,  0.02831678,  0.02166516],
       [-0.04343023,  0.        ,  0.99905646,  0.08461284],
       [ 0.        ,  0.        ,  0.        ,  1.        ]])]","[array([[ 0.54358786, -0.83930741,  0.00867828, -0.20971698],
       [ 0.83920047,  0.54365713,  0.01339768,  0.07673988],
       [-0.01596278, -0.        ,  0.99987259,  0.08275762],
       [ 0.        ,  0.        ,  0.        ,  1.        ]])]","[array([[ 0.54358786, -0.83930741,  0.00867828, -0.20971698],
       [ 0.83920047,  0.54365713,  0.01339768,  0.07673988],
       [-0.01596278, -0.        ,  0.99987259,  0.08275762],
       [ 0.        ,  0.        ,  0.        ,  1.        ]])]","[array([[ 0.34593853, -0.93716108,  0.04533919, -0.10501033],
       [ 0.92921446,  0.34889699,  0.12178416,  0.03462406],
       [-0.12995008,  0.        ,  0.99152054,  0.08835988],
       [ 0.        ,  0.        ,  0.        ,  1.        ]])]","[array([[-0.64038141, -0.7677427 ,  0.02197274, -0.08398633],
       [ 0.76729116, -0.64075826, -0.02632726,  0.08276971],
       [ 0.03429178, -0.        ,  0.99941186,  0.08136552],
       [ 0.        ,  0.        ,  0.        ,  1.        ]])]","[array([[-0.64038141, -0.7677427 ,  0.02197274, -0.08398633],
       [ 0.76729116, -0.64075826, -0.02632726,  0.08276971],
       [ 0.03429178, -0.        ,  0.99941186,  0.08136552],
       [ 0.        ,  0.        ,  0.        ,  1.        ]])]"
24,"[array([[-0.76307744, -0.64554364, -0.03140419, -0.16423212],
       [ 0.64499765, -0.76372338,  0.02654465,  0.0217507 ],
       [-0.04111984,  0.        ,  0.99915422,  0.08456008],
       [ 0.        ,  0.        ,  0.        ,  1.        ]])]","[array([[ 0.5316544 , -0.84690471,  0.00979814, -0.21031068],
       [ 0.84676093,  0.53174468,  0.01560541,  0.07640185],
       [-0.0184264 , -0.        ,  0.99983022,  0.08282796],
       [ 0.        ,  0.        ,  0.        ,  1.        ]])]","[array([[ 0.5316544 , -0.84690471,  0.00979814, -0.21031068],
       [ 0.84676093,  0.53174468,  0.01560541,  0.07640185],
       [-0.0184264 , -0.        ,  0.99983022,  0.08282796],
       [ 0.        ,  0.        ,  0.        ,  1.        ]])]","[array([[ 0.28421517, -0.95729175,  0.05304944, -0.10338338],
       [ 0.9410396 ,  0.28912369,  0.17564728,  0.03469369],
       [-0.18348354,  0.        ,  0.98302278,  0.09019103],
       [ 0.        ,  0.        ,  0.        ,  1.        ]])]","[array([[-0.62889865, -0.77703099,  0.02663313, -0.0850732 ],
       [ 0.77633515, -0.62946234, -0.03287689,  0.08345343],
       [ 0.04231092, -0.        ,  0.99910449,  0.08114951],
       [ 0.        ,  0.        ,  0.        ,  1.        ]])]","[array([[-0.62889865, -0.77703099,  0.02663313, -0.0850732 ],
       [ 0.77633515, -0.62946234, -0.03287689,  0.08345343],
       [ 0.04231092, -0.        ,  0.99910449,  0.08114951],
       [ 0.        ,  0.        ,  0.        ,  1.        ]])]"
