,LP,LD1,LD2,RP,RD1,RD2
0,"[array([[ 0.12319021, -0.99237232,  0.00462097, -0.1752137 ],
       [ 0.99167489,  0.12327684,  0.03719856,  0.27806276],
       [-0.03748448, -0.        ,  0.99929721,  0.08513965],
       [ 0.        ,  0.        ,  0.        ,  1.        ]])]","[array([[ 0.58342955, -0.81211922,  0.00850481, -0.1622456 ],
       [ 0.81203295,  0.58349153,  0.01183722,  0.34755406],
       [-0.01457572, -0.        ,  0.99989377,  0.08355751],
       [ 0.        ,  0.        ,  0.        ,  1.        ]])]","[array([[ 0.58342955, -0.81211922,  0.00850481, -0.1622456 ],
       [ 0.81203295,  0.58349153,  0.01183722,  0.34755406],
       [-0.01457572, -0.        ,  0.99989377,  0.08355751],
       [ 0.        ,  0.        ,  0.        ,  1.        ]])]","[array([[ 0.65564669, -0.75482636,  0.01909405, -0.11969357],
       [ 0.75450647,  0.65592467,  0.02197309,  0.25877039],
       [-0.02911013,  0.        ,  0.99957621,  0.08543407],
       [ 0.        ,  0.        ,  0.        ,  1.        ]])]","[array([[ 0.09554441, -0.99542342, -0.00186749, -0.08017738],
       [ 0.99523333,  0.09556266, -0.0194526 ,  0.30414157],
       [ 0.01954203,  0.        ,  0.99980904,  0.08303056],
       [ 0.        ,  0.        ,  0.        ,  1.        ]])]","[array([[ 0.09554441, -0.99542342, -0.00186749, -0.08017738],
       [ 0.99523333,  0.09556266, -0.0194526 ,  0.30414157],
       [ 0.01954203,  0.        ,  0.99980904,  0.08303056],
       [ 0.        ,  0.        ,  0.        ,  1.        ]])]"
1,"[array([[ 0.12019624, -0.99273995,  0.00450034, -0.17512481],
       [ 0.99204483,  0.12028046,  0.03714378,  0.27800539],
       [-0.03741542, -0.        ,  0.9992998 ,  0.08513511],
       [ 0.        ,  0.        ,  0.        ,  1.        ]])]","[array([[ 0.58317528, -0.81229939,  0.00873405, -0.16221532],
       [ 0.81220831,  0.58324068,  0.01216422,  0.34753136],
       [-0.01497504, -0.        ,  0.99988787,  0.08356321],
       [ 0.        ,  0.        ,  0.        ,  1.        ]])]","[array([[ 0.58317528, -0.81229939,  0.00873405, -0.16221532],
       [ 0.81220831,  0.58324068,  0.01216422,  0.34753136],
       [-0.01497504, -0.        ,  0.99988787,  0.08356321],
       [ 0.        ,  0.        ,  0.        ,  1.        ]])]","[array([[ 0.65600775, -0.7545122 ,  0.01910952, -0.11967687],
       [ 0.75419228,  0.65628602,  0.02196964,  0.25877463],
       [-0.02911767,  0.        ,  0.99957599,  0.08542424],
       [ 0.        ,  0.        ,  0.        ,  1.        ]])]","[array([[ 0.09659034, -0.99532224, -0.00198505, -0.08017725],
       [ 0.99511212,  0.09661073, -0.02045074,  0.30415383],
       [ 0.02054685,  0.        ,  0.99978889,  0.08299961],
       [ 0.        ,  0.        ,  0.        ,  1.        ]])]","[array([[ 0.09659034, -0.99532224, -0.00198505, -0.08017725],
       [ 0.99511212,  0.09661073, -0.02045074,  0.30415383],
       [ 0.02054685,  0.        ,  0.99978889,  0.08299961],
       [ 0.        ,  0.        ,  0.        ,  1.        ]])]"
2,"[array([[ 0.11987892, -0.99277851,  0.00445808, -0.17511214],
       [ 0.99209273,  0.11996179,  0.0368941 ,  0.27800169],
       [-0.03716247, -0.        ,  0.99930924,  0.08512744],
       [ 0.        ,  0.        ,  0.        ,  1.        ]])]","[array([[ 0.58315957, -0.81230974,  0.00882047, -0.16220987],
       [ 0.81221684,  0.58322627,  0.01228504,  0.34753102],
       [-0.01512359, -0.        ,  0.99988563,  0.08356593],
       [ 0.        ,  0.        ,  0.        ,  1.        ]])]","[array([[ 0.58315957, -0.81230974,  0.00882047, -0.16220987],
       [ 0.81221684,  0.58322627,  0.01228504,  0.34753102],
       [-0.01512359, -0.        ,  0.99988563,  0.08356593],
       [ 0.        ,  0.        ,  0.        ,  1.        ]])]","[array([[ 0.65623918, -0.75431174,  0.01907742, -0.11967827],
       [ 0.7539932 ,  0.65651642,  0.02191921,  0.25878514],
       [-0.02905856,  0.        ,  0.99957771,  0.08541891],
       [ 0.        ,  0.        ,  0.        ,  1.        ]])]","[array([[ 0.09702402, -0.99527997, -0.00202778, -0.08019046],
       [ 0.99506268,  0.09704521, -0.02079653,  0.30415938],
       [ 0.02089516,  0.        ,  0.99978167,  0.08298953],
       [ 0.        ,  0.        ,  0.        ,  1.        ]])]","[array([[ 0.09702402, -0.99527997, -0.00202778, -0.08019046],
       [ 0.99506268,  0.09704521, -0.02079653,  0.30415938],
       [ 0.02089516,  0.        ,  0.99978167,  0.08298953],
       [ 0.        ,  0.        ,  0.        ,  1.        ]])]"
3,"[array([[ 0.15804334, -0.98741394,  0.00600056, -0.178688  ],
       [ 0.98670301,  0.15815721,  0.03746293,  0.27493089],
       [-0.03794045, -0.        ,  0.99928   ,  0.08514187],
       [ 0.        ,  0.        ,  0.        ,  1.        ]])]","[array([[ 0.61039452, -0.79206873,  0.00675739, -0.16320685],
       [ 0.7920202 ,  0.61043192,  0.00876808,  0.3438657 ],
       [-0.01106985, -0.        ,  0.99993873,  0.08334002],
       [ 0.        ,  0.        ,  0.        ,  1.        ]])]","[array([[ 0.61039452, -0.79206873,  0.00675739, -0.16320685],
       [ 0.7920202 ,  0.61043192,  0.00876808,  0.3438657 ],
       [-0.01106985, -0.        ,  0.99993873,  0.08334002],
       [ 0.        ,  0.        ,  0.        ,  1.        ]])]","[array([[ 0.68229513, -0.73082625,  0.01913995, -0.12394949],
       [ 0.73053887,  0.68256354,  0.0204933 ,  0.25362768],
       [-0.02804127,  0.        ,  0.99960677,  0.08536712],
       [ 0.        ,  0.        ,  0.        ,  1.        ]])]","[array([[ 0.12768148, -0.99181107, -0.00287121, -0.08270167],
       [ 0.99156039,  0.12771376, -0.02229752,  0.29749944],
       [ 0.02248162,  0.        ,  0.99974726,  0.08285408],
       [ 0.        ,  0.        ,  0.        ,  1.        ]])]","[array([[ 0.12768148, -0.99181107, -0.00287121, -0.08270167],
       [ 0.99156039,  0.12771376, -0.02229752,  0.29749944],
       [ 0.02248162,  0.        ,  0.99974726,  0.08285408],
       [ 0.        ,  0.        ,  0.        ,  1.        ]])]"
4,"[array([[ 0.17600969, -0.98436611,  0.00662971, -0.22800578],
       [ 0.98366855,  0.1761345 ,  0.0370516 ,  0.24063835],
       [-0.03764006, -0.        ,  0.99929136,  0.08489914],
       [ 0.        ,  0.        ,  0.        ,  1.        ]])]","[array([[ 0.62480742, -0.78074653,  0.00710975, -0.21124124],
       [ 0.78069599,  0.62484787,  0.00888362,  0.30926468],
       [-0.01137836, -0.        ,  0.99993526,  0.08312083],
       [ 0.        ,  0.        ,  0.        ,  1.        ]])]","[array([[ 0.62480742, -0.78074653,  0.00710975, -0.21124124],
       [ 0.78069599,  0.62484787,  0.00888362,  0.30926468],
       [-0.01137836, -0.        ,  0.99993526,  0.08312083],
       [ 0.        ,  0.        ,  0.        ,  1.        ]])]","[array([[ 0.69543944, -0.718319  ,  0.01953959, -0.17369492],
       [ 0.71803564,  0.69571389,  0.02017447,  0.21831246],
       [-0.02808567,  0.        ,  0.99960552,  0.08513912],
       [ 0.        ,  0.        ,  0.        ,  1.        ]])]","[array([[ 0.16141419, -0.98687649, -0.00450067, -0.13219352],
       [ 0.98649309,  0.16147692, -0.02750612,  0.26168083],
       [ 0.02787189,  0.        ,  0.9996115 ,  0.08246167],
       [ 0.        ,  0.        ,  0.        ,  1.        ]])]","[array([[ 0.16141419, -0.98687649, -0.00450067, -0.13219352],
       [ 0.98649309,  0.16147692, -0.02750612,  0.26168083],
       [ 0.02787189,  0.        ,  0.9996115 ,  0.08246167],
       [ 0.        ,  0.        ,  0.        ,  1.        ]])]"
5,"[array([[ 0.10776836, -0.99416759,  0.00409642, -0.31139867],
       [ 0.99345015,  0.10784619,  0.03776239,  0.17840647],
       [-0.03798393, -0.        ,  0.99927835,  0.08454784],
       [ 0.        ,  0.        ,  0.        ,  1.        ]])]","[array([[ 5.62779281e-01, -8.26606687e-01,  9.30619838e-04,
        -2.99067111e-01],
       [ 8.26605557e-01,  5.62780050e-01,  1.36688673e-03,
         2.47609454e-01],
       [-1.65361199e-03, -0.00000000e+00,  9.99998633e-01,
         8.22675849e-02],
       [ 0.00000000e+00,  0.00000000e+00,  0.00000000e+00,
         1.00000000e+00]])]","[array([[ 5.62779281e-01, -8.26606687e-01,  9.30619838e-04,
        -2.99067111e-01],
       [ 8.26605557e-01,  5.62780050e-01,  1.36688673e-03,
         2.47609454e-01],
       [-1.65361199e-03, -0.00000000e+00,  9.99998633e-01,
         8.22675849e-02],
       [ 0.00000000e+00,  0.00000000e+00,  0.00000000e+00,
         1.00000000e+00]])]","[array([[ 0.64827809, -0.7611988 ,  0.01766089, -0.25575907],
       [ 0.76091649,  0.64851861,  0.02072947,  0.15999107],
       [-0.02723267,  0.        ,  0.99962912,  0.08484301],
       [ 0.        ,  0.        ,  0.        ,  1.        ]])]","[array([[ 0.09798233, -0.99518167, -0.00359334, -0.21741059],
       [ 0.99451311,  0.0980482 , -0.03647214,  0.20593965],
       [ 0.03664872,  0.        ,  0.99932821,  0.08169157],
       [ 0.        ,  0.        ,  0.        ,  1.        ]])]","[array([[ 0.09798233, -0.99518167, -0.00359334, -0.21741059],
       [ 0.99451311,  0.0980482 , -0.03647214,  0.20593965],
       [ 0.03664872,  0.        ,  0.99932821,  0.08169157],
       [ 0.        ,  0.        ,  0.        ,  1.        ]])]"
6,"[array([[ 0.11681668, -0.99314413,  0.00431302, -0.37656471],
       [ 0.9924679 ,  0.11689627,  0.03664317,  0.15292541],
       [-0.03689613, -0.        ,  0.99931911,  0.08420747],
       [ 0.        ,  0.        ,  0.        ,  1.        ]])]","[array([[ 0.57727493, -0.81645558,  0.01240773, -0.36388539],
       [ 0.81626705,  0.57740826,  0.01754453,  0.22256804],
       [-0.02148866, -0.        ,  0.99976909,  0.08317034],
       [ 0.        ,  0.        ,  0.        ,  1.        ]])]","[array([[ 0.57727493, -0.81645558,  0.01240773, -0.36388539],
       [ 0.81626705,  0.57740826,  0.01754453,  0.22256804],
       [-0.02148866, -0.        ,  0.99976909,  0.08317034],
       [ 0.        ,  0.        ,  0.        ,  1.        ]])]","[array([[ 0.65577613, -0.75463585,  0.02196352, -0.32103278],
       [ 0.75421295,  0.65614383,  0.02526041,  0.13414091],
       [-0.03347364,  0.        ,  0.9994396 ,  0.08471781],
       [ 0.        ,  0.        ,  0.        ,  1.        ]])]","[array([[ 0.09462455, -0.99550955, -0.00263168, -0.28182832],
       [ 0.99512476,  0.09466114, -0.02767618,  0.17961962],
       [ 0.02780102,  0.        ,  0.99961348,  0.08168093],
       [ 0.        ,  0.        ,  0.        ,  1.        ]])]","[array([[ 0.09462455, -0.99550955, -0.00263168, -0.28182832],
       [ 0.99512476,  0.09466114, -0.02767618,  0.17961962],
       [ 0.02780102,  0.        ,  0.99961348,  0.08168093],
       [ 0.        ,  0.        ,  0.        ,  1.        ]])]"
7,"[array([[ 0.11871061, -0.99291923,  0.00438056, -0.39525957],
       [ 0.9922439 ,  0.11879141,  0.03661495,  0.15935099],
       [-0.03687606, -0.        ,  0.99931985,  0.08409902],
       [ 0.        ,  0.        ,  0.        ,  1.        ]])]","[array([[ 0.57825628, -0.81576916,  0.01184694, -0.38243951],
       [ 0.81559802,  0.57837762,  0.01670944,  0.22896268],
       [-0.02048306, -0.        ,  0.9997902 ,  0.08305036],
       [ 0.        ,  0.        ,  0.        ,  1.        ]])]","[array([[ 0.57825628, -0.81576916,  0.01184694, -0.38243951],
       [ 0.81559802,  0.57837762,  0.01670944,  0.22896268],
       [-0.02048306, -0.        ,  0.9997902 ,  0.08305036],
       [ 0.        ,  0.        ,  0.        ,  1.        ]])]","[array([[ 0.65738101, -0.75331039,  0.01933007, -0.33970996],
       [ 0.75298494,  0.65766515,  0.02214127,  0.14051492],
       [-0.02939196,  0.        ,  0.99956796,  0.08450438],
       [ 0.        ,  0.        ,  0.        ,  1.        ]])]","[array([[ 0.0981689 , -0.99516541, -0.00294601, -0.3004933 ],
       [ 0.9947176 ,  0.0982131 , -0.02985103,  0.18597241],
       [ 0.02999605,  0.        ,  0.99955002,  0.08151513],
       [ 0.        ,  0.        ,  0.        ,  1.        ]])]","[array([[ 0.0981689 , -0.99516541, -0.00294601, -0.3004933 ],
       [ 0.9947176 ,  0.0982131 , -0.02985103,  0.18597241],
       [ 0.02999605,  0.        ,  0.99955002,  0.08151513],
       [ 0.        ,  0.        ,  0.        ,  1.        ]])]"
8,"[array([[ 0.10198974, -0.99477798,  0.00385435, -0.38119517],
       [ 0.99406837,  0.10206254,  0.03756741,  0.19325683],
       [-0.03776462, -0.        ,  0.99928666,  0.08418393],
       [ 0.        ,  0.        ,  0.        ,  1.        ]])]","[array([[ 0.56885458, -0.82230699,  0.0146863 , -0.36967596],
       [ 0.82203308,  0.56904413,  0.02122269,  0.26316105],
       [-0.02580872, -0.        ,  0.9996669 ,  0.08326972],
       [ 0.        ,  0.        ,  0.        ,  1.        ]])]","[array([[ 0.56885458, -0.82230699,  0.0146863 , -0.36967596],
       [ 0.82203308,  0.56904413,  0.02122269,  0.26316105],
       [-0.02580872, -0.        ,  0.9996669 ,  0.08326972],
       [ 0.        ,  0.        ,  0.        ,  1.        ]])]","[array([[ 0.64083737, -0.76743321,  0.01933214, -0.32530673],
       [ 0.76708425,  0.6411289 ,  0.02314063,  0.17521033],
       [-0.03015329,  0.        ,  0.99954529,  0.08458343],
       [ 0.        ,  0.        ,  0.        ,  1.        ]])]","[array([[ 0.09387019, -0.99557834, -0.00348706, -0.28731327],
       [ 0.99489212,  0.09393493, -0.03695794,  0.22159404],
       [ 0.03712208,  0.        ,  0.99931074,  0.08134152],
       [ 0.        ,  0.        ,  0.        ,  1.        ]])]","[array([[ 0.09387019, -0.99557834, -0.00348706, -0.28731327],
       [ 0.99489212,  0.09393493, -0.03695794,  0.22159404],
       [ 0.03712208,  0.        ,  0.99931074,  0.08134152],
       [ 0.        ,  0.        ,  0.        ,  1.        ]])]"
9,"[array([[ 0.15352126, -0.98812631,  0.00613296, -0.34780481],
       [ 0.98733878,  0.15364372,  0.03944284,  0.26288131],
       [-0.0399168 , -0.        ,  0.99920301,  0.08439714],
       [ 0.        ,  0.        ,  0.        ,  1.        ]])]","[array([[ 5.97768157e-01, -8.01669000e-01, -2.09733988e-04,
        -3.32466538e-01],
       [ 8.01668951e-01,  5.97768194e-01, -2.81274980e-04,
         3.31456884e-01],
       [ 3.50861739e-04, -0.00000000e+00,  9.99999938e-01,
         8.20348426e-02],
       [ 0.00000000e+00,  0.00000000e+00,  0.00000000e+00,
         1.00000000e+00]])]","[array([[ 5.97768157e-01, -8.01669000e-01, -2.09733988e-04,
        -3.32466538e-01],
       [ 8.01668951e-01,  5.97768194e-01, -2.81274980e-04,
         3.31456884e-01],
       [ 3.50861739e-04, -0.00000000e+00,  9.99999938e-01,
         8.20348426e-02],
       [ 0.00000000e+00,  0.00000000e+00,  0.00000000e+00,
         1.00000000e+00]])]","[array([[ 0.68668338, -0.72667531,  0.02022179, -0.29297295],
       [ 0.72636043,  0.68698107,  0.02139022,  0.24230948],
       [-0.02943573,  0.        ,  0.99956668,  0.08467836],
       [ 0.        ,  0.        ,  0.        ,  1.        ]])]","[array([[ 0.13332062, -0.99106814, -0.00309056, -0.25240878],
       [ 0.99080196,  0.13335644, -0.02296817,  0.28625115],
       [ 0.02317517,  0.        ,  0.99973142,  0.08191203],
       [ 0.        ,  0.        ,  0.        ,  1.        ]])]","[array([[ 0.13332062, -0.99106814, -0.00309056, -0.25240878],
       [ 0.99080196,  0.13335644, -0.02296817,  0.28625115],
       [ 0.02317517,  0.        ,  0.99973142,  0.08191203],
       [ 0.        ,  0.        ,  0.        ,  1.        ]])]"
10,"[array([[ 0.18898528, -0.98195574,  0.0068912 , -0.30782802],
       [ 0.98130357,  0.18911088,  0.03578245,  0.29642394],
       [-0.03643998, -0.        ,  0.99933584,  0.08446326],
       [ 0.        ,  0.        ,  0.        ,  1.        ]])]","[array([[ 0.62950212, -0.77699747,  0.00141921, -0.28995566],
       [ 0.77699549,  0.62950372,  0.00175173,  0.36457331],
       [-0.00225448, -0.        ,  0.99999746,  0.08232369],
       [ 0.        ,  0.        ,  0.        ,  1.        ]])]","[array([[ 0.62950212, -0.77699747,  0.00141921, -0.28995566],
       [ 0.77699549,  0.62950372,  0.00175173,  0.36457331],
       [-0.00225448, -0.        ,  0.99999746,  0.08232369],
       [ 0.        ,  0.        ,  0.        ,  1.        ]])]","[array([[ 0.70623514, -0.70774514,  0.01813152, -0.25375091],
       [ 0.707512  ,  0.70646785,  0.0181643 ,  0.27351763],
       [-0.02566503,  0.        ,  0.9996706 ,  0.0846929 ],
       [ 0.        ,  0.        ,  0.        ,  1.        ]])]","[array([[ 0.17630128, -0.98431972, -0.00570539, -0.21179578],
       [ 0.9838047 ,  0.17639358, -0.03183751,  0.31636142],
       [ 0.03234468,  0.        ,  0.99947677,  0.08185044],
       [ 0.        ,  0.        ,  0.        ,  1.        ]])]","[array([[ 0.17630128, -0.98431972, -0.00570539, -0.21179578],
       [ 0.9838047 ,  0.17639358, -0.03183751,  0.31636142],
       [ 0.03234468,  0.        ,  0.99947677,  0.08185044],
       [ 0.        ,  0.        ,  0.        ,  1.        ]])]"
11,"[array([[ 0.19819063, -0.98013792,  0.00708056, -0.27845154],
       [ 0.97951302,  0.19831707,  0.03499409,  0.28874477],
       [-0.03570323, -0.        ,  0.99936244,  0.08457975],
       [ 0.        ,  0.        ,  0.        ,  1.        ]])]","[array([[ 0.63758421, -0.77037566,  0.00277737, -0.26000787],
       [ 0.77036835,  0.63759026,  0.00335579,  0.35676144],
       [-0.00435604, -0.        ,  0.99999051,  0.08253252],
       [ 0.        ,  0.        ,  0.        ,  1.        ]])]","[array([[ 0.63758421, -0.77037566,  0.00277737, -0.26000787],
       [ 0.77036835,  0.63759026,  0.00335579,  0.35676144],
       [-0.00435604, -0.        ,  0.99999051,  0.08253252],
       [ 0.        ,  0.        ,  0.        ,  1.        ]])]","[array([[ 0.71120717, -0.70257717,  0.02386793, -0.22455241],
       [ 0.70218186,  0.71160756,  0.02356505,  0.26532864],
       [-0.03354087,  0.        ,  0.99943735,  0.08500432],
       [ 0.        ,  0.        ,  0.        ,  1.        ]])]","[array([[ 0.18788201, -0.98216957, -0.00657917, -0.18229348],
       [ 0.98156794,  0.18799717, -0.03437214,  0.3078871 ],
       [ 0.03499614,  0.        ,  0.99938745,  0.08193712],
       [ 0.        ,  0.        ,  0.        ,  1.        ]])]","[array([[ 0.18788201, -0.98216957, -0.00657917, -0.18229348],
       [ 0.98156794,  0.18799717, -0.03437214,  0.3078871 ],
       [ 0.03499614,  0.        ,  0.99938745,  0.08193712],
       [ 0.        ,  0.        ,  0.        ,  1.        ]])]"
12,"[array([[ 0.20388255, -0.97896578,  0.00760968, -0.2578667 ],
       [ 0.97828461,  0.20402451,  0.03651335,  0.2678002 ],
       [-0.03729789, -0.        ,  0.99930419,  0.08473047],
       [ 0.        ,  0.        ,  0.        ,  1.        ]])]","[array([[ 0.64729965, -0.76219755,  0.00761924, -0.23922202],
       [ 0.76214475,  0.64734449,  0.00897106,  0.33596785],
       [-0.01177   , -0.        ,  0.99993073,  0.08299329],
       [ 0.        ,  0.        ,  0.        ,  1.        ]])]","[array([[ 0.64729965, -0.76219755,  0.00761924, -0.23922202],
       [ 0.76214475,  0.64734449,  0.00897106,  0.33596785],
       [-0.01177   , -0.        ,  0.99993073,  0.08299329],
       [ 0.        ,  0.        ,  0.        ,  1.        ]])]","[array([[ 0.71862915, -0.69503979,  0.02217741, -0.20418177],
       [ 0.69470905,  0.71897128,  0.02143922,  0.24414639],
       [-0.03084603,  0.        ,  0.99952415,  0.08504395],
       [ 0.        ,  0.        ,  0.        ,  1.        ]])]","[array([[ 0.19007631, -0.98175395, -0.00549329, -0.16147054],
       [ 0.98134421,  0.19015567, -0.02836126,  0.28624789],
       [ 0.02888836,  0.        ,  0.99958264,  0.08225835],
       [ 0.        ,  0.        ,  0.        ,  1.        ]])]","[array([[ 0.19007631, -0.98175395, -0.00549329, -0.16147054],
       [ 0.98134421,  0.19015567, -0.02836126,  0.28624789],
       [ 0.02888836,  0.        ,  0.99958264,  0.08225835],
       [ 0.        ,  0.        ,  0.        ,  1.        ]])]"
13,"[array([[ 0.19223667, -0.98132353,  0.00701378, -0.25084766],
       [ 0.98067103,  0.19236457,  0.03577989,  0.23240812],
       [-0.03646085, -0.        ,  0.99933508,  0.08474472],
       [ 0.        ,  0.        ,  0.        ,  1.        ]])]","[array([[ 0.6372866 , -0.77059369,  0.00715194, -0.23296939],
       [ 0.77054517,  0.63732673,  0.00864743,  0.30073363],
       [-0.01122177, -0.        ,  0.99993703,  0.08300085],
       [ 0.        ,  0.        ,  0.        ,  1.        ]])]","[array([[ 0.6372866 , -0.77059369,  0.00715194, -0.23296939],
       [ 0.77054517,  0.63732673,  0.00864743,  0.30073363],
       [-0.01122177, -0.        ,  0.99993703,  0.08300085],
       [ 0.        ,  0.        ,  0.        ,  1.        ]])]","[array([[ 0.70851155, -0.70550794,  0.01642968, -0.19689704],
       [ 0.70531833,  0.70870202,  0.01635563,  0.2092906 ],
       [-0.02318277,  0.        ,  0.99973124,  0.08491829],
       [ 0.        ,  0.        ,  0.        ,  1.        ]])]","[array([[ 0.1748742 , -0.98458541, -0.00325367, -0.15461005],
       [ 0.98441503,  0.17490447, -0.01831581,  0.25187354],
       [ 0.01860256,  0.        ,  0.99982696,  0.08263944],
       [ 0.        ,  0.        ,  0.        ,  1.        ]])]","[array([[ 0.1748742 , -0.98458541, -0.00325367, -0.15461005],
       [ 0.98441503,  0.17490447, -0.01831581,  0.25187354],
       [ 0.01860256,  0.        ,  0.99982696,  0.08263944],
       [ 0.        ,  0.        ,  0.        ,  1.        ]])]"
14,"[array([[ 0.16968099, -0.98547366,  0.00707229, -0.23621462],
       [ 0.98461879,  0.16982831,  0.04103885,  0.20256734],
       [-0.04164378, -0.        ,  0.99913252,  0.08499882],
       [ 0.        ,  0.        ,  0.        ,  1.        ]])]","[array([[ 0.61755146, -0.78650098,  0.0068117 , -0.22000039],
       [ 0.78645314,  0.61758903,  0.00867471,  0.27115494],
       [-0.0110295 , -0.        ,  0.99993917,  0.08304674],
       [ 0.        ,  0.        ,  0.        ,  1.        ]])]","[array([[ 0.61755146, -0.78650098,  0.0068117 , -0.22000039],
       [ 0.78645314,  0.61758903,  0.00867471,  0.27115494],
       [-0.0110295 , -0.        ,  0.99993917,  0.08304674],
       [ 0.        ,  0.        ,  0.        ,  1.        ]])]","[array([[ 0.69438551, -0.71921425,  0.02365612, -0.18168726],
       [ 0.71879725,  0.69478835,  0.02448777,  0.18096219],
       [-0.03404795,  0.        ,  0.9994202 ,  0.08532367],
       [ 0.        ,  0.        ,  0.        ,  1.        ]])]","[array([[ 0.15685871, -0.9876072 , -0.0052312 , -0.14060671],
       [ 0.98705845,  0.15694592, -0.03291815,  0.22445255],
       [ 0.03333121,  0.        ,  0.99944436,  0.08226007],
       [ 0.        ,  0.        ,  0.        ,  1.        ]])]","[array([[ 0.15685871, -0.9876072 , -0.0052312 , -0.14060671],
       [ 0.98705845,  0.15694592, -0.03291815,  0.22445255],
       [ 0.03333121,  0.        ,  0.99944436,  0.08226007],
       [ 0.        ,  0.        ,  0.        ,  1.        ]])]"
15,"[array([[ 0.13414353, -0.99094526,  0.00574547, -0.20222882],
       [ 0.99003757,  0.13426651,  0.04240407,  0.18826644],
       [-0.04279153, -0.        ,  0.99908402,  0.08519653],
       [ 0.        ,  0.        ,  0.        ,  1.        ]])]","[array([[ 0.5876666 , -0.80907027,  0.00729859, -0.18847061],
       [ 0.80900788,  0.58771192,  0.01004756,  0.25725125],
       [-0.01241865, -0.        ,  0.99992289,  0.08325491],
       [ 0.        ,  0.        ,  0.        ,  1.        ]])]","[array([[ 0.5876666 , -0.80907027,  0.00729859, -0.18847061],
       [ 0.80900788,  0.58771192,  0.01004756,  0.25725125],
       [-0.01241865, -0.        ,  0.99992289,  0.08325491],
       [ 0.        ,  0.        ,  0.        ,  1.        ]])]","[array([[ 0.66940573, -0.74258414,  0.02155836, -0.14700712],
       [ 0.74219935,  0.66975278,  0.02390269,  0.16864079],
       [-0.03218853,  0.        ,  0.99948182,  0.08545102],
       [ 0.        ,  0.        ,  0.        ,  1.        ]])]","[array([[ 0.12075409, -0.99267574, -0.00365163, -0.10741327],
       [ 0.99222216,  0.12080929, -0.03000498,  0.21348046],
       [ 0.03022637,  0.        ,  0.99954308,  0.0826048 ],
       [ 0.        ,  0.        ,  0.        ,  1.        ]])]","[array([[ 0.12075409, -0.99267574, -0.00365163, -0.10741327],
       [ 0.99222216,  0.12080929, -0.03000498,  0.21348046],
       [ 0.03022637,  0.        ,  0.99954308,  0.0826048 ],
       [ 0.        ,  0.        ,  0.        ,  1.        ]])]"
16,"[array([[ 0.12425393, -0.99223817,  0.00493689, -0.157147  ],
       [ 0.9914559 ,  0.12435197,  0.0393928 ,  0.20241489],
       [-0.03970095, -0.        ,  0.99921161,  0.0852663 ],
       [ 0.        ,  0.        ,  0.        ,  1.        ]])]","[array([[ 0.58343991, -0.812077  ,  0.01134986, -0.14398374],
       [ 0.81192338,  0.5835503 ,  0.01579463,  0.27181281],
       [-0.01944967, -0.        ,  0.99981084,  0.0835705 ],
       [ 0.        ,  0.        ,  0.        ,  1.        ]])]","[array([[ 0.58343991, -0.812077  ,  0.01134986, -0.14398374],
       [ 0.81192338,  0.5835503 ,  0.01579463,  0.27181281],
       [-0.01944967, -0.        ,  0.99981084,  0.0835705 ],
       [ 0.        ,  0.        ,  0.        ,  1.        ]])]","[array([[ 0.65831488, -0.75249371,  0.01935824, -0.10175863],
       [ 0.75216858,  0.65859944,  0.02211808,  0.18304749],
       [-0.02939304,  0.        ,  0.99956793,  0.0854974 ],
       [ 0.        ,  0.        ,  0.        ,  1.        ]])]","[array([[ 9.40939887e-02, -9.95562965e-01, -8.38753284e-04,
        -6.19701796e-02],
       [ 9.95523414e-01,  9.40977269e-02, -8.87409010e-03,
         2.28135199e-01],
       [ 8.91364023e-03,  0.00000000e+00,  9.99960273e-01,
         8.35445462e-02],
       [ 0.00000000e+00,  0.00000000e+00,  0.00000000e+00,
         1.00000000e+00]])]","[array([[ 9.40939887e-02, -9.95562965e-01, -8.38753284e-04,
        -6.19701796e-02],
       [ 9.95523414e-01,  9.40977269e-02, -8.87409010e-03,
         2.28135199e-01],
       [ 8.91364023e-03,  0.00000000e+00,  9.99960273e-01,
         8.35445462e-02],
       [ 0.00000000e+00,  0.00000000e+00,  0.00000000e+00,
         1.00000000e+00]])]"
17,"[array([[ 0.15948834, -0.98718021,  0.00622121, -0.11706471],
       [ 0.98643003,  0.15960963,  0.03847798,  0.24019853],
       [-0.03897767, -0.        ,  0.99924008,  0.0854391 ],
       [ 0.        ,  0.        ,  0.        ,  1.        ]])]","[array([[ 0.60497252, -0.79624237,  0.00251741, -0.10119822],
       [ 0.79623548,  0.60497776,  0.00331329,  0.30899311],
       [-0.00416116, -0.        ,  0.99999134,  0.08332632],
       [ 0.        ,  0.        ,  0.        ,  1.        ]])]","[array([[ 0.60497252, -0.79624237,  0.00251741, -0.10119822],
       [ 0.79623548,  0.60497776,  0.00331329,  0.30899311],
       [-0.00416116, -0.        ,  0.99999134,  0.08332632],
       [ 0.        ,  0.        ,  0.        ,  1.        ]])]","[array([[ 0.68342451, -0.72962069,  0.02417837, -0.06237009],
       [ 0.72916451,  0.68385207,  0.02579657,  0.2188419 ],
       [-0.03535613,  0.        ,  0.99937478,  0.08589698],
       [ 0.        ,  0.        ,  0.        ,  1.        ]])]","[array([[ 0.14540079, -0.98936532, -0.00385789, -0.02154052],
       [ 0.98901725,  0.14545196, -0.02624137,  0.26277222],
       [ 0.02652344,  0.        ,  0.99964819,  0.08306855],
       [ 0.        ,  0.        ,  0.        ,  1.        ]])]","[array([[ 0.14540079, -0.98936532, -0.00385789, -0.02154052],
       [ 0.98901725,  0.14545196, -0.02624137,  0.26277222],
       [ 0.02652344,  0.        ,  0.99964819,  0.08306855],
       [ 0.        ,  0.        ,  0.        ,  1.        ]])]"
18,"[array([[ 0.21460087, -0.9766782 ,  0.00679421, -0.07362777],
       [ 0.97618909,  0.21470839,  0.0309059 ,  0.26998467],
       [-0.0316439 , -0.        ,  0.99949921,  0.08534982],
       [ 0.        ,  0.        ,  0.        ,  1.        ]])]","[array([[ 0.65811283, -0.75285456,  0.00987514, -0.05419283],
       [ 0.75276982,  0.65818691,  0.0112955 ,  0.33793676],
       [-0.01500356, -0.        ,  0.99988744,  0.08400011],
       [ 0.        ,  0.        ,  0.        ,  1.        ]])]","[array([[ 0.65811283, -0.75285456,  0.00987514, -0.05419283],
       [ 0.75276982,  0.65818691,  0.0112955 ,  0.33793676],
       [-0.01500356, -0.        ,  0.99988744,  0.08400011],
       [ 0.        ,  0.        ,  0.        ,  1.        ]])]","[array([[ 0.72309499, -0.69031358,  0.0245112 , -0.02031386],
       [ 0.68991732,  0.72351031,  0.02338656,  0.24539601],
       [-0.03387816,  0.        ,  0.99942597,  0.08603487],
       [ 0.        ,  0.        ,  0.        ,  1.        ]])]","[array([[ 0.20361568, -0.97903701, -0.00521491,  0.02297726],
       [ 0.97871606,  0.20368245, -0.02506644,  0.28697646],
       [ 0.02560316,  0.        ,  0.99967219,  0.08334682],
       [ 0.        ,  0.        ,  0.        ,  1.        ]])]","[array([[ 0.20361568, -0.97903701, -0.00521491,  0.02297726],
       [ 0.97871606,  0.20368245, -0.02506644,  0.28697646],
       [ 0.02560316,  0.        ,  0.99967219,  0.08334682],
       [ 0.        ,  0.        ,  0.        ,  1.        ]])]"
19,"[array([[ 0.26247248, -0.96490149,  0.00856244, -0.05824514],
       [ 0.96438847,  0.2626121 ,  0.0314605 ,  0.26616391],
       [-0.03260489, -0.        ,  0.99946832,  0.08546335],
       [ 0.        ,  0.        ,  0.        ,  1.        ]])]","[array([[ 0.6902587 , -0.72354978,  0.0043177 , -0.0351762 ],
       [ 0.72353563,  0.6902722 ,  0.00452585,  0.33285979],
       [-0.00625506, -0.        ,  0.99998044,  0.08360391],
       [ 0.        ,  0.        ,  0.        ,  1.        ]])]","[array([[ 0.6902587 , -0.72354978,  0.0043177 , -0.0351762 ],
       [ 0.72353563,  0.6902722 ,  0.00452585,  0.33285979],
       [-0.00625506, -0.        ,  0.99998044,  0.08360391],
       [ 0.        ,  0.        ,  0.        ,  1.        ]])]","[array([[ 0.75695159, -0.65298881,  0.02509775, -0.00623099],
       [ 0.65263018,  0.75736755,  0.02163883,  0.23901272],
       [-0.03313814,  0.        ,  0.99945078,  0.08606329],
       [ 0.        ,  0.        ,  0.        ,  1.        ]])]","[array([[ 0.25259943, -0.9675492 , -0.00648597,  0.03906954],
       [ 0.96723041,  0.25268269, -0.02483546,  0.27838646],
       [ 0.02566842,  0.        ,  0.99967051,  0.08341074],
       [ 0.        ,  0.        ,  0.        ,  1.        ]])]","[array([[ 0.25259943, -0.9675492 , -0.00648597,  0.03906954],
       [ 0.96723041,  0.25268269, -0.02483546,  0.27838646],
       [ 0.02566842,  0.        ,  0.99967051,  0.08341074],
       [ 0.        ,  0.        ,  0.        ,  1.        ]])]"
20,"[array([[ 0.27129944, -0.96243538,  0.01071274, -0.04264481],
       [ 0.96168593,  0.27151086,  0.03797388,  0.23168967],
       [-0.03945603, -0.        ,  0.99922131,  0.08582382],
       [ 0.        ,  0.        ,  0.        ,  1.        ]])]","[array([[ 0.69944389, -0.71461261,  0.01034711, -0.01942807],
       [ 0.71453443,  0.69952042,  0.01057035,  0.29839765],
       [-0.01479171, -0.        ,  0.9998906 ,  0.08414038],
       [ 0.        ,  0.        ,  0.        ,  1.        ]])]","[array([[ 0.69944389, -0.71461261,  0.01034711, -0.01942807],
       [ 0.71453443,  0.69952042,  0.01057035,  0.29839765],
       [-0.01479171, -0.        ,  0.9998906 ,  0.08414038],
       [ 0.        ,  0.        ,  0.        ,  1.        ]])]","[array([[ 0.75915866, -0.65036053,  0.02663297,  0.0093459 ],
       [ 0.64996068,  0.75962569,  0.02280206,  0.20410256],
       [-0.03506065,  0.        ,  0.99938519,  0.08622636],
       [ 0.        ,  0.        ,  0.        ,  1.        ]])]","[array([[ 0.25646387, -0.96653631, -0.0058176 ,  0.05491357],
       [ 0.96628774,  0.25652985, -0.02191919,  0.24324134],
       [ 0.02267808,  0.        ,  0.99974282,  0.08365084],
       [ 0.        ,  0.        ,  0.        ,  1.        ]])]","[array([[ 0.25646387, -0.96653631, -0.0058176 ,  0.05491357],
       [ 0.96628774,  0.25652985, -0.02191919,  0.24324134],
       [ 0.02267808,  0.        ,  0.99974282,  0.08365084],
       [ 0.        ,  0.        ,  0.        ,  1.        ]])]"
21,"[array([[ 0.2392214 , -0.97092142,  0.00920398, -0.01649679],
       [ 0.97020359,  0.23939839,  0.03732833,  0.1941956 ],
       [-0.0384463 , -0.        ,  0.99926067,  0.0859282 ],
       [ 0.        ,  0.        ,  0.        ,  1.        ]])]","[array([[ 0.67530758, -0.73747864,  0.00921583,  0.00453257],
       [ 0.73740998,  0.67537046,  0.01006334,  0.26159853],
       [-0.0136456 , -0.        ,  0.99990689,  0.08422493],
       [ 0.        ,  0.        ,  0.        ,  1.        ]])]","[array([[ 0.67530758, -0.73747864,  0.00921583,  0.00453257],
       [ 0.73740998,  0.67537046,  0.01006334,  0.26159853],
       [-0.0136456 , -0.        ,  0.99990689,  0.08422493],
       [ 0.        ,  0.        ,  0.        ,  1.        ]])]","[array([[ 0.74108805, -0.67127019,  0.0135957 ,  0.0361851 ],
       [ 0.67115726,  0.74121275,  0.01231277,  0.16845534],
       [-0.0183425 ,  0.        ,  0.99983176,  0.08573087],
       [ 0.        ,  0.        ,  0.        ,  1.        ]])]","[array([[ 0.22057012, -0.97535445, -0.00570227,  0.08056475],
       [ 0.97502868,  0.22064381, -0.02520684,  0.20883894],
       [ 0.02584377,  0.        ,  0.99966599,  0.08359317],
       [ 0.        ,  0.        ,  0.        ,  1.        ]])]","[array([[ 0.22057012, -0.97535445, -0.00570227,  0.08056475],
       [ 0.97502868,  0.22064381, -0.02520684,  0.20883894],
       [ 0.02584377,  0.        ,  0.99966599,  0.08359317],
       [ 0.        ,  0.        ,  0.        ,  1.        ]])]"
22,"[array([[ 0.22164183, -0.97508776,  0.0088744 ,  0.0338776 ],
       [ 0.97430709,  0.22181942,  0.03901065,  0.17203772],
       [-0.04000732, -0.        ,  0.99919939,  0.08619416],
       [ 0.        ,  0.        ,  0.        ,  1.        ]])]","[array([[ 0.66094381, -0.75039134,  0.0081306 ,  0.05379723],
       [ 0.75033457,  0.66099382,  0.00923024,  0.23972283],
       [-0.01230057, -0.        ,  0.99992435,  0.08436916],
       [ 0.        ,  0.        ,  0.        ,  1.        ]])]","[array([[ 0.66094381, -0.75039134,  0.0081306 ,  0.05379723],
       [ 0.75033457,  0.66099382,  0.00923024,  0.23972283],
       [-0.01230057, -0.        ,  0.99992435,  0.08436916],
       [ 0.        ,  0.        ,  0.        ,  1.        ]])]","[array([[ 0.7304411 , -0.68282781,  0.01421196,  0.08693602],
       [ 0.6826986 ,  0.73057934,  0.01328305,  0.14723844],
       [-0.019453  ,  0.        ,  0.99981077,  0.08595975],
       [ 0.        ,  0.        ,  0.        ,  1.        ]])]","[array([[ 0.20124013, -0.97953129, -0.00456767,  0.13074501],
       [ 0.97927907,  0.20129196, -0.02222729,  0.18823069],
       [ 0.02269177,  0.        ,  0.99974251,  0.0839374 ],
       [ 0.        ,  0.        ,  0.        ,  1.        ]])]","[array([[ 0.20124013, -0.97953129, -0.00456767,  0.13074501],
       [ 0.97927907,  0.20129196, -0.02222729,  0.18823069],
       [ 0.02269177,  0.        ,  0.99974251,  0.0839374 ],
       [ 0.        ,  0.        ,  0.        ,  1.        ]])]"
23,"[array([[ 0.21755553, -0.97600936,  0.00867822,  0.07478665],
       [ 0.97523378,  0.21772855,  0.03890176,  0.18406843],
       [-0.03985798, -0.        ,  0.99920535,  0.08638782],
       [ 0.        ,  0.        ,  0.        ,  1.        ]])]","[array([[ 0.65741353, -0.75349555,  0.00720473,  0.09445352],
       [ 0.7534503 ,  0.65745301,  0.00825722,  0.25181782],
       [-0.01095855, -0.        ,  0.99993995,  0.08450648],
       [ 0.        ,  0.        ,  0.        ,  1.        ]])]","[array([[ 0.65741353, -0.75349555,  0.00720473,  0.09445352],
       [ 0.7534503 ,  0.65745301,  0.00825722,  0.25181782],
       [-0.01095855, -0.        ,  0.99993995,  0.08450648],
       [ 0.        ,  0.        ,  0.        ,  1.        ]])]","[array([[ 0.72671411, -0.68676933,  0.01531304,  0.12797753],
       [ 0.68661691,  0.72687543,  0.01446813,  0.1594358 ],
       [-0.02106694,  0.        ,  0.99977807,  0.0861969 ],
       [ 0.        ,  0.        ,  0.        ,  1.        ]])]","[array([[ 0.21800518, -0.9759005 , -0.00958913,  0.1709488 ],
       [ 0.97495781,  0.21821597, -0.04288431,  0.20114481],
       [ 0.04394332,  0.        ,  0.99903403,  0.0834486 ],
       [ 0.        ,  0.        ,  0.        ,  1.        ]])]","[array([[ 0.21800518, -0.9759005 , -0.00958913,  0.1709488 ],
       [ 0.97495781,  0.21821597, -0.04288431,  0.20114481],
       [ 0.04394332,  0.        ,  0.99903403,  0.0834486 ],
       [ 0.        ,  0.        ,  0.        ,  1.        ]])]"
24,"[array([[ 0.23676333, -0.9715221 ,  0.00937738,  0.09652444],
       [ 0.97076099,  0.23694896,  0.03844851,  0.20925225],
       [-0.03957554, -0.        ,  0.99921658,  0.08648949],
       [ 0.        ,  0.        ,  0.        ,  1.        ]])]","[array([[ 0.67229178, -0.7402532 ,  0.00699712,  0.11751198],
       [ 0.74021311,  0.67232819,  0.00770404,  0.2766077 ],
       [-0.0104073 , -0.        ,  0.99994584,  0.08459995],
       [ 0.        ,  0.        ,  0.        ,  1.        ]])]","[array([[ 0.67229178, -0.7402532 ,  0.00699712,  0.11751198],
       [ 0.74021311,  0.67232819,  0.00770404,  0.2766077 ],
       [-0.0104073 , -0.        ,  0.99994584,  0.08459995],
       [ 0.        ,  0.        ,  0.        ,  1.        ]])]","[array([[ 0.73951656, -0.67302727,  0.01222887,  0.14926071],
       [ 0.67293527,  0.73961767,  0.01112786,  0.18355636],
       [-0.01653404,  0.        ,  0.9998633 ,  0.08613036],
       [ 0.        ,  0.        ,  0.        ,  1.        ]])]","[array([[ 0.20992934, -0.97771543,  0.00148755,  0.19395466],
       [ 0.97769088,  0.20993461,  0.0069279 ,  0.22380903],
       [-0.0070858 ,  0.        ,  0.9999749 ,  0.08575033],
       [ 0.        ,  0.        ,  0.        ,  1.        ]])]","[array([[ 0.20992934, -0.97771543,  0.00148755,  0.19395466],
       [ 0.97769088,  0.20993461,  0.0069279 ,  0.22380903],
       [-0.0070858 ,  0.        ,  0.9999749 ,  0.08575033],
       [ 0.        ,  0.        ,  0.        ,  1.        ]])]"
25,"[array([[ 0.26521465, -0.96413278,  0.01044837,  0.11636518],
       [ 0.96338547,  0.26542038,  0.03795343,  0.24314732],
       [-0.03936535, -0.        ,  0.99922488,  0.08657878],
       [ 0.        ,  0.        ,  0.        ,  1.        ]])]","[array([[ 0.69335164, -0.72056331,  0.00721213,  0.13932288],
       [ 0.72052434,  0.69338915,  0.00749477,  0.30984958],
       [-0.01040127, -0.        ,  0.99994591,  0.08471276],
       [ 0.        ,  0.        ,  0.        ,  1.        ]])]","[array([[ 0.69335164, -0.72056331,  0.00721213,  0.13932288],
       [ 0.72052434,  0.69338915,  0.00749477,  0.30984958],
       [-0.01040127, -0.        ,  0.99994591,  0.08471276],
       [ 0.        ,  0.        ,  0.        ,  1.        ]])]","[array([[ 0.75908003, -0.65085417,  0.01365127,  0.16832028],
       [ 0.65074895,  0.75920277,  0.01170304,  0.21592915],
       [-0.01798105,  0.        ,  0.99983833,  0.08627378],
       [ 0.        ,  0.        ,  0.        ,  1.        ]])]","[array([[ 0.24760232, -0.96884535, -0.00563774,  0.21375062],
       [ 0.9685943 ,  0.24766649, -0.02205425,  0.25510812],
       [ 0.02276344,  0.        ,  0.99974088,  0.08432412],
       [ 0.        ,  0.        ,  0.        ,  1.        ]])]","[array([[ 0.24760232, -0.96884535, -0.00563774,  0.21375062],
       [ 0.9685943 ,  0.24766649, -0.02205425,  0.25510812],
       [ 0.02276344,  0.        ,  0.99974088,  0.08432412],
       [ 0.        ,  0.        ,  0.        ,  1.        ]])]"
26,"[array([[ 0.27623616, -0.96102216,  0.01140104,  0.12267168],
       [ 0.96020468,  0.27647134,  0.03963035,  0.25382128],
       [-0.04123771, -0.        ,  0.99914936,  0.08665172],
       [ 0.        ,  0.        ,  0.        ,  1.        ]])]","[array([[ 0.70134978, -0.71278309,  0.00698199,  0.14636555],
       [ 0.71274777,  0.70138453,  0.00709545,  0.32027185],
       [-0.00995458, -0.        ,  0.99995045,  0.08474456],
