,LP,LD1,LD2,RP,RD1,RD2
0,"[array([[-0.93442861, -0.35459602, -0.03323925, -0.16190633],
       [ 0.35437188, -0.93501961,  0.01260562,  0.11512122],
       [-0.03554925,  0.        ,  0.99936793,  0.0848033 ],
       [ 0.        ,  0.        ,  0.        ,  1.        ]])]","[array([[ 0.06327669, -0.99799514,  0.00133071, -0.22382718],
       [ 0.99777452,  0.06329068,  0.02098317,  0.15043758],
       [-0.02102532, -0.        ,  0.99977894,  0.08268661],
       [ 0.        ,  0.        ,  0.        ,  1.        ]])]","[array([[ 0.06327669, -0.99799514,  0.00133071, -0.22382718],
       [ 0.99777452,  0.06329068,  0.02098317,  0.15043758],
       [-0.02102532, -0.        ,  0.99977894,  0.08268661],
       [ 0.        ,  0.        ,  0.        ,  1.        ]])]","[array([[ 0.08176878, -0.99664362,  0.0039182 , -0.10969183],
       [ 0.99550138,  0.0818626 ,  0.04770245,  0.1239113 ],
       [-0.04786309,  0.        ,  0.99885391,  0.08596613],
       [ 0.        ,  0.        ,  0.        ,  1.        ]])]","[array([[-0.8673643 , -0.49557084,  0.04570244, -0.10360691],
       [ 0.49488433, -0.86856752, -0.02607603,  0.17735387],
       [ 0.05261818, -0.        ,  0.9986147 ,  0.08212074],
       [ 0.        ,  0.        ,  0.        ,  1.        ]])]","[array([[-0.8673643 , -0.49557084,  0.04570244, -0.10360691],
       [ 0.49488433, -0.86856752, -0.02607603,  0.17735387],
       [ 0.05261818, -0.        ,  0.9986147 ,  0.08212074],
       [ 0.        ,  0.        ,  0.        ,  1.        ]])]"
1,"[array([[-0.93437935, -0.35468617, -0.03365943, -0.16192046],
       [ 0.35445626, -0.93498541,  0.01276868,  0.11512072],
       [-0.03599995,  0.        ,  0.99935179,  0.0848244 ],
       [ 0.        ,  0.        ,  0.        ,  1.        ]])]","[array([[ 0.06307381, -0.998008  ,  0.00131689, -0.22382078],
       [ 0.99779054,  0.06308756,  0.02083249,  0.15043815],
       [-0.02087407, -0.        ,  0.99978211,  0.0826818 ],
       [ 0.        ,  0.        ,  0.        ,  1.        ]])]","[array([[ 0.06307381, -0.998008  ,  0.00131689, -0.22382078],
       [ 0.99779054,  0.06308756,  0.02083249,  0.15043815],
       [-0.02087407, -0.        ,  0.99978211,  0.0826818 ],
       [ 0.        ,  0.        ,  0.        ,  1.        ]])]","[array([[ 0.08225525, -0.99660354,  0.00393207, -0.10970837],
       [ 0.99546679,  0.08234918,  0.04758661,  0.12391739],
       [-0.04774879,  0.        ,  0.99885938,  0.08596757],
       [ 0.        ,  0.        ,  0.        ,  1.        ]])]","[array([[-0.86744178, -0.49542346,  0.04582955, -0.10359842],
       [ 0.49473346, -0.8686516 , -0.02613825,  0.17735852],
       [ 0.05275942, -0.        ,  0.99860725,  0.08211425],
       [ 0.        ,  0.        ,  0.        ,  1.        ]])]","[array([[-0.86744178, -0.49542346,  0.04582955, -0.10359842],
       [ 0.49473346, -0.8686516 , -0.02613825,  0.17735852],
       [ 0.05275942, -0.        ,  0.99860725,  0.08211425],
       [ 0.        ,  0.        ,  0.        ,  1.        ]])]"
2,"[array([[-0.93517227, -0.35268673, -0.03263265, -0.16187095],
       [ 0.3524722 , -0.93574145,  0.01229945,  0.11516356],
       [-0.03487357,  0.        ,  0.99939173,  0.08478717],
       [ 0.        ,  0.        ,  0.        ,  1.        ]])]","[array([[ 0.06314579, -0.99800343,  0.0013252 , -0.22382505],
       [ 0.99778373,  0.06315969,  0.02093978,  0.1504437 ],
       [-0.02098167, -0.        ,  0.99977986,  0.08268722],
       [ 0.        ,  0.        ,  0.        ,  1.        ]])]","[array([[ 0.06314579, -0.99800343,  0.0013252 , -0.22382505],
       [ 0.99778373,  0.06315969,  0.02093978,  0.1504437 ],
       [-0.02098167, -0.        ,  0.99977986,  0.08268722],
       [ 0.        ,  0.        ,  0.        ,  1.        ]])]","[array([[ 0.08221085, -0.99660704,  0.0039729 , -0.10970941],
       [ 0.99544535,  0.08230679,  0.04810564,  0.1239165 ],
       [-0.04826942,  0.        ,  0.99883435,  0.08598424],
       [ 0.        ,  0.        ,  0.        ,  1.        ]])]","[array([[-0.86722719, -0.49578921,  0.04593535, -0.10362728],
       [ 0.49509518, -0.86844289, -0.02622423,  0.17734888],
       [ 0.05289392, -0.        ,  0.99860014,  0.08210297],
       [ 0.        ,  0.        ,  0.        ,  1.        ]])]","[array([[-0.86722719, -0.49578921,  0.04593535, -0.10362728],
       [ 0.49509518, -0.86844289, -0.02622423,  0.17734888],
       [ 0.05289392, -0.        ,  0.99860014,  0.08210297],
       [ 0.        ,  0.        ,  0.        ,  1.        ]])]"
3,"[array([[-0.93517112, -0.3526796 , -0.03274271, -0.1618649 ],
       [ 0.35246363, -0.93574414,  0.01234064,  0.11516273],
       [-0.03499109,  0.        ,  0.99938762,  0.0847868 ],
       [ 0.        ,  0.        ,  0.        ,  1.        ]])]","[array([[ 0.06328296, -0.99799473,  0.00133415, -0.22382237],
       [ 0.99777302,  0.06329702,  0.02103533,  0.15044265],
       [-0.02107759, -0.        ,  0.99977784,  0.08269127],
       [ 0.        ,  0.        ,  0.        ,  1.        ]])]","[array([[ 0.06328296, -0.99799473,  0.00133415, -0.22382237],
       [ 0.99777302,  0.06329702,  0.02103533,  0.15044265],
       [-0.02107759, -0.        ,  0.99977784,  0.08269127],
       [ 0.        ,  0.        ,  0.        ,  1.        ]])]","[array([[ 0.08194804, -0.99662885,  0.00393145, -0.10969872],
       [ 0.99548391,  0.08204229,  0.0477583 ,  0.12391429],
       [-0.04791985,  0.        ,  0.99885118,  0.0859654 ],
       [ 0.        ,  0.        ,  0.        ,  1.        ]])]","[array([[-0.86738002, -0.49551076,  0.0460543 , -0.10360459],
       [ 0.49481376, -0.8686018 , -0.02627257,  0.17735665],
       [ 0.05302119, -0.        ,  0.99859339,  0.08210093],
       [ 0.        ,  0.        ,  0.        ,  1.        ]])]","[array([[-0.86738002, -0.49551076,  0.0460543 , -0.10360459],
       [ 0.49481376, -0.8686018 , -0.02627257,  0.17735665],
       [ 0.05302119, -0.        ,  0.99859339,  0.08210093],
       [ 0.        ,  0.        ,  0.        ,  1.        ]])]"
4,"[array([[-0.9359257 , -0.35080248, -0.03131626, -0.16183964],
       [ 0.35060627, -0.93644947,  0.01173136,  0.11507131],
       [-0.03344149,  0.        ,  0.99944068,  0.08486109],
       [ 0.        ,  0.        ,  0.        ,  1.        ]])]","[array([[ 6.01450681e-02, -9.98189202e-01,  9.42217361e-04,
        -2.23890465e-01],
       [ 9.98066739e-01,  6.01524479e-02,  1.56354601e-02,
         1.50191164e-01],
       [-1.56638241e-02, -0.00000000e+00,  9.99877315e-01,
         8.29081096e-02],
       [ 0.00000000e+00,  0.00000000e+00,  0.00000000e+00,
         1.00000000e+00]])]","[array([[ 6.01450681e-02, -9.98189202e-01,  9.42217361e-04,
        -2.23890465e-01],
       [ 9.98066739e-01,  6.01524479e-02,  1.56354601e-02,
         1.50191164e-01],
       [-1.56638241e-02, -0.00000000e+00,  9.99877315e-01,
         8.29081096e-02],
       [ 0.00000000e+00,  0.00000000e+00,  0.00000000e+00,
         1.00000000e+00]])]","[array([[ 0.0792126 , -0.99685589,  0.00192385, -0.10949446],
       [ 0.99656201,  0.07923596,  0.02420363,  0.12370623],
       [-0.02427997,  0.        ,  0.9997052 ,  0.08542187],
       [ 0.        ,  0.        ,  0.        ,  1.        ]])]","[array([[-0.8674804 , -0.4944879 ,  0.05440107, -0.10347833],
       [ 0.49351841, -0.86918451, -0.03094932,  0.17715783],
       [ 0.06258863, -0.        ,  0.99803941,  0.08273868],
       [ 0.        ,  0.        ,  0.        ,  1.        ]])]","[array([[-0.8674804 , -0.4944879 ,  0.05440107, -0.10347833],
       [ 0.49351841, -0.86918451, -0.03094932,  0.17715783],
       [ 0.06258863, -0.        ,  0.99803941,  0.08273868],
       [ 0.        ,  0.        ,  0.        ,  1.        ]])]"
5,"[array([[-0.91997404, -0.39168958, -0.01506767, -0.16239905],
       [ 0.39163706, -0.92009742,  0.00641438,  0.11497722],
       [-0.01637617,  0.        ,  0.9998659 ,  0.08442183],
       [ 0.        ,  0.        ,  0.        ,  1.        ]])]","[array([[ 0.10804629, -0.99414168,  0.00288336, -0.22290751],
       [ 0.99378788,  0.10808476,  0.02652059,  0.15259793],
       [-0.02667687, -0.        ,  0.99964411,  0.08374632],
       [ 0.        ,  0.        ,  0.        ,  1.        ]])]","[array([[ 0.10804629, -0.99414168,  0.00288336, -0.22290751],
       [ 0.99378788,  0.10808476,  0.02652059,  0.15259793],
       [-0.02667687, -0.        ,  0.99964411,  0.08374632],
       [ 0.        ,  0.        ,  0.        ,  1.        ]])]","[array([[ 0.09942456, -0.99504284,  0.0021237 , -0.10906212],
       [ 0.99481592,  0.09944724,  0.02124919,  0.12365272],
       [-0.02135505,  0.        ,  0.99977195,  0.08586235],
       [ 0.        ,  0.        ,  0.        ,  1.        ]])]","[array([[-0.86003751, -0.50645898,  0.06192557, -0.10154462],
       [ 0.5051512 , -0.86226405, -0.03637257,  0.17699306],
       [ 0.07181741, -0.        ,  0.9974178 ,  0.08328721],
       [ 0.        ,  0.        ,  0.        ,  1.        ]])]","[array([[-0.86003751, -0.50645898,  0.06192557, -0.10154462],
       [ 0.5051512 , -0.86226405, -0.03637257,  0.17699306],
       [ 0.07181741, -0.        ,  0.9974178 ,  0.08328721],
       [ 0.        ,  0.        ,  0.        ,  1.        ]])]"
6,"[array([[-0.91234748, -0.40864542, -0.02511972, -0.16228776],
       [ 0.40849061, -0.91269322,  0.011247  ,  0.11550692],
       [-0.02752264,  0.        ,  0.99962118,  0.08432651],
       [ 0.        ,  0.        ,  0.        ,  1.        ]])]","[array([[ 0.13032952, -0.99146265,  0.00400353, -0.22216206],
       [ 0.9909952 ,  0.13039099,  0.03044194,  0.15440011],
       [-0.03070407, -0.        ,  0.99952852,  0.08251039],
       [ 0.        ,  0.        ,  0.        ,  1.        ]])]","[array([[ 0.13032952, -0.99146265,  0.00400353, -0.22216206],
       [ 0.9909952 ,  0.13039099,  0.03044194,  0.15440011],
       [-0.03070407, -0.        ,  0.99952852,  0.08251039],
       [ 0.        ,  0.        ,  0.        ,  1.        ]])]","[array([[ 1.28829153e-01, -9.91666615e-01,  6.11387684e-04,
        -1.09608814e-01],
       [ 9.91655448e-01,  1.28830604e-01,  4.70612367e-03,
         1.23944290e-01],
       [-4.74567117e-03,  0.00000000e+00,  9.99988739e-01,
         8.52333030e-02],
       [ 0.00000000e+00,  0.00000000e+00,  0.00000000e+00,
         1.00000000e+00]])]","[array([[-0.85346781, -0.5174997 ,  0.06153663, -0.10072134],
       [ 0.51615976, -0.85568339, -0.03721609,  0.17701547],
       [ 0.07191519, -0.        ,  0.99741075,  0.0833001 ],
       [ 0.        ,  0.        ,  0.        ,  1.        ]])]","[array([[-0.85346781, -0.5174997 ,  0.06153663, -0.10072134],
       [ 0.51615976, -0.85568339, -0.03721609,  0.17701547],
       [ 0.07191519, -0.        ,  0.99741075,  0.0833001 ],
       [ 0.        ,  0.        ,  0.        ,  1.        ]])]"
7,"[array([[-0.92132684, -0.38747736, -0.0319084 , -0.16214983],
       [ 0.38724519, -0.92187922,  0.0134115 ,  0.11555833],
       [-0.03461235,  0.        ,  0.99940081,  0.08454732],
       [ 0.        ,  0.        ,  0.        ,  1.        ]])]","[array([[ 0.11507479, -0.99334582,  0.00467724, -0.22289643],
       [ 0.99252631,  0.11516981,  0.04034147,  0.15319293],
       [-0.04061171, -0.        ,  0.999175  ,  0.08285945],
       [ 0.        ,  0.        ,  0.        ,  1.        ]])]","[array([[ 0.11507479, -0.99334582,  0.00467724, -0.22289643],
       [ 0.99252631,  0.11516981,  0.04034147,  0.15319293],
       [-0.04061171, -0.        ,  0.999175  ,  0.08285945],
       [ 0.        ,  0.        ,  0.        ,  1.        ]])]","[array([[ 0.11693444, -0.99313109,  0.00412023, -0.10956237],
       [ 0.99251516,  0.11700701,  0.03497169,  0.1240791 ],
       [-0.03521357,  0.        ,  0.99937981,  0.08566278],
       [ 0.        ,  0.        ,  0.        ,  1.        ]])]","[array([[-0.86133264, -0.50573249,  0.04838106, -0.10123544],
       [ 0.50493656, -0.86269036, -0.02836229,  0.17711203],
       [ 0.05608161, -0.        ,  0.99842619,  0.0826456 ],
       [ 0.        ,  0.        ,  0.        ,  1.        ]])]","[array([[-0.86133264, -0.50573249,  0.04838106, -0.10123544],
       [ 0.50493656, -0.86269036, -0.02836229,  0.17711203],
       [ 0.05608161, -0.        ,  0.99842619,  0.0826456 ],
       [ 0.        ,  0.        ,  0.        ,  1.        ]])]"
8,"[array([[-0.92257125, -0.38470877, -0.02935048, -0.16221747],
       [ 0.38451423, -0.92303801,  0.01223285,  0.11516732],
       [-0.03179769,  0.        ,  0.99949433,  0.08467627],
       [ 0.        ,  0.        ,  0.        ,  1.        ]])]","[array([[ 0.10177243, -0.99480488,  0.00237087, -0.22302599],
       [ 0.99453505,  0.10180005,  0.02316847,  0.15245089],
       [-0.02328946, -0.        ,  0.99972876,  0.0829626 ],
       [ 0.        ,  0.        ,  0.        ,  1.        ]])]","[array([[ 0.10177243, -0.99480488,  0.00237087, -0.22302599],
       [ 0.99453505,  0.10180005,  0.02316847,  0.15245089],
       [-0.02328946, -0.        ,  0.99972876,  0.0829626 ],
       [ 0.        ,  0.        ,  0.        ,  1.        ]])]","[array([[ 0.10498224, -0.99447015,  0.00280143, -0.10950752],
       [ 0.99411627,  0.10501961,  0.02652778,  0.12390784],
       [-0.02667529,  0.        ,  0.99964415,  0.08556153],
       [ 0.        ,  0.        ,  0.        ,  1.        ]])]","[array([[-0.87011836, -0.48984756,  0.05425327, -0.10154364],
       [ 0.48889813, -0.8718081 , -0.03048358,  0.17711968],
       [ 0.06223075, -0.        ,  0.99806179,  0.08298906],
       [ 0.        ,  0.        ,  0.        ,  1.        ]])]","[array([[-0.87011836, -0.48984756,  0.05425327, -0.10154364],
       [ 0.48889813, -0.8718081 , -0.03048358,  0.17711968],
       [ 0.06223075, -0.        ,  0.99806179,  0.08298906],
       [ 0.        ,  0.        ,  0.        ,  1.        ]])]"
9,"[array([[-0.92473717, -0.38000104, -0.02145652, -0.1620544 ],
       [ 0.37989879, -0.92498606,  0.00881473,  0.11517255],
       [-0.02319658,  0.        ,  0.99973092,  0.0845616 ],
       [ 0.        ,  0.        ,  0.        ,  1.        ]])]","[array([[ 0.10236104, -0.99474578,  0.00174912, -0.22305744],
       [ 0.99460058,  0.10237598,  0.01699546,  0.15225439],
       [-0.01708522, -0.        ,  0.99985404,  0.08323531],
       [ 0.        ,  0.        ,  0.        ,  1.        ]])]","[array([[ 0.10236104, -0.99474578,  0.00174912, -0.22305744],
       [ 0.99460058,  0.10237598,  0.01699546,  0.15225439],
       [-0.01708522, -0.        ,  0.99985404,  0.08323531],
       [ 0.        ,  0.        ,  0.        ,  1.        ]])]","[array([[ 0.10626094, -0.99433313,  0.00320158, -0.10956095],
       [ 0.99388211,  0.10630916,  0.02994506,  0.12393853],
       [-0.03011572,  0.        ,  0.99954642,  0.08561259],
       [ 0.        ,  0.        ,  0.        ,  1.        ]])]","[array([[-0.87372951, -0.48371665,  0.05113654, -0.10144951],
       [ 0.48289032, -0.87522466, -0.02826199,  0.17715875],
       [ 0.05842675, -0.        ,  0.9982917 ,  0.08301703],
       [ 0.        ,  0.        ,  0.        ,  1.        ]])]","[array([[-0.87372951, -0.48371665,  0.05113654, -0.10144951],
       [ 0.48289032, -0.87522466, -0.02826199,  0.17715875],
       [ 0.05842675, -0.        ,  0.9982917 ,  0.08301703],
       [ 0.        ,  0.        ,  0.        ,  1.        ]])]"
10,"[array([[-0.93244992, -0.36081108, -0.0187755 , -0.16150635],
       [ 0.36073796, -0.93263893,  0.0072637 ,  0.1156607 ],
       [-0.02013159,  0.        ,  0.99979734,  0.08460495],
       [ 0.        ,  0.        ,  0.        ,  1.        ]])]","[array([[ 9.84137811e-02, -9.95145252e-01,  8.08777137e-04,
        -2.23049712e-01],
       [ 9.95111649e-01,  9.84171044e-02,  8.17795578e-03,
         1.51994327e-01],
       [-8.21785138e-03, -0.00000000e+00,  9.99966233e-01,
         8.36333277e-02],
       [ 0.00000000e+00,  0.00000000e+00,  0.00000000e+00,
         1.00000000e+00]])]","[array([[ 9.84137811e-02, -9.95145252e-01,  8.08777137e-04,
        -2.23049712e-01],
       [ 9.95111649e-01,  9.84171044e-02,  8.17795578e-03,
         1.51994327e-01],
       [-8.21785138e-03, -0.00000000e+00,  9.99966233e-01,
         8.36333277e-02],
       [ 0.00000000e+00,  0.00000000e+00,  0.00000000e+00,
         1.00000000e+00]])]","[array([[ 0.1107436 , -0.99383254,  0.005722  , -0.10976392],
       [ 0.99250858,  0.11089132,  0.05128181,  0.12393997],
       [-0.05160005,  0.        ,  0.99866783,  0.08656684],
       [ 0.        ,  0.        ,  0.        ,  1.        ]])]","[array([[-0.87474717, -0.48156604,  0.05395867, -0.10142857],
       [ 0.48065246, -0.87640981, -0.02964899,  0.17704262],
       [ 0.06156785, -0.        ,  0.9981029 ,  0.08314714],
       [ 0.        ,  0.        ,  0.        ,  1.        ]])]","[array([[-0.87474717, -0.48156604,  0.05395867, -0.10142857],
       [ 0.48065246, -0.87640981, -0.02964899,  0.17704262],
       [ 0.06156785, -0.        ,  0.9981029 ,  0.08314714],
       [ 0.        ,  0.        ,  0.        ,  1.        ]])]"
11,"[array([[-0.93144635, -0.36301178, -0.02510259, -0.16186286],
       [ 0.36288002, -0.93178455,  0.00977966,  0.11515244],
       [-0.02694033,  0.        ,  0.99963704,  0.08479746],
       [ 0.        ,  0.        ,  0.        ,  1.        ]])]","[array([[ 8.37748933e-02, -9.96484322e-01,  8.73129004e-04,
        -2.23471221e-01],
       [ 9.96430205e-01,  8.37794432e-02,  1.03851175e-02,
         1.51213527e-01],
       [-1.04217571e-02, -0.00000000e+00,  9.99945692e-01,
         8.35594119e-02],
       [ 0.00000000e+00,  0.00000000e+00,  0.00000000e+00,
         1.00000000e+00]])]","[array([[ 8.37748933e-02, -9.96484322e-01,  8.73129004e-04,
        -2.23471221e-01],
       [ 9.96430205e-01,  8.37794432e-02,  1.03851175e-02,
         1.51213527e-01],
       [-1.04217571e-02, -0.00000000e+00,  9.99945692e-01,
         8.35594119e-02],
       [ 0.00000000e+00,  0.00000000e+00,  0.00000000e+00,
         1.00000000e+00]])]","[array([[ 0.09378434, -0.9955895 ,  0.00245665, -0.10952263],
       [ 0.99524811,  0.09381651,  0.02607022,  0.12385106],
       [-0.02618571,  0.        ,  0.9996571 ,  0.08547656],
       [ 0.        ,  0.        ,  0.        ,  1.        ]])]","[array([[-0.87920811, -0.47412692,  0.0468697 , -0.10202243],
       [ 0.47345465, -0.88045651, -0.02523939,  0.17702087],
       [ 0.0532334 , -0.        ,  0.9985821 ,  0.08288418],
       [ 0.        ,  0.        ,  0.        ,  1.        ]])]","[array([[-0.87920811, -0.47412692,  0.0468697 , -0.10202243],
       [ 0.47345465, -0.88045651, -0.02523939,  0.17702087],
       [ 0.0532334 , -0.        ,  0.9985821 ,  0.08288418],
       [ 0.        ,  0.        ,  0.        ,  1.        ]])]"
12,"[array([[-0.92523325, -0.37888909, -0.01965924, -0.16191364],
       [ 0.37880359, -0.92544209,  0.00804877,  0.1151859 ],
       [-0.02124308,  0.        ,  0.99977434,  0.08465984],
       [ 0.        ,  0.        ,  0.        ,  1.        ]])]","[array([[ 1.05155152e-01, -9.94455401e-01,  9.21502544e-04,
        -2.22889983e-01],
       [ 9.94417219e-01,  1.05159189e-01,  8.71434239e-03,
         1.52269749e-01],
       [-8.76292932e-03, -0.00000000e+00,  9.99961605e-01,
         8.36076612e-02],
       [ 0.00000000e+00,  0.00000000e+00,  0.00000000e+00,
         1.00000000e+00]])]","[array([[ 1.05155152e-01, -9.94455401e-01,  9.21502544e-04,
        -2.22889983e-01],
       [ 9.94417219e-01,  1.05159189e-01,  8.71434239e-03,
         1.52269749e-01],
       [-8.76292932e-03, -0.00000000e+00,  9.99961605e-01,
         8.36076612e-02],
       [ 0.00000000e+00,  0.00000000e+00,  0.00000000e+00,
         1.00000000e+00]])]","[array([[ 0.10900555, -0.99402395,  0.00584575, -0.10977369],
       [ 0.99259764,  0.10916218,  0.05323101,  0.12397563],
       [-0.05355104,  0.        ,  0.99856511,  0.08653154],
       [ 0.        ,  0.        ,  0.        ,  1.        ]])]","[array([[-0.8775025 , -0.47703729,  0.04924202, -0.10151268],
       [ 0.47628796, -0.87888305, -0.02672742,  0.1769824 ],
       [ 0.05602795, -0.        ,  0.9984292 ,  0.08293731],
       [ 0.        ,  0.        ,  0.        ,  1.        ]])]","[array([[-0.8775025 , -0.47703729,  0.04924202, -0.10151268],
       [ 0.47628796, -0.87888305, -0.02672742,  0.1769824 ],
       [ 0.05602795, -0.        ,  0.9984292 ,  0.08293731],
       [ 0.        ,  0.        ,  0.        ,  1.        ]])]"
13,"[array([[-0.91912058, -0.39262595, -0.03259179, -0.16222682],
       [ 0.39237934, -0.91969825,  0.01391368,  0.11548414],
       [-0.03543748,  0.        ,  0.9993719 ,  0.0846098 ],
       [ 0.        ,  0.        ,  0.        ,  1.        ]])]","[array([[ 0.11627866, -0.99321123,  0.00327394, -0.22256511],
       [ 0.99281778,  0.11632474,  0.02795377,  0.15338486],
       [-0.02814483, -0.        ,  0.99960386,  0.08253501],
       [ 0.        ,  0.        ,  0.        ,  1.        ]])]","[array([[ 0.11627866, -0.99321123,  0.00327394, -0.22256511],
       [ 0.99281778,  0.11632474,  0.02795377,  0.15338486],
       [-0.02814483, -0.        ,  0.99960386,  0.08253501],
       [ 0.        ,  0.        ,  0.        ,  1.        ]])]","[array([[ 0.11185422, -0.99369973,  0.00703469, -0.10976562],
       [ 0.99174032,  0.11207522,  0.06237212,  0.12419268],
       [-0.06276757,  0.        ,  0.99802817,  0.08656299],
       [ 0.        ,  0.        ,  0.        ,  1.        ]])]","[array([[-0.87886718, -0.47514032,  0.04282698, -0.1013622 ],
       [ 0.47457719, -0.87991004, -0.02312603,  0.17704368],
       [ 0.048672  , -0.        ,  0.99881482,  0.08246323],
       [ 0.        ,  0.        ,  0.        ,  1.        ]])]","[array([[-0.87886718, -0.47514032,  0.04282698, -0.1013622 ],
       [ 0.47457719, -0.87991004, -0.02312603,  0.17704368],
       [ 0.048672  , -0.        ,  0.99881482,  0.08246323],
       [ 0.        ,  0.        ,  0.        ,  1.        ]])]"
14,"[array([[-0.91800137, -0.39535352, -0.03113005, -0.16232892],
       [ 0.3951264 , -0.91852904,  0.01339901,  0.1153229 ],
       [-0.0338912 ,  0.        ,  0.99942553,  0.08458816],
       [ 0.        ,  0.        ,  0.        ,  1.        ]])]","[array([[ 0.11521393, -0.99333537,  0.00325507, -0.22257681],
       [ 0.99293917,  0.11525991,  0.02805294,  0.1533282 ],
       [-0.02824116, -0.        ,  0.99960114,  0.08253307],
       [ 0.        ,  0.        ,  0.        ,  1.        ]])]","[array([[ 0.11521393, -0.99333537,  0.00325507, -0.22257681],
       [ 0.99293917,  0.11525991,  0.02805294,  0.1533282 ],
       [-0.02824116, -0.        ,  0.99960114,  0.08253307],
       [ 0.        ,  0.        ,  0.        ,  1.        ]])]","[array([[ 0.11094615, -0.99380144,  0.00704691, -0.10976718],
       [ 0.99180281,  0.11116972,  0.06299583,  0.12420425],
       [-0.06338875,  0.        ,  0.99798891,  0.08656691],
       [ 0.        ,  0.        ,  0.        ,  1.        ]])]","[array([[-0.87933857, -0.47429829,  0.04248292, -0.10140163],
       [ 0.47374574, -0.8803642 , -0.02288778,  0.17706688],
       [ 0.04825608, -0.        ,  0.998835  ,  0.08241546],
       [ 0.        ,  0.        ,  0.        ,  1.        ]])]","[array([[-0.87933857, -0.47429829,  0.04248292, -0.10140163],
       [ 0.47374574, -0.8803642 , -0.02288778,  0.17706688],
       [ 0.04825608, -0.        ,  0.998835  ,  0.08241546],
       [ 0.        ,  0.        ,  0.        ,  1.        ]])]"
15,"[array([[-0.91792759, -0.39549721, -0.03147859, -0.1623432 ],
       [ 0.39526486, -0.91846718,  0.01355486,  0.1153185 ],
       [-0.03427297,  0.        ,  0.99941251,  0.08460571],
       [ 0.        ,  0.        ,  0.        ,  1.        ]])]","[array([[ 0.1153902 , -0.99331485,  0.00327235, -0.22258333],
       [ 0.99291566,  0.11543659,  0.02815808,  0.15333275],
       [-0.02834759, -0.        ,  0.99959813,  0.08253945],
       [ 0.        ,  0.        ,  0.        ,  1.        ]])]","[array([[ 0.1153902 , -0.99331485,  0.00327235, -0.22258333],
       [ 0.99291566,  0.11543659,  0.02815808,  0.15333275],
       [-0.02834759, -0.        ,  0.99959813,  0.08253945],
       [ 0.        ,  0.        ,  0.        ,  1.        ]])]","[array([[ 0.11028061, -0.99387599,  0.00697851, -0.10974994],
       [ 0.99189206,  0.11050119,  0.06276648,  0.12420032],
       [-0.06315323,  0.        ,  0.99800384,  0.08655263],
       [ 0.        ,  0.        ,  0.        ,  1.        ]])]","[array([[-0.87938481, -0.47422012,  0.04239849, -0.10141509],
       [ 0.4736699 , -0.88040632, -0.02283743,  0.17706271],
       [ 0.04815787, -0.        ,  0.99883974,  0.08241158],
       [ 0.        ,  0.        ,  0.        ,  1.        ]])]","[array([[-0.87938481, -0.47422012,  0.04239849, -0.10141509],
       [ 0.4736699 , -0.88040632, -0.02283743,  0.17706271],
       [ 0.04815787, -0.        ,  0.99883974,  0.08241158],
       [ 0.        ,  0.        ,  0.        ,  1.        ]])]"
16,"[array([[-0.91796601, -0.39542169, -0.03130655, -0.16234248],
       [ 0.39519193, -0.91849969,  0.01347773,  0.11532377],
       [-0.03408444,  0.        ,  0.99941896,  0.08460349],
       [ 0.        ,  0.        ,  0.        ,  1.        ]])]","[array([[ 0.11536713, -0.99331752,  0.00327681, -0.2225876 ],
       [ 0.99291708,  0.11541365,  0.02820218,  0.1533316 ],
       [-0.02839191, -0.        ,  0.99959687,  0.08254386],
       [ 0.        ,  0.        ,  0.        ,  1.        ]])]","[array([[ 0.11536713, -0.99331752,  0.00327681, -0.2225876 ],
       [ 0.99291708,  0.11541365,  0.02820218,  0.1533316 ],
       [-0.02839191, -0.        ,  0.99959687,  0.08254386],
       [ 0.        ,  0.        ,  0.        ,  1.        ]])]","[array([[ 0.10074566, -0.99491147,  0.00121315, -0.10923554],
       [ 0.99483935,  0.10075296,  0.01197953,  0.12428578],
       [-0.0120408 ,  0.        ,  0.99992751,  0.08484271],
       [ 0.        ,  0.        ,  0.        ,  1.        ]])]","[array([[-0.88049606, -0.47212085,  0.04276208, -0.10121389],
       [ 0.47156505, -0.88153383, -0.02290198,  0.17714414],
       [ 0.04850872, -0.        ,  0.99882276,  0.08234642],
       [ 0.        ,  0.        ,  0.        ,  1.        ]])]","[array([[-0.88049606, -0.47212085,  0.04276208, -0.10121389],
       [ 0.47156505, -0.88153383, -0.02290198,  0.17714414],
       [ 0.04850872, -0.        ,  0.99882276,  0.08234642],
       [ 0.        ,  0.        ,  0.        ,  1.        ]])]"
17,"[array([[-0.91801152, -0.39530139, -0.0314908 , -0.1623351 ],
       [ 0.39506901, -0.91855148,  0.01355216,  0.11533093],
       [-0.03428311,  0.        ,  0.99941216,  0.08460294],
       [ 0.        ,  0.        ,  0.        ,  1.        ]])]","[array([[ 0.11545099, -0.99330778,  0.00327438, -0.22258123],
       [ 0.99290852,  0.11549741,  0.02816052,  0.15334125],
       [-0.02835024, -0.        ,  0.99959805,  0.08253454],
       [ 0.        ,  0.        ,  0.        ,  1.        ]])]","[array([[ 0.11545099, -0.99330778,  0.00327438, -0.22258123],
       [ 0.99290852,  0.11549741,  0.02816052,  0.15334125],
       [-0.02835024, -0.        ,  0.99959805,  0.08253454],
       [ 0.        ,  0.        ,  0.        ,  1.        ]])]","[array([[ 0.11917112, -0.99283175,  0.00913018, -0.11001781],
       [ 0.9899307 ,  0.11952036,  0.07584255,  0.1244503 ],
       [-0.07639013,  0.        ,  0.997078  ,  0.08723714],
       [ 0.        ,  0.        ,  0.        ,  1.        ]])]","[array([[-0.87960747, -0.47392549,  0.04105287, -0.10136996],
       [ 0.47341017, -0.88056495, -0.02209491,  0.17712679],
       [ 0.04662106, -0.        ,  0.99891265,  0.08225045],
       [ 0.        ,  0.        ,  0.        ,  1.        ]])]","[array([[-0.87960747, -0.47392549,  0.04105287, -0.10136996],
       [ 0.47341017, -0.88056495, -0.02209491,  0.17712679],
       [ 0.04662106, -0.        ,  0.99891265,  0.08225045],
       [ 0.        ,  0.        ,  0.        ,  1.        ]])]"
18,"[array([[-0.91734639, -0.39682841, -0.0316672 , -0.16235836],
       [ 0.39659218, -0.91789281,  0.01369054,  0.1153123 ],
       [-0.03449989,  0.        ,  0.9994047 ,  0.0846628 ],
       [ 0.        ,  0.        ,  0.        ,  1.        ]])]","[array([[ 0.11635353, -0.99320238,  0.00329863, -0.22254645],
       [ 0.99280349,  0.11640028,  0.02814605,  0.15339165],
       [-0.02833868, -0.        ,  0.99959838,  0.08263717],
       [ 0.        ,  0.        ,  0.        ,  1.        ]])]","[array([[ 0.11635353, -0.99320238,  0.00329863, -0.22254645],
       [ 0.99280349,  0.11640028,  0.02814605,  0.15339165],
       [-0.02833868, -0.        ,  0.99959838,  0.08263717],
       [ 0.        ,  0.        ,  0.        ,  1.        ]])]","[array([[ 0.09865488, -0.99512101,  0.00117678, -0.10923257],
       [ 0.99505023,  0.0986619 ,  0.01186921,  0.1241005 ],
       [-0.01192741,  0.        ,  0.99992887,  0.08503917],
       [ 0.        ,  0.        ,  0.        ,  1.        ]])]","[array([[-0.88353845, -0.46584197,  0.04848775, -0.1012278 ],
       [ 0.46514206, -0.88486793, -0.02552655,  0.17697855],
       [ 0.05479659, -0.        ,  0.99849754,  0.08267447],
       [ 0.        ,  0.        ,  0.        ,  1.        ]])]","[array([[-0.88353845, -0.46584197,  0.04848775, -0.1012278 ],
       [ 0.46514206, -0.88486793, -0.02552655,  0.17697855],
       [ 0.05479659, -0.        ,  0.99849754,  0.08267447],
       [ 0.        ,  0.        ,  0.        ,  1.        ]])]"
19,"[array([[-0.9053832 , -0.4227792 , -0.03923013, -0.16254853],
       [ 0.42238288, -0.90623272,  0.01830179,  0.11565523],
       [-0.04328924,  0.        ,  0.99906258,  0.08464068],
       [ 0.        ,  0.        ,  0.        ,  1.        ]])]","[array([[ 0.14881899, -0.98885212,  0.00493835, -0.22187028],
       [ 0.98830813,  0.1489009 ,  0.03279565,  0.15553086],
       [-0.03316537, -0.        ,  0.99944988,  0.08228066],
       [ 0.        ,  0.        ,  0.        ,  1.        ]])]","[array([[ 0.14881899, -0.98885212,  0.00493835, -0.22187028],
       [ 0.98830813,  0.1489009 ,  0.03279565,  0.15553086],
       [-0.03316537, -0.        ,  0.99944988,  0.08228066],
       [ 0.        ,  0.        ,  0.        ,  1.        ]])]","[array([[ 5.85054149e-03, -9.99982882e-01,  8.78142946e-05,
        -1.09485900e-01],
       [ 9.99870258e-01,  5.85120048e-03,  1.50076539e-02,
         1.23335836e-01],
       [-1.50079108e-02,  0.00000000e+00,  9.99887375e-01,
         8.48821772e-02],
       [ 0.00000000e+00,  0.00000000e+00,  0.00000000e+00,
         1.00000000e+00]])]","[array([[-0.92338541, -0.38213338,  0.03651675, -0.10626668],
       [ 0.38183492, -0.92410718, -0.01510027,  0.17655918],
       [ 0.03951571, -0.        ,  0.99921895,  0.0820024 ],
       [ 0.        ,  0.        ,  0.        ,  1.        ]])]","[array([[-0.92338541, -0.38213338,  0.03651675, -0.10626668],
       [ 0.38183492, -0.92410718, -0.01510027,  0.17655918],
       [ 0.03951571, -0.        ,  0.99921895,  0.0820024 ],
       [ 0.        ,  0.        ,  0.        ,  1.        ]])]"
20,"[array([[-0.9046754 , -0.42425119, -0.03966542, -0.16253013],
       [ 0.42384399, -0.90554455,  0.01858341,  0.11561133],
       [-0.04380284,  0.        ,  0.9990402 ,  0.08461718],
       [ 0.        ,  0.        ,  0.        ,  1.        ]])]","[array([[ 0.15207061, -0.98835605,  0.00518092, -0.22190745],
       [ 0.98778296,  0.15215883,  0.03365293,  0.15560122],
       [-0.03404939, -0.        ,  0.99942015,  0.08223977],
       [ 0.        ,  0.        ,  0.        ,  1.        ]])]","[array([[ 0.15207061, -0.98835605,  0.00518092, -0.22190745],
       [ 0.98778296,  0.15215883,  0.03365293,  0.15560122],
       [-0.03404939, -0.        ,  0.99942015,  0.08223977],
       [ 0.        ,  0.        ,  0.        ,  1.        ]])]","[array([[ 1.27360923e-02, -9.99918834e-01,  3.41656393e-04,
        -1.09730568e-01],
       [ 9.99559245e-01,  1.27406741e-02,  2.68140178e-02,
         1.23456946e-01],
       [-2.68161944e-02,  0.00000000e+00,  9.99640381e-01,
         8.51976828e-02],
       [ 0.00000000e+00,  0.00000000e+00,  0.00000000e+00,
         1.00000000e+00]])]","[array([[-0.92331164, -0.3824139 ,  0.03542929, -0.10630688],
       [ 0.38213267, -0.92399113, -0.01466319,  0.1765963 ],
       [ 0.03834376, -0.        ,  0.99926461,  0.08200967],
       [ 0.        ,  0.        ,  0.        ,  1.        ]])]","[array([[-0.92331164, -0.3824139 ,  0.03542929, -0.10630688],
       [ 0.38213267, -0.92399113, -0.01466319,  0.1765963 ],
       [ 0.03834376, -0.        ,  0.99926461,  0.08200967],
       [ 0.        ,  0.        ,  0.        ,  1.        ]])]"
21,"[array([[-0.90448368, -0.42465502, -0.03971626, -0.16253802],
       [ 0.42424622, -0.90535524,  0.01862883,  0.11561147],
       [-0.04386815,  0.        ,  0.99903733,  0.08462265],
       [ 0.        ,  0.        ,  0.        ,  1.        ]])]","[array([[ 0.14956602, -0.98874024,  0.00476869, -0.22174953],
       [ 0.98823807,  0.14964202,  0.03150851,  0.15559942],
       [-0.03186733, -0.        ,  0.99949211,  0.08213138],
       [ 0.        ,  0.        ,  0.        ,  1.        ]])]","[array([[ 0.14956602, -0.98874024,  0.00476869, -0.22174953],
       [ 0.98823807,  0.14964202,  0.03150851,  0.15559942],
       [-0.03186733, -0.        ,  0.99949211,  0.08213138],
       [ 0.        ,  0.        ,  0.        ,  1.        ]])]","[array([[ 1.23505263e-02, -9.99923674e-01,  3.32853696e-04,
        -1.09728974e-01],
       [ 9.99560733e-01,  1.23550108e-02,  2.69387292e-02,
         1.23453490e-01],
       [-2.69407854e-02,  0.00000000e+00,  9.99637031e-01,
         8.52034736e-02],
       [ 0.00000000e+00,  0.00000000e+00,  0.00000000e+00,
         1.00000000e+00]])]","[array([[-0.92344409, -0.38208851,  0.03548785, -0.1063192 ],
       [ 0.38180668, -0.92412573, -0.01467279,  0.17659482],
       [ 0.03840154, -0.        ,  0.99926239,  0.08201383],
       [ 0.        ,  0.        ,  0.        ,  1.        ]])]","[array([[-0.92344409, -0.38208851,  0.03548785, -0.1063192 ],
       [ 0.38180668, -0.92412573, -0.01467279,  0.17659482],
       [ 0.03840154, -0.        ,  0.99926239,  0.08201383],
       [ 0.        ,  0.        ,  0.        ,  1.        ]])]"
22,"[array([[-0.90429302, -0.42506194, -0.03970499, -0.16254192],
       [ 0.4246528 , -0.90516427,  0.01864532,  0.11560953],
       [-0.04386496,  0.        ,  0.99903747,  0.08462558],
       [ 0.        ,  0.        ,  0.        ,  1.        ]])]","[array([[ 0.14964344, -0.98872833,  0.00480959, -0.22173194],
       [ 0.98821805,  0.14972072,  0.03176164,  0.15561741],
       [-0.03212373, -0.        ,  0.9994839 ,  0.08214253],
       [ 0.        ,  0.        ,  0.        ,  1.        ]])]","[array([[ 0.14964344, -0.98872833,  0.00480959, -0.22173194],
       [ 0.98821805,  0.14972072,  0.03176164,  0.15561741],
       [-0.03212373, -0.        ,  0.9994839 ,  0.08214253],
       [ 0.        ,  0.        ,  0.        ,  1.        ]])]","[array([[ 1.21563493e-02, -9.99926056e-01,  3.23668141e-04,
        -1.09726646e-01],
       [ 9.99571814e-01,  1.21606574e-02,  2.66140387e-02,
         1.23445517e-01],
       [-2.66160068e-02,  0.00000000e+00,  9.99645731e-01,
         8.51921986e-02],
       [ 0.00000000e+00,  0.00000000e+00,  0.00000000e+00,
         1.00000000e+00]])]","[array([[-0.92361602, -0.38166408,  0.03558047, -0.10631189],
       [ 0.3813812 , -0.9243011 , -0.01469195,  0.17659394],
       [ 0.03849446, -0.        ,  0.99925881,  0.08201288],
       [ 0.        ,  0.        ,  0.        ,  1.        ]])]","[array([[-0.92361602, -0.38166408,  0.03558047, -0.10631189],
       [ 0.3813812 , -0.9243011 , -0.01469195,  0.17659394],
       [ 0.03849446, -0.        ,  0.99925881,  0.08201288],
       [ 0.        ,  0.        ,  0.        ,  1.        ]])]"
23,"[array([[-0.90422867, -0.42518849, -0.03981542, -0.1625368 ],
       [ 0.4247769 , -0.90510483,  0.01870397,  0.11561343],
       [-0.04398984,  0.        ,  0.99903198,  0.08462837],
       [ 0.        ,  0.        ,  0.        ,  1.        ]])]","[array([[ 0.15004206, -0.98866774,  0.00484492, -0.22172534],
       [ 0.98815272,  0.15012026,  0.03190784,  0.15563528],
       [-0.03227357, -0.        ,  0.99947907,  0.0821513 ],
       [ 0.        ,  0.        ,  0.        ,  1.        ]])]","[array([[ 0.15004206, -0.98866774,  0.00484492, -0.22172534],
       [ 0.98815272,  0.15012026,  0.03190784,  0.15563528],
       [-0.03227357, -0.        ,  0.99947907,  0.0821513 ],
       [ 0.        ,  0.        ,  0.        ,  1.        ]])]","[array([[ 1.21569595e-02, -9.99926047e-01,  3.29930204e-04,
        -1.09726660e-01],
       [ 9.99558009e-01,  1.21614357e-02,  2.71272087e-02,
         1.23448833e-01],
       [-2.71292150e-02,  0.00000000e+00,  9.99631935e-01,
         8.52096944e-02],
       [ 0.00000000e+00,  0.00000000e+00,  0.00000000e+00,
         1.00000000e+00]])]","[array([[-0.92361538, -0.38165661,  0.03567722, -0.10632481],
       [ 0.38137219, -0.92430419, -0.01473156,  0.17658518],
       [ 0.038599  , -0.        ,  0.99925478,  0.08201455],
       [ 0.        ,  0.        ,  0.        ,  1.        ]])]","[array([[-0.92361538, -0.38165661,  0.03567722, -0.10632481],
       [ 0.38137219, -0.92430419, -0.01473156,  0.17658518],
       [ 0.038599  , -0.        ,  0.99925478,  0.08201455],
       [ 0.        ,  0.        ,  0.        ,  1.        ]])]"
24,"[array([[-0.90415666, -0.42534219, -0.03980907, -0.16254116],
       [ 0.42493051, -0.90503261,  0.01870924,  0.11562081],
       [-0.04398634,  0.        ,  0.99903213,  0.08462929],
       [ 0.        ,  0.        ,  0.        ,  1.        ]])]","[array([[ 0.15003143, -0.98866954,  0.00480819, -0.22170801],
       [ 0.98816221,  0.15010845,  0.0316685 ,  0.15565293],
       [-0.03203143, -0.        ,  0.99948686,  0.0821406 ],
       [ 0.        ,  0.        ,  0.        ,  1.        ]])]","[array([[ 0.15003143, -0.98866954,  0.00480819, -0.22170801],
       [ 0.98816221,  0.15010845,  0.0316685 ,  0.15565293],
       [-0.03203143, -0.        ,  0.99948686,  0.0821406 ],
       [ 0.        ,  0.        ,  0.        ,  1.        ]])]","[array([[ 1.17731910e-02, -9.99930643e-01,  3.16502193e-04,
        -1.09719104e-01],
       [ 9.99569508e-01,  1.17774445e-02,  2.68717243e-02,
         1.23447168e-01],
       [-2.68735881e-02,  0.00000000e+00,  9.99638840e-01,
         8.52059684e-02],
       [ 0.00000000e+00,  0.00000000e+00,  0.00000000e+00,
         1.00000000e+00]])]","[array([[-0.92378149, -0.38124991,  0.03572488, -0.10632393],
       [ 0.38096514, -0.92447202, -0.01473285,  0.17659482],
       [ 0.03864355, -0.        ,  0.99925306,  0.08201814],
       [ 0.        ,  0.        ,  0.        ,  1.        ]])]","[array([[-0.92378149, -0.38124991,  0.03572488, -0.10632393],
       [ 0.38096514, -0.92447202, -0.01473285,  0.17659482],
       [ 0.03864355, -0.        ,  0.99925306,  0.08201814],
       [ 0.        ,  0.        ,  0.        ,  1.        ]])]"
25,"[array([[-0.90402127, -0.42561324, -0.03998644, -0.16254727],
       [ 0.4251975 , -0.90490517,  0.01880723,  0.11562028],
       [-0.04418854,  0.        ,  0.99902321,  0.08463382],
       [ 0.        ,  0.        ,  0.        ,  1.        ]])]","[array([[ 0.150408  , -0.98861219,  0.00483457, -0.22171073],
       [ 0.98810188,  0.15048568,  0.03176062,  0.15566455],
       [-0.03212647, -0.        ,  0.99948381,  0.08214562],
       [ 0.        ,  0.        ,  0.        ,  1.        ]])]","[array([[ 0.150408  , -0.98861219,  0.00483457, -0.22171073],
       [ 0.98810188,  0.15048568,  0.03176062,  0.15566455],
       [-0.03212647, -0.        ,  0.99948381,  0.08214562],
       [ 0.        ,  0.        ,  0.        ,  1.        ]])]","[array([[ 1.19680970e-02, -9.99928327e-01,  3.24888552e-04,
        -1.09726449e-01],
       [ 9.99560098e-01,  1.19725059e-02,  2.71342749e-02,
         1.23452110e-01],
       [-2.71362199e-02,  0.00000000e+00,  9.99631745e-01,
         8.52128513e-02],
       [ 0.00000000e+00,  0.00000000e+00,  0.00000000e+00,
