,LP,LD1,LD2,RP,RD1,RD2
0,"[array([[-0.46408875, -0.88549012, -0.02299726, -0.11471986],
       [ 0.88440493, -0.4646582 ,  0.04382543,  0.27009484],
       [-0.04949285,  0.        ,  0.99877448,  0.08563164],
       [ 0.        ,  0.        ,  0.        ,  1.        ]])]","[array([[ 3.68654373e-01, -9.29566083e-01, -9.21899821e-04,
        -1.41127256e-01],
       [ 9.29563177e-01,  3.68655526e-01, -2.32457334e-03,
         3.36527841e-01],
       [ 2.50070800e-03, -0.00000000e+00,  9.99996873e-01,
         8.28424775e-02],
       [ 0.00000000e+00,  0.00000000e+00,  0.00000000e+00,
         1.00000000e+00]])]","[array([[ 3.68654373e-01, -9.29566083e-01, -9.21899821e-04,
        -1.41127256e-01],
       [ 9.29563177e-01,  3.68655526e-01, -2.32457334e-03,
         3.36527841e-01],
       [ 2.50070800e-03, -0.00000000e+00,  9.99996873e-01,
         8.28424775e-02],
       [ 0.00000000e+00,  0.00000000e+00,  0.00000000e+00,
         1.00000000e+00]])]","[array([[ 0.23374463, -0.97228665, -0.00470279, -0.05764292],
       [ 0.97208993,  0.23379193, -0.01955782,  0.27728709],
       [ 0.02011528,  0.        ,  0.99979767,  0.08563242],
       [ 0.        ,  0.        ,  0.        ,  1.        ]])]","[array([[-0.54936514, -0.83551966,  0.01023937, -0.04409658],
       [ 0.83537457, -0.54946056, -0.01557017,  0.33328801],
       [ 0.01863532, -0.        ,  0.99982635,  0.0857544 ],
       [ 0.        ,  0.        ,  0.        ,  1.        ]])]","[array([[-0.54936514, -0.83551966,  0.01023937, -0.04409658],
       [ 0.83537457, -0.54946056, -0.01557017,  0.33328801],
       [ 0.01863532, -0.        ,  0.99982635,  0.0857544 ],
       [ 0.        ,  0.        ,  0.        ,  1.        ]])]"
1,"[array([[-0.46562706, -0.88465249, -0.02411242, -0.11467588],
       [ 0.8834687 , -0.46625097,  0.04575029,  0.2700957 ],
       [-0.05171555,  0.        ,  0.99866186,  0.08567943],
       [ 0.        ,  0.        ,  0.        ,  1.        ]])]","[array([[ 3.68481532e-01, -9.29634630e-01, -9.03104833e-04,
        -1.41122069e-01],
       [ 9.29631838e-01,  3.68482638e-01, -2.27841814e-03,
         3.36524879e-01],
       [ 2.45087485e-03, -0.00000000e+00,  9.99996997e-01,
         8.28450622e-02],
       [ 0.00000000e+00,  0.00000000e+00,  0.00000000e+00,
         1.00000000e+00]])]","[array([[ 3.68481532e-01, -9.29634630e-01, -9.03104833e-04,
        -1.41122069e-01],
       [ 9.29631838e-01,  3.68482638e-01, -2.27841814e-03,
         3.36524879e-01],
       [ 2.45087485e-03, -0.00000000e+00,  9.99996997e-01,
         8.28450622e-02],
       [ 0.00000000e+00,  0.00000000e+00,  0.00000000e+00,
         1.00000000e+00]])]","[array([[ 0.23370899, -0.9722925 , -0.00523436, -0.05764218],
       [ 0.97204873,  0.2337676 , -0.02177087,  0.2772758 ],
       [ 0.02239128,  0.        ,  0.99974928,  0.08554544],
       [ 0.        ,  0.        ,  0.        ,  1.        ]])]","[array([[-0.54952558, -0.83541405,  0.01024723, -0.04409403],
       [ 0.83526884, -0.54962112, -0.0155756 ,  0.33329316],
       [ 0.01864417, -0.        ,  0.99982618,  0.08575312],
       [ 0.        ,  0.        ,  0.        ,  1.        ]])]","[array([[-0.54952558, -0.83541405,  0.01024723, -0.04409403],
       [ 0.83526884, -0.54962112, -0.0155756 ,  0.33329316],
       [ 0.01864417, -0.        ,  0.99982618,  0.08575312],
       [ 0.        ,  0.        ,  0.        ,  1.        ]])]"
2,"[array([[-0.46373847, -0.88562506, -0.02479699, -0.11472824],
       [ 0.88436166, -0.46440097,  0.04728853,  0.27009774],
       [-0.05339566,  0.        ,  0.99857343,  0.08571806],
       [ 0.        ,  0.        ,  0.        ,  1.        ]])]","[array([[ 3.68637140e-01, -9.29572880e-01, -9.58686426e-04,
        -1.41127739e-01],
       [ 9.29569737e-01,  3.68638387e-01, -2.41746094e-03,
         3.36523555e-01],
       [ 2.60061475e-03, -0.00000000e+00,  9.99996618e-01,
         8.28363005e-02],
       [ 0.00000000e+00,  0.00000000e+00,  0.00000000e+00,
         1.00000000e+00]])]","[array([[ 3.68637140e-01, -9.29572880e-01, -9.58686426e-04,
        -1.41127739e-01],
       [ 9.29569737e-01,  3.68638387e-01, -2.41746094e-03,
         3.36523555e-01],
       [ 2.60061475e-03, -0.00000000e+00,  9.99996618e-01,
         8.28363005e-02],
       [ 0.00000000e+00,  0.00000000e+00,  0.00000000e+00,
         1.00000000e+00]])]","[array([[ 0.23490747, -0.97200722, -0.00452098, -0.05769349],
       [ 0.97182726,  0.23495097, -0.01870357,  0.27726526],
       [ 0.01924222,  0.        ,  0.99981485,  0.08566397],
       [ 0.        ,  0.        ,  0.        ,  1.        ]])]","[array([[-0.5495857 , -0.83537518,  0.0101914 , -0.04408558],
       [ 0.83523159, -0.54968019, -0.01548836,  0.33329153],
       [ 0.0185406 , -0.        ,  0.99982811,  0.08575641],
       [ 0.        ,  0.        ,  0.        ,  1.        ]])]","[array([[-0.5495857 , -0.83537518,  0.0101914 , -0.04408558],
       [ 0.83523159, -0.54968019, -0.01548836,  0.33329153],
       [ 0.0185406 , -0.        ,  0.99982811,  0.08575641],
       [ 0.        ,  0.        ,  0.        ,  1.        ]])]"
3,"[array([[-0.46349263, -0.88575582, -0.02472269, -0.11473924],
       [ 0.88449844, -0.46415152,  0.04717914,  0.27009351],
       [-0.05326427,  0.        ,  0.99858045,  0.08571612],
       [ 0.        ,  0.        ,  0.        ,  1.        ]])]","[array([[ 3.68663264e-01, -9.29562539e-01, -9.40255732e-04,
        -1.41129523e-01],
       [ 9.29559516e-01,  3.68664463e-01, -2.37079131e-03,
         3.36525997e-01],
       [ 2.55043766e-03, -0.00000000e+00,  9.99996748e-01,
         8.28408961e-02],
       [ 0.00000000e+00,  0.00000000e+00,  0.00000000e+00,
         1.00000000e+00]])]","[array([[ 3.68663264e-01, -9.29562539e-01, -9.40255732e-04,
        -1.41129523e-01],
       [ 9.29559516e-01,  3.68664463e-01, -2.37079131e-03,
         3.36525997e-01],
       [ 2.55043766e-03, -0.00000000e+00,  9.99996748e-01,
         8.28408961e-02],
       [ 0.00000000e+00,  0.00000000e+00,  0.00000000e+00,
         1.00000000e+00]])]","[array([[ 0.23384821, -0.97226173, -0.00470568, -0.05764502],
       [ 0.97206494,  0.23389555, -0.01956066,  0.27728757],
       [ 0.02011871,  0.        ,  0.9997976 ,  0.08563134],
       [ 0.        ,  0.        ,  0.        ,  1.        ]])]","[array([[-0.54942289, -0.83548328,  0.01010807, -0.04409925],
       [ 0.83534192, -0.54951587, -0.01536831,  0.33329328],
       [ 0.01839451, -0.        ,  0.99983081,  0.08576505],
       [ 0.        ,  0.        ,  0.        ,  1.        ]])]","[array([[-0.54942289, -0.83548328,  0.01010807, -0.04409925],
       [ 0.83534192, -0.54951587, -0.01536831,  0.33329328],
       [ 0.01839451, -0.        ,  0.99983081,  0.08576505],
       [ 0.        ,  0.        ,  0.        ,  1.        ]])]"
4,"[array([[-0.4655782 , -0.88467826, -0.0241106 , -0.11467526],
       [ 0.88349436, -0.46620208,  0.04575295,  0.27009568],
       [-0.05171705,  0.        ,  0.99866178,  0.08567946],
       [ 0.        ,  0.        ,  0.        ,  1.        ]])]","[array([[ 3.68507577e-01, -9.29624288e-01, -9.21540845e-04,
        -1.41121850e-01],
       [ 9.29621381e-01,  3.68508729e-01, -2.32473937e-03,
         3.36524329e-01],
       [ 2.50073003e-03, -0.00000000e+00,  9.99996873e-01,
         8.28424768e-02],
       [ 0.00000000e+00,  0.00000000e+00,  0.00000000e+00,
         1.00000000e+00]])]","[array([[ 3.68507577e-01, -9.29624288e-01, -9.21540845e-04,
        -1.41121850e-01],
       [ 9.29621381e-01,  3.68508729e-01, -2.32473937e-03,
         3.36524329e-01],
       [ 2.50073003e-03, -0.00000000e+00,  9.99996873e-01,
         8.28424768e-02],
       [ 0.00000000e+00,  0.00000000e+00,  0.00000000e+00,
         1.00000000e+00]])]","[array([[ 0.23495211, -0.97199622, -0.00456626, -0.05769139],
       [ 0.97181271,  0.23499647, -0.01888703,  0.27726799],
       [ 0.01943117,  0.        ,  0.9998112 ,  0.08565774],
       [ 0.        ,  0.        ,  0.        ,  1.        ]])]","[array([[-0.54926625, -0.83558158,  0.01048792, -0.04410658],
       [ 0.8354293 , -0.54936638, -0.01595203,  0.33328356],
       [ 0.01909093, -0.        ,  0.99981775,  0.08572691],
       [ 0.        ,  0.        ,  0.        ,  1.        ]])]","[array([[-0.54926625, -0.83558158,  0.01048792, -0.04410658],
       [ 0.8354293 , -0.54936638, -0.01595203,  0.33328356],
       [ 0.01909093, -0.        ,  0.99981775,  0.08572691],
       [ 0.        ,  0.        ,  0.        ,  1.        ]])]"
5,"[array([[-0.4639687 , -0.88555226, -0.02302667, -0.11472626],
       [ 0.88446367, -0.46453976,  0.04389574,  0.27009287],
       [-0.04956877,  0.        ,  0.99877071,  0.08563434],
       [ 0.        ,  0.        ,  0.        ,  1.        ]])]","[array([[ 3.68593924e-01, -9.29590017e-01, -9.58591707e-04,
        -1.41124442e-01],
       [ 9.29586874e-01,  3.68595170e-01, -2.41755008e-03,
         3.36521816e-01],
       [ 2.60066269e-03, -0.00000000e+00,  9.99996618e-01,
         8.28362989e-02],
       [ 0.00000000e+00,  0.00000000e+00,  0.00000000e+00,
         1.00000000e+00]])]","[array([[ 3.68593924e-01, -9.29590017e-01, -9.58591707e-04,
        -1.41124442e-01],
       [ 9.29586874e-01,  3.68595170e-01, -2.41755008e-03,
         3.36521816e-01],
       [ 2.60066269e-03, -0.00000000e+00,  9.99996618e-01,
         8.28362989e-02],
       [ 0.00000000e+00,  0.00000000e+00,  0.00000000e+00,
         1.00000000e+00]])]","[array([[ 0.23386528, -0.9722577 , -0.00469019, -0.05764237],
       [ 0.97206223,  0.2339123 , -0.01949479,  0.27728178],
       [ 0.02005105,  0.        ,  0.99979896,  0.08563786],
       [ 0.        ,  0.        ,  0.        ,  1.        ]])]","[array([[-0.54946943, -0.83545169,  0.01018895, -0.04409633],
       [ 0.83530809, -0.54956389, -0.01548933,  0.3332867 ],
       [ 0.01854007, -0.        ,  0.99982812,  0.08574943],
       [ 0.        ,  0.        ,  0.        ,  1.        ]])]","[array([[-0.54946943, -0.83545169,  0.01018895, -0.04409633],
       [ 0.83530809, -0.54956389, -0.01548933,  0.3332867 ],
       [ 0.01854007, -0.        ,  0.99982812,  0.08574943],
       [ 0.        ,  0.        ,  0.        ,  1.        ]])]"
6,"[array([[-0.46557724, -0.88467965, -0.0240781 , -0.1146773 ],
       [ 0.88349893, -0.46619944,  0.04569161,  0.27009561],
       [-0.05164764,  0.        ,  0.99866537,  0.08567491],
       [ 0.        ,  0.        ,  0.        ,  1.        ]])]","[array([[ 3.68567840e-01, -9.29600359e-01, -9.58586110e-04,
        -1.41125659e-01],
       [ 9.29597215e-01,  3.68569087e-01, -2.41773394e-03,
         3.36525369e-01],
       [ 2.60083155e-03, -0.00000000e+00,  9.99996618e-01,
         8.28362936e-02],
       [ 0.00000000e+00,  0.00000000e+00,  0.00000000e+00,
         1.00000000e+00]])]","[array([[ 3.68567840e-01, -9.29600359e-01, -9.58586110e-04,
        -1.41125659e-01],
       [ 9.29597215e-01,  3.68569087e-01, -2.41773394e-03,
         3.36525369e-01],
       [ 2.60083155e-03, -0.00000000e+00,  9.99996618e-01,
         8.28362936e-02],
       [ 0.00000000e+00,  0.00000000e+00,  0.00000000e+00,
         1.00000000e+00]])]","[array([[ 0.23386528, -0.9722577 , -0.00469019, -0.05764237],
       [ 0.97206223,  0.2339123 , -0.01949479,  0.27728578],
       [ 0.02005105,  0.        ,  0.99979896,  0.08563486],
       [ 0.        ,  0.        ,  0.        ,  1.        ]])]","[array([[-0.54937057, -0.83551363,  0.01043762, -0.04410233],
       [ 0.83536288, -0.54946971, -0.01587125,  0.33328925],
       [ 0.0189958 , -0.        ,  0.99981956,  0.08573193],
       [ 0.        ,  0.        ,  0.        ,  1.        ]])]","[array([[-0.54937057, -0.83551363,  0.01043762, -0.04410233],
       [ 0.83536288, -0.54946971, -0.01587125,  0.33328925],
       [ 0.0189958 , -0.        ,  0.99981956,  0.08573193],
       [ 0.        ,  0.        ,  0.        ,  1.        ]])]"
7,"[array([[-0.46431681, -0.88537163, -0.02295575, -0.11471041],
       [ 0.88429156, -0.46488393,  0.04371923,  0.27009481],
       [-0.04937953,  0.        ,  0.99878009,  0.0856271 ],
       [ 0.        ,  0.        ,  0.        ,  1.        ]])]","[array([[ 3.68706740e-01, -9.29545400e-01, -8.29719951e-04,
        -1.41129829e-01],
       [ 9.29543047e-01,  3.68707674e-01, -2.09179906e-03,
         3.36523716e-01],
       [ 2.25034630e-03, -0.00000000e+00,  9.99997468e-01,
         8.28524390e-02],
       [ 0.00000000e+00,  0.00000000e+00,  0.00000000e+00,
         1.00000000e+00]])]","[array([[ 3.68706740e-01, -9.29545400e-01, -8.29719951e-04,
        -1.41129829e-01],
       [ 9.29543047e-01,  3.68707674e-01, -2.09179906e-03,
         3.36523716e-01],
       [ 2.25034630e-03, -0.00000000e+00,  9.99997468e-01,
         8.28524390e-02],
       [ 0.00000000e+00,  0.00000000e+00,  0.00000000e+00,
         1.00000000e+00]])]","[array([[ 0.23371044, -0.97229472, -0.00473376, -0.05763523],
       [ 0.97209534,  0.23375838, -0.01968961,  0.27728367],
       [ 0.02025066,  0.        ,  0.99979493,  0.08563239],
       [ 0.        ,  0.        ,  0.        ,  1.        ]])]","[array([[-0.54915209, -0.83565869,  0.01032175, -0.04411327],
       [ 0.83551112, -0.54924909, -0.01570409,  0.33328357],
       [ 0.01879247, -0.        ,  0.99982341,  0.0857424 ],
       [ 0.        ,  0.        ,  0.        ,  1.        ]])]","[array([[-0.54915209, -0.83565869,  0.01032175, -0.04411327],
       [ 0.83551112, -0.54924909, -0.01570409,  0.33328357],
       [ 0.01879247, -0.        ,  0.99982341,  0.0857424 ],
       [ 0.        ,  0.        ,  0.        ,  1.        ]])]"
8,"[array([[-0.46550217, -0.8847176 , -0.02413511, -0.11467841],
       [ 0.88353086, -0.46612742,  0.04580883,  0.27009571],
       [-0.05177792,  0.        ,  0.99865862,  0.08568383],
       [ 0.        ,  0.        ,  0.        ,  1.        ]])]","[array([[ 3.68498621e-01, -9.29627838e-01, -9.21621135e-04,
        -1.41120581e-01],
       [ 9.29624931e-01,  3.68499773e-01, -2.32500730e-03,
         3.36521176e-01],
       [ 2.50100869e-03, -0.00000000e+00,  9.99996872e-01,
         8.28414679e-02],
       [ 0.00000000e+00,  0.00000000e+00,  0.00000000e+00,
         1.00000000e+00]])]","[array([[ 3.68498621e-01, -9.29627838e-01, -9.21621135e-04,
        -1.41120581e-01],
       [ 9.29624931e-01,  3.68499773e-01, -2.32500730e-03,
         3.36521176e-01],
       [ 2.50100869e-03, -0.00000000e+00,  9.99996872e-01,
         8.28414679e-02],
       [ 0.00000000e+00,  0.00000000e+00,  0.00000000e+00,
         1.00000000e+00]])]","[array([[ 0.23370098, -0.97229764, -0.00459811, -0.05763504],
       [ 0.9721095 ,  0.23374621, -0.01912643,  0.27728124],
       [ 0.01967137,  0.        ,  0.9998065 ,  0.08564936],
       [ 0.        ,  0.        ,  0.        ,  1.        ]])]","[array([[-0.54944334, -0.83546748,  0.01030035, -0.04409638],
       [ 0.83532071, -0.54953988, -0.01565966,  0.33329063],
       [ 0.01874359, -0.        ,  0.99982432,  0.08574495],
       [ 0.        ,  0.        ,  0.        ,  1.        ]])]","[array([[-0.54944334, -0.83546748,  0.01030035, -0.04409638],
       [ 0.83532071, -0.54953988, -0.01565966,  0.33329063],
       [ 0.01874359, -0.        ,  0.99982432,  0.08574495],
       [ 0.        ,  0.        ,  0.        ,  1.        ]])]"
9,"[array([[-0.46568835, -0.88462393, -0.02397615, -0.11467218],
       [ 0.8834538 , -0.46630516,  0.04548496,  0.27009841],
       [-0.05141729,  0.        ,  0.99867726,  0.08566975],
       [ 0.        ,  0.        ,  0.        ,  1.        ]])]","[array([[ 3.68671559e-01, -9.29559286e-01, -9.03545949e-04,
        -1.41128772e-01],
       [ 9.29556494e-01,  3.68672666e-01, -2.27817141e-03,
         3.36525130e-01],
       [ 2.45080808e-03, -0.00000000e+00,  9.99996997e-01,
         8.28470643e-02],
       [ 0.00000000e+00,  0.00000000e+00,  0.00000000e+00,
         1.00000000e+00]])]","[array([[ 3.68671559e-01, -9.29559286e-01, -9.03545949e-04,
        -1.41128772e-01],
       [ 9.29556494e-01,  3.68672666e-01, -2.27817141e-03,
         3.36525130e-01],
       [ 2.45080808e-03, -0.00000000e+00,  9.99996997e-01,
         8.28470643e-02],
       [ 0.00000000e+00,  0.00000000e+00,  0.00000000e+00,
         1.00000000e+00]])]","[array([[ 0.23356615, -0.97233005, -0.00459531, -0.05763231],
       [ 0.97214192,  0.23361135, -0.01912645,  0.27728132],
       [ 0.01967074,  0.        ,  0.99980651,  0.08564738],
       [ 0.        ,  0.        ,  0.        ,  1.        ]])]","[array([[-0.54922227, -0.83561255,  0.0103225 , -0.0441044 ],
       [ 0.83546501, -0.54931927, -0.01570236,  0.33328407],
       [ 0.01879143, -0.        ,  0.99982343,  0.08574343],
       [ 0.        ,  0.        ,  0.        ,  1.        ]])]","[array([[-0.54922227, -0.83561255,  0.0103225 , -0.0441044 ],
       [ 0.83546501, -0.54931927, -0.01570236,  0.33328407],
       [ 0.01879143, -0.        ,  0.99982343,  0.08574343],
       [ 0.        ,  0.        ,  0.        ,  1.        ]])]"
10,"[array([[-0.4638138 , -0.88558719, -0.02474034, -0.11472713],
       [ 0.88433001, -0.46447317,  0.04717114,  0.27009463],
       [-0.05326539,  0.        ,  0.99858039,  0.08571514],
       [ 0.        ,  0.        ,  0.        ,  1.        ]])]","[array([[ 3.68594237e-01, -9.29590017e-01, -8.29551220e-04,
        -1.41130452e-01],
       [ 9.29587663e-01,  3.68595170e-01, -2.09211242e-03,
         3.36524791e-01],
       [ 2.25057539e-03, -0.00000000e+00,  9.99997467e-01,
         8.28534317e-02],
       [ 0.00000000e+00,  0.00000000e+00,  0.00000000e+00,
         1.00000000e+00]])]","[array([[ 3.68594237e-01, -9.29590017e-01, -8.29551220e-04,
        -1.41130452e-01],
       [ 9.29587663e-01,  3.68595170e-01, -2.09211242e-03,
         3.36524791e-01],
       [ 2.25057539e-03, -0.00000000e+00,  9.99997467e-01,
         8.28534317e-02],
       [ 0.00000000e+00,  0.00000000e+00,  0.00000000e+00,
         1.00000000e+00]])]","[array([[ 0.23467514, -0.97206073, -0.00505109, -0.05768476],
       [ 0.97183565,  0.23472949, -0.02091755,  0.27725911],
       [ 0.02151876,  0.        ,  0.99976844,  0.08557698],
       [ 0.        ,  0.        ,  0.        ,  1.        ]])]","[array([[-0.54922176, -0.83561255,  0.01035009, -0.04410842],
       [ 0.83546422, -0.54931927, -0.01574433,  0.3332851 ],
       [ 0.01884166, -0.        ,  0.99982248,  0.08574084],
       [ 0.        ,  0.        ,  0.        ,  1.        ]])]","[array([[-0.54922176, -0.83561255,  0.01035009, -0.04410842],
       [ 0.83546422, -0.54931927, -0.01574433,  0.3332851 ],
       [ 0.01884166, -0.        ,  0.99982248,  0.08574084],
       [ 0.        ,  0.        ,  0.        ,  1.        ]])]"
11,"[array([[-0.46413407, -0.88546324, -0.02311763, -0.11471754],
       [ 0.88436693, -0.46470944,  0.04404862,  0.27009111],
       [-0.04974642,  0.        ,  0.99876188,  0.08563832],
       [ 0.        ,  0.        ,  0.        ,  1.        ]])]","[array([[ 3.68533798e-01, -9.29613946e-01, -8.66253791e-04,
        -1.41123638e-01],
       [ 9.29611378e-01,  3.68534817e-01, -2.18508963e-03,
         3.36522765e-01],
       [ 2.35053447e-03, -0.00000000e+00,  9.99997237e-01,
         8.28482530e-02],
       [ 0.00000000e+00,  0.00000000e+00,  0.00000000e+00,
         1.00000000e+00]])]","[array([[ 3.68533798e-01, -9.29613946e-01, -8.66253791e-04,
        -1.41123638e-01],
       [ 9.29611378e-01,  3.68534817e-01, -2.18508963e-03,
         3.36522765e-01],
       [ 2.35053447e-03, -0.00000000e+00,  9.99997237e-01,
         8.28482530e-02],
       [ 0.00000000e+00,  0.00000000e+00,  0.00000000e+00,
         1.00000000e+00]])]","[array([[ 0.23383953, -0.97226412, -0.00464321, -0.05764185],
       [ 0.9720725 ,  0.23388562, -0.01930187,  0.27728131],
       [ 0.0198525 ,  0.        ,  0.99980292,  0.0856413 ],
       [ 0.        ,  0.        ,  0.        ,  1.        ]])]","[array([[-0.54938623, -0.83550574,  0.01024391, -0.04409672],
       [ 0.83536053, -0.54948173, -0.01557621,  0.33328816],
       [ 0.01864285, -0.        ,  0.99982621,  0.08574916],
       [ 0.        ,  0.        ,  0.        ,  1.        ]])]","[array([[-0.54938623, -0.83550574,  0.01024391, -0.04409672],
       [ 0.83536053, -0.54948173, -0.01557621,  0.33328816],
       [ 0.01864285, -0.        ,  0.99982621,  0.08574916],
       [ 0.        ,  0.        ,  0.        ,  1.        ]])]"
12,"[array([[-0.4655001 , -0.88471621, -0.02422562, -0.11468244],
       [ 0.88352056, -0.46613005,  0.04598029,  0.27009491],
       [-0.0519718 ,  0.        ,  0.99864855,  0.08568817],
       [ 0.        ,  0.        ,  0.        ,  1.        ]])]","[array([[ 3.68636711e-01, -9.29573174e-01, -8.29855015e-04,
        -1.41129727e-01],
       [ 9.29570819e-01,  3.68637645e-01, -2.09259952e-03,
         3.36527517e-01],
       [ 2.25114018e-03, -0.00000000e+00,  9.99997466e-01,
         8.28514137e-02],
       [ 0.00000000e+00,  0.00000000e+00,  0.00000000e+00,
         1.00000000e+00]])]","[array([[ 3.68636711e-01, -9.29573174e-01, -8.29855015e-04,
        -1.41129727e-01],
       [ 9.29570819e-01,  3.68637645e-01, -2.09259952e-03,
         3.36527517e-01],
       [ 2.25114018e-03, -0.00000000e+00,  9.99997466e-01,
         8.28514137e-02],
       [ 0.00000000e+00,  0.00000000e+00,  0.00000000e+00,
         1.00000000e+00]])]","[array([[ 0.23332538, -0.97238788, -0.00459084, -0.05762543],
       [ 0.97219971,  0.23337054, -0.01912873,  0.27727689],
       [ 0.01967191,  0.        ,  0.99980649,  0.08564735],
       [ 0.        ,  0.        ,  0.        ,  1.        ]])]","[array([[-0.54947738, -0.83544441,  0.01035593, -0.04409398],
       [ 0.83529607, -0.54957496, -0.01574272,  0.33328893],
       [ 0.01884353, -0.        ,  0.99982244,  0.08574078],
       [ 0.        ,  0.        ,  0.        ,  1.        ]])]","[array([[-0.54947738, -0.83544441,  0.01035593, -0.04409398],
       [ 0.83529607, -0.54957496, -0.01574272,  0.33328893],
       [ 0.01884353, -0.        ,  0.99982244,  0.08574078],
       [ 0.        ,  0.        ,  0.        ,  1.        ]])]"
13,"[array([[-0.46562952, -0.8846511 , -0.02411592, -0.1146738 ],
       [ 0.88346698, -0.46625361,  0.04575659,  0.2700987 ],
       [-0.05172275,  0.        ,  0.99866148,  0.08568059],
       [ 0.        ,  0.        ,  0.        ,  1.        ]])]","[array([[ 3.68637188e-01, -9.29572880e-01, -9.40250270e-04,
        -1.41118741e-01],
       [ 9.29569856e-01,  3.68638387e-01, -2.37097161e-03,
         3.36526551e-01],
       [ 2.55060325e-03, -0.00000000e+00,  9.99996747e-01,
         8.28418908e-02],
       [ 0.00000000e+00,  0.00000000e+00,  0.00000000e+00,
         1.00000000e+00]])]","[array([[ 3.68637188e-01, -9.29572880e-01, -9.40250270e-04,
        -1.41118741e-01],
       [ 9.29569856e-01,  3.68638387e-01, -2.37097161e-03,
         3.36526551e-01],
       [ 2.55060325e-03, -0.00000000e+00,  9.99996747e-01,
         8.28418908e-02],
       [ 0.00000000e+00,  0.00000000e+00,  0.00000000e+00,
         1.00000000e+00]])]","[array([[ 0.23376087, -0.97228317, -0.0046141 , -0.05763326],
       [ 0.97209382,  0.23380641, -0.01918773,  0.27728313],
       [ 0.01973471,  0.        ,  0.99980525,  0.08564494],
       [ 0.        ,  0.        ,  0.        ,  1.        ]])]","[array([[-0.54934007, -0.83553545,  0.01029553, -0.0440896 ],
       [ 0.83538875, -0.54943654, -0.01565655,  0.33328689],
       [ 0.01873835, -0.        ,  0.99982442,  0.08574212],
       [ 0.        ,  0.        ,  0.        ,  1.        ]])]","[array([[-0.54934007, -0.83553545,  0.01029553, -0.0440896 ],
       [ 0.83538875, -0.54943654, -0.01565655,  0.33328689],
       [ 0.01873835, -0.        ,  0.99982442,  0.08574212],
       [ 0.        ,  0.        ,  0.        ,  1.        ]])]"
14,"[array([[-0.46461138, -0.88521915, -0.02287636, -0.11471107],
       [ 0.88414806, -0.46517423,  0.04353336,  0.27008473],
       [-0.04917805,  0.        ,  0.99879003,  0.08561759],
       [ 0.        ,  0.        ,  0.        ,  1.        ]])]","[array([[ 3.68162766e-01, -9.29760970e-01, -8.46920989e-04,
        -1.41151500e-01],
       [ 9.29758509e-01,  3.68163740e-01, -2.13881486e-03,
         3.36503416e-01],
       [ 2.30039218e-03, -0.00000000e+00,  9.99997354e-01,
         8.28438475e-02],
       [ 0.00000000e+00,  0.00000000e+00,  0.00000000e+00,
         1.00000000e+00]])]","[array([[ 3.68162766e-01, -9.29760970e-01, -8.46920989e-04,
        -1.41151500e-01],
       [ 9.29758509e-01,  3.68163740e-01, -2.13881486e-03,
         3.36503416e-01],
       [ 2.30039218e-03, -0.00000000e+00,  9.99997354e-01,
         8.28438475e-02],
       [ 0.00000000e+00,  0.00000000e+00,  0.00000000e+00,
         1.00000000e+00]])]","[array([[ 0.23330888, -0.97239135, -0.00469422, -0.05764509],
       [ 0.97219458,  0.2333561 , -0.01956075,  0.27727588],
       [ 0.02011613,  0.        ,  0.99979765,  0.0856374 ],
       [ 0.        ,  0.        ,  0.        ,  1.        ]])]","[array([[-0.54979154, -0.8352373 ,  0.01038878, -0.04413214],
       [ 0.83508822, -0.54988968, -0.01577971,  0.33328621],
       [ 0.01889249, -0.        ,  0.99982152,  0.08575522],
       [ 0.        ,  0.        ,  0.        ,  1.        ]])]","[array([[-0.54979154, -0.8352373 ,  0.01038878, -0.04413214],
       [ 0.83508822, -0.54988968, -0.01577971,  0.33328621],
       [ 0.01889249, -0.        ,  0.99982152,  0.08575522],
       [ 0.        ,  0.        ,  0.        ,  1.        ]])]"
15,"[array([[-0.46450332, -0.8852265 , -0.02471258, -0.11471858],
       [ 0.88397635, -0.46516024,  0.04702945,  0.27008473],
       [-0.05312702,  0.        ,  0.99858776,  0.08570405],
       [ 0.        ,  0.        ,  0.        ,  1.        ]])]","[array([[ 3.67773598e-01, -9.29914977e-01, -8.46165885e-04,
        -1.41178818e-01],
       [ 9.29912516e-01,  3.67774571e-01, -2.13952348e-03,
         3.36488768e-01],
       [ 2.30077322e-03, -0.00000000e+00,  9.99997353e-01,
         8.28338354e-02],
       [ 0.00000000e+00,  0.00000000e+00,  0.00000000e+00,
         1.00000000e+00]])]","[array([[ 3.67773598e-01, -9.29914977e-01, -8.46165885e-04,
        -1.41178818e-01],
       [ 9.29912516e-01,  3.67774571e-01, -2.13952348e-03,
         3.36488768e-01],
       [ 2.30077322e-03, -0.00000000e+00,  9.99997353e-01,
         8.28338354e-02],
       [ 0.00000000e+00,  0.00000000e+00,  0.00000000e+00,
         1.00000000e+00]])]","[array([[ 0.23408243, -0.97220597, -0.00457948, -0.05769677],
       [ 0.97201998,  0.23412722, -0.01901615,  0.27725563],
       [ 0.01955979,  0.        ,  0.99980869,  0.08565686],
       [ 0.        ,  0.        ,  0.        ,  1.        ]])]","[array([[-0.5498315 , -0.83521307,  0.01021976, -0.04416254],
       [ 0.83506884, -0.54992647, -0.01552149,  0.33329032],
       [ 0.01858387, -0.        ,  0.9998273 ,  0.08576303],
       [ 0.        ,  0.        ,  0.        ,  1.        ]])]","[array([[-0.5498315 , -0.83521307,  0.01021976, -0.04416254],
       [ 0.83506884, -0.54992647, -0.01552149,  0.33329032],
       [ 0.01858387, -0.        ,  0.9998273 ,  0.08576303],
       [ 0.        ,  0.        ,  0.        ,  1.        ]])]"
16,"[array([[-0.46382722, -0.88557625, -0.02488018, -0.1147437 ],
       [ 0.88430493, -0.46449404,  0.04743504,  0.27009195],
       [-0.05356404,  0.        ,  0.99856442,  0.08571583],
       [ 0.        ,  0.        ,  0.        ,  1.        ]])]","[array([[ 3.67289966e-01, -9.30106213e-01, -7.16489836e-04,
        -1.41165299e-01],
       [ 9.30104443e-01,  3.67290665e-01, -1.81439854e-03,
         3.36498487e-01],
       [ 1.95074339e-03, -0.00000000e+00,  9.99998097e-01,
         8.28249664e-02],
       [ 0.00000000e+00,  0.00000000e+00,  0.00000000e+00,
         1.00000000e+00]])]","[array([[ 3.67289966e-01, -9.30106213e-01, -7.16489836e-04,
        -1.41165299e-01],
       [ 9.30104443e-01,  3.67290665e-01, -1.81439854e-03,
         3.36498487e-01],
       [ 1.95074339e-03, -0.00000000e+00,  9.99998097e-01,
         8.28249664e-02],
       [ 0.00000000e+00,  0.00000000e+00,  0.00000000e+00,
         1.00000000e+00]])]","[array([[ 0.23354842, -0.97233353, -0.00475824, -0.05765094],
       [ 0.97213179,  0.23359689, -0.01980589,  0.27729442],
       [ 0.02036945,  0.        ,  0.99979252,  0.08561472],
       [ 0.        ,  0.        ,  0.        ,  1.        ]])]","[array([[-0.54888065, -0.83584048,  0.01003574, -0.0441454 ],
       [ 0.8357008 , -0.54897239, -0.01527996,  0.33330734],
       [ 0.01828096, -0.        ,  0.99983289,  0.08572467],
       [ 0.        ,  0.        ,  0.        ,  1.        ]])]","[array([[-0.54888065, -0.83584048,  0.01003574, -0.0441454 ],
       [ 0.8357008 , -0.54897239, -0.01527996,  0.33330734],
       [ 0.01828096, -0.        ,  0.99983289,  0.08572467],
       [ 0.        ,  0.        ,  0.        ,  1.        ]])]"
17,"[array([[-0.46584824, -0.88450723, -0.02514713, -0.11471427],
       [ 0.88322132, -0.46652649,  0.0476775 ,  0.2701361 ],
       [-0.05390289,  0.        ,  0.99854618,  0.08570242],
       [ 0.        ,  0.        ,  0.        ,  1.        ]])]","[array([[ 0.36977368, -0.92911642,  0.00317735, -0.14130983],
       [ 0.92908213,  0.36978733,  0.00798332,  0.33659423],
       [-0.00859238, -0.        ,  0.99996308,  0.08303624],
       [ 0.        ,  0.        ,  0.        ,  1.        ]])]","[array([[ 0.36977368, -0.92911642,  0.00317735, -0.14130983],
       [ 0.92908213,  0.36978733,  0.00798332,  0.33659423],
       [-0.00859238, -0.        ,  0.99996308,  0.08303624],
       [ 0.        ,  0.        ,  0.        ,  1.        ]])]","[array([[ 0.23478123, -0.97203761, -0.00454578, -0.05765693],
       [ 0.97185546,  0.23482523, -0.01881685,  0.27738151],
       [ 0.01935815,  0.        ,  0.99981261,  0.08557238],
       [ 0.        ,  0.        ,  0.        ,  1.        ]])]","[array([[-0.54541246, -0.83811876,  0.00906626, -0.04413402],
       [ 0.83800299, -0.5454878 , -0.01392993,  0.33339905],
       [ 0.01662047, -0.        ,  0.99986187,  0.08556747],
       [ 0.        ,  0.        ,  0.        ,  1.        ]])]","[array([[-0.54541246, -0.83811876,  0.00906626, -0.04413402],
       [ 0.83800299, -0.5454878 , -0.01392993,  0.33339905],
       [ 0.01662047, -0.        ,  0.99986187,  0.08556747],
       [ 0.        ,  0.        ,  0.        ,  1.        ]])]"
18,"[array([[-0.46662262, -0.88407946, -0.02582329, -0.11471206],
       [ 0.88272876, -0.46733662,  0.04885096,  0.27016792],
       [-0.0552563 ,  0.        ,  0.9984722 ,  0.08569974],
       [ 0.        ,  0.        ,  0.        ,  1.        ]])]","[array([[ 0.36678575, -0.93029829,  0.00364863, -0.14137813],
       [ 0.93025226,  0.3668039 ,  0.00925374,  0.3365966 ],
       [-0.00994707, -0.        ,  0.99995053,  0.08292232],
       [ 0.        ,  0.        ,  0.        ,  1.        ]])]","[array([[ 0.36678575, -0.93029829,  0.00364863, -0.14137813],
       [ 0.93025226,  0.3668039 ,  0.00925374,  0.3365966 ],
       [-0.00994707, -0.        ,  0.99995053,  0.08292232],
       [ 0.        ,  0.        ,  0.        ,  1.        ]])]","[array([[ 0.23637601, -0.97165257, -0.00420248, -0.05767824],
       [ 0.97149905,  0.23641337, -0.01727208,  0.27750159],
       [ 0.01777599,  0.        ,  0.99984199,  0.08550982],
       [ 0.        ,  0.        ,  0.        ,  1.        ]])]","[array([[-0.5396553 , -0.84184814,  0.00799122, -0.04420737],
       [ 0.84175586, -0.53971446, -0.01246473,  0.33352009],
       [ 0.01480639, -0.        ,  0.99989038,  0.08529616],
       [ 0.        ,  0.        ,  0.        ,  1.        ]])]","[array([[-0.5396553 , -0.84184814,  0.00799122, -0.04420737],
       [ 0.84175586, -0.53971446, -0.01246473,  0.33352009],
       [ 0.01480639, -0.        ,  0.99989038,  0.08529616],
       [ 0.        ,  0.        ,  0.        ,  1.        ]])]"
19,"[array([[-0.47307485, -0.88085968, -0.01692353, -0.1144969 ],
       [ 0.88029659, -0.47337746,  0.03149127,  0.27016869],
       [-0.03575061,  0.        ,  0.99936074,  0.08494081],
       [ 0.        ,  0.        ,  0.        ,  1.        ]])]","[array([[ 0.36302905, -0.93176878,  0.00410332, -0.14156428],
       [ 0.93170927,  0.36305224,  0.01053111,  0.33651138],
       [-0.01130227, -0.        ,  0.99993613,  0.08283441],
       [ 0.        ,  0.        ,  0.        ,  1.        ]])]","[array([[ 0.36302905, -0.93176878,  0.00410332, -0.14156428],
       [ 0.93170927,  0.36305224,  0.01053111,  0.33651138],
       [-0.01130227, -0.        ,  0.99993613,  0.08283441],
       [ 0.        ,  0.        ,  0.        ,  1.        ]])]","[array([[ 0.23672255, -0.97156863, -0.0041035 , -0.05771026],
       [ 0.97142269,  0.23675811, -0.01683927,  0.27756136],
       [ 0.01733204,  0.        ,  0.99984979,  0.08546276],
       [ 0.        ,  0.        ,  0.        ,  1.        ]])]","[array([[-0.53908359, -0.84222036,  0.00733087, -0.04428067],
       [ 0.8421425 , -0.53913344, -0.0114521 ,  0.33358578],
       [ 0.01359751, -0.        ,  0.99990755,  0.0851406 ],
       [ 0.        ,  0.        ,  0.        ,  1.        ]])]","[array([[-0.53908359, -0.84222036,  0.00733087, -0.04428067],
       [ 0.8421425 , -0.53913344, -0.0114521 ,  0.33358578],
       [ 0.01359751, -0.        ,  0.99990755,  0.0851406 ],
       [ 0.        ,  0.        ,  0.        ,  1.        ]])]"
20,"[array([[-0.47216741, -0.88110055, -0.02682807, -0.11469597],
       [ 0.87968172, -0.47292897,  0.04998262,  0.27022356],
       [-0.05672749,  0.        ,  0.9983897 ,  0.0856377 ],
       [ 0.        ,  0.        ,  0.        ,  1.        ]])]","[array([[ 0.35659881, -0.93424305,  0.00521611, -0.14175494],
       [ 0.93414312,  0.35663696,  0.01366408,  0.33643211],
       [-0.01462583, -0.        ,  0.99989304,  0.0827321 ],
       [ 0.        ,  0.        ,  0.        ,  1.        ]])]","[array([[ 0.35659881, -0.93424305,  0.00521611, -0.14175494],
       [ 0.93414312,  0.35663696,  0.01366408,  0.33643211],
       [-0.01462583, -0.        ,  0.99989304,  0.0827321 ],
       [ 0.        ,  0.        ,  0.        ,  1.        ]])]","[array([[ 0.22719179, -0.97384918, -0.00128609, -0.05753001],
       [ 0.97383358,  0.22719543, -0.00551268,  0.27748749],
       [ 0.00566071,  0.        ,  0.99998398,  0.0856202 ],
       [ 0.        ,  0.        ,  0.        ,  1.        ]])]","[array([[-0.53744194, -0.84327295,  0.00684762, -0.04439035],
       [ 0.84320452, -0.53748556, -0.01074339,  0.33366867],
       [ 0.01274011, -0.        ,  0.99991884,  0.08490386],
       [ 0.        ,  0.        ,  0.        ,  1.        ]])]","[array([[-0.53744194, -0.84327295,  0.00684762, -0.04439035],
       [ 0.84320452, -0.53748556, -0.01074339,  0.33366867],
       [ 0.01274011, -0.        ,  0.99991884,  0.08490386],
       [ 0.        ,  0.        ,  0.        ,  1.        ]])]"
21,"[array([[-0.47711389, -0.87838221, -0.02840822, -0.11471125],
       [ 0.87682931, -0.47795888,  0.052208  ,  0.27028124],
       [-0.05943654,  0.        ,  0.99823209,  0.08557138],
       [ 0.        ,  0.        ,  0.        ,  1.        ]])]","[array([[ 0.34262286, -0.93945108,  0.0064224 , -0.14226094],
       [ 0.93928608,  0.34268305,  0.01760673,  0.33623778],
       [-0.01874151, -0.        ,  0.99982436,  0.08248198],
       [ 0.        ,  0.        ,  0.        ,  1.        ]])]","[array([[ 0.34262286, -0.93945108,  0.0064224 , -0.14226094],
       [ 0.93928608,  0.34268305,  0.01760673,  0.33623778],
       [-0.01874151, -0.        ,  0.99982436,  0.08248198],
       [ 0.        ,  0.        ,  0.        ,  1.        ]])]","[array([[ 0.23328206, -0.97240579, -0.00253997, -0.05772062],
       [ 0.97234816,  0.23329589, -0.01058692,  0.2777109 ],
       [ 0.01088735,  0.        ,  0.99994073,  0.08543512],
       [ 0.        ,  0.        ,  0.        ,  1.        ]])]","[array([[-0.53481818, -0.84494895,  0.00554882, -0.04464883],
       [ 0.84490347, -0.53484697, -0.00876601,  0.33384592],
       [ 0.0103746 , -0.        ,  0.99994618,  0.08456209],
       [ 0.        ,  0.        ,  0.        ,  1.        ]])]","[array([[-0.53481818, -0.84494895,  0.00554882, -0.04464883],
       [ 0.84490347, -0.53484697, -0.00876601,  0.33384592],
       [ 0.0103746 , -0.        ,  0.99994618,  0.08456209],
       [ 0.        ,  0.        ,  0.        ,  1.        ]])]"
22,"[array([[-0.48442244, -0.87437549, -0.02832668, -0.11463696],
       [ 0.87288442, -0.48524994,  0.05104205,  0.27034567],
       [-0.05837543,  0.        ,  0.9982947 ,  0.08541261],
       [ 0.        ,  0.        ,  0.        ,  1.        ]])]","[array([[ 0.32864039, -0.94442966,  0.00693655, -0.1427517 ],
       [ 0.94421936,  0.32871358,  0.01992947,  0.33604204],
       [-0.02110212, -0.        ,  0.99977733,  0.08223005],
       [ 0.        ,  0.        ,  0.        ,  1.        ]])]","[array([[ 0.32864039, -0.94442966,  0.00693655, -0.1427517 ],
       [ 0.94421936,  0.32871358,  0.01992947,  0.33604204],
       [-0.02110212, -0.        ,  0.99977733,  0.08223005],
       [ 0.        ,  0.        ,  0.        ,  1.        ]])]","[array([[ 2.28113026e-01, -9.73634651e-01,  1.16183219e-04,
        -5.75857393e-02],
       [ 9.73634525e-01,  2.28113055e-01,  4.95894493e-04,
         2.77691090e-01],
       [-5.09322971e-04,  0.00000000e+00,  9.99999870e-01,
         8.57424088e-02],
       [ 0.00000000e+00,  0.00000000e+00,  0.00000000e+00,
         1.00000000e+00]])]","[array([[-0.53466882, -0.84504606,  0.00513949, -0.04471591],
       [ 0.84500702, -0.53469352, -0.0081226 ,  0.33390674],
       [ 0.00961202, -0.        ,  0.9999538 ,  0.08436334],
       [ 0.        ,  0.        ,  0.        ,  1.        ]])]","[array([[-0.53466882, -0.84504606,  0.00513949, -0.04471591],
       [ 0.84500702, -0.53469352, -0.0081226 ,  0.33390674],
       [ 0.00961202, -0.        ,  0.9999538 ,  0.08436334],
       [ 0.        ,  0.        ,  0.        ,  1.        ]])]"
23,"[array([[-0.49321128, -0.86965261, -0.02114147, -0.11440837],
       [ 0.86885476, -0.49366419,  0.0372434 ,  0.27036322],
       [-0.0428256 ,  0.        ,  0.99908256,  0.08473029],
       [ 0.        ,  0.        ,  0.        ,  1.        ]])]","[array([[ 0.3187059 , -0.94781992,  0.00799702, -0.14309104],
       [ 0.94752168,  0.31880621,  0.02377537,  0.33590344],
       [-0.02508427, -0.        ,  0.99968534,  0.08213468],
       [ 0.        ,  0.        ,  0.        ,  1.        ]])]","[array([[ 0.3187059 , -0.94781992,  0.00799702, -0.14309104],
       [ 0.94752168,  0.31880621,  0.02377537,  0.33590344],
       [-0.02508427, -0.        ,  0.99968534,  0.08213468],
       [ 0.        ,  0.        ,  0.        ,  1.        ]])]","[array([[ 0.22821588, -0.97360989, -0.00113446, -0.05761882],
       [ 0.97359787,  0.2282187 , -0.00483973,  0.27775085],
       [ 0.00497091,  0.        ,  0.99998764,  0.08547365],
       [ 0.        ,  0.        ,  0.        ,  1.        ]])]","[array([[-0.53492413, -0.84488543,  0.00497942, -0.04475759],
       [ 0.84484882, -0.5349473 , -0.00786441,  0.33392628],
       [ 0.00930825, -0.        ,  0.99995668,  0.084298  ],
       [ 0.        ,  0.        ,  0.        ,  1.        ]])]","[array([[-0.53492413, -0.84488543,  0.00497942, -0.04475759],
       [ 0.84484882, -0.5349473 , -0.00786441,  0.33392628],
       [ 0.00930825, -0.        ,  0.99995668,  0.084298  ],
       [ 0.        ,  0.        ,  0.        ,  1.        ]])]"
24,"[array([[-0.49456865, -0.86866299, -0.02874829, -0.1145157 ],
       [ 0.86719915, -0.49540349,  0.05040856,  0.27046952],
       [-0.05803006,  0.        ,  0.99831484,  0.08519987],
       [ 0.        ,  0.        ,  0.        ,  1.        ]])]","[array([[ 0.30934357, -0.95091546,  0.00814562, -0.14337725],
       [ 0.95058596,  0.30945079,  0.02503079,  0.3357969 ],
       [-0.02632284, -0.        ,  0.99965349,  0.08190507],
       [ 0.        ,  0.        ,  0.        ,  1.        ]])]","[array([[ 0.30934357, -0.95091546,  0.00814562, -0.14337725],
       [ 0.95058596,  0.30945079,  0.02503079,  0.3357969 ],
       [-0.02632284, -0.        ,  0.99965349,  0.08190507],
